1   0   6    25    16
2   1   7    22    373
3   1   6    193    349
4   2   7    173    460
5   3   2    69    359
6   2   2    33    302
7   3   3    85    7
8   6   2    16    362
9   7   6    159    68
10   5   7    52    333
11   5   2    170    427
12   8   3    122    194
13   7   5    169    292
14   12   5    18    158
15   11   3    189    479
16   4   5    83    330
17   6   7    172    12
18   13   5    11    62
19   15   6    186    174
20   15   3    61    361
21   10   4    20    424
22   10   5    11    63
23   18   7    152    36
24   9   7    9    306
25   12   5    182    276
26   13   5    175    387
27   25   3    36    481
28   22   7    45    311
29   27   7    84    155
30   28   5    192    165
31   23   4    98    388
32   30   6    15    452
33   11   4    103    247
34   26   6    192    237
35   21   3    22    266
36   19   2    81    143
37   28   3    165    241
38   36   3    119    390
39   4   5    82    163
40   19   5    30    356
41   20   3    46    480
42   20   7    62    129
43   22   7    183    4
44   42   7    3    389
45   37   5    192    280
46   25   4    20    256
47   37   2    151    491
48   46   7    42    380
49   46   4    178    190
50   18   6    15    400
51   21   4    110    467
52   26   2    140    110
53   8   7    159    383
54   16   2    169    364
55   42   7    165    289
56   33   7    153    481
57   49   5    84    333
58   14   3    5    69
59   45   4    183    2
60   56   7    80    239
61   56   7    16    218
62   39   3    164    150
63   60   5    121    72
64   50   7    28    498
65   44   7    166    320
66   35   4    85    54
67   47   4    20    454
68   59   3    60    57
69   52   2    119    138
70   39   4    71    98
71   48   5    179    162
72   53   7    95    96
73   43   7    186    416
74   14   5    137    469
75   64   2    166    200
76   23   5    127    114
77   50   7    105    60
78   29   3    20    269
79   49   3    26    180
80   59   3    158    284
