1   0   6    28    19
2   1   4    169    367
3   1   3    102    259
4   1   4    181    287
5   3   7    24    370
6   3   6    89    482
7   5   3    157    165
8   6   7    195    131
9   7   6    12    78
10   2   3    138    491
11   2   4    136    479
12   8   2    176    240
13   8   3    166    228
14   9   6    157    73
15   7   5    93    207
16   2   5    173    34
17   11   2    93    260
18   9   4    37    392
19   8   5    91    453
20   9   4    183    40
21   12   6    87    211
22   13   3    86    322
23   13   7    192    6
24   12   7    117    100
25   16   6    173    386
26   16   3    165    381
27   10   7    63    189
28   26   6    41    240
29   23   6    119    154
30   6   5    74    99
31   6   6    128    336
32   18   2    42    5
33   18   7    22    491
34   31   3    54    157
35   28   6    85    184
36   31   4    93    278
37   23   2    195    142
38   22   6    45    56
39   22   7    110    392
40   23   4    59    178
41   5   5    100    110
42   22   4    94    223
43   38   6    198    488
44   25   3    107    283
45   35   5    126    278
46   37   3    102    331
47   32   5    69    221
48   20   5    187    226
49   47   5    35    491
50   24   5    181    484
51   18   2    101    459
52   13   2    180    335
53   3   7    59    347
54   21   2    158    244
55   40   6    116    392
56   36   7    23    499
57   24   4    138    481
58   7   6    32    425
59   38   2    102    13
60   54   4    31    438
61   50   6    197    168
62   55   3    27    145
63   43   5    68    398
64   28   6    43    493
65   19   3    17    105
66   11   3    76    464
67   32   2    164    26
68   53   6    113    23
69   67   2    57    46
70   32   3    32    237
71   17   4    73    207
72   56   3    182    14
73   35   2    5    455
74   4   2    128    361
75   19   7    115    224
76   61   2    123    442
77   11   7    89    37
78   36   7    93    381
79   30   5    130    309
80   60   7    140    11
