1   0   3    6    44
2   1   5    116    223
3   1   3    166    78
4   1   5    157    249
5   2   7    31    255
6   2   7    70    5
7   5   5    99    38
8   4   6    79    397
9   5   6    197    112
10   8   6    175    359
11   3   2    175    478
12   8   4    181    143
13   3   7    88    98
14   12   6    129    455
15   5   6    165    112
16   1   4    95    325
17   14   3    52    174
18   16   3    188    358
19   8   2    59    267
20   17   2    103    332
21   3   2    2    362
22   6   4    189    482
23   3   4    25    31
24   11   6    15    225
25   8   5    119    87
26   19   4    17    46
27   25   7    110    289
28   6   5    49    102
29   25   2    49    232
30   6   4    86    463
31   26   4    82    480
32   12   2    196    239
33   19   2    112    186
34   11   4    195    267
35   25   6    90    6
36   7   3    132    368
37   4   2    160    359
38   17   2    113    229
39   11   7    90    58
40   32   2    159    483
41   27   4    15    359
42   13   3    13    60
43   25   6    99    261
44   4   4    115    74
45   41   3    61    243
46   40   3    141    211
47   23   4    47    49
48   22   5    87    157
49   38   2    49    68
50   42   7    97    71
51   33   6    56    186
52   44   7    154    149
53   27   5    90    152
54   48   2    195    38
55   15   7    96    219
56   21   4    185    373
57   49   7    53    321
58   50   2    74    470
59   9   2    194    235
60   35   5    53    349
61   55   3    191    494
62   21   7    26    213
63   13   5    16    470
64   28   6    147    159
65   33   5    156    314
66   13   7    96    346
67   4   4    123    337
68   38   5    198    141
69   11   5    119    423
70   43   2    114    489
71   31   5    181    403
72   38   4    134    240
73   30   7    151    389
74   66   3    86    95
75   59   3    151    438
76   36   4    69    492
77   6   4    68    218
78   23   4    97    267
79   28   2    95    63
80   27   4    175    288
