1   0   3    9    40
2   1   7    146    39
3   1   3    43    337
4   1   2    121    342
5   3   3    144    22
6   3   5    184    334
7   3   5    130    353
8   4   7    168    271
9   4   3    110    416
10   4   7    84    456
11   6   5    71    256
12   5   6    89    141
13   11   2    191    451
14   10   6    127    164
15   9   3    100    107
16   2   5    46    412
17   9   6    44    309
18   12   7    156    304
19   12   5    187    282
20   8   5    189    485
21   12   7    6    157
22   14   4    45    392
23   16   6    27    136
24   19   4    65    124
25   10   7    94    106
26   5   2    146    246
27   20   4    90    445
28   16   6    167    5
29   5   6    63    134
30   25   7    97    70
31   20   2    193    80
32   26   5    138    433
33   8   4    78    155
34   19   4    83    309
35   20   5    187    173
36   29   7    104    324
37   23   5    120    67
38   19   7    129    210
39   31   4    33    169
40   7   3    110    348
41   23   7    186    100
42   28   3    179    491
43   36   2    57    190
44   10   3    45    283
45   13   7    97    336
46   29   3    168    191
47   13   6    175    405
48   36   2    3    478
49   24   7    162    267
50   43   4    113    179
51   13   3    64    320
52   41   7    23    445
53   47   3    163    161
54   17   4    38    435
55   28   4    172    50
56   21   6    111    401
57   49   6    44    440
58   53   5    79    449
59   42   4    164    425
60   27   4    93    267
61   39   2    119    478
62   37   2    180    222
63   58   2    91    423
64   60   5    108    444
65   49   7    197    300
66   18   2    99    437
67   6   3    71    213
68   45   6    40    406
69   47   6    1    284
70   28   3    85    348
71   11   4    30    138
72   8   7    97    19
73   49   6    98    495
74   23   2    125    243
75   25   5    6    32
76   17   5    188    213
77   46   7    187    177
78   73   7    25    373
79   60   7    50    14
80   52   7    39    296
