1   0   6    22    5
2   1   3    157    495
3   1   6    4    423
4   1   5    36    293
5   3   3    177    464
6   4   7    109    406
7   2   3    59    171
8   1   4    87    418
9   2   7    11    86
10   5   6    36    493
11   5   6    30    42
12   8   2    116    288
13   8   6    58    139
14   10   4    10    59
15   2   6    154    362
16   6   6    167    398
17   12   4    115    423
18   3   3    3    164
19   15   6    108    16
20   13   3    40    255
21   10   7    18    163
22   20   4    161    36
23   2   6    123    7
24   3   5    136    195
25   13   3    150    465
26   20   4    54    187
27   25   4    70    215
28   15   2    158    419
29   27   3    130    173
30   5   5    40    37
31   20   6    41    310
32   5   6    90    270
33   20   2    175    472
34   11   7    160    315
35   14   4    147    272
36   17   7    124    405
37   13   5    119    484
38   29   3    45    356
39   14   7    35    427
40   28   4    14    32
41   27   7    66    189
42   29   3    99    417
43   6   2    159    67
44   36   6    56    259
45   38   6    48    118
46   30   2    6    428
47   3   2    176    49
48   30   5    47    156
49   40   6    130    178
50   19   2    144    43
51   16   6    60    324
52   38   4    129    341
53   44   7    68    47
54   43   3    113    78
55   36   4    58    333
56   47   4    50    419
57   28   6    55    11
58   51   3    160    449
59   11   7    86    249
60   37   5    58    379
61   24   5    96    75
62   27   5    17    270
63   7   3    20    495
64   60   3    158    95
65   35   3    140    110
66   30   5    97    279
67   47   7    126    423
68   43   6    183    340
69   35   2    53    220
70   44   3    82    123
71   45   4    65    273
72   37   2    154    283
73   44   3    129    378
74   53   7    71    484
75   63   7    51    316
76   7   6    162    6
77   28   2    80    203
78   72   7    189    233
79   57   2    3    122
80   41   3    102    142
