1   0   2    26    18
2   1   6    71    120
3   1   5    52    303
4   1   2    81    264
5   2   7    91    281
6   3   7    8    118
7   5   3    38    180
8   5   6    28    208
9   4   5    1    317
10   7   4    141    23
11   5   5    178    372
12   2   2    1    400
13   5   7    3    216
14   9   5    73    329
15   9   2    154    288
16   8   3    84    81
17   3   2    41    103
18   10   5    139    226
19   1   3    61    320
20   12   5    163    307
21   13   7    145    450
22   19   7    36    452
23   16   3    191    301
24   21   3    53    360
25   6   3    67    207
26   24   7    20    193
27   19   2    110    402
28   11   3    54    451
29   3   3    137    279
30   20   5    180    192
31   7   5    167    160
32   8   4    124    14
33   3   5    138    122
34   25   7    69    435
35   19   5    6    370
36   16   6    44    415
37   33   4    182    384
38   32   6    103    303
39   17   6    25    408
40   8   6    68    54
41   6   2    151    472
42   37   6    113    342
43   12   2    122    88
44   35   4    60    161
45   35   6    196    207
46   21   3    115    339
47   21   7    64    296
48   27   3    184    191
49   17   3    109    444
50   28   6    126    443
51   37   3    126    43
52   11   2    15    161
53   8   7    78    436
54   45   2    66    261
55   31   7    47    379
56   37   7    30    364
57   12   6    126    255
58   15   3    186    256
59   34   7    100    175
60   24   2    129    307
61   14   4    152    300
62   44   7    186    84
63   16   3    69    465
64   17   3    184    328
65   39   3    26    28
66   59   6    119    32
67   54   5    33    83
68   25   3    142    410
69   32   4    38    88
70   49   3    12    241
71   27   4    40    247
72   16   5    131    462
73   52   7    161    368
74   36   6    95    299
75   39   2    164    304
76   55   7    77    108
77   38   3    185    440
78   19   7    54    18
79   7   3    69    437
80   35   7    87    233
