1   0   6    1    49
2   1   4    127    426
3   1   3    162    84
4   2   4    113    150
5   2   3    139    312
6   2   5    76    119
7   3   7    142    463
8   1   7    167    151
9   3   4    44    279
10   8   4    175    414
11   5   3    147    433
12   4   2    181    355
13   4   3    1    321
14   5   2    114    90
15   7   4    75    475
16   1   6    39    212
17   8   3    170    253
18   3   3    42    1
19   6   4    91    490
20   4   5    198    341
21   15   7    196    184
22   2   3    160    472
23   15   5    64    326
24   10   3    92    194
25   23   7    72    437
26   12   2    89    6
27   4   2    33    236
28   25   6    161    364
29   14   6    163    263
30   23   6    25    460
31   6   3    143    378
32   30   3    24    40
33   10   4    152    463
34   19   7    22    128
35   7   2    199    185
36   30   4    8    298
37   13   6    64    317
38   17   2    145    173
39   25   7    25    91
40   8   5    99    92
41   34   3    118    491
42   32   5    193    275
43   25   7    143    183
44   6   7    151    185
45   33   7    1    150
46   23   5    18    281
47   28   6    140    193
48   22   4    110    99
49   33   4    154    121
50   47   7    99    68
51   38   2    150    362
52   26   3    95    470
53   51   6    21    461
54   25   4    94    97
55   21   2    177    141
56   31   4    104    19
57   9   6    57    282
58   47   3    10    246
59   27   3    76    39
60   53   5    112    216
61   11   2    69    491
62   33   3    2    429
63   8   6    114    158
64   26   4    18    110
65   33   6    7    246
66   40   6    141    105
67   14   6    173    272
68   56   6    38    56
69   3   3    165    428
70   37   3    10    422
71   63   4    106    20
72   31   7    108    130
73   29   5    55    202
74   31   2    95    339
75   39   3    110    160
76   54   7    171    326
77   5   3    199    499
78   43   2    195    322
79   68   4    70    467
80   56   6    34    188
