1   0   3    26    7
2   1   3    7    168
3   1   4    128    38
4   1   3    180    127
5   2   2    196    364
6   2   3    170    134
7   4   4    81    362
8   2   3    10    416
9   7   2    147    104
10   5   2    13    99
11   4   2    16    303
12   9   6    181    414
13   9   7    117    441
14   10   7    71    123
15   9   2    53    383
16   6   4    28    455
17   10   3    127    390
18   12   3    92    83
19   17   4    10    206
20   12   2    128    479
21   15   3    79    263
22   19   2    178    357
23   17   4    74    455
24   18   4    5    453
25   7   5    28    425
26   17   5    35    155
27   19   6    162    416
28   15   6    78    474
29   12   6    12    391
30   10   3    48    158
31   6   3    167    117
32   27   2    115    78
33   30   7    195    154
34   29   3    106    245
35   25   2    131    496
36   21   6    160    44
37   34   6    43    19
38   20   3    93    439
39   36   3    60    95
40   6   2    89    258
41   22   3    40    325
42   27   3    106    484
43   28   5    96    143
44   30   7    62    336
45   37   2    82    103
46   32   2    46    157
47   4   7    113    4
48   8   6    8    464
49   22   3    82    436
50   5   6    112    52
51   45   5    147    423
52   33   6    72    333
53   27   2    168    106
54   41   7    43    139
55   43   2    40    100
56   46   3    10    410
57   50   3    177    441
58   26   6    192    406
59   25   2    48    63
60   26   7    13    193
61   57   4    28    6
62   48   3    132    187
63   20   3    1    438
64   20   5    86    410
65   42   5    149    258
66   56   5    99    249
67   65   2    162    435
68   35   3    182    285
69   8   4    50    418
70   50   5    76    333
71   39   2    23    481
72   63   5    116    414
73   62   7    90    425
74   38   3    21    152
75   41   4    127    264
76   26   3    196    362
77   59   3    188    304
78   25   6    176    25
79   77   5    98    141
80   61   4    51    328
