1   0   2    15    4
2   1   2    141    90
3   1   3    27    61
4   2   3    198    122
5   3   6    119    380
6   2   6    98    267
7   4   4    106    490
8   4   6    5    146
9   3   4    34    256
10   5   6    150    249
11   7   7    134    128
12   7   4    28    120
13   8   2    64    44
14   9   6    114    317
15   10   2    124    63
16   10   4    3    126
17   11   5    92    494
18   9   6    153    479
19   15   2    121    298
20   8   6    141    197
21   16   2    92    172
22   15   6    165    152
23   21   7    36    196
24   12   5    5    93
25   17   3    92    48
26   18   7    16    326
27   14   6    146    16
28   20   7    162    469
29   17   7    13    478
30   27   6    102    248
31   6   4    34    340
32   21   3    8    431
33   18   4    154    419
34   27   5    134    203
35   20   6    81    155
36   23   7    1    43
37   31   4    92    171
38   25   3    23    255
39   13   3    22    450
40   30   5    55    137
41   5   2    64    350
42   24   4    68    444
43   22   4    171    215
44   26   6    96    208
45   25   5    143    241
46   41   7    119    182
47   6   2    93    423
48   33   3    37    83
49   24   6    197    432
50   14   3    34    226
51   44   4    57    310
52   36   3    80    236
53   12   5    23    363
54   48   2    184    4
55   42   3    157    254
56   44   2    82    56
57   19   4    91    370
58   11   5    28    74
59   53   2    174    13
60   53   3    49    283
61   19   3    26    51
62   57   3    189    283
63   52   3    196    373
64   59   4    36    405
65   48   4    77    280
66   42   6    35    437
67   63   7    171    111
68   65   2    69    174
69   16   2    156    54
70   52   5    161    164
71   39   2    14    410
72   23   4    63    455
73   45   6    6    426
74   63   6    174    275
75   36   7    161    421
76   45   6    12    160
77   59   6    21    396
78   64   4    62    187
79   29   5    80    225
80   78   2    195    462
