1   0   6    24    44
2   1   5    173    452
3   1   2    75    280
4   2   6    126    109
5   2   5    13    72
6   1   4    192    457
7   1   3    1    357
8   2   3    155    76
9   5   4    91    73
10   2   6    179    10
11   8   2    81    44
12   3   4    191    417
13   4   7    10    479
14   5   2    58    33
15   10   2    91    425
16   14   3    53    36
17   4   6    98    366
18   5   7    171    65
19   13   4    48    337
20   15   2    11    442
21   19   7    52    74
22   11   5    160    315
23   9   2    162    315
24   22   6    103    490
25   12   5    180    284
26   17   3    11    444
27   13   3    165    310
28   22   7    193    395
29   9   6    137    422
30   22   3    31    347
31   28   7    129    77
32   8   5    152    399
33   21   2    165    477
34   6   6    143    18
35   25   7    187    84
36   31   5    48    111
37   19   6    70    191
38   16   4    135    192
39   37   4    174    158
40   32   4    77    207
41   16   7    47    303
42   24   3    91    192
43   10   2    187    108
44   35   2    71    207
45   13   7    118    146
46   36   4    162    434
47   40   5    102    100
48   29   2    90    116
49   19   6    23    133
50   12   3    29    103
51   16   3    29    359
52   12   4    19    420
53   39   5    197    142
54   49   3    98    254
55   21   2    40    444
56   37   3    162    422
57   26   5    75    51
58   36   5    195    88
59   17   6    78    40
60   57   2    101    489
61   22   4    27    492
62   23   4    192    374
63   45   4    139    98
64   40   5    135    258
65   20   6    8    485
66   34   3    72    177
67   26   5    194    177
68   29   2    10    407
69   53   5    65    50
70   44   2    130    299
71   24   5    110    120
72   21   2    111    51
73   14   3    7    479
74   52   3    15    25
75   72   3    178    382
76   60   6    16    474
77   8   3    185    225
78   68   2    154    481
79   11   3    135    279
80   18   2    81    91
