1   0   5    2    45
2   1   3    56    65
3   1   3    111    315
4   2   2    177    135
5   1   3    116    328
6   4   2    129    96
7   4   4    87    138
8   6   5    1    32
9   2   4    34    99
10   5   2    140    336
11   6   6    126    367
12   8   5    163    457
13   3   5    92    8
14   10   4    116    1
15   5   3    131    112
16   7   7    26    61
17   11   5    51    113
18   7   7    198    405
19   15   5    74    68
20   18   5    115    224
21   18   6    148    340
22   13   6    1    159
23   10   4    66    399
24   11   2    191    236
25   8   7    46    198
26   11   5    64    277
27   4   5    127    256
28   19   4    6    97
29   16   3    155    346
30   8   5    199    444
31   21   3    133    105
32   6   4    115    15
33   7   3    110    58
34   9   6    42    310
35   17   4    183    180
36   26   4    26    159
37   3   2    146    69
38   22   6    134    407
39   13   5    187    80
40   5   3    189    281
41   28   6    99    411
42   18   7    179    281
43   12   5    93    158
44   17   2    53    44
45   42   5    197    457
46   30   5    145    443
47   15   4    13    211
48   24   4    190    320
49   20   5    91    65
50   26   4    72    57
51   28   2    46    484
52   30   6    139    245
53   28   6    92    10
54   48   6    35    267
55   21   3    119    293
56   22   2    191    428
57   53   2    126    367
58   44   5    11    424
59   14   6    53    448
60   12   6    92    188
61   27   7    86    355
62   12   6    71    237
63   44   4    114    183
64   10   4    167    273
65   9   7    159    228
66   20   3    12    316
67   58   5    135    308
68   40   4    101    55
69   33   7    118    154
70   38   5    126    105
71   42   6    151    458
72   42   3    10    214
73   20   7    178    24
74   13   7    112    388
75   58   3    10    252
76   48   3    97    157
77   45   4    154    88
78   46   6    161    366
79   76   2    157    127
80   78   7    153    318
