1   0   2    13    3
2   1   3    199    337
3   1   5    113    268
4   2   7    15    219
5   2   2    125    108
6   2   3    139    230
7   3   3    36    33
8   4   2    102    23
9   5   3    104    1
10   6   5    137    348
11   6   6    31    388
12   8   2    152    226
13   3   7    116    454
14   10   5    129    342
15   11   7    5    78
16   5   2    131    19
17   13   3    33    359
18   13   2    126    332
19   11   5    147    258
20   10   6    186    6
21   13   5    86    349
22   7   7    137    147
23   11   2    144    198
24   19   4    122    37
25   10   2    196    465
26   23   4    31    293
27   4   7    40    453
28   8   2    40    304
29   15   4    186    443
30   14   2    133    199
31   20   5    154    190
32   6   4    147    223
33   16   3    93    211
34   17   7    101    367
35   30   6    75    466
36   19   6    170    288
37   18   5    109    375
38   4   2    50    25
39   14   7    148    331
40   37   7    77    405
41   22   6    162    110
42   17   3    32    90
43   16   2    89    262
44   26   2    20    142
45   30   3    22    186
46   31   5    35    460
47   5   4    23    418
48   45   3    157    421
49   15   2    188    110
50   41   4    12    333
51   29   7    90    146
52   44   7    194    428
53   8   5    46    277
54   51   2    149    391
55   9   2    62    186
56   38   4    93    149
57   18   2    191    479
58   26   7    97    468
59   3   6    180    170
60   39   3    94    452
61   48   7    149    357
62   34   3    17    140
63   41   3    194    489
64   40   6    187    167
65   26   6    86    368
66   34   4    190    347
67   33   5    34    72
68   60   7    167    19
69   54   7    118    337
70   59   7    84    193
71   25   7    121    51
72   62   6    29    149
73   54   2    130    198
74   30   6    56    194
75   29   4    7    245
76   60   2    63    496
77   64   5    82    15
78   29   3    100    102
79   59   7    191    179
80   40   4    82    198
