1   0   5    21    18
2   1   2    156    369
3   1   7    90    294
4   2   5    135    25
5   3   2    75    201
6   3   4    81    475
7   4   2    145    144
8   4   6    45    315
9   7   5    132    4
10   7   2    181    225
11   5   7    147    231
12   6   6    23    236
13   6   3    47    483
14   9   7    164    1
15   8   6    99    24
16   11   5    160    237
17   10   7    162    39
18   2   7    34    179
19   8   6    60    58
20   17   6    111    93
21   12   5    69    84
22   14   2    38    400
23   16   4    13    160
24   14   7    68    90
25   18   7    33    128
26   15   4    176    421
27   10   6    155    461
28   15   6    108    34
29   21   4    190    463
30   27   4    77    86
31   22   5    198    24
32   27   5    192    216
33   5   4    156    255
34   11   6    132    220
35   21   7    187    123
36   17   5    191    289
37   12   4    147    480
38   16   3    112    317
39   33   2    63    453
40   28   7    10    480
41   37   3    101    270
42   22   4    85    411
43   40   7    111    387
44   29   6    115    135
45   31   2    170    172
46   41   6    46    185
47   9   3    165    156
48   34   6    170    4
49   46   3    24    314
50   37   7    61    51
51   38   4    12    360
52   30   4    181    14
53   39   6    122    360
54   36   2    70    392
55   29   3    40    108
56   39   3    17    82
57   55   7    22    12
58   36   3    44    308
59   45   5    62    172
60   40   3    130    270
61   30   5    27    61
62   34   2    140    6
63   24   6    136    250
64   13   5    121    187
65   46   3    42    162
66   24   4    94    38
67   58   3    38    320
68   19   6    63    353
69   52   7    133    419
70   19   2    46    448
71   43   7    56    390
72   47   2    22    419
73   69   5    91    319
74   71   3    65    211
75   35   3    188    438
76   33   7    41    229
77   58   7    172    138
78   28   2    66    79
79   77   7    76    116
80   66   7    142    392
