1   0   6    24    30
2   1   4    92    35
3   1   4    21    306
4   2   2    87    78
5   2   3    62    441
6   3   4    61    469
7   5   2    166    19
8   3   6    7    358
9   7   7    196    209
10   7   6    125    133
11   9   2    32    406
12   5   4    31    229
13   6   7    148    306
14   8   3    140    72
15   13   6    22    373
16   13   5    45    60
17   15   5    165    58
18   14   4    56    294
19   6   5    88    472
20   14   7    97    200
21   18   5    191    103
22   4   6    184    372
23   12   3    101    49
24   15   5    150    54
25   12   3    193    306
26   17   2    36    32
27   25   3    39    410
28   16   3    86    14
29   16   2    119    281
30   17   2    187    254
31   18   5    60    321
32   4   7    126    297
33   10   4    111    17
34   8   2    74    268
35   20   6    114    496
36   23   7    9    43
37   34   4    115    192
38   23   6    195    53
39   11   7    171    413
40   26   4    19    437
41   21   5    40    198
42   22   7    183    330
43   36   2    127    77
44   24   7    85    159
45   20   5    72    41
46   26   3    65    475
47   29   2    100    362
48   9   3    27    491
49   46   6    152    37
50   11   5    77    340
51   41   2    2    254
52   42   7    177    78
53   29   7    29    156
54   27   4    152    306
55   25   6    96    141
56   48   6    2    329
57   43   4    17    382
58   51   6    172    79
59   33   7    77    442
60   21   4    70    108
61   54   4    102    257
62   49   7    192    470
63   38   4    30    324
64   58   3    9    54
65   28   3    69    23
66   19   5    22    84
67   39   4    112    407
68   45   6    176    421
69   51   4    23    158
70   56   4    104    313
71   54   4    87    137
72   48   5    175    414
73   70   3    146    106
74   65   7    180    105
75   44   2    134    277
76   44   4    177    106
77   68   6    86    449
78   71   2    16    75
79   40   4    164    230
80   28   2    18    471
