1   0   6    7    44
2   1   7    133    70
3   1   5    79    143
4   2   4    173    157
5   1   3    23    304
6   3   2    40    140
7   1   5    14    245
8   2   4    102    45
9   4   6    51    348
10   5   7    108    499
11   2   2    122    201
12   4   5    112    50
13   3   4    41    302
14   6   4    118    485
15   4   2    38    297
16   13   6    198    109
17   12   3    65    11
18   5   4    98    211
19   15   4    85    76
20   4   5    123    73
21   2   2    10    361
22   9   3    88    392
23   6   6    90    199
24   14   2    170    353
25   12   2    92    443
26   6   5    136    62
27   14   2    33    49
28   6   5    64    206
29   20   6    158    272
30   18   6    51    147
31   27   5    93    288
32   20   7    150    304
33   20   6    54    298
34   18   5    5    495
35   30   7    118    383
36   32   5    180    429
37   16   5    73    382
38   9   4    80    19
39   20   2    79    167
40   28   5    68    58
41   33   5    19    340
42   12   2    32    469
43   11   4    74    248
44   16   7    39    324
45   29   6    120    267
46   38   7    177    83
47   45   5    86    442
48   15   3    84    132
49   21   5    109    235
50   8   5    188    228
51   14   7    108    141
52   29   3    57    211
53   30   2    89    229
54   14   2    67    437
55   16   2    139    203
56   38   7    177    334
57   34   6    144    249
58   45   4    173    431
59   36   7    50    72
60   5   5    141    35
61   32   2    89    305
62   13   7    113    152
63   47   4    127    360
64   47   3    130    327
65   8   5    101    91
66   46   5    95    108
67   59   4    187    436
68   47   7    163    421
69   9   5    170    396
70   45   2    21    498
71   60   6    78    352
72   3   5    29    386
73   33   3    127    209
74   51   5    12    165
75   16   6    34    139
76   44   4    85    22
77   42   7    70    488
78   28   7    8    121
79   13   5    94    128
80   17   2    113    182
