1   0   4    1    23
2   1   2    130    422
3   1   5    175    400
4   1   7    129    117
5   2   6    165    128
6   4   3    150    392
7   4   2    184    374
8   6   4    193    316
9   5   4    29    45
10   4   7    114    43
11   2   5    62    335
12   8   7    12    365
13   3   6    108    117
14   9   2    163    296
15   7   5    22    454
16   14   3    120    458
17   12   2    69    260
18   13   3    38    407
19   17   4    115    5
20   15   6    108    498
21   19   7    131    61
22   18   2    31    78
23   9   4    110    28
24   2   5    56    5
25   21   7    198    7
26   14   5    49    66
27   9   3    17    385
28   19   2    73    239
29   26   2    123    111
30   24   7    129    332
31   25   5    189    248
32   7   6    175    419
33   16   5    193    272
34   11   6    178    203
35   3   7    152    470
36   12   2    45    426
37   24   6    77    133
38   31   6    46    95
39   23   7    96    403
40   18   4    57    206
41   11   3    64    470
42   19   6    59    115
43   23   2    160    211
44   7   4    88    93
45   42   7    199    416
46   37   7    156    409
47   18   6    109    261
48   13   3    16    5
49   14   4    128    182
50   24   6    142    5
51   6   5    163    90
52   40   2    137    259
53   35   4    75    390
54   46   3    37    336
55   5   7    167    211
56   11   7    133    53
57   26   4    173    291
58   15   5    19    398
59   22   6    62    470
60   36   3    197    471
61   31   3    117    423
62   43   7    74    103
63   26   2    88    43
64   61   6    114    253
65   56   2    155    425
66   41   6    104    397
67   20   7    177    447
68   55   5    18    169
69   36   6    71    76
70   32   3    25    170
71   27   6    53    430
72   39   4    160    423
73   46   2    83    260
74   65   2    64    134
75   58   5    31    200
76   6   5    184    333
77   30   6    145    23
78   25   3    177    444
79   23   7    6    381
80   63   5    88    372
