1   0   4    9    22
2   1   6    86    281
3   1   5    130    108
4   2   3    185    450
5   1   4    64    482
6   1   7    181    243
7   5   6    46    451
8   6   3    193    76
9   4   3    18    55
10   6   2    53    161
11   5   3    103    422
12   8   7    168    159
13   5   3    128    434
14   8   2    74    474
15   7   3    20    378
16   14   6    103    193
17   14   2    39    102
18   5   3    123    387
19   9   5    131    442
20   9   6    16    68
21   6   6    186    493
22   8   2    63    376
23   2   6    105    323
24   10   4    140    483
25   11   5    177    341
26   4   7    199    308
27   14   4    65    499
28   25   7    29    180
29   14   2    121    497
30   19   6    21    280
31   17   7    11    400
32   2   4    175    26
33   24   6    162    254
34   32   4    172    333
35   18   6    77    423
36   8   3    99    172
37   28   3    108    13
38   28   2    123    13
39   32   7    93    279
40   28   2    60    386
41   16   5    160    478
42   40   2    128    259
43   10   7    87    221
44   35   2    4    207
45   29   2    64    225
46   35   6    4    54
47   12   6    147    346
48   32   2    47    276
49   11   6    87    115
50   12   4    49    258
51   42   2    178    338
52   32   4    6    135
53   13   2    64    20
54   25   7    5    374
55   13   7    174    476
56   10   3    18    313
57   37   2    186    433
58   37   4    61    352
59   19   5    140    339
60   50   2    67    137
61   48   3    156    385
62   42   2    101    396
63   6   3    6    378
64   29   3    113    6
65   2   3    44    213
66   62   7    170    339
67   27   4    70    259
68   9   4    116    180
69   48   3    119    386
70   12   2    166    328
71   44   3    115    165
72   59   4    84    26
73   10   4    63    354
74   13   6    136    319
75   9   2    184    363
76   27   3    90    100
77   21   7    112    210
78   74   7    135    365
79   12   5    90    140
80   39   7    135    27
