1   0   4    14    41
2   1   5    165    238
3   1   4    7    164
4   2   2    148    429
5   1   4    54    387
6   4   2    165    81
7   2   4    28    498
8   4   2    70    64
9   2   7    7    387
10   7   3    133    65
11   2   5    109    445
12   8   2    32    311
13   4   7    104    278
14   11   4    80    228
15   3   5    163    467
16   13   6    83    486
17   5   4    163    329
18   13   5    28    160
19   5   7    7    81
20   16   3    6    420
21   14   7    164    290
22   20   6    196    96
23   9   7    2    208
24   4   5    26    280
25   22   5    148    188
26   18   5    128    318
27   21   7    132    215
28   19   5    69    295
29   19   4    163    162
30   5   4    111    420
31   17   5    86    344
32   7   5    25    113
33   23   2    91    374
34   26   5    55    69
35   3   3    179    161
36   11   6    103    191
37   32   7    121    437
38   24   6    84    14
39   5   5    56    200
40   21   5    37    78
41   20   3    14    370
42   1   3    147    274
43   24   2    189    111
44   33   6    34    168
45   42   4    28    349
46   28   3    13    133
47   3   3    86    88
48   29   3    177    79
49   28   6    65    127
50   40   5    61    436
51   39   6    178    304
52   34   5    3    154
53   28   6    191    427
54   44   5    75    318
55   52   3    196    116
56   49   5    106    70
57   25   5    120    333
58   15   5    176    195
59   37   3    89    377
60   45   7    156    274
61   35   5    78    138
62   29   5    99    313
63   45   7    104    134
64   58   6    189    226
65   29   4    72    351
66   28   4    116    367
67   3   6    152    417
68   16   4    118    335
69   34   5    50    315
70   27   5    46    418
71   55   4    115    329
72   23   3    159    1
73   48   5    135    89
74   37   2    59    251
75   64   7    43    451
76   62   6    137    392
77   59   7    175    18
78   8   6    198    142
79   27   7    151    348
80   31   4    125    59
