1   0   5    9    30
2   1   3    44    24
3   1   3    24    143
4   2   7    114    152
5   1   3    61    121
6   3   3    96    7
7   5   5    198    380
8   2   2    152    166
9   6   4    132    404
10   8   4    10    20
11   6   4    92    17
12   9   7    122    354
13   9   4    70    431
14   9   7    60    52
15   10   5    139    354
16   14   2    41    355
17   2   5    10    250
18   4   2    23    278
19   1   4    145    309
20   16   4    182    377
21   17   6    177    384
22   9   2    197    487
23   13   3    147    180
24   7   2    153    416
25   21   7    143    191
26   10   7    95    17
27   5   5    140    73
28   19   2    53    384
29   1   3    39    70
30   28   7    93    142
31   23   2    123    127
32   29   2    63    183
33   12   5    107    405
34   24   5    65    174
35   25   7    110    495
36   17   6    184    416
37   27   7    1    342
38   16   7    60    472
39   11   6    113    420
40   14   3    137    308
41   14   7    173    157
42   33   5    85    31
43   1   5    138    170
44   28   5    23    110
45   33   6    3    345
46   10   3    71    440
47   21   5    155    343
48   30   3    80    72
49   1   6    172    418
50   13   4    150    153
51   29   4    31    15
52   43   7    174    97
53   44   4    174    424
54   16   5    163    360
55   47   5    43    175
56   33   6    8    398
57   1   2    141    487
58   43   5    82    1
59   48   7    157    339
60   20   4    137    460
61   49   7    177    334
62   12   7    63    33
63   42   4    29    487
64   23   7    30    240
65   20   7    150    128
66   36   4    24    481
67   62   6    69    367
68   22   5    187    161
69   22   7    2    214
70   51   7    93    484
71   19   4    94    332
72   67   7    81    111
73   26   6    85    301
74   16   2    59    496
75   40   2    176    11
76   40   3    80    436
77   21   5    113    84
78   35   2    81    106
79   63   7    170    309
80   1   7    70    121
