1   0   2    22    31
2   1   4    108    216
3   1   7    189    483
4   2   5    40    309
5   1   2    125    445
6   3   7    194    157
7   5   5    115    171
8   5   4    85    9
9   4   7    26    352
10   6   7    136    367
11   3   2    150    432
12   4   7    157    263
13   2   7    168    244
14   1   6    65    7
15   12   3    34    249
16   6   2    99    90
17   13   2    114    298
18   3   7    80    416
19   1   5    68    91
20   13   5    79    187
21   9   2    45    30
22   13   2    4    270
23   5   6    93    393
24   13   6    164    111
25   13   2    168    207
26   3   5    124    183
27   8   4    175    470
28   23   2    40    180
29   24   6    18    35
30   21   5    28    86
31   25   6    62    310
32   5   4    141    323
33   17   4    147    207
34   32   7    80    488
35   20   7    195    406
36   2   4    122    26
37   5   4    89    342
38   14   7    56    271
39   9   4    20    393
40   27   6    99    86
41   35   2    93    452
42   32   6    146    467
43   17   2    24    184
44   26   5    163    436
45   40   4    92    289
46   29   2    50    373
47   15   2    75    32
48   5   3    92    194
49   24   5    32    73
50   36   5    128    431
51   30   3    182    440
52   2   6    121    344
53   11   2    14    224
54   21   4    92    301
55   16   2    70    475
56   6   5    166    20
57   53   5    157    169
58   55   6    123    383
59   56   6    97    358
60   1   2    127    351
61   59   4    5    377
62   50   7    30    139
63   37   2    5    326
64   19   6    47    315
65   35   4    74    52
66   46   2    96    276
67   13   2    95    111
68   36   7    109    88
69   6   2    23    419
70   39   5    162    411
71   39   5    181    387
72   13   4    136    52
73   28   5    60    27
74   69   6    83    63
75   65   6    17    31
76   60   6    190    107
77   25   5    165    270
78   66   4    26    376
79   9   7    122    155
80   10   3    125    14
