1   0   7    25    24
2   1   4    49    373
3   1   6    178    337
4   2   7    30    433
5   3   2    167    223
6   2   7    147    444
7   1   4    107    368
8   6   4    68    101
9   7   5    31    401
10   6   4    170    402
11   6   6    30    483
12   4   6    94    157
13   8   4    44    260
14   8   6    79    72
15   7   3    6    205
16   14   6    170    245
17   6   7    189    135
18   8   7    173    36
19   12   3    76    184
20   17   5    75    20
21   6   2    93    227
22   4   7    165    132
23   19   7    144    35
24   12   7    179    236
25   22   5    142    216
26   17   7    132    16
27   8   4    49    127
28   10   2    191    352
29   5   6    80    222
30   12   7    183    110
31   22   3    129    245
32   21   6    57    300
33   16   3    54    358
34   24   7    56    381
35   2   7    46    16
36   20   2    196    311
37   5   7    105    370
38   24   3    4    214
39   8   2    124    242
40   25   3    116    283
41   29   3    93    209
42   20   3    137    79
43   15   5    136    307
44   21   4    36    158
45   2   6    153    227
46   37   6    101    3
47   10   6    157    66
48   23   2    193    12
49   9   5    91    109
50   29   5    184    423
51   44   6    182    44
52   37   7    6    367
53   32   3    157    35
54   46   5    41    32
55   50   7    56    155
56   6   5    133    131
57   55   7    147    51
58   56   2    23    100
59   57   6    81    390
60   16   3    111    104
61   19   6    3    251
62   29   3    110    481
63   40   5    179    465
64   33   3    191    426
65   23   3    106    214
66   19   6    193    353
67   31   5    194    482
68   60   2    44    38
69   57   5    112    178
70   56   4    143    17
71   21   2    163    439
72   52   5    8    336
73   34   4    103    280
74   70   7    74    446
75   5   4    86    7
76   30   2    37    390
77   72   7    33    131
78   48   6    95    237
79   70   7    41    391
80   3   6    94    281
