1   0   3    20    35
2   1   4    108    215
3   1   2    27    27
4   1   5    106    144
5   3   6    136    471
6   1   7    44    107
7   5   7    33    259
8   2   4    191    93
9   7   2    4    86
10   3   5    14    13
11   1   5    193    276
12   3   6    103    256
13   6   6    33    118
14   4   2    110    284
15   6   2    185    234
16   2   2    158    362
17   14   2    83    412
18   13   7    5    30
19   12   4    199    478
20   9   4    194    211
21   3   6    150    204
22   20   7    26    321
23   13   7    89    288
24   14   3    146    308
25   3   2    141    327
26   2   7    177    415
27   24   6    83    284
28   12   2    65    401
29   26   5    11    287
30   28   4    84    2
31   11   2    153    137
32   19   4    95    475
33   15   4    101    98
34   32   5    25    304
35   7   7    51    422
36   29   5    142    341
37   27   5    3    224
38   32   2    72    32
39   22   6    56    275
40   3   3    121    483
41   14   3    15    29
42   22   3    46    25
43   34   5    30    196
44   28   4    103    127
45   40   5    158    162
46   43   4    180    464
47   16   7    189    92
48   37   3    116    27
49   3   5    91    26
50   40   2    129    135
51   1   7    60    251
52   42   3    45    186
53   13   5    23    429
54   49   7    171    496
55   13   4    126    206
56   43   4    100    217
57   31   3    25    452
58   12   6    2    369
59   40   2    42    55
60   47   3    152    312
61   41   7    37    354
62   55   2    23    303
63   7   6    74    167
64   9   6    54    80
65   22   6    3    35
66   55   5    91    207
67   24   7    195    38
68   10   2    41    239
69   60   3    66    434
70   67   4    102    161
71   58   5    103    420
72   51   4    133    400
73   54   5    66    476
74   7   7    150    403
75   31   7    128    98
76   12   2    98    253
77   18   2    101    441
78   50   4    149    247
79   6   5    81    153
80   41   7    53    364
