1   0   2    12    36
2   1   2    129    227
3   1   2    143    56
4   2   6    71    176
5   3   5    29    22
6   3   5    182    345
7   5   4    1    436
8   5   6    16    421
9   7   3    172    79
10   8   2    67    439
11   2   7    95    497
12   10   4    174    212
13   5   6    60    12
14   10   4    50    186
15   1   7    38    164
16   12   6    93    107
17   9   5    98    38
18   12   7    77    80
19   11   6    189    299
20   5   6    91    194
21   6   6    38    65
22   11   7    91    407
23   6   2    86    463
24   19   7    167    144
25   21   7    31    214
26   19   6    3    39
27   9   3    143    244
28   20   2    176    327
29   25   5    171    196
30   11   5    158    220
31   2   2    108    414
32   11   7    142    46
33   5   3    91    196
34   5   5    165    300
35   10   2    166    263
36   4   4    66    399
37   32   2    82    49
38   14   7    151    244
39   4   5    28    361
40   13   2    33    156
41   31   3    59    128
42   40   4    20    361
43   5   7    70    242
44   36   7    155    296
45   1   7    44    371
46   27   7    128    188
47   41   3    149    268
48   19   7    31    221
49   7   5    129    281
50   41   4    153    14
51   43   5    3    363
52   39   4    26    8
53   34   4    16    448
54   22   3    90    458
55   17   3    48    32
56   26   5    129    424
57   39   2    3    390
58   48   5    139    9
59   53   7    36    205
60   58   4    104    347
61   9   2    176    150
62   14   6    53    348
63   59   3    175    418
64   19   4    184    237
65   8   2    40    269
66   61   6    98    453
67   30   2    95    461
68   38   4    79    212
69   29   3    38    487
70   30   5    109    369
71   19   5    61    62
72   4   6    150    17
73   17   3    109    72
74   52   5    132    88
75   28   2    73    388
76   49   3    3    456
77   39   7    116    438
78   48   6    16    230
79   61   7    124    335
80   67   7    37    399
