1   0   4    9    20
2   1   7    47    77
3   1   2    160    408
4   2   3    40    78
5   3   6    8    361
6   2   3    105    445
7   2   2    138    178
8   1   4    122    88
9   4   4    136    453
10   4   7    90    43
11   5   4    182    497
12   4   3    197    447
13   2   6    151    464
14   7   3    178    238
15   3   5    137    94
16   13   4    117    253
17   10   2    4    164
18   2   6    98    150
19   3   5    31    391
20   16   6    12    31
21   10   3    94    71
22   5   3    23    87
23   15   4    124    29
24   17   3    142    456
25   19   6    66    61
26   1   4    41    360
27   5   5    50    212
28   7   6    121    160
29   11   4    63    424
30   5   2    129    317
31   11   5    191    3
32   30   2    21    329
33   13   7    199    335
34   3   4    46    55
35   30   3    30    475
36   22   2    3    108
37   30   5    14    439
38   10   2    162    331
39   18   7    49    450
40   24   2    5    10
41   8   2    28    164
42   27   5    66    168
43   20   4    179    356
44   34   2    96    14
45   21   3    74    157
46   8   5    160    157
47   33   5    65    150
48   8   7    9    370
49   43   4    31    490
50   45   5    17    139
51   37   7    170    449
52   46   2    83    332
53   50   5    13    377
54   5   4    135    45
55   50   5    24    297
56   4   3    155    247
57   17   7    157    7
58   30   3    23    463
59   19   4    16    385
60   56   4    184    494
61   23   4    76    303
62   30   7    40    366
63   42   5    143    236
64   15   7    72    134
65   18   4    154    313
66   26   6    145    420
67   61   4    131    467
68   29   6    99    299
69   52   4    195    299
70   60   5    188    170
71   1   5    149    268
72   68   6    14    296
73   61   2    115    331
74   14   2    36    196
75   17   3    178    136
76   39   5    6    197
77   11   4    8    306
78   3   5    109    137
79   9   7    183    476
80   16   2    36    40
