1   0   2    23    38
2   1   5    169    372
3   1   3    115    21
4   2   7    110    2
5   1   4    13    233
6   1   2    119    146
7   1   6    19    118
8   2   6    113    136
9   3   5    61    90
10   8   6    7    445
11   1   3    93    153
12   3   7    124    460
13   8   3    152    198
14   5   3    185    86
15   4   7    1    15
16   9   7    77    402
17   2   2    17    206
18   7   5    43    182
19   12   4    34    195
20   1   6    85    223
21   2   5    72    141
22   15   5    168    268
23   7   5    64    424
24   13   5    127    197
25   13   6    17    83
26   20   7    191    382
27   19   4    24    460
28   11   5    156    414
29   12   3    168    51
30   16   2    72    98
31   14   3    36    355
32   14   2    154    260
33   21   4    141    103
34   1   4    110    120
35   17   7    166    454
36   9   5    54    313
37   32   6    101    231
38   31   3    198    134
39   21   5    38    308
40   7   7    127    28
41   29   3    103    223
42   27   7    49    387
43   3   6    157    130
44   9   3    13    383
45   11   4    93    57
46   10   3    66    208
47   30   7    166    208
48   21   5    174    212
49   7   7    105    398
50   21   2    178    94
51   45   3    83    217
52   5   7    185    466
53   41   5    8    344
54   11   2    52    444
55   50   6    166    328
56   47   6    186    255
57   21   5    69    172
58   14   2    49    449
59   45   7    179    176
60   19   2    147    236
61   5   5    116    131
62   56   4    58    484
63   56   3    136    238
64   60   2    27    30
65   50   5    173    21
66   22   6    179    146
67   3   3    117    274
68   10   6    25    97
69   45   6    82    221
70   34   2    136    86
71   54   5    72    83
72   68   5    147    361
73   29   7    129    487
74   47   5    192    452
75   69   4    85    49
76   13   7    12    428
77   52   2    77    486
78   69   4    109    144
79   64   2    90    406
80   63   7    125    337
