1   0   3    2    45
2   1   4    116    183
3   1   3    159    95
4   1   7    76    385
5   1   3    132    419
6   4   6    84    195
7   4   4    160    139
8   2   5    116    222
9   1   7    146    421
10   1   5    161    62
11   2   7    8    76
12   2   3    142    11
13   8   7    111    487
14   1   6    30    164
15   11   5    117    229
16   14   2    67    438
17   15   6    123    410
18   10   7    56    96
19   4   3    167    279
20   7   4    46    315
21   8   4    75    74
22   14   4    165    236
23   10   7    155    316
24   15   6    78    392
25   1   5    100    225
26   3   2    27    153
27   4   5    165    395
28   9   2    84    85
29   6   6    34    170
30   24   3    52    39
31   6   4    44    72
32   2   4    122    229
33   4   4    161    462
34   8   6    6    493
35   11   2    172    329
36   4   2    114    372
37   21   3    11    161
38   26   7    2    291
39   11   2    192    49
40   26   2    152    270
41   14   2    133    185
42   17   2    165    432
43   12   4    157    268
44   19   2    181    54
45   24   3    76    434
46   13   3    160    115
47   17   4    14    294
48   9   7    165    58
49   33   2    195    62
50   45   3    170    419
51   8   4    26    372
52   27   3    182    450
53   43   4    196    251
54   5   3    168    462
55   43   4    132    162
56   50   7    35    469
57   27   5    161    197
58   49   4    39    31
59   31   2    109    482
60   38   5    112    474
61   7   3    137    19
62   16   2    105    453
63   16   3    184    193
64   62   2    16    113
65   2   6    25    283
66   19   4    11    269
67   1   7    39    470
68   61   3    104    10
69   63   6    184    315
70   21   6    5    40
71   21   3    152    21
72   7   7    182    65
73   15   5    133    78
74   61   2    34    484
75   2   7    100    363
76   32   7    198    449
77   63   2    135    269
78   8   5    85    318
79   60   2    4    410
80   4   6    7    20
