1   0   3    11    19
2   1   6    135    90
3   1   2    21    332
4   1   4    45    409
5   2   7    81    82
6   3   7    80    10
7   3   4    98    386
8   6   5    128    294
9   7   6    11    476
10   7   7    137    7
11   3   4    154    312
12   6   7    186    188
13   8   4    185    303
14   3   3    176    88
15   5   3    42    304
16   10   5    180    103
17   13   7    112    472
18   14   2    106    362
19   4   3    45    301
20   15   2    175    412
21   5   5    41    248
22   14   7    81    216
23   12   3    48    258
24   18   3    169    11
25   12   6    8    4
26   9   5    82    386
27   22   4    73    240
28   1   5    18    439
29   2   7    3    246
30   4   7    63    40
31   15   2    184    105
32   9   5    27    198
33   2   2    29    121
34   14   7    139    55
35   31   7    143    37
36   13   6    66    194
37   33   4    27    315
38   6   4    48    10
39   30   5    162    257
40   7   6    12    347
41   32   6    176    102
42   7   7    80    158
43   35   5    175    372
44   10   6    177    38
45   30   5    60    235
46   3   4    77    285
47   2   2    195    111
48   2   5    156    353
49   45   4    9    425
50   20   4    25    401
51   42   5    128    118
52   12   7    108    220
53   43   2    23    191
54   30   5    132    18
55   11   4    19    85
56   14   7    29    161
57   22   6    18    464
58   6   7    164    57
59   44   5    168    57
60   43   7    44    263
61   31   3    16    272
62   36   5    14    428
63   52   6    107    456
64   22   4    182    344
65   35   4    127    395
66   1   5    194    260
67   14   3    131    454
68   26   3    17    234
69   14   5    14    197
70   60   4    149    45
71   68   6    185    322
72   63   5    14    483
73   11   6    145    412
74   50   6    36    181
75   47   2    102    353
76   40   3    37    127
77   70   5    181    400
78   58   5    83    206
79   37   3    13    227
80   18   4    27    104
