1   0   6    1    14
2   1   5    164    232
3   1   3    25    6
4   1   6    69    224
5   3   2    156    173
6   3   3    121    479
7   1   4    6    305
8   4   7    187    489
9   7   3    5    420
10   2   2    106    231
11   7   6    184    325
12   5   2    36    311
13   11   5    139    212
14   5   2    177    39
15   3   2    87    26
16   11   7    104    341
17   11   7    90    299
18   4   5    103    199
19   4   5    10    268
20   18   7    100    280
21   12   6    159    185
22   18   4    179    19
23   2   7    9    68
24   7   4    144    65
25   3   4    83    325
26   1   5    45    61
27   7   5    58    438
28   19   6    115    486
29   8   5    134    80
30   16   4    96    175
31   19   7    103    100
32   19   6    6    212
33   18   7    42    176
34   4   7    101    301
35   30   2    192    116
36   24   5    12    215
37   20   3    18    5
38   11   7    90    178
39   33   7    17    175
40   24   2    109    221
41   29   2    65    165
42   5   6    188    310
43   41   2    9    498
44   14   5    139    494
45   22   2    162    183
46   29   5    120    151
47   13   6    135    1
48   14   6    40    324
49   6   4    111    115
50   13   3    25    168
51   47   4    44    39
52   20   7    137    393
53   34   7    78    337
54   26   2    63    140
55   29   3    116    375
56   24   3    21    380
57   12   7    108    284
58   41   3    156    72
59   23   4    24    140
60   38   4    27    159
61   44   2    96    438
62   60   4    19    284
63   33   6    13    264
64   59   5    74    112
65   21   7    89    458
66   33   7    144    320
67   35   6    42    182
68   36   4    181    457
69   61   2    9    308
70   52   6    18    223
71   53   5    52    267
72   35   5    11    95
73   29   7    108    265
74   57   3    45    304
75   18   4    72    228
76   24   5    145    354
77   25   7    128    32
78   21   3    19    186
79   6   5    28    57
80   12   2    173    26
