1   0   2    21    5
2   1   2    195    464
3   1   3    135    122
4   1   7    111    288
5   3   6    148    201
6   1   3    88    385
7   2   6    46    363
8   3   5    126    142
9   4   5    108    46
10   1   3    184    347
11   6   6    183    476
12   2   7    90    34
13   2   7    155    420
14   9   6    132    250
15   8   6    69    216
16   10   2    148    51
17   4   6    96    276
18   4   7    108    4
19   12   2    27    148
20   14   6    47    441
21   12   4    167    100
22   16   5    117    103
23   13   3    100    435
24   21   2    33    491
25   14   7    26    476
26   10   6    58    450
27   13   7    174    400
28   16   7    45    496
29   14   3    56    347
30   27   4    190    322
31   2   3    111    63
32   16   3    147    427
33   14   3    74    284
34   10   7    77    80
35   27   2    174    430
36   21   7    27    78
37   1   5    20    1
38   33   5    97    427
39   3   5    187    476
40   13   2    70    143
41   16   3    116    185
42   31   3    132    198
43   37   6    9    155
44   3   3    69    471
45   6   4    87    375
46   24   2    66    8
47   44   6    71    415
48   24   7    24    87
49   31   3    74    382
50   7   3    151    413
51   44   6    172    60
52   13   6    158    170
53   16   7    142    321
54   6   7    84    169
55   13   6    45    418
56   33   2    156    168
57   20   6    19    271
58   46   5    20    363
59   21   5    151    375
60   55   4    26    395
61   20   6    26    30
62   49   7    64    298
63   3   4    146    108
64   52   3    198    325
65   15   7    29    359
66   37   5    84    13
67   23   3    185    470
68   10   6    3    329
69   64   6    96    402
70   11   2    53    257
71   48   2    176    36
72   60   7    86    129
73   12   5    192    85
74   28   2    64    155
75   71   2    196    170
76   65   2    119    158
77   61   5    8    416
78   22   4    112    26
79   25   2    74    30
80   26   2    5    28
