1   0   7    14    27
2   1   3    69    152
3   1   4    43    28
4   1   6    47    436
5   2   7    96    402
6   4   4    38    235
7   3   2    51    61
8   4   6    4    209
9   4   3    106    496
10   2   6    182    110
11   6   3    161    214
12   5   2    123    404
13   3   5    97    452
14   11   5    191    119
15   10   2    187    72
16   5   6    137    246
17   15   4    34    68
18   11   3    8    405
19   9   3    194    433
20   18   5    141    130
21   3   4    79    1
22   5   3    195    129
23   8   3    161    147
24   8   3    72    4
25   3   2    189    195
26   20   3    98    426
27   20   5    101    38
28   25   6    185    264
29   11   6    61    147
30   24   4    195    116
31   2   7    138    352
32   11   2    25    107
33   28   4    191    478
34   15   6    57    70
35   22   2    129    493
36   9   4    146    463
37   10   5    15    91
38   30   4    196    31
39   1   7    79    482
40   4   4    77    298
41   8   3    85    449
42   39   4    162    21
43   40   6    116    293
44   19   7    190    195
45   32   5    157    474
46   11   7    20    55
47   44   4    39    190
48   23   7    83    400
49   11   4    152    415
50   38   4    43    57
51   14   3    95    221
52   21   4    33    344
53   5   5    54    443
54   22   4    99    312
55   6   4    57    113
56   26   3    198    338
57   43   3    163    142
58   13   5    36    107
59   33   3    51    466
60   10   2    130    68
61   40   5    26    351
62   44   6    39    327
63   15   2    62    420
64   9   4    185    295
65   50   6    193    207
66   6   4    93    225
67   8   4    138    275
68   45   6    120    267
69   22   3    82    466
70   54   4    150    123
71   59   3    128    211
72   45   6    52    220
73   9   5    152    400
74   18   4    124    252
75   37   4    94    152
76   58   5    126    386
77   27   2    104    303
78   45   3    21    430
79   70   5    77    64
80   48   5    83    415
