1   0   7    8    19
2   1   4    77    298
3   1   3    179    290
4   1   6    70    273
5   3   3    68    56
6   3   7    154    460
7   1   3    144    474
8   6   4    114    16
9   1   2    175    431
10   5   3    27    351
11   9   6    173    242
12   2   6    5    350
13   9   6    174    167
14   6   7    173    53
15   7   2    164    80
16   11   3    29    133
17   4   6    163    194
18   16   5    131    86
19   17   7    76    87
20   15   2    189    209
21   17   5    33    237
22   20   4    132    150
23   4   2    169    52
24   7   2    14    352
25   21   6    103    324
26   14   7    186    331
27   20   4    66    110
28   19   2    145    74
29   19   6    160    369
30   9   4    147    120
31   24   3    70    38
32   26   6    101    111
33   1   5    11    32
34   21   6    93    244
35   26   3    96    380
36   20   4    86    49
37   8   2    129    63
38   22   6    166    274
39   17   3    99    89
40   2   3    58    251
41   38   4    86    159
42   33   3    30    57
43   20   5    7    224
44   6   5    169    293
45   16   4    44    233
46   18   4    13    473
47   25   6    85    93
48   36   3    23    429
49   21   2    169    422
50   5   4    126    362
51   16   5    161    340
52   34   7    64    175
53   20   7    120    446
54   6   6    159    411
55   30   7    7    195
56   28   5    131    186
57   29   5    131    241
58   41   2    14    58
59   6   4    105    302
60   12   3    84    423
61   58   7    127    41
62   31   2    37    420
63   45   6    21    63
64   5   7    128    49
65   10   4    155    261
66   10   3    35    218
67   7   2    180    180
68   49   6    20    40
69   37   5    82    345
70   29   7    199    252
71   69   5    50    285
72   36   2    187    177
73   35   4    9    358
74   68   6    73    314
75   7   6    186    216
76   61   3    155    192
77   64   3    156    218
78   71   7    118    351
79   49   3    162    185
80   54   4    180    207
