1   0   6    25    5
2   1   2    16    73
3   1   2    195    98
4   2   6    11    112
5   1   7    92    435
6   3   2    107    132
7   5   6    112    63
8   4   5    17    392
9   1   4    183    158
10   5   2    133    318
11   3   7    172    320
12   9   4    27    207
13   10   7    128    124
14   10   7    175    81
15   9   5    5    277
16   7   7    107    436
17   1   3    164    392
18   1   3    13    162
19   14   7    12    188
20   16   2    111    128
21   16   7    116    237
22   3   2    75    446
23   15   7    173    342
24   4   2    155    466
25   4   4    33    77
26   10   7    11    101
27   15   2    113    329
28   15   4    51    170
29   3   6    76    354
30   11   7    27    489
31   11   7    175    426
32   9   4    52    260
33   13   6    144    10
34   17   7    77    287
35   23   4    119    91
36   19   2    113    460
37   14   2    180    269
38   17   2    113    350
39   32   2    136    110
40   8   4    19    290
41   28   2    149    237
42   7   6    77    239
43   41   2    142    326
44   12   5    141    267
45   4   7    1    369
46   29   2    163    131
47   29   3    81    246
48   31   2    101    361
49   38   7    77    260
50   29   6    39    267
51   39   3    25    193
52   12   6    120    117
53   33   7    3    194
54   5   2    141    113
55   48   6    45    418
56   54   3    30    376
57   2   5    107    468
58   11   6    88    201
59   35   3    29    320
60   47   4    158    184
61   52   6    125    354
62   23   7    60    103
63   14   2    111    382
64   44   2    162    499
65   60   3    195    338
66   12   2    23    207
67   13   7    45    234
68   63   3    182    74
69   61   2    70    234
70   41   7    143    38
71   29   5    42    488
72   38   6    138    217
73   68   6    57    94
74   38   2    173    406
75   47   7    53    252
76   19   4    143    66
77   15   3    159    125
78   55   2    147    360
79   48   2    2    310
80   65   4    102    326
