1   0   2    17    47
2   1   4    180    224
3   1   7    4    338
4   1   2    17    38
5   1   5    190    391
6   4   5    92    124
7   1   6    120    282
8   5   3    34    8
9   5   4    66    260
10   5   4    32    176
11   7   4    74    389
12   2   5    178    123
13   4   7    15    414
14   3   7    92    449
15   8   6    50    131
16   9   4    96    311
17   10   3    8    495
18   2   7    128    426
19   16   5    93    183
20   17   4    39    418
21   13   2    82    426
22   11   2    25    366
23   8   4    163    268
24   22   6    70    271
25   14   7    181    405
26   13   2    110    281
27   2   4    95    229
28   25   4    159    36
29   9   3    18    422
30   23   3    194    270
31   13   2    25    27
32   2   7    179    287
33   12   7    12    133
34   21   4    26    63
35   25   7    92    496
36   34   4    59    175
37   3   5    93    428
38   27   6    93    438
39   5   6    99    85
40   35   7    43    227
41   22   7    42    269
42   1   3    173    195
43   27   6    21    294
44   30   4    139    196
45   37   4    101    210
46   21   5    78    336
47   25   5    192    295
48   11   4    145    367
49   35   3    63    380
50   10   4    85    357
51   39   7    47    149
52   3   2    81    90
53   1   5    159    19
54   45   3    91    234
55   8   2    48    325
56   12   2    199    417
57   53   5    15    360
58   24   3    17    330
59   10   5    74    290
60   33   5    97    3
61   47   3    16    247
62   4   6    188    353
63   59   7    10    492
64   54   7    80    487
65   61   3    31    437
66   6   6    157    382
67   2   4    179    31
68   25   5    83    303
69   23   4    154    78
70   7   2    34    356
71   11   7    114    40
72   44   3    75    396
73   26   6    82    433
74   40   4    73    261
75   46   4    56    134
76   64   4    98    212
77   4   6    34    84
78   17   6    96    217
79   60   5    40    81
80   25   5    122    179
