1   0   3    25    34
2   1   3    168    181
3   1   6    52    435
4   2   4    89    38
5   3   4    70    173
6   1   5    182    460
7   4   6    27    380
8   1   3    110    149
9   2   2    74    209
10   5   4    127    243
11   2   2    184    338
12   3   5    187    419
13   8   4    7    423
14   7   2    131    6
15   1   3    69    79
16   2   5    92    264
17   10   6    174    398
18   6   4    69    312
19   13   5    178    53
20   16   7    94    130
21   13   3    138    251
22   3   3    112    300
23   17   5    188    59
24   19   2    170    86
25   10   5    75    188
26   22   2    168    174
27   2   3    92    10
28   13   5    42    11
29   12   4    155    147
30   4   3    31    295
31   23   2    137    395
32   17   2    82    396
33   12   6    146    68
34   14   7    15    361
35   9   3    9    238
36   26   7    144    480
37   5   2    105    274
38   18   5    33    298
39   1   5    8    102
40   13   3    79    63
41   12   7    16    279
42   19   6    9    7
43   24   5    187    113
44   17   3    89    387
45   37   6    31    197
46   42   4    23    462
47   35   3    149    78
48   38   4    50    332
49   36   2    79    250
50   48   7    7    365
51   12   5    73    223
52   4   2    77    218
53   4   2    144    77
54   17   7    3    204
55   28   7    171    124
56   36   6    74    306
57   37   7    59    217
58   6   6    26    75
59   32   5    80    250
60   55   3    131    138
61   4   2    156    398
62   30   7    97    329
63   41   7    169    297
64   29   7    154    159
65   41   7    17    65
66   23   6    122    172
67   65   4    135    367
68   17   2    50    464
69   3   6    46    3
70   55   6    58    105
71   53   7    196    427
72   54   2    181    161
73   24   5    66    299
74   39   7    193    211
75   18   2    194    87
76   8   2    89    438
77   24   5    131    327
78   9   3    146    3
79   20   6    48    243
80   69   5    140    221
