1   0   6    16    4
2   1   3    100    385
3   1   5    105    246
4   1   5    189    174
5   2   5    96    435
6   2   7    33    205
7   5   6    65    226
8   4   4    45    295
9   7   5    19    232
10   7   4    163    407
11   8   6    110    223
12   5   3    15    350
13   5   2    14    393
14   8   5    135    128
15   9   4    183    435
16   12   6    75    146
17   4   7    163    399
18   3   6    58    182
19   15   5    162    20
20   7   4    14    269
21   1   6    136    318
22   17   5    35    91
23   9   4    26    316
24   15   6    78    176
25   21   6    155    300
26   2   5    92    324
27   15   3    157    24
28   10   6    38    350
29   2   7    163    13
30   16   4    144    276
31   16   7    139    90
32   30   4    24    400
33   28   2    129    221
34   27   4    114    60
35   2   7    187    198
36   24   6    109    409
37   23   5    170    316
38   16   6    104    240
39   12   3    179    35
40   37   7    31    346
41   39   4    71    432
42   8   5    115    51
43   26   6    48    263
44   1   4    152    50
45   27   5    7    117
46   10   3    42    491
47   20   7    110    96
48   21   2    60    492
49   18   3    171    301
50   23   7    23    336
51   20   5    85    433
52   34   3    103    181
53   19   7    13    203
54   28   6    21    444
55   51   7    45    340
56   40   5    95    165
57   17   5    114    327
58   24   4    159    102
59   14   2    96    86
60   35   6    146    392
61   4   3    184    224
62   10   6    66    441
63   40   3    198    355
64   61   7    192    342
65   8   3    37    428
66   45   6    92    439
67   60   7    94    66
68   65   4    109    223
69   59   6    165    177
70   54   3    88    70
71   62   4    53    343
72   2   6    20    49
73   31   7    88    342
74   19   7    33    165
75   43   2    137    97
76   51   4    40    334
77   16   5    167    355
78   23   5    130    311
79   16   7    147    318
80   41   5    72    278
