1   0   7    9    31
2   1   3    2    306
3   1   5    4    390
4   1   7    177    96
5   2   2    70    181
6   3   2    113    402
7   5   6    186    268
8   2   7    176    60
9   7   7    46    206
10   5   5    64    421
11   2   6    138    184
12   6   3    59    483
13   2   3    93    261
14   8   3    191    292
15   2   2    148    27
16   13   4    84    343
17   2   6    76    69
18   7   5    49    128
19   6   4    17    475
20   1   7    13    429
21   4   3    77    398
22   8   2    86    327
23   19   2    26    358
24   10   7    73    62
25   4   5    19    484
26   18   5    96    490
27   25   7    25    72
28   22   7    10    370
29   6   6    42    249
30   10   7    182    443
31   20   6    127    285
32   14   2    177    317
33   14   5    76    6
34   24   6    188    294
35   23   3    109    403
36   10   4    11    46
37   1   4    189    94
38   29   2    168    375
39   7   6    49    328
40   12   7    156    313
41   5   4    161    23
42   31   6    84    471
43   32   3    176    495
44   25   3    172    320
45   5   7    84    355
46   39   3    148    275
47   41   6    68    72
48   31   6    166    44
49   34   5    59    329
50   11   3    10    403
51   14   5    112    105
52   4   3    127    177
53   51   6    41    307
54   29   5    129    297
55   15   7    157    212
56   47   7    159    124
57   25   7    21    138
58   18   5    96    317
59   50   4    87    139
60   8   5    11    204
61   33   7    133    248
62   9   5    5    423
63   42   7    71    428
64   45   3    40    65
65   6   7    169    467
66   29   3    74    352
67   29   6    106    278
68   3   5    96    12
69   49   2    126    146
70   35   3    47    302
71   65   3    91    381
72   12   7    149    358
73   36   2    65    489
74   41   2    151    236
75   61   2    189    88
76   48   7    64    176
77   27   7    185    235
78   59   7    18    431
79   56   4    133    238
80   54   7    197    281
