1   0   2    9    32
2   1   7    22    238
3   1   7    23    342
4   2   6    65    32
5   3   7    123    119
6   4   6    61    304
7   3   7    3    473
8   2   4    51    475
9   2   5    188    95
10   1   6    164    227
11   3   4    140    484
12   1   6    70    335
13   10   2    146    313
14   11   6    58    83
15   11   5    123    37
16   14   4    147    444
17   14   2    93    52
18   4   7    57    350
19   16   7    74    96
20   16   6    157    251
21   14   7    100    318
22   13   6    1    345
23   15   2    174    24
24   17   6    20    37
25   4   3    170    336
26   19   3    124    233
27   25   5    10    41
28   24   2    176    119
29   8   3    198    385
30   20   7    18    55
31   19   2    136    103
32   21   3    124    101
33   16   4    91    148
34   26   7    68    26
35   22   7    9    229
36   22   6    46    274
37   29   7    133    135
38   11   4    109    355
39   14   3    87    390
40   15   2    191    82
41   15   7    169    469
42   7   6    54    463
43   40   4    100    229
44   23   6    109    296
45   38   2    12    439
46   39   6    55    490
47   11   4    48    194
48   8   5    98    225
49   27   2    143    396
50   36   5    34    210
51   27   2    187    112
52   35   2    71    465
53   7   7    92    426
54   9   6    147    118
55   35   5    196    296
56   16   7    180    15
57   32   5    102    261
58   19   6    94    99
59   32   5    166    185
60   33   3    161    7
61   59   3    84    410
62   58   5    104    201
63   47   4    56    309
64   11   3    96    17
65   54   5    79    81
66   30   6    116    375
67   53   2    116    61
68   3   3    184    182
69   30   6    126    237
70   63   2    144    213
71   30   6    195    50
72   14   3    141    405
73   26   2    86    134
74   34   3    37    246
75   30   7    91    280
76   10   2    184    209
77   17   5    168    440
78   32   5    133    461
79   7   6    10    488
80   44   2    132    373
