1   0   6    21    13
2   1   6    83    406
3   1   5    119    360
4   2   7    41    252
5   2   5    98    471
6   2   6    139    102
7   3   6    41    275
8   1   4    11    75
9   1   3    116    98
10   3   4    53    462
11   7   7    166    404
12   2   6    88    351
13   7   2    112    55
14   2   2    30    379
15   11   6    112    340
16   6   6    69    42
17   4   4    94    411
18   12   7    154    168
19   14   4    90    107
20   9   7    24    371
21   16   5    172    373
22   2   3    48    1
23   19   7    3    82
24   20   7    175    321
25   7   4    58    323
26   15   3    195    112
27   2   2    122    192
28   10   2    181    281
29   8   7    42    23
30   2   5    4    85
31   22   3    105    90
32   17   7    143    298
33   25   2    7    175
34   4   5    40    489
35   15   6    64    128
36   20   3    187    469
37   29   5    195    467
38   18   7    86    276
39   23   6    5    218
40   22   6    96    56
41   36   4    104    387
42   18   2    165    140
43   15   5    153    257
44   25   6    117    200
45   20   4    107    201
46   15   6    139    385
47   3   5    80    441
48   21   5    20    259
49   27   2    36    444
50   5   4    140    264
51   23   4    126    326
52   37   7    56    482
53   12   4    153    470
54   46   3    43    398
55   12   5    161    64
56   16   4    1    274
57   48   4    196    28
58   17   7    155    14
59   4   4    74    123
60   18   7    129    296
61   25   7    183    296
62   47   5    198    391
63   55   5    19    321
64   2   5    131    152
65   62   3    50    177
66   9   3    65    433
67   58   7    194    337
68   59   7    124    58
69   25   6    42    170
70   50   7    74    487
71   13   5    82    446
72   45   2    41    201
73   22   6    141    272
74   15   4    109    249
75   10   5    24    43
76   17   6    184    198
77   40   2    29    28
78   54   2    23    77
79   47   3    40    124
80   19   4    109    437
