1   0   3    25    30
2   1   4    7    283
3   1   7    67    164
4   2   4    66    129
5   1   2    144    403
6   2   6    14    262
7   5   6    32    162
8   4   5    115    363
9   6   4    120    21
10   5   3    64    14
11   7   6    130    324
12   9   4    115    206
13   8   7    47    247
14   9   5    161    241
15   11   7    120    467
16   6   7    118    464
17   3   2    167    167
18   9   6    105    168
19   4   4    92    156
20   11   2    160    19
21   11   6    27    435
22   10   6    10    66
23   5   2    6    42
24   14   4    186    421
25   6   2    186    157
26   10   5    131    161
27   16   5    8    282
28   4   4    20    333
29   2   6    144    129
30   19   2    24    371
31   26   6    189    131
32   3   4    22    326
33   16   7    192    48
34   12   6    164    217
35   8   4    31    492
36   34   5    33    210
37   14   4    17    359
38   15   4    20    482
39   15   2    84    391
40   20   6    111    477
41   18   3    192    478
42   18   2    170    349
43   16   6    7    369
44   29   5    71    168
45   8   3    3    145
46   20   5    120    370
47   32   2    181    446
48   14   7    19    308
49   40   6    30    387
50   37   4    48    30
51   29   4    169    294
52   35   3    3    111
53   29   5    100    75
54   12   5    58    344
55   51   6    92    65
56   43   5    167    253
57   55   5    78    351
58   44   5    74    263
59   54   4    169    286
60   56   6    90    234
61   41   4    138    355
62   34   4    69    408
63   40   3    142    468
64   31   7    117    480
65   24   3    127    492
66   30   3    10    221
67   40   6    68    443
68   31   6    121    347
69   30   3    162    244
70   44   2    34    83
71   3   4    142    230
72   42   3    84    200
73   65   7    8    145
74   53   3    92    472
75   53   3    44    20
76   26   3    76    233
77   28   7    79    365
78   56   2    61    263
79   59   7    195    114
80   58   7    155    140
81   7   7    64    363
82   26   2    28    280
83   50   2    148    249
84   68   2    71    296
85   31   5    111    8
86   43   3    30    78
87   63   2    5    431
88   70   3    188    209
89   82   4    44    487
90   24   4    195    70
91   20   7    26    38
92   7   6    109    404
93   25   6    61    453
94   88   4    19    109
95   80   5    86    167
96   44   7    38    456
97   82   7    19    60
98   13   7    149    479
99   54   7    34    352
100   56   4    79    361
101   36   5    187    124
102   47   5    4    490
103   97   2    48    177
104   35   6    117    478
105   58   4    78    123
106   91   2    66    438
107   33   5    147    422
108   35   7    33    351
109   105   7    42    164
110   45   3    196    380
111   23   2    2    164
112   102   7    4    434
113   53   7    170    25
114   13   5    166    148
115   66   7    144    345
116   96   6    106    126
117   84   6    148    29
118   71   5    173    450
119   66   3    124    181
120   21   7    82    350
121   69   3    102    259
122   88   2    111    207
123   47   4    140    256
124   38   7    128    459
125   96   5    157    430
126   47   6    186    189
127   114   5    175    467
128   28   6    168    224
129   41   3    73    272
130   60   4    66    236
131   43   2    90    356
132   23   7    127    142
133   63   7    150    202
134   112   7    170    394
135   127   4    130    147
136   25   3    172    491
137   60   7    10    40
138   46   6    118    253
139   93   2    89    130
140   36   5    160    258
141   99   4    97    283
142   65   5    111    367
143   90   2    18    494
144   81   6    153    39
145   32   6    197    270
146   39   3    121    168
147   144   2    30    312
148   96   7    198    39
149   59   7    58    51
150   95   7    103    279
151   45   4    68    214
152   82   5    111    345
153   58   6    148    180
154   68   5    7    310
155   69   4    80    498
156   88   4    112    468
157   38   7    60    176
158   22   3    37    207
159   80   5    40    217
160   148   5    138    479
