1   0   7    17    48
2   1   4    2    360
3   1   2    124    38
4   1   7    12    13
5   2   5    136    65
6   3   7    156    452
7   2   3    108    477
8   4   5    190    210
9   5   4    24    32
10   3   6    119    132
11   7   6    106    40
12   8   2    198    7
13   10   2    90    77
14   12   6    129    462
15   9   2    71    332
16   2   2    140    118
17   6   7    56    179
18   6   5    48    371
19   16   7    119    53
20   9   5    40    79
21   14   5    125    470
22   14   7    179    112
23   14   6    149    243
24   5   5    97    159
25   22   7    60    245
26   3   7    185    134
27   10   3    193    100
28   12   7    107    362
29   17   2    180    299
30   25   3    147    384
31   4   4    149    318
32   4   2    76    455
33   24   5    100    277
34   21   5    57    19
35   8   3    177    26
36   34   5    35    333
37   10   6    95    160
38   27   7    176    271
39   35   3    51    234
40   12   6    78    98
41   6   2    64    311
42   23   7    177    33
43   40   7    77    56
44   17   6    52    5
45   38   2    80    257
46   29   5    145    46
47   23   4    184    375
48   43   5    8    242
49   13   7    60    163
50   22   5    120    11
51   8   2    92    359
52   16   6    116    197
53   45   6    122    71
54   51   3    127    87
55   43   2    79    35
56   47   4    116    387
57   26   6    90    75
58   11   2    2    200
59   9   4    50    488
60   49   6    172    28
61   51   3    168    196
62   33   5    77    304
63   25   2    8    410
64   32   3    141    5
65   5   5    153    22
66   31   4    92    460
67   24   7    157    242
68   39   4    130    419
69   13   4    97    285
70   37   3    9    78
71   61   5    129    112
72   49   4    68    330
73   26   4    1    291
74   52   6    147    177
75   69   6    18    304
76   52   2    37    330
77   37   2    198    280
78   16   5    60    283
79   45   4    46    36
80   63   7    51    446
81   68   6    151    67
82   33   6    6    136
83   46   3    165    386
84   38   7    74    99
85   31   7    68    356
86   26   4    170    347
87   28   6    148    120
88   40   4    148    34
89   77   7    149    134
90   56   5    65    266
91   27   5    171    391
92   68   2    110    264
93   60   7    87    43
94   83   3    138    212
95   67   7    192    285
96   25   2    156    464
97   93   3    133    108
98   39   3    131    405
99   37   4    111    461
100   21   2    72    149
101   15   5    153    330
102   47   3    162    113
103   67   3    124    3
104   11   2    93    236
105   55   7    49    258
106   90   4    152    269
107   88   7    45    30
108   64   6    177    105
109   79   2    131    176
110   62   7    31    235
111   103   3    196    221
112   58   6    190    47
113   71   4    180    331
114   27   5    4    453
115   64   2    75    141
116   53   4    181    33
117   109   5    110    75
118   70   6    164    427
119   34   4    193    489
120   18   5    1    121
121   119   7    5    22
122   31   2    179    23
123   117   4    121    325
124   77   5    83    136
125   80   3    76    19
126   114   2    67    232
127   73   6    125    193
128   20   5    78    128
129   111   5    61    417
130   64   7    71    46
131   77   6    39    54
132   66   4    21    335
133   50   4    95    386
134   88   7    45    35
135   104   5    58    289
136   35   6    81    463
137   86   5    57    106
138   20   5    55    173
139   100   3    112    422
140   46   4    64    182
141   58   3    37    215
142   127   6    170    76
143   130   5    188    327
144   15   7    64    128
145   29   5    107    493
146   80   5    183    151
147   56   4    29    154
148   83   3    75    391
149   17   3    156    167
150   18   5    23    249
151   51   7    4    96
152   49   5    164    100
153   7   2    199    438
154   129   7    181    425
155   152   2    175    3
156   118   4    186    399
157   46   6    165    413
158   128   5    135    78
159   22   3    181    419
160   72   3    40    119
