1   0   2    3    46
2   1   5    188    421
3   1   5    42    47
4   1   7    158    220
5   2   5    101    266
6   3   3    177    103
7   4   7    84    309
8   3   3    159    278
9   6   6    51    49
10   7   4    33    334
11   5   3    159    412
12   7   2    108    257
13   4   2    195    237
14   3   3    150    51
15   13   7    144    288
16   7   3    7    14
17   8   7    31    62
18   6   6    16    189
19   2   6    84    221
20   12   2    155    157
21   6   7    123    490
22   15   7    38    284
23   8   7    1    488
24   8   6    127    130
25   15   2    8    221
26   4   7    56    190
27   14   6    190    300
28   17   4    70    66
29   21   5    12    232
30   19   6    142    166
31   22   2    118    237
32   27   5    120    307
33   16   6    104    190
34   2   6    43    436
35   16   7    188    100
36   34   7    166    62
37   25   3    51    468
38   28   5    65    160
39   18   6    157    270
40   35   4    155    34
41   26   5    117    50
42   34   3    170    267
43   25   2    138    239
44   16   7    142    418
45   21   2    71    276
46   19   5    177    333
47   42   5    159    54
48   27   7    38    231
49   30   4    31    117
50   22   3    100    106
51   35   4    69    398
52   49   6    150    147
53   36   4    163    473
54   11   2    95    234
55   5   6    59    282
56   20   7    164    117
57   42   5    46    231
58   46   3    161    104
59   18   3    79    3
60   34   5    163    447
61   9   4    152    337
62   38   2    172    112
63   33   6    87    146
64   39   2    21    108
65   28   2    94    45
66   26   3    23    397
67   19   7    125    13
68   18   6    181    420
69   64   5    192    444
70   54   4    13    496
71   15   5    129    24
72   67   7    83    163
73   33   5    20    293
74   5   6    167    475
75   32   4    164    304
76   40   7    109    63
77   67   7    85    233
78   37   3    38    438
79   54   7    11    112
80   35   2    49    499
81   55   4    93    222
82   77   7    67    426
83   41   4    88    438
84   45   6    99    283
85   37   5    91    467
86   77   5    196    190
87   23   7    38    79
88   46   6    151    229
89   67   5    43    348
90   47   3    6    490
91   87   2    131    424
92   46   6    3    223
93   24   6    110    183
94   39   6    5    9
95   84   6    147    347
96   38   6    126    374
97   86   5    23    204
98   48   5    176    265
99   85   3    136    232
100   88   7    63    30
101   65   2    30    223
102   27   7    154    287
103   37   3    124    260
104   41   3    153    444
105   90   2    9    365
106   17   6    150    239
107   47   6    158    154
108   81   7    78    45
109   33   5    17    367
110   70   5    104    102
111   80   5    37    347
112   25   3    57    396
113   98   7    121    179
114   105   5    93    29
115   80   6    11    334
116   92   2    61    339
117   57   4    129    31
118   29   6    189    117
119   53   7    161    30
120   59   4    83    56
121   96   5    59    102
122   23   3    11    103
123   103   6    26    167
124   55   2    117    411
125   97   5    101    358
126   63   5    128    273
127   90   3    103    351
128   59   7    184    186
129   127   6    86    361
130   20   4    31    148
131   47   7    107    112
132   48   4    144    262
133   61   7    166    389
134   79   6    130    324
135   44   7    101    240
136   79   6    170    428
137   44   6    195    468
138   95   2    198    482
139   32   4    190    76
140   126   6    158    370
141   88   2    90    494
142   134   3    61    392
143   135   3    174    113
144   13   5    104    92
145   129   7    123    345
146   28   5    98    285
147   86   5    58    424
148   102   4    190    367
149   51   6    50    40
150   76   3    129    415
151   139   6    68    17
152   130   5    41    342
153   58   6    192    227
154   62   2    43    283
155   71   4    185    452
156   130   7    142    424
157   61   2    44    9
158   82   4    123    258
159   152   4    86    186
160   65   2    156    113
