1   0   7    15    40
2   1   7    101    488
3   1   6    156    102
4   2   3    114    381
5   2   6    11    355
6   1   6    118    201
7   5   4    10    132
8   4   4    125    290
9   3   5    64    254
10   6   4    195    56
11   2   7    147    262
12   1   2    138    130
13   9   4    16    68
14   7   7    18    88
15   11   4    36    128
16   14   7    142    182
17   8   3    61    363
18   16   7    123    251
19   9   2    181    60
20   2   5    85    457
21   19   3    65    481
22   10   2    48    11
23   10   5    37    487
24   15   4    95    345
25   15   6    39    441
26   17   2    151    98
27   14   7    131    89
28   7   4    61    213
29   21   4    182    4
30   17   2    10    440
31   14   5    150    3
32   30   3    31    165
33   15   4    38    425
34   13   6    21    478
35   11   6    151    228
36   21   6    133    50
37   11   4    44    363
38   7   5    191    206
39   34   4    53    340
40   6   5    131    456
41   25   6    93    275
42   13   2    175    32
43   26   4    133    146
44   13   6    37    157
45   31   3    113    97
46   4   3    160    163
47   44   7    78    360
48   26   3    11    321
49   38   4    54    287
50   44   2    84    439
51   43   7    124    406
52   35   2    161    344
53   28   4    167    266
54   46   4    8    408
55   22   7    98    398
56   44   4    140    467
57   54   6    38    406
58   42   3    66    407
59   51   4    95    343
60   9   7    121    425
61   19   6    30    83
62   12   6    96    179
63   9   6    160    454
64   22   7    40    183
65   23   7    83    411
66   39   7    91    211
67   55   2    31    30
68   34   7    155    90
69   48   6    2    193
70   59   6    104    134
71   43   6    190    427
72   22   3    103    11
73   39   6    142    483
74   3   5    178    180
75   6   2    197    424
76   44   4    113    465
77   59   2    24    406
78   67   3    35    320
79   68   5    86    441
80   5   3    7    322
81   22   6    101    354
82   54   7    126    205
83   45   6    121    68
84   77   7    17    48
85   18   5    58    228
86   17   2    77    416
87   42   3    177    479
88   31   4    168    372
89   80   3    157    461
90   81   4    82    353
91   8   7    51    298
92   17   5    87    261
93   30   6    159    304
94   43   5    94    355
95   60   4    117    147
96   19   6    70    297
97   47   3    10    117
98   3   6    82    266
99   78   2    93    17
100   95   5    58    227
101   91   3    133    483
102   70   2    157    460
103   96   5    27    435
104   3   7    55    42
105   66   7    41    403
106   19   3    188    457
107   27   6    114    257
108   95   6    44    436
109   5   5    20    330
110   105   4    102    354
111   79   3    87    383
112   49   2    13    165
113   96   7    85    58
114   107   5    62    349
115   85   3    178    165
116   113   7    62    37
117   68   5    27    318
118   90   5    92    223
119   14   3    107    26
120   30   3    194    234
121   32   2    56    56
122   16   7    125    391
123   91   3    160    257
124   107   4    183    287
125   72   2    115    148
126   27   5    149    53
127   12   3    72    122
128   7   4    74    488
129   61   3    178    148
130   47   2    144    117
131   27   3    16    13
132   12   7    97    480
133   50   3    43    494
134   61   2    116    129
135   89   2    120    104
136   6   5    112    172
137   97   7    198    169
138   10   2    129    449
139   136   3    113    174
140   52   2    124    176
141   59   4    95    245
142   37   2    74    53
143   119   6    116    208
144   135   6    14    115
145   88   3    23    115
146   86   2    120    344
147   102   6    70    86
148   127   4    157    323
149   118   7    75    112
150   139   6    186    150
151   145   7    87    244
152   67   6    40    152
153   99   4    32    45
154   51   2    130    228
155   56   6    21    7
156   131   5    103    168
157   60   7    89    128
158   15   2    134    227
159   100   7    128    237
160   139   7    75    182
