1   0   5    22    13
2   1   7    160    100
3   1   6    19    13
4   1   6    68    293
5   2   6    49    442
6   3   3    46    248
7   3   2    136    267
8   1   4    169    408
9   5   5    63    252
10   3   2    99    381
11   8   7    84    129
12   8   6    99    15
13   2   6    61    122
14   10   2    157    318
15   9   6    5    235
16   11   2    154    416
17   4   2    76    162
18   13   3    165    140
19   3   7    90    40
20   6   2    5    267
21   9   3    63    263
22   8   5    23    118
23   5   5    198    126
24   11   2    93    140
25   21   5    40    357
26   12   2    99    231
27   5   5    70    102
28   10   4    5    245
29   8   5    72    90
30   17   6    179    260
31   5   4    168    14
32   25   5    139    413
33   28   4    118    9
34   9   7    9    139
35   14   2    14    143
36   20   3    101    238
37   34   7    16    262
38   9   3    60    21
39   2   2    3    58
40   25   3    23    112
41   23   7    135    316
42   37   2    41    192
43   40   6    199    45
44   10   2    103    349
45   41   3    195    457
46   4   6    134    127
47   29   5    28    85
48   2   2    88    283
49   41   5    79    334
50   26   7    97    193
51   29   7    56    446
52   35   4    100    63
53   23   6    41    64
54   47   4    147    412
55   15   7    190    28
56   31   4    47    306
57   20   3    127    269
58   49   6    59    385
59   45   3    140    164
60   52   7    2    5
61   55   2    145    283
62   34   7    185    482
63   47   7    199    464
64   50   6    133    178
65   23   6    84    209
66   44   5    157    321
67   48   6    37    356
68   62   5    44    247
69   10   7    185    468
70   44   2    50    480
71   37   3    50    339
72   4   5    74    150
73   67   6    151    36
74   49   7    138    491
75   62   5    141    172
76   47   5    145    217
77   45   7    196    484
78   22   5    167    427
79   73   4    62    167
80   36   4    153    68
81   18   5    119    414
82   60   3    166    423
83   32   4    140    486
84   49   5    77    61
85   52   5    27    405
86   15   5    106    188
87   32   7    83    360
88   75   2    169    93
89   24   6    90    277
90   56   7    83    408
91   20   4    54    426
92   7   3    176    224
93   84   7    102    83
94   51   5    148    362
95   48   2    146    88
96   18   7    146    457
97   85   2    180    121
98   30   2    28    135
99   16   6    164    60
100   58   4    78    216
101   21   7    18    15
102   43   6    177    387
103   40   3    142    280
104   59   4    62    150
105   45   7    90    427
106   72   7    110    378
107   75   3    147    361
108   42   4    174    297
109   50   3    35    110
110   72   7    181    3
111   36   5    137    169
112   83   7    195    11
113   107   7    168    21
114   95   6    16    275
115   41   2    154    292
116   34   7    7    410
117   33   6    52    419
118   97   5    172    317
119   41   3    45    136
120   57   4    104    282
121   79   2    179    413
122   24   2    43    412
123   39   3    2    5
124   93   2    27    457
125   81   4    104    26
126   82   3    153    185
127   15   5    158    206
128   108   3    144    203
129   13   3    32    271
130   107   6    81    408
131   98   4    26    61
132   22   7    127    137
133   90   7    181    227
134   6   7    117    429
135   120   5    154    386
136   100   2    84    232
137   127   3    128    404
138   134   2    192    50
139   16   4    176    5
140   63   5    130    397
141   13   5    142    98
142   81   4    168    249
143   116   6    178    201
144   27   5    178    174
145   29   6    118    23
146   108   2    142    180
147   68   5    150    6
148   121   3    70    9
149   144   4    19    44
150   81   4    130    153
151   14   4    110    253
152   11   7    112    81
153   109   3    73    1
154   22   6    50    203
155   69   3    198    58
156   133   7    37    143
157   65   5    47    416
158   126   3    154    59
159   72   3    20    258
160   90   4    51    178
