1   0   3    3    36
2   1   2    115    365
3   1   6    161    317
4   1   2    34    200
5   3   3    197    252
6   1   2    145    214
7   4   4    125    367
8   5   3    126    96
9   5   5    127    241
10   6   3    100    473
11   2   5    51    303
12   4   2    78    197
13   11   3    111    243
14   8   5    122    249
15   5   4    75    348
16   14   2    11    305
17   14   3    150    435
18   9   2    14    241
19   6   6    54    219
20   17   4    85    477
21   9   3    41    296
22   12   6    71    107
23   5   4    42    219
24   6   3    61    3
25   23   6    64    457
26   11   7    89    316
27   18   6    7    475
28   26   2    195    189
29   21   4    174    113
30   4   5    162    246
31   18   3    43    127
32   24   3    126    121
33   30   4    152    63
34   25   4    96    436
35   22   6    13    361
36   17   3    123    65
37   22   7    126    394
38   18   2    148    340
39   21   2    149    456
40   4   7    150    457
41   19   3    18    336
42   8   2    16    364
43   10   4    145    281
44   34   4    189    372
45   14   3    21    196
46   9   3    28    456
47   11   6    39    347
48   36   7    120    421
49   6   3    52    109
50   21   5    129    227
51   14   3    60    13
52   49   5    134    481
53   39   6    6    54
54   51   4    130    239
55   50   3    177    167
56   11   7    69    15
57   21   6    38    198
58   25   3    156    428
59   50   7    119    407
60   33   4    109    110
61   8   5    77    431
62   34   7    144    411
63   12   3    106    282
64   54   4    73    23
65   24   5    139    211
66   13   5    176    389
67   3   3    146    299
68   65   7    140    40
69   9   4    94    480
70   32   4    75    379
71   55   5    107    354
72   58   5    155    117
73   44   6    16    257
74   32   5    133    72
75   37   2    132    36
76   44   4    33    382
77   46   6    17    72
78   61   7    16    253
79   63   7    194    363
80   63   2    38    263
81   23   7    124    212
82   79   6    23    398
83   73   6    173    85
84   64   3    168    259
85   62   7    47    312
86   66   6    32    185
87   47   4    144    375
88   81   2    161    56
89   17   6    5    489
90   61   3    162    23
91   60   7    101    334
92   88   2    121    3
93   91   7    197    159
94   69   5    193    13
95   16   5    99    274
96   64   6    109    81
97   34   7    166    184
98   15   3    128    300
99   78   3    139    150
100   59   4    186    160
101   68   7    139    66
102   41   3    38    68
103   56   4    101    191
104   23   3    90    80
105   50   2    144    381
106   77   7    161    125
107   47   6    119    487
108   90   3    175    347
109   2   3    98    60
110   49   3    145    210
111   79   4    123    320
112   58   3    175    394
113   29   4    53    169
114   32   5    194    335
115   113   4    70    127
116   82   4    137    480
117   79   3    161    348
118   78   5    82    316
119   73   7    37    194
120   107   7    182    331
121   110   6    2    426
122   78   3    92    235
123   94   6    190    258
124   29   7    9    203
125   80   5    135    160
126   87   6    64    170
127   71   2    166    220
128   119   6    173    86
129   51   6    155    63
130   56   3    78    134
131   28   4    167    327
132   43   6    69    410
133   125   3    174    326
134   86   5    86    209
135   34   6    125    354
136   46   6    68    291
137   128   4    79    109
138   92   3    185    151
139   29   2    127    434
140   119   3    12    416
141   110   2    59    253
142   68   4    125    304
143   139   6    149    262
144   139   7    4    290
145   8   6    167    350
146   94   4    104    56
147   42   4    160    492
148   128   3    15    135
149   42   2    152    196
150   22   2    80    476
151   107   6    15    335
152   50   3    13    140
153   32   3    199    79
154   3   4    17    42
155   65   3    191    460
156   100   6    65    346
157   112   3    27    320
158   19   5    143    484
159   130   4    111    397
160   137   6    43    49
