1   0   3    26    16
2   1   5    169    273
3   1   3    76    424
4   2   5    57    384
5   1   3    177    254
6   2   4    26    452
7   4   3    124    93
8   6   3    197    235
9   2   7    121    190
10   3   6    20    174
11   6   5    85    351
12   3   6    62    348
13   7   2    107    144
14   8   5    70    288
15   6   5    82    175
16   4   2    31    115
17   13   3    138    464
18   12   6    75    100
19   11   6    67    325
20   5   7    64    130
21   7   3    188    133
22   20   7    189    76
23   4   2    109    81
24   12   2    182    496
25   7   6    1    286
26   5   5    173    134
27   22   7    11    385
28   24   7    52    320
29   17   5    88    195
30   5   5    182    456
31   16   4    123    229
32   3   3    191    374
33   12   7    96    38
34   28   6    72    260
35   28   4    78    156
36   26   4    105    440
37   10   4    128    83
38   32   7    159    359
39   30   7    98    415
40   13   5    31    127
41   28   5    181    3
42   17   4    162    82
43   40   4    55    305
44   40   5    86    103
45   43   5    166    209
46   35   4    4    434
47   40   5    20    448
48   45   4    17    98
49   31   7    115    315
50   8   4    61    83
51   20   7    29    404
52   42   7    29    49
53   46   6    174    122
54   24   4    158    466
55   48   6    88    280
56   32   4    9    111
57   53   3    38    307
58   32   7    59    395
59   52   7    105    494
60   33   3    22    36
61   42   5    99    323
62   34   3    74    407
63   41   3    88    318
64   58   4    106    376
65   8   7    150    276
66   36   2    147    397
67   53   6    160    196
68   64   3    39    447
69   9   4    42    70
70   51   5    1    442
71   45   7    154    362
72   17   7    41    309
73   57   5    138    415
74   10   4    34    399
75   26   5    156    234
76   15   4    186    499
77   27   4    151    348
78   54   5    83    21
79   46   3    114    396
80   23   4    71    313
81   47   7    53    486
82   53   6    127    385
83   79   2    176    458
84   45   6    10    166
85   64   4    172    314
86   18   3    138    150
87   73   7    162    261
88   57   3    9    480
89   18   6    187    6
90   57   4    124    362
91   68   2    43    256
92   41   4    64    232
93   60   5    62    290
94   91   5    66    160
95   51   3    184    468
96   92   2    47    350
97   44   6    14    475
98   75   5    113    156
99   25   7    37    441
100   24   7    2    274
101   79   3    57    4
102   59   3    194    438
103   50   2    50    78
104   58   4    167    397
105   67   3    28    199
106   33   3    196    309
107   82   4    21    371
108   76   4    171    263
109   91   4    186    497
110   34   3    54    138
111   107   5    8    311
112   36   6    176    153
113   55   6    11    241
114   94   6    3    222
115   37   4    114    342
116   47   6    44    321
117   35   5    181    125
118   38   6    10    25
119   62   5    77    196
120   67   3    114    153
121   85   6    58    86
122   73   2    26    38
123   108   7    190    371
124   27   5    38    157
125   95   4    69    425
126   91   5    31    265
127   93   2    87    273
128   48   7    126    486
129   105   3    121    141
130   101   4    193    463
131   19   4    167    153
132   106   4    43    138
133   130   4    93    473
134   13   5    16    105
135   77   5    28    157
136   117   3    91    329
137   39   6    74    168
138   126   7    163    27
139   93   2    17    84
140   69   3    58    292
141   63   4    118    460
142   124   2    171    243
143   131   7    60    420
144   106   6    136    391
145   65   5    113    336
146   9   3    27    333
147   68   7    54    109
148   101   7    128    339
149   95   5    179    365
150   131   2    13    160
151   130   7    69    107
152   146   4    154    471
153   93   3    115    273
154   123   6    73    169
155   85   6    73    358
156   142   4    123    458
157   9   2    190    149
158   96   6    178    105
159   85   7    135    10
160   119   3    173    460
