1   0   5    11    10
2   1   2    22    229
3   1   3    48    391
4   1   2    184    361
5   3   2    159    379
6   2   7    179    83
7   2   2    107    261
8   3   6    191    243
9   6   2    82    143
10   6   4    3    281
11   8   7    178    347
12   8   6    21    320
13   9   5    20    213
14   9   7    162    436
15   12   6    91    96
16   7   2    54    254
17   13   2    40    347
18   5   4    26    442
19   6   5    20    63
20   7   6    14    456
21   10   2    24    388
22   9   7    160    189
23   19   3    135    88
24   15   6    147    466
25   7   6    89    298
26   2   6    125    200
27   21   5    146    118
28   20   6    54    97
29   14   7    134    26
30   28   5    131    398
31   12   7    14    165
32   26   4    110    260
33   15   6    189    494
34   3   3    166    250
35   28   3    105    442
36   11   2    164    120
37   10   6    108    396
38   32   3    137    338
39   22   2    91    310
40   36   2    64    471
41   23   3    130    328
42   13   6    24    97
43   25   3    23    327
44   39   5    70    324
45   36   3    39    188
46   28   3    106    210
47   44   6    177    288
48   20   6    136    79
49   35   7    152    157
50   16   7    135    258
51   35   4    151    489
52   38   2    198    260
53   20   7    36    436
54   5   2    16    299
55   35   4    114    404
56   33   4    1    401
57   10   4    93    361
58   55   3    159    213
59   14   7    151    149
60   39   4    119    261
61   55   5    93    301
62   52   7    35    127
63   31   7    67    467
64   59   7    59    62
65   54   3    62    471
66   16   5    109    139
67   48   3    125    447
68   40   4    153    459
69   16   4    148    94
70   5   2    72    431
71   40   3    29    170
72   41   6    13    25
73   31   3    150    411
74   69   2    73    491
75   60   4    181    362
76   71   2    9    215
77   74   5    135    175
78   13   7    39    258
79   65   3    32    474
80   18   4    109    119
81   60   5    4    260
82   22   4    19    263
83   67   6    114    137
84   78   5    108    428
85   15   6    88    15
86   8   7    134    305
87   11   6    95    209
88   58   5    63    21
89   84   3    128    284
90   32   4    76    104
91   26   7    184    204
92   44   3    85    228
93   90   3    120    380
94   66   7    177    164
95   37   4    12    241
96   71   5    39    31
97   31   5    174    407
98   75   6    117    445
99   75   3    91    391
100   18   7    187    367
101   63   7    29    285
102   94   7    36    360
103   98   2    165    399
104   47   4    26    98
105   73   2    186    256
106   26   4    115    56
107   32   3    8    326
108   65   7    15    245
109   62   5    146    21
110   21   4    143    283
111   70   5    196    291
112   100   3    134    415
113   22   4    60    298
114   79   4    168    260
115   64   7    49    398
116   36   4    114    52
117   49   7    180    219
118   56   5    142    389
119   111   6    56    115
120   60   4    180    44
121   74   6    131    115
122   23   4    48    24
123   37   6    45    67
124   47   7    142    473
125   78   5    60    167
126   4   5    198    208
127   54   4    192    377
128   27   4    104    18
129   34   7    76    340
130   73   3    96    174
131   81   2    76    237
132   113   6    168    246
133   76   5    80    139
134   90   2    24    401
135   54   4    192    465
136   132   5    154    254
137   104   4    163    408
138   34   7    109    496
139   30   2    67    12
140   92   3    117    49
141   19   5    19    89
142   21   4    49    425
143   17   4    159    152
144   104   6    53    417
145   96   4    31    29
146   40   4    199    217
147   89   4    67    316
148   96   6    194    439
149   44   3    153    48
150   17   4    58    357
151   133   2    188    163
152   112   6    150    181
153   62   4    154    200
154   135   7    100    280
155   117   3    114    352
156   146   6    156    4
157   56   6    67    52
158   113   7    132    167
159   154   6    90    242
160   52   5    118    20
