1   0   4    9    29
2   1   7    32    381
3   1   7    84    80
4   2   7    139    491
5   2   2    94    16
6   3   6    112    248
7   4   7    192    300
8   2   6    103    298
9   4   4    93    58
10   1   2    198    114
11   7   5    150    376
12   8   2    50    318
13   9   4    66    134
14   2   3    16    76
15   10   4    164    395
16   8   5    83    451
17   9   7    193    110
18   1   4    82    468
19   16   3    173    294
20   16   2    197    55
21   17   2    24    58
22   8   7    149    468
23   21   2    52    233
24   14   4    22    259
25   7   2    34    46
26   3   7    169    182
27   23   4    142    445
28   15   7    131    346
29   14   5    57    48
30   20   7    156    222
31   6   5    198    464
32   27   2    58    288
33   31   5    57    325
34   9   5    100    468
35   22   7    198    356
36   27   3    134    307
37   34   4    39    353
38   18   2    76    478
39   26   6    63    233
40   25   2    79    260
41   5   6    146    249
42   32   5    44    302
43   11   4    120    58
44   15   7    131    8
45   17   3    112    371
46   27   7    148    239
47   5   3    146    287
48   42   4    181    47
49   31   3    118    440
50   4   4    15    40
51   20   3    142    156
52   14   7    51    43
53   48   5    114    70
54   27   2    142    387
55   46   2    113    475
56   48   2    182    428
57   28   4    147    417
58   44   3    31    59
59   6   4    68    246
60   52   6    119    291
61   6   2    4    257
62   13   5    60    134
63   51   3    71    426
64   29   3    62    230
65   3   5    175    26
66   28   3    180    315
67   19   3    1    258
68   54   7    63    230
69   22   3    166    14
70   41   2    163    235
71   47   7    73    20
72   4   5    135    424
73   67   5    159    42
74   71   2    34    247
75   37   3    48    445
76   18   5    52    178
77   65   3    126    80
78   32   7    123    78
79   25   3    55    349
80   53   3    91    278
81   73   4    124    344
82   26   2    177    206
83   66   2    79    455
84   72   5    114    101
85   67   4    182    411
86   31   4    66    243
87   52   6    66    267
88   35   6    5    268
89   86   6    39    158
90   14   3    114    297
91   43   6    166    244
92   68   7    123    115
93   76   5    98    429
94   52   5    14    229
95   60   4    80    245
96   23   4    95    7
97   92   5    160    333
98   87   5    14    323
99   6   2    116    445
100   69   6    81    185
101   18   2    27    238
102   12   3    13    287
103   19   2    190    272
104   43   3    71    302
105   29   2    65    436
106   52   2    173    465
107   55   4    130    21
108   75   2    101    410
109   32   3    134    158
110   7   6    60    479
111   83   2    122    254
112   77   3    102    295
113   81   3    170    175
114   62   2    136    240
115   25   3    113    389
116   56   4    114    244
117   28   2    9    277
118   21   6    103    134
119   77   3    129    286
120   47   6    89    452
121   110   5    19    412
122   96   7    166    150
123   64   4    169    385
124   25   6    73    416
125   60   5    167    52
126   118   2    18    155
127   63   2    162    494
128   72   2    18    219
129   116   5    58    257
130   34   5    177    351
131   30   2    31    277
132   49   6    23    139
133   86   3    67    497
134   110   6    175    329
135   40   6    174    75
136   38   2    158    420
137   75   4    132    207
138   22   7    144    422
139   66   7    122    37
140   10   2    124    48
141   111   6    53    395
142   125   6    90    40
143   23   3    101    467
144   50   4    84    217
145   123   2    36    2
146   126   6    162    27
147   41   6    69    303
148   87   2    68    436
149   78   5    119    479
150   59   5    55    353
151   115   6    98    202
152   143   2    151    212
153   106   3    130    303
154   149   7    12    78
155   131   2    24    297
156   51   6    122    124
157   30   7    50    58
158   99   2    100    130
159   71   3    73    139
160   42   6    10    315
