1   0   2    5    15
2   1   6    119    243
3   1   5    54    38
4   2   7    169    276
5   1   2    57    390
6   3   4    152    95
7   4   3    56    421
8   4   4    89    329
9   5   4    97    307
10   8   4    88    142
11   3   3    1    448
12   4   3    11    430
13   9   4    16    209
14   11   7    179    95
15   12   4    183    234
16   8   2    30    363
17   5   3    152    387
18   5   5    169    100
19   7   5    176    382
20   18   6    173    196
21   17   5    92    477
22   11   6    175    232
23   13   5    34    362
24   2   4    79    270
25   8   6    142    320
26   14   7    129    15
27   11   2    1    329
28   18   5    107    151
29   10   5    142    74
30   21   2    38    106
31   17   4    11    83
32   12   3    150    441
33   15   6    192    414
34   15   4    41    205
35   26   3    25    422
36   21   4    69    123
37   19   7    3    256
38   9   4    27    218
39   7   6    53    433
40   36   6    176    372
41   33   6    31    427
42   37   7    133    7
43   2   5    58    395
44   15   2    109    220
45   31   6    123    276
46   43   2    8    13
47   41   5    83    81
48   28   4    118    338
49   20   6    129    207
50   32   7    64    348
51   26   7    133    371
52   10   6    45    413
53   43   4    189    400
54   30   7    107    42
55   31   7    140    28
56   39   7    8    104
57   54   5    2    390
58   28   4    156    74
59   9   4    163    444
60   34   6    75    402
61   12   7    25    133
62   31   2    79    35
63   47   4    28    154
64   27   3    165    130
65   46   3    18    408
66   52   3    33    151
67   35   6    42    464
68   47   6    193    266
69   34   5    80    161
70   33   2    163    437
71   28   6    97    255
72   43   4    101    51
73   6   5    126    72
74   57   4    44    242
75   21   7    15    343
76   19   5    11    21
77   75   3    51    216
78   25   6    42    329
79   47   5    155    37
80   25   3    33    116
81   71   7    112    225
82   76   7    87    361
83   48   6    106    326
84   37   3    80    69
85   51   7    32    400
86   24   3    145    463
87   67   3    188    386
88   57   2    41    138
89   22   4    193    175
90   53   6    166    392
91   86   7    74    249
92   59   2    84    287
93   83   4    145    303
94   41   3    192    369
95   56   2    85    137
96   39   3    16    77
97   91   2    85    432
98   33   6    100    31
99   62   6    167    454
100   40   4    47    323
101   91   5    3    50
102   24   5    59    187
103   76   6    72    398
104   55   5    41    303
105   89   6    17    193
106   84   7    193    272
107   25   5    73    282
108   19   7    179    454
109   24   2    146    476
110   81   6    90    177
111   77   5    49    4
112   103   2    74    374
113   78   4    131    131
114   44   2    40    410
115   37   7    47    182
116   71   6    191    72
117   71   6    145    187
118   51   7    124    411
119   89   2    75    23
120   64   5    7    389
121   23   7    84    424
122   18   3    185    321
123   56   6    58    40
124   108   3    120    176
125   64   4    137    181
126   49   6    147    52
127   95   7    154    27
128   51   4    23    127
129   83   4    136    488
130   56   4    124    196
131   87   5    184    245
132   110   7    113    61
133   58   5    169    397
134   62   6    28    375
135   64   5    51    192
136   88   5    146    215
137   93   3    3    338
138   78   4    50    449
139   86   6    40    147
140   81   4    190    271
141   113   7    152    10
142   75   5    145    150
143   103   5    182    103
144   66   2    82    251
145   44   5    148    376
146   80   3    172    143
147   85   7    48    15
148   77   5    177    338
149   115   4    40    190
150   112   6    139    240
151   55   7    170    344
152   77   3    177    313
153   88   6    57    286
154   26   2    144    198
155   36   3    135    285
156   145   6    7    184
157   148   7    11    295
158   116   5    199    340
159   35   2    44    434
160   82   3    37    185
