1   0   2    3    12
2   1   7    12    290
3   1   3    15    304
4   2   5    27    73
5   3   4    147    95
6   4   7    109    188
7   3   5    105    142
8   6   7    19    117
9   6   3    181    149
10   2   6    105    38
11   7   4    20    297
12   6   3    10    376
13   1   2    30    61
14   12   5    10    8
15   7   7    92    112
16   12   6    149    360
17   14   5    98    371
18   5   4    151    65
19   4   7    5    348
20   12   4    182    76
21   5   5    32    215
22   20   4    184    315
23   5   7    50    438
24   10   2    127    134
25   3   4    59    8
26   13   7    117    138
27   20   7    137    83
28   17   2    168    189
29   17   3    135    320
30   27   2    63    66
31   4   3    184    112
32   18   6    170    245
33   30   7    171    413
34   15   3    152    172
35   20   3    140    143
36   19   6    71    206
37   28   6    107    166
38   35   2    165    33
39   37   3    35    233
40   38   5    172    171
41   25   4    88    177
42   34   7    77    210
43   23   4    34    153
44   41   4    164    30
45   2   2    12    137
46   26   6    189    129
47   9   3    80    121
48   9   2    192    236
49   16   6    190    253
50   45   7    195    379
51   14   2    182    312
52   21   5    82    483
53   36   3    154    307
54   51   5    197    348
55   34   6    42    456
56   33   7    46    192
57   27   2    45    357
58   14   2    79    126
59   54   3    27    92
60   46   3    107    104
61   40   4    66    3
62   60   5    199    184
63   16   6    188    199
64   25   7    86    87
65   17   2    183    2
66   7   6    54    29
67   65   3    187    448
68   35   5    141    309
69   50   5    49    193
70   61   3    91    144
71   30   6    16    364
72   63   7    138    265
73   70   2    100    12
74   32   4    112    167
75   8   7    70    224
76   43   6    112    347
77   63   7    4    172
78   64   2    19    43
79   9   3    46    456
80   56   2    197    120
81   36   3    175    89
82   43   6    71    1
83   27   7    129    105
84   26   3    182    361
85   15   7    109    81
86   22   3    137    340
87   43   4    27    423
88   24   7    33    151
89   73   6    121    404
90   39   2    178    327
91   60   2    131    192
92   68   5    71    277
93   26   2    127    390
94   63   5    173    221
95   92   5    70    474
96   35   6    154    71
97   8   4    57    464
98   33   2    178    454
99   67   5    125    224
100   82   2    197    277
101   79   4    128    184
102   85   5    113    48
103   37   4    152    72
104   77   7    144    271
105   73   6    165    84
106   85   3    92    455
107   65   3    175    83
108   44   2    18    150
109   24   2    59    239
110   105   2    23    266
111   74   2    84    323
112   87   3    68    357
113   84   6    167    391
114   23   7    133    153
115   110   5    105    111
116   64   3    43    412
117   40   3    49    343
118   93   7    116    352
119   56   4    38    77
120   59   2    92    97
121   77   6    59    9
122   57   2    124    476
123   74   4    33    265
124   117   7    149    406
125   78   7    182    243
126   86   4    7    10
127   93   4    44    344
128   125   3    21    406
129   40   3    191    170
130   114   4    173    191
131   85   4    53    288
132   49   6    56    236
133   25   7    6    63
134   44   7    64    144
135   15   6    128    456
136   44   7    9    150
137   23   4    53    129
138   28   4    159    208
139   19   7    148    264
140   129   7    169    12
141   86   7    155    78
142   139   3    80    265
143   61   5    192    75
144   16   4    70    383
145   125   4    186    215
146   90   2    93    422
147   102   4    8    128
148   69   5    90    204
149   52   6    116    322
150   133   7    68    353
151   70   7    41    438
152   61   3    180    25
153   91   7    70    295
154   142   3    122    466
155   130   5    92    323
156   137   7    157    114
157   135   3    41    182
158   65   2    58    3
159   98   4    63    491
160   49   4    135    413
