1   0   5    22    22
2   1   6    67    430
3   1   2    109    336
4   1   2    111    382
5   2   7    136    340
6   4   6    72    481
7   2   5    109    478
8   4   7    3    314
9   7   6    121    400
10   5   2    10    44
11   8   5    143    129
12   1   2    164    215
13   9   3    88    47
14   6   7    174    442
15   5   4    150    102
16   10   4    25    230
17   2   5    109    253
18   12   6    65    29
19   4   3    165    30
20   6   6    76    479
21   16   2    126    241
22   6   2    109    117
23   21   3    180    45
24   5   7    134    411
25   10   5    59    19
26   18   3    163    4
27   16   7    73    405
28   7   7    14    386
29   19   6    13    260
30   19   4    72    311
31   11   4    94    150
32   19   6    40    455
33   8   2    127    339
34   24   6    116    261
35   13   5    183    263
36   29   7    3    295
37   33   5    12    468
38   13   5    69    233
39   9   6    101    441
40   27   7    18    90
41   24   3    35    297
42   21   4    181    30
43   9   6    128    250
44   38   3    61    413
45   30   6    68    89
46   26   2    6    296
47   5   5    19    431
48   4   3    168    140
49   45   3    49    174
50   33   5    36    303
51   41   5    184    318
52   19   6    48    296
53   21   5    60    495
54   29   2    133    492
55   36   5    171    294
56   45   3    62    256
57   26   2    131    118
58   2   5    66    498
59   46   3    178    306
60   48   4    147    306
61   37   5    96    420
62   56   4    161    123
63   39   6    172    131
64   6   7    7    348
65   9   6    69    318
66   34   6    147    74
67   51   7    190    43
68   33   7    172    393
69   20   2    53    269
70   11   4    98    301
71   17   7    33    283
72   60   7    118    263
73   53   3    60    135
74   48   5    24    288
75   68   5    18    206
76   71   7    143    478
77   72   7    151    288
78   14   6    197    85
79   21   6    35    492
80   11   2    130    248
81   41   2    142    342
82   30   4    59    11
83   10   6    84    429
84   48   6    102    305
85   53   7    126    385
86   20   6    68    373
87   54   7    143    57
88   58   7    174    358
89   31   2    68    376
90   29   4    26    400
91   55   7    60    39
92   59   3    15    267
93   90   4    162    257
94   81   3    115    477
95   24   4    109    355
96   62   3    13    412
97   59   4    85    18
98   53   5    107    248
99   61   6    170    209
100   32   4    118    183
101   91   3    74    39
102   48   2    148    417
103   54   2    186    288
104   69   6    108    229
105   89   4    56    179
106   102   5    175    476
107   30   3    8    264
108   34   2    37    478
109   63   5    154    186
110   103   7    122    216
111   93   6    16    399
112   68   4    22    453
113   43   4    6    343
114   88   5    190    172
115   15   7    135    77
116   64   3    85    47
117   61   4    35    295
118   93   4    12    474
119   92   6    126    171
120   27   4    44    41
121   113   2    3    258
122   64   2    118    52
123   117   5    5    75
124   8   7    174    484
125   92   4    158    455
126   33   4    76    346
127   96   4    110    8
128   68   3    21    346
129   115   4    113    323
130   87   6    163    289
131   39   3    40    114
132   69   5    139    20
133   67   4    96    227
134   103   5    7    119
135   53   2    25    471
136   94   6    49    242
137   17   6    115    66
138   60   2    196    469
139   112   5    16    13
140   104   6    155    196
141   13   4    152    139
142   105   3    51    447
143   107   2    54    139
144   113   2    69    397
145   96   2    78    47
146   13   4    58    222
147   128   2    153    254
148   73   6    134    264
149   139   4    134    236
150   20   6    99    394
151   59   5    59    485
152   93   5    175    445
153   78   7    64    444
154   126   6    90    340
155   23   6    152    399
156   119   7    177    379
157   14   4    171    317
158   74   2    146    156
159   41   2    36    15
160   18   2    15    180
