1   0   3    8    7
2   1   3    98    60
3   1   2    192    131
4   2   4    109    496
5   2   5    88    62
6   4   6    53    426
7   1   7    180    475
8   3   2    28    350
9   7   3    143    374
10   7   3    90    206
11   3   3    92    483
12   2   7    30    75
13   8   7    17    334
14   8   2    31    239
15   13   2    140    464
16   13   5    145    151
17   6   5    109    167
18   5   5    197    216
19   11   4    25    308
20   12   6    187    399
21   3   2    117    313
22   13   7    170    338
23   7   3    99    494
24   2   2    47    488
25   7   2    39    210
26   4   4    34    274
27   5   2    169    21
28   11   3    88    309
29   11   5    26    286
30   14   6    31    234
31   1   3    139    290
32   20   6    15    27
33   31   6    23    496
34   15   7    140    363
35   12   2    21    362
36   8   3    154    66
37   34   4    172    23
38   23   2    70    407
39   23   5    1    44
40   10   2    9    76
41   14   7    198    150
42   27   3    134    145
43   21   6    8    83
44   34   4    21    259
45   35   4    129    309
46   4   7    51    474
47   34   5    178    249
48   12   7    65    131
49   17   6    113    30
50   28   5    63    485
51   29   7    89    363
52   41   3    135    266
53   17   4    39    430
54   41   4    125    197
55   48   6    59    98
56   28   7    155    257
57   52   2    67    389
58   22   3    162    119
59   16   2    152    195
60   24   2    154    118
61   33   6    55    371
62   55   7    117    283
63   42   3    14    229
64   11   2    96    24
65   31   6    37    65
66   23   5    176    339
67   52   5    148    482
68   45   3    45    180
69   31   6    72    113
70   16   3    35    381
71   68   2    65    499
72   33   5    80    138
73   65   4    197    329
74   40   3    22    66
75   4   6    106    127
76   73   2    101    213
77   29   3    58    425
78   33   4    139    214
79   35   3    182    168
80   29   4    146    476
81   75   4    124    354
82   17   5    160    456
83   30   4    176    243
84   38   7    86    277
85   71   2    189    245
86   57   2    177    448
87   12   4    123    188
88   73   5    82    280
89   43   7    148    455
90   41   4    103    187
91   74   7    199    73
92   81   5    137    362
93   84   4    20    200
94   87   7    76    147
95   18   5    110    13
96   87   2    62    55
97   20   7    3    128
98   16   2    1    250
99   8   7    46    294
100   17   5    73    136
101   67   5    170    388
102   48   5    63    125
103   98   6    95    171
104   64   3    138    131
105   100   2    70    293
106   21   6    80    96
107   85   6    12    35
108   36   6    73    437
109   15   3    98    33
110   47   3    180    434
111   54   6    115    456
112   105   4    139    475
113   64   2    186    298
114   83   5    166    248
115   25   6    88    101
116   105   5    152    356
117   49   2    157    77
118   100   7    189    62
119   79   5    15    335
120   49   5    144    77
121   77   2    147    445
122   69   4    118    382
123   38   6    69    299
124   50   3    59    154
125   58   4    45    355
126   94   6    133    372
127   33   5    34    424
128   20   4    177    89
129   60   6    34    497
130   37   2    31    393
131   114   2    115    232
132   78   2    138    123
133   45   4    165    200
134   49   5    60    31
135   110   7    47    218
136   92   2    169    272
137   29   2    21    40
138   9   5    137    301
139   93   2    193    462
140   41   3    26    429
141   30   4    166    34
142   120   6    104    335
143   118   5    81    426
144   50   5    85    21
145   85   3    45    392
146   34   4    26    98
147   135   4    170    102
148   106   6    20    468
149   89   6    66    391
150   53   7    175    354
151   38   6    79    279
152   14   5    142    279
153   23   7    134    225
154   104   5    6    298
155   126   5    122    400
156   18   7    28    124
157   25   6    71    102
158   154   6    111    130
159   118   5    112    169
160   136   4    81    65
161   45   7    159    301
162   27   2    158    484
163   38   3    108    324
164   71   4    91    261
165   87   6    146    480
166   28   3    174    63
167   15   7    21    15
168   59   6    170    75
169   148   6    90    179
170   13   4    19    393
171   84   4    110    173
172   151   6    190    168
173   78   4    55    141
174   6   6    55    90
175   129   6    173    405
176   163   6    94    254
177   103   2    139    454
178   95   7    82    259
179   169   3    110    8
180   108   5    165    64
181   10   4    142    432
182   36   4    112    159
183   179   2    105    458
184   53   7    33    484
185   129   6    106    241
186   99   2    130    233
187   145   5    31    435
188   91   2    96    21
189   64   3    170    164
190   180   2    191    209
191   72   3    158    301
192   31   4    194    471
193   10   7    197    52
194   188   5    161    167
195   153   2    137    177
196   14   3    144    303
197   191   4    40    480
198   85   7    37    172
199   153   3    63    99
200   182   7    194    438
201   128   3    18    451
202   65   5    120    143
203   89   6    91    490
204   18   6    136    455
205   32   2    79    337
206   124   7    60    397
207   60   5    181    209
208   202   2    155    18
209   24   6    140    248
210   146   3    104    189
211   113   3    35    175
212   91   7    113    98
213   195   6    2    325
214   39   2    118    497
215   115   3    161    199
216   190   4    199    79
217   156   2    152    476
218   90   6    40    435
219   81   7    5    136
220   153   3    156    259
221   103   2    52    124
222   181   6    5    402
223   182   3    125    62
224   203   4    49    445
225   149   6    46    276
226   51   7    151    218
227   70   4    188    495
228   108   4    32    69
229   110   4    70    357
230   221   6    77    432
231   56   2    105    220
232   85   6    173    495
233   67   2    116    278
234   202   6    154    269
235   49   2    82    142
236   189   7    158    408
237   101   3    195    498
238   18   4    55    352
239   78   6    109    167
240   55   6    198    378
241   150   2    83    85
242   16   6    165    384
243   213   2    7    491
244   65   4    151    417
245   127   5    10    459
246   224   4    199    142
247   152   3    188    14
248   246   3    121    168
249   221   3    181    206
250   201   5    22    123
251   25   2    53    460
252   235   6    190    69
253   178   2    23    245
254   244   5    20    99
255   73   7    176    58
256   78   2    36    490
257   122   2    60    316
258   222   7    117    62
259   254   4    45    327
260   247   3    21    39
261   28   3    137    228
262   190   6    58    395
263   181   2    191    460
264   151   3    46    163
265   113   4    28    50
266   260   4    154    81
267   10   7    18    363
268   251   6    143    494
269   202   3    180    81
270   36   2    21    317
271   140   3    96    90
272   47   4    72    277
273   123   5    58    314
274   250   7    75    479
275   253   6    133    27
276   161   4    145    473
277   221   6    176    209
278   148   4    138    288
279   193   7    69    417
280   179   7    39    99
281   93   5    115    240
282   158   4    195    348
283   211   2    164    142
284   131   7    97    159
285   64   2    101    97
286   186   4    153    264
287   194   4    41    268
288   74   2    89    10
289   108   7    22    4
290   110   2    75    445
291   169   5    23    240
292   220   7    144    296
293   213   5    139    497
294   110   3    75    235
295   82   3    197    71
296   81   4    120    430
297   52   5    100    436
298   180   5    60    270
299   277   4    133    14
300   130   3    171    97
301   24   7    154    153
302   205   6    111    108
303   244   7    82    92
304   220   6    4    97
305   104   7    150    302
306   143   2    24    111
307   266   5    147    461
308   195   7    30    329
309   109   4    35    221
310   155   4    38    419
311   137   4    27    441
312   294   6    119    236
313   134   2    111    276
314   295   5    113    196
315   128   2    35    400
316   52   2    167    78
317   234   5    30    94
318   302   6    124    222
319   180   6    191    442
320   291   6    44    157
321   218   5    10    53
322   284   5    31    155
323   193   2    40    429
324   209   5    164    79
325   70   5    154    99
326   212   6    121    422
327   202   3    164    182
328   150   3    156    140
329   115   2    172    470
330   130   6    124    138
331   151   7    199    1
332   39   7    198    149
333   296   7    10    369
334   230   5    6    315
335   302   4    25    223
336   328   5    98    312
337   98   3    7    281
338   254   2    100    367
339   217   6    46    21
340   63   2    77    223
341   62   3    115    416
342   89   5    9    248
343   106   6    134    367
344   50   6    135    92
345   99   5    129    15
346   232   3    88    169
347   57   6    137    462
348   163   6    39    333
349   334   4    13    242
350   252   7    79    30
351   50   2    135    205
352   197   6    17    181
353   76   3    128    131
354   233   3    29    410
355   71   2    161    181
356   194   3    190    85
357   269   2    135    390
358   327   6    160    70
359   263   2    13    30
360   244   5    51    484
361   35   3    193    298
362   97   4    9    175
363   313   4    44    117
364   340   7    68    71
365   124   2    166    177
366   130   6    36    402
367   150   2    186    70
368   328   7    102    466
369   75   6    131    411
370   210   3    42    285
371   352   6    72    149
372   173   6    49    26
373   237   2    42    288
374   322   7    32    139
375   25   5    165    172
376   293   6    167    248
377   306   2    109    35
378   100   4    32    450
379   262   7    85    350
380   341   5    56    287
381   45   4    199    295
382   270   2    158    29
383   154   4    112    349
384   89   2    97    295
385   106   5    83    41
386   168   5    99    202
387   47   7    167    18
388   248   3    76    94
389   228   4    60    147
390   372   6    114    26
391   71   4    108    127
392   54   3    191    494
393   113   6    93    314
394   118   2    64    429
395   148   7    105    282
396   329   5    36    217
397   182   4    177    251
398   368   6    98    475
399   108   4    116    167
400   349   7    193    161
401   68   3    113    438
402   67   4    133    376
403   137   4    147    355
404   95   6    178    15
405   397   7    131    84
406   115   2    133    491
407   317   3    99    469
408   390   2    181    332
409   97   3    44    34
410   44   7    86    230
411   389   6    160    86
412   300   2    136    260
413   159   3    61    318
414   318   3    150    376
415   350   5    157    317
416   26   7    133    135
417   282   7    95    461
418   248   6    40    173
419   287   7    107    460
420   367   2    110    482
421   142   4    164    304
422   70   5    161    454
423   26   5    88    198
424   63   4    91    478
425   217   7    178    157
426   192   6    99    148
427   15   2    81    141
428   400   7    52    81
429   335   7    176    296
430   187   7    108    145
431   365   3    115    87
432   298   2    23    143
433   155   2    118    415
434   40   5    193    238
435   156   3    8    119
436   371   4    141    396
437   192   2    92    111
438   136   4    191    144
439   60   6    44    396
440   420   5    115    430
441   87   4    168    439
442   227   6    84    370
443   397   4    107    331
444   145   3    111    237
445   378   3    157    369
446   142   6    92    23
447   293   6    60    185
448   166   2    191    418
449   257   7    65    385
450   431   6    21    10
451   386   2    191    471
452   60   7    153    248
453   434   5    189    134
454   407   4    64    369
455   44   2    3    482
456   229   7    198    404
457   376   5    198    252
458   96   4    67    278
459   166   3    40    452
460   233   3    22    460
461   127   4    64    269
462   304   3    193    130
463   327   6    95    286
464   154   5    58    50
465   335   4    96    109
466   195   7    60    216
467   155   4    178    478
468   241   6    189    104
469   129   3    5    89
470   223   4    63    135
471   417   4    188    198
472   232   6    119    413
473   119   6    113    56
474   92   4    74    25
475   22   2    54    272
476   293   7    178    453
477   143   3    3    115
478   271   6    188    179
479   301   3    182    167
480   139   6    10    473
481   416   4    57    31
482   167   5    27    192
483   151   3    185    274
484   367   6    193    282
485   112   3    67    217
486   355   2    175    80
487   86   2    171    348
488   378   2    168    395
489   334   5    107    41
490   361   7    134    348
491   297   6    43    209
492   308   6    148    436
493   214   7    153    265
494   402   5    70    297
495   394   3    11    492
496   214   3    168    359
497   30   7    76    23
498   200   4    141    34
499   185   7    103    38
500   166   3    177    411
501   182   3    30    460
502   100   3    2    104
503   431   4    100    367
504   79   7    36    146
505   410   5    149    332
506   187   7    134    172
507   432   4    194    376
508   32   5    42    246
509   173   2    139    67
510   371   5    101    227
511   257   7    35    349
512   27   3    191    441
513   66   4    23    157
514   86   7    174    403
515   462   2    137    5
516   166   2    13    454
517   261   5    86    286
518   73   3    96    65
519   501   7    76    488
520   184   3    81    421
521   356   6    188    347
522   236   3    103    96
523   172   3    99    499
524   236   4    101    329
525   497   3    143    159
526   516   3    54    232
527   119   6    104    406
528   273   7    34    493
529   451   7    155    300
530   372   3    150    126
531   67   2    188    148
532   517   5    82    250
533   282   3    28    386
534   421   6    51    371
535   511   7    169    210
536   119   5    71    229
537   423   5    189    97
538   363   7    160    471
539   459   7    4    150
540   203   7    76    146
541   444   2    197    454
542   436   5    63    151
543   83   2    85    365
544   490   3    157    217
545   435   7    57    15
546   103   5    177    297
547   157   5    130    198
548   439   5    127    380
549   494   7    6    37
550   433   4    171    458
551   400   7    57    135
552   158   3    159    268
553   139   4    142    196
554   390   4    160    249
555   91   7    166    11
556   19   3    197    214
557   121   7    160    190
558   57   6    82    310
559   314   5    141    424
560   95   6    29    315
561   99   3    176    380
562   550   5    115    499
563   114   4    31    253
564   233   6    99    12
565   99   2    191    291
566   246   4    152    4
567   388   7    52    442
568   549   6    181    86
569   379   7    55    383
570   268   5    119    484
571   181   2    139    455
572   419   4    158    61
573   270   3    9    183
574   548   7    90    431
575   528   2    139    101
576   35   5    93    328
577   228   6    130    464
578   403   3    76    335
579   564   3    139    10
580   111   7    19    100
581   418   4    90    233
582   428   3    158    486
583   156   3    130    209
584   320   3    34    82
585   459   4    35    387
586   109   4    126    95
587   446   3    26    453
588   453   5    167    59
589   278   5    67    222
590   219   6    98    64
591   3   2    161    267
592   281   6    132    338
593   92   4    43    161
594   329   2    151    75
595   59   2    96    330
596   281   7    164    304
597   458   7    185    204
598   339   3    41    104
599   442   5    48    176
600   301   7    93    292
601   407   5    49    391
602   357   2    151    38
603   386   6    88    89
604   473   5    49    197
605   529   5    15    188
606   599   5    27    482
607   468   2    136    148
608   531   7    53    128
609   32   4    57    419
610   491   5    120    264
611   579   2    197    273
612   271   5    97    451
613   355   6    25    48
614   383   3    33    214
615   211   2    105    22
616   184   3    199    402
617   208   7    120    60
618   215   7    19    469
619   154   7    64    437
620   555   2    40    18
621   618   6    81    26
622   158   2    29    252
623   596   5    56    410
624   547   3    14    5
625   163   7    18    174
626   39   4    154    121
627   253   4    190    194
628   268   2    40    183
629   343   5    195    390
630   485   3    22    120
631   612   2    190    262
632   488   4    143    490
633   373   7    115    160
634   193   6    136    190
635   281   3    192    106
636   36   7    174    427
637   268   2    157    304
638   372   7    189    464
639   39   2    8    242
640   199   5    134    300
641   148   2    41    344
642   529   4    169    395
643   616   6    80    195
644   296   4    167    172
645   292   6    28    72
646   459   5    35    485
647   368   4    117    113
648   540   4    110    461
649   126   2    36    87
650   90   5    135    364
651   298   3    88    381
652   94   5    177    25
653   156   7    159    48
654   294   5    183    349
655   546   6    44    162
656   383   3    23    125
657   287   6    187    484
658   534   3    166    13
659   568   2    25    54
660   128   4    169    173
661   171   6    66    455
662   139   7    51    82
663   187   3    18    214
664   407   4    9    5
665   170   5    168    61
666   245   4    44    96
667   366   4    47    211
668   621   5    18    207
669   318   3    25    230
670   105   2    168    69
671   227   7    107    62
672   251   5    190    67
673   445   6    159    263
674   5   3    117    76
675   343   4    149    4
676   592   6    77    160
677   595   2    113    169
678   300   5    96    176
679   593   6    36    183
680   210   7    7    328
681   27   5    90    436
682   248   5    141    55
683   397   2    108    467
684   671   3    150    350
685   672   5    139    306
686   679   2    40    405
687   134   5    79    97
688   530   2    84    429
689   485   4    57    257
690   460   7    144    344
691   417   5    84    270
692   173   2    171    374
693   570   4    84    398
694   301   7    168    236
695   235   2    4    353
696   207   3    56    284
697   255   3    174    17
698   627   6    30    98
699   350   7    23    13
700   505   3    182    46
701   65   4    48    325
702   220   6    58    364
703   472   5    181    320
704   558   3    53    256
705   371   6    1    46
706   209   3    103    9
707   488   4    134    428
708   251   2    66    382
709   576   7    108    331
710   47   7    141    201
711   641   4    88    202
712   387   5    67    158
713   356   3    59    495
714   59   5    80    435
715   417   6    46    460
716   495   2    164    318
717   432   3    189    186
718   173   6    65    268
719   30   7    15    324
720   291   7    46    263
721   432   5    46    395
722   659   6    35    343
723   393   6    128    297
724   385   7    151    120
725   237   2    20    378
726   114   7    61    64
727   539   5    22    2
728   171   5    53    155
729   112   3    51    309
730   190   3    171    9
731   178   6    146    397
732   216   4    76    4
733   170   7    10    201
734   399   6    7    454
735   272   3    128    348
736   420   6    32    160
737   201   3    143    421
738   129   4    103    17
739   232   4    140    109
740   141   2    3    169
741   644   6    135    406
742   222   3    133    118
743   403   4    42    217
744   448   2    171    30
745   94   3    52    172
746   675   4    119    84
747   53   2    49    22
748   499   6    56    419
749   155   3    132    20
750   63   3    87    278
751   615   6    171    409
752   688   7    37    6
753   476   4    194    87
754   230   6    138    133
755   147   4    85    14
756   345   2    198    430
757   458   5    103    95
758   111   4    43    170
759   625   4    197    139
760   629   4    174    433
761   705   7    2    216
762   252   4    46    476
763   581   4    158    125
764   385   4    56    367
765   666   5    54    490
766   433   4    20    478
767   470   3    158    270
768   342   5    142    448
769   295   7    173    160
770   718   3    61    54
771   174   4    96    466
772   364   5    1    215
773   232   7    165    114
774   591   2    65    270
775   137   4    164    450
776   316   2    59    488
777   752   4    119    478
778   346   5    27    289
779   499   5    68    281
780   553   6    40    48
781   343   4    141    116
782   253   2    36    204
783   684   4    99    119
784   460   7    97    207
785   132   3    113    408
786   477   6    53    34
787   369   3    145    441
788   517   4    96    245
789   597   4    179    368
790   277   2    11    452
791   271   3    110    229
792   577   2    54    143
793   522   4    146    447
794   671   3    120    365
795   651   5    59    35
796   79   4    8    305
797   270   4    95    493
798   74   6    17    115
799   249   4    143    321
800   469   7    40    191
801   573   2    162    123
802   617   3    80    222
803   457   4    99    402
804   175   7    186    246
805   181   4    134    485
806   541   3    37    254
807   19   2    190    97
808   668   6    58    99
809   528   3    139    289
810   133   2    182    202
811   766   2    72    443
812   472   2    199    230
813   657   3    136    338
814   54   3    61    10
815   209   5    70    370
816   626   3    166    302
817   780   4    136    90
818   399   7    11    377
819   364   5    13    277
820   19   6    164    492
821   797   4    136    146
822   97   5    83    384
823   246   4    33    331
824   817   7    166    376
825   791   2    59    336
826   209   5    180    333
827   212   4    106    175
828   518   6    151    216
829   379   4    147    342
830   402   7    98    373
831   569   5    65    171
832   6   4    83    111
833   174   7    17    18
834   69   6    136    470
835   798   6    84    476
836   9   6    191    292
837   268   3    122    15
838   650   5    17    481
839   693   7    31    299
840   501   6    141    470
841   224   4    34    412
842   612   5    37    343
843   133   4    190    332
844   264   5    101    174
845   167   5    196    191
846   808   2    85    421
847   565   7    135    8
848   766   7    12    241
849   641   5    115    345
850   53   7    58    134
851   735   3    196    413
852   840   5    108    490
853   604   4    133    112
854   783   6    4    339
855   368   4    134    444
856   765   3    83    486
857   803   3    183    128
858   211   2    21    133
859   804   4    42    111
860   140   7    151    216
861   840   3    114    68
862   539   6    81    160
863   252   6    147    460
864   460   2    178    16
865   730   3    19    449
866   265   3    12    283
867   758   5    167    77
868   531   6    31    301
869   783   6    75    22
870   357   3    168    409
871   318   7    9    303
872   576   2    88    139
873   223   7    76    20
874   759   3    197    333
875   558   4    159    277
876   183   7    171    248
877   608   3    8    249
878   292   7    159    299
879   381   7    1    304
880   785   4    37    342
881   714   5    101    60
882   684   2    115    488
883   328   5    155    9
884   543   6    118    173
885   837   5    141    28
886   819   3    109    309
887   158   6    57    352
888   439   6    175    229
889   6   4    11    4
890   758   2    27    296
891   116   4    44    426
892   101   3    76    108
893   815   6    9    445
894   190   5    123    255
895   773   7    65    184
896   44   4    72    446
897   117   6    49    17
898   537   7    187    357
899   663   4    128    240
900   306   7    154    425
901   425   7    43    1
902   678   2    12    322
903   538   2    68    324
904   897   3    60    406
905   577   3    53    467
906   362   7    69    345
907   787   3    175    82
908   811   4    70    401
909   113   3    58    59
910   833   2    42    364
911   134   5    136    76
912   711   6    155    225
913   727   7    124    233
914   454   2    114    413
915   236   7    120    207
916   244   5    145    360
917   593   3    190    367
918   540   6    130    271
919   714   2    173    48
920   365   3    36    203
921   327   7    34    245
922   404   4    3    450
923   791   6    190    436
924   514   7    180    135
925   778   5    172    271
926   700   2    129    360
927   800   7    158    79
928   196   7    170    330
929   723   5    75    198
930   386   5    40    370
931   848   5    9    81
932   254   5    18    306
933   504   4    196    162
934   9   2    106    373
935   417   5    161    361
936   585   2    178    213
937   662   7    188    482
938   575   7    65    455
939   26   6    41    48
940   819   5    191    386
941   506   7    69    183
942   454   4    142    322
943   924   2    119    215
944   561   6    10    420
945   405   4    149    100
946   530   4    137    422
947   407   3    93    276
948   481   4    177    326
949   898   2    2    94
950   213   4    131    238
951   434   4    70    231
952   653   6    194    423
953   481   6    50    100
954   672   2    65    50
955   693   5    94    351
956   180   4    150    425
957   607   2    40    286
958   107   4    164    152
959   311   3    178    370
960   410   5    57    28
961   726   7    173    377
962   186   5    26    400
963   496   5    144    17
964   896   4    62    447
965   385   6    191    123
966   685   7    99    298
967   290   7    198    144
968   689   7    70    486
969   103   2    191    396
970   645   4    4    369
971   706   2    139    399
972   913   2    129    306
973   588   5    73    466
974   712   5    92    263
975   468   3    127    433
976   521   7    34    175
977   855   5    2    194
978   806   4    48    263
979   318   5    42    334
980   74   2    68    270
981   321   7    56    360
982   703   5    140    324
983   443   7    130    64
984   201   7    70    324
985   404   7    162    207
986   956   7    81    409
987   153   5    30    432
988   942   7    161    401
989   789   6    127    402
990   874   3    166    76
991   98   2    173    268
992   296   5    176    75
993   578   6    152    24
994   193   2    180    45
995   793   6    6    189
996   367   4    179    290
997   445   4    143    227
998   512   4    24    250
999   771   7    132    318
1000   109   2    167    274
1001   610   2    170    2
1002   147   7    36    361
1003   959   2    39    462
1004   373   4    29    431
1005   560   6    98    1
1006   473   3    193    168
1007   954   2    33    363
1008   973   7    43    167
1009   272   7    172    257
1010   910   4    150    390
1011   603   4    117    304
1012   475   3    192    91
1013   147   5    130    365
1014   608   5    190    108
1015   554   4    117    22
1016   782   2    84    373
1017   210   2    126    376
1018   739   5    133    63
1019   136   7    52    272
1020   457   3    11    194
1021   891   4    99    404
1022   766   4    20    440
1023   897   3    139    197
1024   191   3    92    22
