1   0   6    9    8
2   1   2    140    132
3   1   2    148    16
4   1   3    175    313
5   3   3    168    259
6   2   2    52    172
7   4   6    195    176
8   6   2    60    66
9   1   5    103    356
10   2   6    149    125
11   8   7    78    427
12   4   5    18    50
13   9   2    43    326
14   12   7    117    247
15   11   4    136    427
16   9   2    66    274
17   7   7    16    100
18   7   2    89    280
19   12   7    59    143
20   3   7    61    441
21   15   3    134    72
22   11   6    127    318
23   17   6    156    188
24   8   2    75    211
25   14   7    37    17
26   10   4    153    398
27   18   3    59    396
28   9   6    194    165
29   7   6    159    60
30   22   7    82    347
31   8   7    57    163
32   17   5    47    152
33   15   6    43    242
34   14   2    96    3
35   13   3    3    84
36   30   4    80    482
37   26   5    195    320
38   19   3    38    53
39   22   7    144    65
40   20   3    145    229
41   33   4    5    378
42   4   3    172    257
43   10   7    122    318
44   26   6    104    21
45   23   6    168    331
46   4   4    80    241
47   16   4    139    403
48   12   4    55    182
49   1   5    159    472
50   23   3    83    172
51   6   2    22    453
52   11   4    166    5
53   23   2    53    54
54   28   7    164    304
55   51   7    49    281
56   38   4    95    25
57   22   7    196    98
58   19   3    63    178
59   54   2    9    4
60   14   4    153    343
61   49   4    131    460
62   24   6    125    155
63   32   2    149    411
64   42   2    172    415
65   30   7    89    101
66   38   6    13    449
67   35   6    13    477
68   43   7    199    100
69   27   4    142    141
70   31   3    88    198
71   3   4    159    213
72   47   7    40    488
73   51   7    29    245
74   26   6    92    129
75   47   4    82    400
76   24   2    127    408
77   12   7    165    50
78   69   3    12    65
79   46   2    133    144
80   64   3    46    434
81   68   2    8    134
82   40   2    195    472
83   34   7    47    69
84   62   4    61    434
85   55   2    137    479
86   8   3    195    387
87   8   6    37    321
88   45   3    63    438
89   54   2    188    111
90   13   4    155    423
91   21   7    59    147
92   27   6    121    465
93   57   4    78    469
94   89   5    197    404
95   17   4    30    300
96   32   5    118    190
97   32   4    74    412
98   72   6    64    420
99   19   4    183    85
100   46   5    40    335
101   48   5    167    152
102   73   5    115    293
103   10   2    127    173
104   76   2    36    376
105   21   2    87    225
106   104   5    152    486
107   104   7    52    385
108   19   5    186    338
109   28   2    123    332
110   50   6    127    337
111   33   6    59    293
112   42   7    60    128
113   78   3    68    474
114   78   7    189    221
115   9   3    165    99
116   58   5    55    69
117   74   6    52    465
118   28   6    82    138
119   55   6    33    338
120   26   2    42    441
121   65   4    168    244
122   102   6    50    462
123   69   4    20    3
124   42   2    107    242
125   81   4    17    116
126   48   2    102    291
127   120   5    161    6
128   119   2    195    76
129   37   6    100    295
130   9   2    55    298
131   77   6    66    442
132   42   6    53    340
133   14   2    174    84
134   77   3    105    159
135   13   2    113    123
136   19   2    71    71
137   64   5    136    173
138   38   7    88    241
139   30   6    173    248
140   73   3    77    365
141   124   4    86    422
142   92   2    77    338
143   44   7    186    308
144   128   7    51    371
145   116   2    2    39
146   136   3    5    328
147   60   4    179    311
148   104   4    114    170
149   78   7    24    153
150   18   5    104    153
151   88   4    196    328
152   48   3    117    120
153   90   7    131    210
154   83   4    50    366
155   50   7    4    10
156   67   7    198    99
157   118   2    173    146
158   28   5    56    169
159   6   6    86    309
160   21   5    28    204
161   10   2    63    360
162   136   4    65    418
163   108   6    78    61
164   64   2    34    433
165   124   7    104    262
166   112   2    4    209
167   35   5    184    127
168   59   5    140    275
169   99   2    82    371
170   56   7    199    441
171   91   4    73    416
172   20   2    199    339
173   43   5    156    420
174   65   7    13    200
175   25   3    9    227
176   5   4    180    85
177   165   6    94    20
178   42   7    124    321
179   90   3    149    367
180   84   7    40    220
181   31   5    69    80
182   127   3    7    173
183   176   2    191    141
184   91   4    15    143
185   31   6    57    434
186   70   7    45    63
187   61   4    144    364
188   68   3    198    54
189   66   3    142    298
190   163   2    40    23
191   187   6    3    458
192   107   5    76    27
193   10   2    102    219
194   63   2    20    373
195   73   7    52    321
196   175   4    141    168
197   85   5    125    326
198   23   3    44    67
199   4   2    112    119
200   72   3    22    332
201   192   3    173    317
202   171   4    154    326
203   174   6    38    190
204   66   2    157    277
205   107   7    43    52
206   169   5    197    477
207   160   7    185    484
208   143   3    129    146
209   124   5    62    470
210   206   3    140    271
211   33   3    157    265
212   150   4    23    330
213   156   2    157    481
214   56   5    131    497
215   184   4    15    375
216   55   3    50    285
217   38   7    10    466
218   80   7    107    25
219   201   4    187    192
220   141   3    33    153
221   173   2    5    153
222   132   7    113    190
223   28   3    145    42
224   94   4    143    225
225   102   4    1    337
226   40   3    25    98
227   188   3    143    115
228   24   3    183    23
229   60   2    48    253
230   133   4    66    50
231   67   2    18    90
232   230   4    172    138
233   153   6    173    454
234   61   5    8    265
235   14   7    158    179
236   31   3    13    471
237   226   4    128    123
238   227   5    61    226
239   93   7    187    314
240   50   5    122    252
241   158   7    59    198
242   127   7    66    421
243   236   4    58    494
244   68   3    157    99
245   190   5    91    131
246   40   6    190    487
247   237   7    165    474
248   31   2    14    363
249   165   7    59    242
250   6   3    148    391
251   77   7    109    184
252   208   4    151    191
253   203   2    6    160
254   137   7    26    44
255   96   5    123    87
256   226   3    27    108
257   73   2    155    96
258   211   2    35    158
259   174   2    132    22
260   137   7    39    1
261   102   5    29    446
262   117   5    20    168
263   94   2    95    291
264   176   5    75    256
265   121   7    30    256
266   156   6    30    392
267   16   6    166    82
268   36   7    48    278
269   177   3    17    412
270   57   6    107    394
271   113   6    48    274
272   222   4    196    485
273   216   7    129    493
274   160   5    22    326
275   179   3    24    305
276   197   6    18    159
277   85   3    162    9
278   269   7    159    187
279   271   6    99    294
280   22   2    133    303
281   72   6    156    37
282   202   7    174    441
283   126   5    100    208
284   38   6    146    270
285   34   4    46    342
286   126   6    134    441
287   63   2    19    32
288   129   7    151    256
289   67   3    146    313
290   102   3    161    455
291   220   6    89    128
292   93   4    168    238
293   288   4    71    437
294   139   3    155    15
295   206   3    6    18
296   175   4    77    488
297   276   7    159    433
298   33   7    81    365
299   55   7    40    47
300   102   7    32    265
301   227   5    57    88
302   107   7    105    178
303   206   4    148    150
304   179   5    38    204
305   207   2    162    31
306   204   6    90    435
307   223   5    25    209
308   301   3    179    284
309   158   4    12    433
310   44   6    71    2
311   62   6    158    147
312   230   5    108    141
313   48   3    95    164
314   136   3    23    419
315   214   2    136    171
316   287   7    175    361
317   213   2    11    253
318   111   3    72    197
319   32   4    107    95
320   16   5    2    87
321   132   6    144    23
322   314   4    140    420
323   115   4    186    216
324   26   6    39    390
325   225   2    182    448
326   266   3    86    96
327   120   2    142    160
328   50   3    144    136
329   75   5    128    75
330   282   3    102    493
331   125   6    24    5
332   68   5    119    1
333   18   2    130    265
334   140   2    63    454
335   104   2    140    480
336   122   6    167    23
337   220   7    118    476
338   151   3    135    151
339   240   3    83    248
340   37   5    15    399
341   257   6    32    71
342   148   7    87    312
343   24   3    66    156
344   270   5    68    184
345   335   2    22    142
346   183   5    42    418
347   184   5    18    405
348   250   2    108    452
349   21   6    24    412
350   209   4    31    53
351   120   7    180    419
352   250   4    56    478
353   324   4    184    131
354   269   2    188    220
355   71   4    77    269
356   139   7    197    225
357   209   3    175    54
358   58   2    130    453
359   49   6    1    252
360   126   7    23    105
361   266   5    31    258
362   203   7    19    191
363   240   6    67    495
364   348   4    44    21
365   239   2    145    155
366   323   3    26    163
367   315   3    171    313
368   366   3    148    354
369   47   2    135    314
370   176   7    36    447
371   74   2    89    432
372   358   2    55    222
373   134   2    67    448
374   146   7    66    339
375   213   3    70    89
376   246   2    46    300
377   274   6    182    21
378   244   4    131    305
379   11   5    150    65
380   276   6    8    188
381   59   7    23    468
382   211   2    5    88
383   287   7    87    90
384   327   7    1    439
385   177   6    13    21
386   161   7    54    97
387   326   7    128    43
388   2   2    62    59
389   378   2    10    317
390   77   5    14    405
391   49   7    80    255
392   3   3    111    387
393   133   7    87    97
394   297   4    156    45
395   115   4    97    335
396   233   7    51    21
397   309   2    88    458
398   188   5    34    133
399   269   6    187    366
400   76   3    54    21
401   284   4    74    163
402   95   6    179    129
403   238   4    177    124
404   236   6    31    126
405   17   4    24    201
406   106   7    139    260
407   361   4    170    485
408   114   3    26    258
409   156   5    154    334
410   312   6    1    168
411   57   4    98    493
412   27   7    26    43
413   216   2    61    237
414   78   6    160    414
415   131   6    52    335
416   372   6    109    320
417   294   5    154    423
418   138   6    36    5
419   196   2    44    493
420   20   5    89    451
421   318   3    199    464
422   238   4    182    471
423   86   7    164    291
424   185   7    88    477
425   246   4    140    116
426   292   6    133    210
427   231   4    108    456
428   326   4    61    133
429   127   5    71    346
430   340   2    188    332
431   249   5    125    24
432   265   2    95    242
433   110   4    60    342
434   415   5    191    303
435   44   7    106    190
436   222   6    132    435
437   200   5    88    102
438   303   3    80    387
439   296   2    162    461
440   56   6    108    342
441   312   2    30    491
442   284   2    72    356
443   168   6    2    140
444   359   5    51    131
445   106   4    58    169
446   140   3    133    8
447   75   7    22    106
448   428   6    45    186
449   347   3    104    30
450   407   7    180    11
451   371   3    39    166
452   243   7    170    250
453   166   7    35    259
454   370   3    26    135
455   191   2    104    263
456   165   3    161    302
457   192   6    78    127
458   136   2    15    66
459   278   6    103    332
460   74   3    151    94
461   98   5    129    412
462   377   5    164    137
463   236   6    112    422
464   154   7    196    455
465   324   6    38    68
466   451   6    141    305
467   390   2    72    350
468   400   2    157    278
469   274   5    100    192
470   295   5    192    429
471   402   5    56    161
472   129   2    46    101
473   452   4    88    289
474   393   5    198    32
475   111   6    53    333
476   282   2    94    444
477   349   5    55    475
478   475   5    84    227
479   336   2    174    318
480   365   5    83    125
481   212   7    144    393
482   171   5    93    331
483   25   3    192    131
484   72   2    21    415
485   76   4    95    336
486   276   7    139    140
487   13   2    86    320
488   143   7    39    98
489   283   2    135    407
490   157   2    138    212
491   301   5    80    15
492   244   2    194    30
493   231   5    24    299
494   339   7    101    381
495   443   6    175    497
496   422   7    82    292
497   203   3    136    255
498   22   6    96    384
499   104   7    92    15
500   240   7    109    294
501   258   7    125    480
502   267   4    156    433
503   455   2    169    255
504   192   2    143    210
505   479   6    53    220
506   207   7    77    189
507   213   5    170    350
508   229   3    3    421
509   358   4    178    209
510   337   2    43    81
511   267   5    169    366
512   62   4    118    41
513   230   4    60    478
514   509   5    137    42
515   208   7    170    142
516   131   6    94    433
517   415   5    69    257
518   2   6    8    109
519   202   4    70    66
520   113   3    177    405
521   159   6    105    118
522   76   3    26    319
523   271   3    141    477
524   126   2    145    76
525   163   7    88    161
526   392   7    195    360
527   513   3    115    118
528   238   5    76    218
529   266   2    194    72
530   408   3    62    375
531   266   6    189    17
532   7   4    21    474
533   228   7    91    375
534   293   4    1    376
535   200   4    26    106
536   498   6    121    254
537   211   7    77    157
538   133   6    157    305
539   72   2    126    275
540   133   7    158    131
541   101   4    181    369
542   501   5    122    431
543   494   6    196    35
544   507   3    58    179
545   56   4    68    1
546   83   5    154    7
547   482   7    31    11
548   407   4    137    315
549   306   3    19    476
550   542   3    166    62
551   525   7    140    146
552   383   2    77    153
553   227   5    139    271
554   547   2    57    167
555   323   6    28    285
556   13   6    183    498
557   174   3    17    402
558   308   5    18    379
559   189   6    25    239
560   321   5    175    164
561   407   7    146    56
562   472   7    86    433
563   245   6    99    249
564   406   5    130    247
565   59   6    116    94
566   448   4    17    137
567   136   4    78    488
568   237   6    177    202
569   116   3    128    167
570   461   3    28    161
571   433   2    160    445
572   214   7    196    403
573   454   4    143    422
574   159   6    1    183
575   499   4    195    175
576   477   5    107    339
577   208   2    127    313
578   540   7    162    283
579   445   4    50    192
580   358   4    174    182
581   321   6    104    389
582   29   6    118    466
583   85   4    30    18
584   328   2    9    160
585   488   6    7    228
586   34   7    198    23
587   174   7    97    499
588   173   3    83    281
589   256   6    60    184
590   243   5    86    413
591   363   5    21    59
592   510   4    196    399
593   467   3    147    281
594   60   7    157    242
595   363   3    47    420
596   121   6    154    169
597   50   4    63    486
598   118   2    72    152
599   463   4    97    265
600   299   3    69    208
601   25   2    50    251
602   472   6    35    191
603   173   7    12    77
604   530   3    9    418
605   51   4    76    432
606   541   7    61    22
607   263   2    185    27
608   23   2    126    387
609   362   6    62    122
610   259   7    73    397
611   605   4    23    428
612   190   2    140    293
613   446   4    193    242
614   283   6    19    216
615   592   7    10    13
616   301   5    49    403
617   351   5    100    241
618   345   4    139    344
619   20   2    143    267
620   496   6    166    468
621   225   2    91    394
622   163   4    119    134
623   17   7    10    207
624   483   3    54    24
625   349   3    129    349
626   92   2    20    213
627   255   4    191    79
628   621   7    20    66
629   580   3    196    73
630   395   4    54    170
631   198   2    42    278
632   164   5    92    295
633   298   5    92    303
634   183   7    92    481
635   313   3    174    354
636   487   5    195    114
637   139   5    108    57
638   604   5    185    492
639   325   3    73    305
640   57   2    94    419
641   95   6    188    378
642   87   5    146    258
643   598   4    116    238
644   78   6    154    108
645   505   4    26    466
646   586   2    109    450
647   363   5    32    249
648   126   7    10    100
649   622   3    149    342
650   407   6    123    359
651   573   4    14    222
652   237   6    55    206
653   361   5    35    138
654   460   7    113    487
655   115   6    146    430
656   472   4    145    16
657   393   4    181    474
658   128   5    65    42
659   247   4    194    132
660   319   3    140    310
661   141   7    69    356
662   465   2    186    325
663   556   7    56    351
664   300   5    17    53
665   393   5    112    80
666   309   2    129    124
667   392   6    136    142
668   649   4    160    104
669   587   7    70    17
670   529   5    2    393
671   75   5    50    106
672   597   4    29    278
673   36   6    129    258
674   5   7    26    258
675   339   3    25    50
676   646   7    189    344
677   364   2    22    188
678   46   5    85    442
679   626   6    39    106
680   25   2    124    2
681   548   4    62    241
682   496   6    87    102
683   549   7    173    386
684   446   5    136    64
685   221   3    176    372
686   270   5    63    394
687   606   4    135    112
688   89   3    101    228
689   632   4    124    37
690   181   4    89    480
691   471   7    42    111
692   121   7    24    394
693   261   2    179    363
694   466   4    176    317
695   474   2    65    358
696   664   5    53    249
697   109   2    95    257
698   578   6    139    108
699   483   6    141    410
700   330   5    172    330
701   649   7    92    13
702   372   2    114    368
703   495   3    135    176
704   261   5    24    43
705   263   6    111    161
706   305   4    74    228
707   140   7    51    5
708   277   5    75    356
709   376   2    155    328
710   521   3    168    15
711   545   5    157    306
712   221   6    146    371
713   250   6    172    175
714   537   3    160    210
715   200   7    74    50
716   409   2    172    105
717   485   2    39    108
718   311   7    178    202
719   88   7    140    278
720   467   6    44    304
721   308   4    6    73
722   260   5    180    432
723   199   2    175    292
724   73   7    34    398
725   283   7    125    465
726   354   7    44    281
727   703   5    25    419
728   499   4    183    198
729   595   4    100    37
730   722   2    103    225
731   193   4    132    316
732   166   2    88    166
733   468   6    76    198
734   578   2    187    8
735   24   6    124    169
736   97   6    45    25
737   652   3    142    154
738   450   7    150    182
739   274   4    38    40
740   121   3    152    218
741   592   5    83    444
742   474   6    24    441
743   568   4    104    68
744   583   2    135    266
745   122   7    194    467
746   678   7    175    105
747   394   3    52    336
748   420   4    63    233
749   310   6    153    475
750   659   4    3    284
751   325   7    125    238
752   264   6    160    106
753   745   5    86    127
754   645   2    102    332
755   174   4    195    329
756   578   4    99    291
757   351   6    57    170
758   359   4    6    249
759   592   6    131    268
760   719   2    94    57
761   740   4    146    227
762   605   7    155    85
763   707   5    128    257
764   598   4    184    487
765   18   5    117    28
766   526   7    31    21
767   176   4    75    42
768   708   6    37    320
769   620   6    192    286
770   724   4    21    169
771   749   4    99    293
772   664   6    14    61
773   278   6    148    423
774   567   4    126    231
775   687   5    25    293
776   236   3    137    228
777   512   6    32    417
778   587   4    185    189
779   291   3    49    406
780   378   4    117    170
781   305   2    148    33
782   566   4    72    266
783   179   7    90    230
784   618   7    112    217
785   185   5    29    30
786   434   5    155    418
787   636   3    93    108
788   414   4    106    25
789   494   4    128    480
790   57   6    140    18
791   404   2    37    373
792   410   7    103    313
793   366   3    24    197
794   525   6    166    191
795   318   4    121    106
796   727   5    109    220
797   221   7    63    434
798   290   7    109    279
799   641   6    156    413
800   305   7    176    476
801   730   4    6    331
802   165   4    113    36
803   332   2    107    473
804   44   2    196    282
805   698   6    70    201
806   629   5    37    238
807   495   4    78    9
808   556   6    56    96
809   470   2    178    386
810   427   7    122    307
811   447   4    140    484
812   718   4    35    445
813   379   5    69    368
814   612   4    176    418
815   500   2    198    203
816   103   4    105    260
817   685   4    68    140
818   765   4    144    10
819   679   6    165    494
820   565   2    28    287
821   542   7    144    185
822   490   5    74    101
823   659   7    105    37
824   241   2    173    468
825   474   4    185    174
826   564   4    26    391
827   817   5    106    353
828   668   7    141    198
829   105   4    177    131
830   223   7    64    326
831   700   4    41    306
832   40   2    109    119
833   764   6    160    160
834   743   4    82    256
835   598   7    5    139
836   636   5    156    307
837   355   3    39    491
838   483   4    46    59
839   660   7    154    150
840   151   7    189    134
841   165   7    69    263
842   840   4    185    265
843   322   2    70    179
844   819   6    173    306
845   762   3    145    471
846   633   4    189    324
847   264   2    49    235
848   354   4    49    260
849   313   7    165    461
850   464   4    12    410
851   439   6    18    6
852   359   7    159    349
853   851   7    29    236
854   216   4    6    190
855   348   3    34    193
856   824   4    191    177
857   433   7    6    129
858   400   5    19    17
859   302   4    183    30
860   818   6    14    141
861   122   6    31    387
862   564   5    125    291
863   434   2    157    409
864   777   4    101    22
865   336   7    30    313
866   609   6    97    302
867   580   4    194    460
868   489   7    179    15
869   426   3    24    66
870   569   7    52    272
871   154   2    155    437
872   111   2    133    405
873   64   6    89    77
874   248   7    121    2
875   612   2    21    138
876   369   6    19    434
877   305   7    27    66
878   173   5    3    396
879   672   7    190    468
880   862   6    144    496
881   115   4    76    86
882   77   2    5    93
883   448   6    57    409
884   351   7    175    41
885   469   4    77    351
886   598   3    171    113
887   341   3    72    412
888   422   5    18    213
889   361   7    103    18
890   499   6    12    147
891   270   7    28    211
892   549   7    133    98
893   389   7    180    212
894   810   3    33    384
895   123   7    149    191
896   424   2    83    7
897   427   6    75    370
898   100   5    136    361
899   693   7    143    375
900   449   5    167    299
901   261   7    131    310
902   355   3    171    300
903   255   2    148    261
904   759   5    101    336
905   644   5    58    409
906   507   4    133    377
907   901   3    126    3
908   774   5    8    345
909   127   2    33    476
910   114   2    37    297
911   355   7    97    190
912   410   3    155    313
913   588   2    94    397
914   717   5    131    438
915   667   6    39    324
916   734   3    136    138
917   321   5    10    368
918   567   4    195    20
919   892   7    146    201
920   323   7    51    227
921   762   6    48    355
922   537   5    86    248
923   610   6    98    488
924   796   2    74    283
925   447   3    176    475
926   358   2    85    287
927   394   3    14    454
928   329   5    199    69
929   884   3    41    311
930   593   2    113    55
931   493   4    184    242
932   536   2    38    311
933   669   4    20    221
934   811   5    117    367
935   300   6    118    215
936   506   3    125    140
937   275   6    8    387
938   773   3    188    122
939   446   7    26    310
940   861   4    72    406
941   722   2    136    329
942   755   5    122    97
943   896   4    167    259
944   304   3    105    21
945   70   2    22    207
946   59   4    57    120
947   275   7    117    12
948   737   2    187    438
949   623   2    154    37
950   902   7    57    148
951   477   6    9    166
952   862   6    53    270
953   837   2    63    148
954   354   6    175    154
955   874   6    11    224
956   413   6    125    121
957   616   4    115    328
958   459   4    199    449
959   91   3    193    378
960   622   2    107    441
961   583   2    25    158
962   465   4    93    118
963   509   6    145    44
964   405   7    42    222
965   473   3    35    219
966   420   7    7    19
967   748   2    118    37
968   630   6    170    333
969   863   2    123    349
970   301   4    116    52
971   538   2    42    9
972   443   2    123    395
973   821   4    125    387
974   294   7    69    205
975   511   3    187    65
976   63   4    37    490
977   971   5    170    467
978   86   2    85    447
979   618   7    180    305
980   796   3    178    116
981   542   7    90    171
982   233   3    167    24
983   904   7    32    328
984   808   6    54    412
985   200   4    179    371
986   601   2    130    426
987   419   2    174    260
988   544   5    85    218
989   27   4    83    300
990   580   2    49    395
991   462   5    162    457
992   780   7    172    158
993   859   2    54    227
994   216   2    143    152
995   899   4    155    26
996   325   2    21    59
997   190   4    51    118
998   543   6    110    277
999   398   6    23    264
1000   164   2    143    28
1001   251   5    138    332
1002   914   2    27    416
1003   542   5    150    102
1004   346   4    99    182
1005   208   4    66    490
1006   807   6    110    125
1007   507   4    170    375
1008   822   3    101    68
1009   184   6    49    387
1010   563   2    111    348
1011   147   7    137    71
1012   748   6    172    302
1013   800   7    12    383
1014   966   4    74    238
1015   81   7    33    273
1016   155   5    67    241
1017   94   3    174    451
1018   99   3    159    65
1019   565   2    161    106
1020   411   5    162    431
1021   225   3    185    352
1022   188   5    59    426
1023   979   4    141    89
1024   728   7    14    106
