1   0   7    1    14
2   1   4    63    305
3   1   4    183    57
4   2   2    84    284
5   1   4    75    456
6   4   7    41    298
7   2   3    109    162
8   4   7    83    86
9   6   4    168    486
10   4   2    143    113
11   2   5    134    243
12   2   6    111    419
13   4   6    114    497
14   11   7    186    484
15   6   3    56    165
16   9   2    43    45
17   3   2    74    195
18   1   4    127    254
19   11   5    99    458
20   18   2    169    361
21   17   7    183    430
22   12   2    137    145
23   18   4    77    11
24   3   7    153    155
25   16   4    116    466
26   17   2    100    432
27   3   4    42    181
28   26   7    71    372
29   6   2    188    40
30   22   3    185    157
31   3   5    114    248
32   16   7    93    223
33   6   4    86    364
34   14   7    149    391
35   15   5    78    140
36   25   2    192    462
37   21   7    6    486
38   27   4    131    356
39   7   6    96    489
40   18   7    80    223
41   30   4    181    226
42   33   3    26    81
43   34   3    159    287
44   38   3    173    55
45   35   4    76    56
46   24   3    165    15
47   24   5    164    283
48   26   5    121    351
49   16   6    101    290
50   46   2    31    91
51   40   7    46    375
52   34   3    79    463
53   24   4    173    100
54   40   7    37    77
55   26   7    75    34
56   20   7    153    481
57   21   5    132    257
58   22   6    38    412
59   53   5    161    188
60   57   3    98    10
61   15   3    76    156
62   21   4    196    482
63   48   3    174    266
64   53   7    70    209
65   47   5    156    178
66   42   6    113    172
67   48   7    175    196
68   13   3    199    296
69   59   6    148    321
70   56   2    193    281
71   15   6    147    238
72   32   4    51    471
73   37   4    134    33
74   31   5    126    339
75   65   6    182    110
76   59   4    101    492
77   22   4    161    208
78   45   5    163    128
79   74   5    133    140
80   30   6    36    290
81   26   4    158    499
82   48   5    58    401
83   12   3    77    32
84   58   5    38    290
85   80   3    166    357
86   65   7    45    20
87   80   3    31    350
88   28   3    13    297
89   83   4    129    358
90   28   2    75    191
91   54   7    188    117
92   79   4    143    235
93   62   5    35    205
94   43   7    109    413
95   28   7    55    312
96   41   6    133    290
97   64   3    131    466
98   54   3    143    98
99   41   6    138    141
100   41   3    100    154
101   93   6    85    83
102   52   2    186    139
103   24   2    52    5
104   75   4    148    361
105   36   2    73    53
106   32   6    182    304
107   61   3    9    433
108   15   7    188    121
109   88   5    125    277
110   61   3    61    235
111   18   3    191    311
112   27   7    147    284
113   43   6    126    456
114   7   7    186    337
115   76   5    29    257
116   104   2    183    450
117   79   3    8    231
118   115   4    48    377
119   53   4    168    244
120   53   4    134    256
121   38   2    39    367
122   58   5    196    313
123   65   5    155    181
124   113   3    15    164
125   25   7    145    171
126   60   4    114    195
127   93   7    173    169
128   8   4    20    310
129   123   3    159    281
130   51   3    195    9
131   30   6    61    257
132   62   2    90    212
133   75   3    173    330
134   34   3    176    335
135   76   4    55    137
136   109   4    66    58
137   130   7    135    399
138   94   2    49    240
139   13   5    78    27
140   91   3    190    285
141   59   6    57    62
142   21   7    73    269
143   141   2    128    113
144   141   2    81    100
145   89   3    171    248
146   108   4    65    467
147   131   4    101    198
148   144   2    139    115
149   43   3    99    397
150   71   6    62    81
151   144   5    76    309
152   110   5    57    111
153   113   2    193    378
154   94   3    92    318
155   19   3    123    275
156   39   2    30    335
157   60   6    165    362
158   111   6    150    216
159   101   2    110    41
160   128   2    2    468
161   78   6    161    70
162   109   2    159    88
163   7   7    57    132
164   13   2    194    51
165   27   5    183    49
166   22   4    153    233
167   28   6    147    4
168   64   5    54    16
169   118   2    119    304
170   102   6    198    94
171   62   7    123    40
172   130   5    88    381
173   75   6    25    138
174   172   2    142    442
175   43   7    97    495
176   156   2    108    70
177   119   4    127    37
178   162   2    66    94
179   117   3    123    465
180   107   7    25    110
181   93   5    191    104
182   170   7    186    183
183   97   4    43    360
184   167   6    175    154
185   34   4    17    159
186   27   3    149    499
187   63   5    65    423
188   113   7    63    301
189   126   7    76    72
190   62   5    165    218
191   181   6    81    394
192   135   4    21    277
193   124   3    140    273
194   58   6    194    216
195   178   5    121    361
196   11   5    86    314
197   55   3    17    481
198   120   3    5    42
199   93   6    49    497
200   192   4    106    27
201   131   2    131    489
202   91   6    5    334
203   29   5    125    194
204   49   6    121    404
205   17   7    159    199
206   151   2    143    210
207   83   3    152    465
208   70   5    166    191
209   10   4    65    181
210   119   3    168    105
211   206   3    56    452
212   58   2    155    83
213   65   3    12    337
214   5   7    34    31
215   36   5    89    123
216   190   5    55    157
217   122   6    74    493
218   178   6    135    422
219   170   5    89    483
220   101   3    164    128
221   37   5    117    478
222   103   5    157    227
223   188   3    25    496
224   123   3    120    408
225   85   6    19    227
226   191   2    104    273
227   25   4    183    214
228   48   5    82    72
229   33   7    103    464
230   213   6    98    411
231   71   3    94    64
232   44   2    27    497
233   124   4    186    65
234   218   3    41    63
235   198   3    193    56
236   231   7    181    383
237   106   6    76    166
238   45   5    196    481
239   207   2    51    244
240   94   2    70    19
241   9   3    125    195
242   195   2    124    309
243   219   2    77    475
244   78   5    90    369
245   20   2    165    182
246   124   5    191    480
247   201   7    194    84
248   124   5    57    389
249   112   2    44    490
250   240   6    92    484
251   159   4    8    266
252   14   6    115    210
253   73   6    110    151
254   251   7    40    487
255   162   3    11    122
256   179   5    183    393
257   188   7    19    468
258   60   7    32    449
259   177   5    27    374
260   194   4    26    202
261   155   4    30    28
262   10   5    66    131
263   258   6    7    20
264   23   4    79    178
265   51   3    175    224
266   220   2    47    344
267   232   3    73    61
268   136   3    139    203
269   32   3    21    56
270   148   7    7    487
271   153   4    87    386
272   75   5    30    302
273   52   5    56    459
274   51   2    197    483
275   37   2    186    468
276   130   5    21    228
277   271   7    157    106
278   33   5    176    137
279   83   2    64    469
280   261   6    6    241
281   20   5    155    456
282   139   5    157    375
283   86   2    83    75
284   70   4    196    98
285   137   2    94    493
286   262   5    68    261
287   139   6    36    245
288   175   6    135    412
289   126   2    71    313
290   107   6    49    474
291   213   4    81    12
292   165   2    67    183
293   5   5    47    417
294   101   4    113    114
295   117   7    182    31
296   32   7    101    276
297   33   7    191    124
298   95   4    23    109
299   42   3    186    438
300   8   6    23    175
301   218   3    185    222
302   280   7    166    295
303   225   2    139    276
304   276   7    197    324
305   39   4    154    432
306   17   5    61    473
307   236   5    63    230
308   116   6    63    98
309   159   5    147    318
310   209   6    158    497
311   63   7    115    50
312   20   2    125    283
313   289   4    150    101
314   148   2    190    58
315   190   4    164    27
316   170   6    60    287
317   222   7    45    284
318   103   6    75    109
319   155   4    10    136
320   195   3    87    242
321   183   5    197    497
322   242   5    147    277
323   196   4    13    363
324   175   7    165    227
325   179   7    59    122
326   12   2    43    333
327   182   6    167    65
328   38   7    186    404
329   322   6    48    8
330   41   6    89    308
331   88   6    8    431
332   142   3    176    272
333   261   5    5    16
334   247   7    192    366
335   36   2    111    91
336   316   4    44    55
337   44   5    91    202
338   230   5    177    170
339   23   6    84    381
340   278   6    186    395
341   141   4    131    130
342   104   7    114    295
343   135   3    184    46
344   82   3    3    451
345   265   6    65    373
346   101   3    20    222
347   300   2    180    242
348   59   7    5    422
349   299   3    84    327
350   114   7    18    187
351   303   2    190    464
352   100   4    115    473
353   241   3    132    397
354   157   2    142    440
355   297   6    177    281
356   350   7    88    381
357   291   6    53    368
358   322   6    31    312
359   110   5    13    251
360   186   5    106    399
361   117   3    93    212
362   272   4    35    493
363   346   6    187    168
364   245   2    84    293
365   144   5    169    87
366   218   2    159    362
367   265   6    82    282
368   272   2    97    122
369   136   3    147    367
370   141   7    184    83
371   304   5    43    470
372   228   3    3    452
373   189   3    193    303
374   180   7    50    303
375   31   3    166    28
376   146   6    18    22
377   201   5    110    356
378   163   5    74    65
379   376   4    31    437
380   375   6    46    151
381   129   6    56    302
382   287   5    46    229
383   198   6    133    11
384   370   4    169    296
385   357   3    12    436
386   130   4    74    306
387   5   5    164    319
388   173   4    115    50
389   123   3    65    174
390   31   4    130    357
391   374   3    178    436
392   165   3    181    11
393   184   5    127    112
394   91   7    32    293
395   215   3    175    397
396   360   7    171    449
397   304   3    117    390
398   377   7    21    485
399   370   5    191    196
400   116   5    13    233
401   117   3    21    392
402   165   5    93    376
403   7   2    58    311
404   239   6    87    80
405   97   4    199    139
406   282   4    39    331
407   361   5    20    240
408   281   7    35    61
409   203   5    199    317
410   52   7    121    171
411   55   5    199    342
412   340   3    147    387
413   266   6    151    337
414   394   3    104    289
415   98   3    134    335
416   153   2    156    189
417   301   4    128    383
418   248   6    38    451
419   96   6    57    439
420   383   4    180    19
421   347   3    194    89
422   139   5    108    90
423   102   5    102    324
424   187   2    4    323
425   191   2    151    122
426   291   4    114    202
427   63   6    46    274
428   361   3    98    296
429   196   6    183    434
430   355   2    30    121
431   368   7    176    269
432   406   5    74    56
433   80   3    12    4
434   430   6    33    312
435   73   2    110    187
436   56   7    111    157
437   294   2    155    422
438   147   6    137    100
439   264   6    190    299
440   128   5    66    46
441   226   3    140    21
442   140   2    74    160
443   335   4    50    392
444   256   3    126    161
445   193   4    177    293
446   25   3    53    499
447   78   6    103    141
448   362   3    141    429
449   338   3    70    231
450   340   5    169    106
451   420   6    91    102
452   196   5    142    297
453   440   3    191    68
454   419   6    160    447
455   232   7    145    349
456   313   2    8    64
457   355   2    134    484
458   314   5    83    269
459   457   5    51    199
460   114   7    12    314
461   139   3    42    472
462   448   3    61    320
463   146   3    2    43
464   388   7    13    293
465   243   3    40    417
466   385   6    108    110
467   294   4    193    107
468   348   3    177    498
469   128   2    107    449
470   191   6    161    339
471   326   4    86    245
472   258   2    186    34
473   343   5    168    36
474   452   5    138    316
475   320   3    178    112
476   360   7    108    196
477   445   2    31    469
478   119   7    69    396
479   251   5    108    241
480   212   7    61    453
481   472   2    10    10
482   314   2    91    95
483   197   7    158    227
484   417   4    129    449
485   209   6    115    24
486   66   4    96    252
487   131   4    39    419
488   372   6    140    393
489   445   6    82    254
490   411   3    121    38
491   359   4    132    426
492   138   6    185    210
493   287   2    31    254
494   217   6    61    214
495   370   3    166    62
496   152   7    147    174
497   406   2    126    10
498   415   6    50    85
499   309   6    24    22
500   169   7    163    178
501   68   4    59    114
502   441   4    160    437
503   308   6    43    161
504   502   3    12    119
505   346   2    71    218
506   356   3    195    373
507   96   6    99    308
508   214   6    195    82
509   309   7    157    358
510   475   5    42    164
511   396   2    170    83
512   49   5    140    269
513   216   4    185    103
514   260   2    16    442
515   507   2    152    66
516   98   6    38    367
517   115   2    179    97
518   137   6    63    300
519   320   6    165    299
520   305   6    190    460
521   12   2    156    163
522   460   5    186    283
523   185   3    98    376
524   388   2    177    186
525   463   3    80    46
526   250   6    111    146
527   300   4    31    273
528   230   3    171    177
529   417   5    75    415
530   331   5    148    100
531   434   7    175    294
532   103   7    143    413
533   200   5    62    232
534   99   4    53    122
535   294   2    89    113
536   273   5    25    232
537   482   7    101    33
538   533   3    147    176
539   263   5    198    472
540   379   4    144    45
541   324   2    36    471
542   174   7    126    253
543   64   7    64    336
544   389   7    123    141
545   334   2    54    314
546   517   7    133    21
547   530   6    140    219
548   175   5    175    36
549   492   2    49    469
550   434   7    130    222
551   455   4    21    101
552   128   6    182    240
553   525   2    166    42
554   47   5    143    466
555   61   3    168    453
556   553   2    7    234
557   248   5    33    120
558   325   6    182    330
559   527   2    114    165
560   423   5    121    378
561   87   5    175    436
562   164   2    131    178
563   320   2    133    68
564   146   4    23    400
565   366   4    92    409
566   312   3    189    355
567   380   3    167    235
568   565   4    193    47
569   349   7    23    347
570   175   5    112    366
571   350   5    26    307
572   154   5    71    142
573   200   7    189    124
574   333   6    56    16
575   353   6    129    90
576   217   2    8    486
577   514   5    88    231
578   237   2    137    332
579   328   3    82    295
580   361   5    127    206
581   266   7    51    107
582   83   2    149    184
583   166   7    16    217
584   278   2    23    344
585   566   3    169    7
586   444   5    104    212
587   153   2    71    113
588   263   6    160    158
589   431   2    149    367
590   481   5    81    303
591   155   3    46    61
592   119   3    30    250
593   66   2    130    48
594   208   6    172    422
595   206   6    75    416
596   481   5    173    142
597   534   3    184    22
598   261   6    39    13
599   526   5    20    106
600   513   2    53    459
601   306   6    175    313
602   575   7    58    431
603   504   3    63    60
604   559   4    185    477
605   534   2    21    8
606   455   3    24    69
607   518   4    149    49
608   434   6    166    191
609   425   3    127    239
610   284   6    186    298
611   541   2    102    17
612   520   3    132    182
613   457   2    143    69
614   475   4    58    208
615   116   2    192    54
616   221   4    18    100
617   23   7    132    371
618   254   3    53    481
619   441   4    129    492
620   434   7    199    423
621   551   5    45    28
622   377   7    184    257
623   204   2    58    316
624   30   2    46    275
625   321   3    134    127
626   375   5    87    30
627   10   4    88    474
628   203   6    137    410
629   578   6    42    443
630   545   2    39    142
631   49   4    4    139
632   61   5    69    56
633   176   5    100    212
634   319   4    64    312
635   405   7    113    357
636   134   4    67    322
637   499   3    152    416
638   218   6    109    214
639   160   2    12    76
640   586   2    14    496
641   446   6    43    103
642   255   5    127    14
643   554   5    94    122
644   415   3    130    320
645   190   4    90    235
646   631   5    157    263
647   388   6    69    16
648   570   6    26    2
649   206   4    183    125
650   97   4    134    207
651   11   6    49    138
652   82   4    177    233
653   469   2    48    347
654   455   4    193    486
655   228   7    17    193
656   318   3    193    77
657   328   3    58    482
658   57   3    154    425
659   408   7    149    328
660   614   7    190    75
661   120   5    128    163
662   426   4    66    34
663   558   6    83    492
664   137   6    132    243
665   325   4    98    486
666   420   4    169    256
667   441   5    60    225
668   68   4    21    3
669   132   3    44    32
670   199   3    120    239
671   424   4    143    30
672   384   5    88    30
673   296   7    193    2
674   114   5    15    253
675   113   2    189    165
676   324   6    39    443
677   94   3    178    115
678   330   7    37    171
679   345   4    110    160
680   637   4    179    276
681   8   5    122    280
682   663   6    138    140
683   419   3    57    153
684   342   5    52    224
685   283   3    181    57
686   629   2    35    216
687   684   3    138    378
688   380   5    56    30
689   606   2    65    174
690   225   4    102    64
691   116   3    117    247
692   161   6    197    1
693   109   7    39    490
694   612   4    63    495
695   665   4    43    477
696   649   2    115    293
697   73   4    137    232
698   427   4    154    347
699   47   3    29    411
700   197   2    81    381
701   66   7    120    483
702   499   3    42    37
703   686   7    138    8
704   142   7    67    111
705   181   7    108    377
706   648   6    159    436
707   341   6    3    108
708   278   2    191    167
709   252   7    84    124
710   461   2    171    361
711   396   5    139    323
712   635   2    30    76
713   140   5    177    5
714   302   4    46    157
715   84   4    139    280
716   51   7    43    424
717   71   3    106    336
718   257   2    66    322
719   308   2    130    209
720   548   5    1    471
721   82   6    84    334
722   55   5    73    115
723   230   5    132    235
724   179   6    51    308
725   608   2    63    463
726   477   3    127    18
727   638   7    120    175
728   198   5    194    291
729   300   7    134    346
730   590   4    120    470
731   627   2    35    188
732   578   2    169    327
733   682   5    56    171
734   233   2    103    475
735   193   6    107    349
736   395   6    85    126
737   230   5    111    36
738   211   2    143    87
739   536   5    171    365
740   283   2    11    146
741   433   3    155    445
742   715   3    117    216
743   685   2    99    18
744   86   5    129    461
745   494   3    121    402
746   174   5    104    427
747   90   5    76    424
748   489   6    43    18
749   330   4    10    302
750   572   2    98    137
751   603   2    54    80
752   742   6    41    225
753   749   3    113    1
754   687   2    75    337
755   122   6    6    55
756   672   2    159    63
757   127   5    20    280
758   715   7    92    44
759   296   7    43    381
760   351   2    67    284
761   327   4    75    330
762   251   5    43    1
763   233   4    129    43
764   171   5    8    244
765   189   2    176    355
766   276   6    68    249
767   668   5    9    438
768   390   5    143    9
769   153   3    24    59
770   149   2    3    117
771   397   6    39    492
772   282   6    157    205
773   63   5    60    105
774   408   4    49    379
775   227   7    187    69
776   595   2    41    114
777   702   4    63    228
778   368   2    105    45
779   156   5    186    239
780   655   4    71    263
781   536   5    100    276
782   685   3    148    67
783   126   2    52    391
784   579   3    29    170
785   89   6    118    323
786   79   5    144    85
787   643   2    7    233
788   541   4    102    208
789   361   7    136    173
790   469   6    197    67
791   303   2    172    181
792   752   3    155    100
793   79   5    69    378
794   287   7    63    177
795   656   3    80    147
796   448   6    75    488
797   698   7    62    255
798   428   7    66    52
799   603   4    197    226
800   701   6    164    256
801   328   5    112    115
802   87   5    27    158
803   415   6    173    235
804   210   4    55    90
805   695   2    108    370
806   760   6    126    39
807   36   7    64    404
808   768   4    43    92
809   384   6    187    242
810   412   7    11    435
811   217   3    130    195
812   120   6    110    221
813   797   3    69    166
814   322   4    8    292
815   740   4    132    423
816   353   2    68    202
817   309   2    188    82
818   318   3    43    37
819   754   5    126    132
820   476   7    4    379
821   47   2    100    112
822   720   2    144    217
823   470   4    81    356
824   683   6    152    256
825   562   7    1    147
826   265   5    41    202
827   576   3    198    292
828   437   2    190    133
829   495   2    113    188
830   342   5    58    4
831   761   4    147    453
832   163   2    118    41
833   295   7    103    292
834   196   7    185    144
835   616   4    150    238
836   260   2    186    359
837   224   7    51    258
838   596   4    26    435
839   723   2    89    263
840   565   7    178    449
841   322   3    97    472
842   293   7    54    487
843   710   3    43    486
844   111   5    55    410
845   10   3    112    223
846   381   3    71    97
847   259   6    108    370
848   220   4    29    267
849   767   5    95    194
850   279   2    175    179
851   798   3    57    34
852   371   3    98    12
853   222   2    30    144
854   78   6    74    333
855   823   2    137    113
856   430   5    48    266
857   588   6    193    433
858   166   4    85    353
859   595   6    8    116
860   633   3    176    477
861   858   3    42    16
862   562   7    114    458
863   431   2    192    137
864   663   5    144    5
865   345   4    27    407
866   329   2    105    13
867   493   7    65    284
868   39   5    21    103
869   362   4    182    90
870   357   7    16    56
871   670   6    14    459
872   704   4    187    182
873   788   4    15    187
874   349   7    179    98
875   397   4    16    27
876   167   5    155    267
877   858   7    51    314
878   601   4    91    87
879   312   5    118    372
880   717   5    107    163
881   846   2    69    377
882   174   7    89    245
883   833   3    39    183
884   580   7    50    331
885   105   5    84    105
886   725   6    89    20
887   231   6    46    446
888   270   2    108    188
889   522   3    123    398
890   791   4    191    41
891   249   7    186    275
892   666   5    62    380
893   363   4    65    350
894   251   6    138    111
895   860   4    32    157
896   197   7    109    456
897   847   4    64    414
898   793   4    53    268
899   517   2    102    412
900   370   7    177    22
901   277   5    42    49
902   703   7    15    461
903   583   2    121    382
904   782   6    45    191
905   866   7    125    293
906   55   3    76    350
907   247   5    127    416
908   565   6    191    177
909   852   5    177    396
910   217   4    43    7
911   607   2    83    481
912   691   2    182    401
913   666   6    152    169
914   256   3    185    191
915   574   3    193    458
916   771   5    93    345
917   671   2    181    285
918   270   2    125    38
919   776   5    72    185
920   635   5    19    325
921   179   5    94    408
922   894   3    44    164
923   425   5    51    388
924   510   7    125    117
925   446   6    185    69
926   854   6    74    178
927   86   4    167    240
928   899   4    31    60
929   531   6    107    441
930   89   4    63    168
931   333   3    115    402
932   713   5    71    347
933   257   4    58    27
934   743   7    32    431
935   304   6    89    286
936   827   5    135    73
937   87   7    190    251
938   292   5    16    456
939   911   7    16    152
940   56   4    153    248
941   151   4    16    66
942   148   4    190    37
943   708   7    187    169
944   717   6    79    36
945   895   7    142    460
946   580   3    32    163
947   292   4    154    110
948   710   4    154    54
949   773   3    98    200
950   623   2    107    280
951   518   7    85    320
952   181   2    79    10
953   848   2    5    282
954   743   6    107    452
955   933   3    103    107
956   527   7    145    324
957   314   2    29    54
958   183   4    15    271
959   901   3    157    356
960   747   4    149    16
961   334   3    124    50
962   297   5    33    36
963   144   2    65    359
964   955   5    67    124
965   296   2    90    244
966   736   3    124    231
967   374   7    42    206
968   811   4    87    413
969   556   7    189    17
970   96   6    100    417
971   480   3    86    289
972   131   5    88    492
973   800   7    79    313
974   122   2    59    256
975   46   6    161    267
976   398   5    121    72
977   406   2    117    202
978   480   5    38    312
979   839   3    143    201
980   76   6    58    448
981   438   7    149    217
982   286   4    24    386
983   383   7    13    328
984   828   5    158    127
985   964   5    41    143
986   407   6    40    306
987   280   5    168    342
988   500   7    87    356
989   431   4    177    282
990   555   7    39    233
991   729   7    183    263
992   205   4    173    51
993   436   2    64    131
994   789   2    64    284
995   337   3    26    435
996   521   3    20    102
997   427   2    6    438
998   841   7    115    448
999   588   6    26    387
1000   432   7    21    103
1001   697   4    43    391
1002   935   3    147    303
1003   856   4    197    482
1004   449   2    46    328
1005   601   6    83    349
1006   710   5    20    122
1007   590   4    146    460
1008   664   4    127    57
1009   242   7    1    333
1010   76   3    184    310
1011   86   3    197    475
1012   393   3    99    223
1013   953   4    142    419
1014   328   6    44    299
1015   258   4    45    386
1016   441   5    75    296
1017   255   6    17    396
1018   510   2    145    319
1019   232   7    84    130
1020   897   4    171    458
1021   481   5    185    390
1022   114   6    40    17
1023   177   4    60    322
1024   948   5    10    13
