1   0   5    29    39
2   1   5    65    140
3   1   2    47    12
4   1   7    195    238
5   3   3    100    460
6   3   5    140    167
7   4   2    155    434
8   6   6    192    449
9   1   2    16    73
10   2   2    179    388
11   4   5    89    59
12   2   4    133    473
13   4   6    190    496
14   6   7    127    247
15   1   6    43    82
16   6   2    136    272
17   10   6    1    62
18   3   4    13    479
19   16   5    108    85
20   16   3    65    3
21   13   2    147    475
22   11   7    64    45
23   8   2    173    193
24   11   7    157    333
25   5   2    164    78
26   21   2    79    38
27   8   7    164    389
28   13   7    111    1
29   9   3    54    418
30   10   3    127    479
31   13   3    111    155
32   23   2    100    271
33   26   2    121    460
34   16   2    129    33
35   4   6    93    166
36   24   4    61    499
37   7   4    44    310
38   33   4    107    437
39   5   6    120    287
40   20   5    69    15
41   25   3    166    96
42   29   4    27    52
43   13   5    23    192
44   41   5    79    478
45   36   4    186    174
46   25   4    191    87
47   32   2    128    245
48   2   5    76    352
49   21   7    131    145
50   37   3    119    19
51   38   3    95    482
52   20   7    198    264
53   14   3    172    440
54   9   7    108    471
55   42   6    130    418
56   38   2    13    109
57   29   5    9    413
58   35   6    193    137
59   5   4    192    377
60   58   4    83    438
61   11   5    79    482
62   13   6    10    483
63   61   7    88    78
64   29   2    113    350
65   42   7    107    123
66   34   5    71    112
67   6   3    4    68
68   58   3    180    396
69   18   2    132    41
70   11   5    135    53
71   54   6    165    463
72   31   6    199    324
73   31   5    88    444
74   65   6    35    331
75   65   5    138    343
76   36   7    73    102
77   18   4    36    383
78   56   4    160    387
79   51   3    132    291
80   30   6    72    257
81   53   5    100    350
82   44   5    50    471
83   76   4    187    429
84   50   4    133    203
85   54   4    37    16
86   21   7    58    340
87   40   5    146    434
88   76   5    118    128
89   38   6    150    238
90   16   2    122    499
91   57   3    43    494
92   8   6    167    495
93   71   3    159    65
94   45   3    126    119
95   48   2    142    231
96   76   2    44    457
97   45   6    42    115
98   5   7    148    6
99   3   5    181    332
100   45   2    155    22
101   86   7    30    114
102   87   7    92    416
103   67   4    78    25
104   7   2    196    439
105   63   5    43    107
106   21   7    147    393
107   67   4    128    100
108   101   5    72    118
109   77   2    176    361
110   22   7    12    441
111   8   2    170    51
112   39   2    54    486
113   4   2    45    146
114   37   4    95    362
115   71   7    30    454
116   79   6    20    480
117   42   3    133    204
118   19   5    119    375
119   114   6    150    388
120   116   6    7    480
121   106   3    60    85
122   91   7    22    455
123   84   2    51    92
124   43   6    27    282
125   2   3    135    487
126   59   7    34    56
127   50   4    49    219
128   115   6    196    220
129   85   6    22    25
130   116   7    155    447
131   124   6    178    371
132   94   7    117    255
133   112   7    100    221
134   75   7    186    201
135   118   5    161    106
136   16   4    63    282
137   35   5    158    165
138   23   4    118    335
139   34   6    47    308
140   122   2    79    340
141   98   4    146    422
142   21   3    35    452
143   57   3    101    7
144   127   6    27    444
145   58   4    153    13
146   71   2    128    357
147   49   4    126    215
148   39   4    28    359
149   108   7    179    385
150   52   5    115    173
151   82   3    36    328
152   41   5    13    67
153   96   3    83    163
154   52   4    199    84
155   92   6    179    393
156   45   7    3    388
157   90   5    176    140
158   145   3    66    104
159   135   4    7    58
160   47   4    195    463
161   127   5    38    352
162   2   6    132    331
163   85   4    146    407
164   135   7    129    498
165   42   7    35    12
166   160   4    11    50
167   158   2    150    461
168   139   5    87    342
169   25   2    141    185
170   51   5    13    232
171   70   6    39    327
172   166   3    131    287
173   152   5    135    336
174   57   5    142    158
175   80   3    46    95
176   144   4    91    217
177   62   6    141    410
178   173   6    120    418
179   51   7    190    471
180   51   6    91    345
181   107   4    29    411
182   108   5    47    236
183   75   3    138    204
184   51   7    94    222
185   26   5    16    335
186   118   4    154    126
187   52   3    8    5
188   130   2    77    242
189   105   4    19    292
190   60   6    156    351
191   60   4    144    87
192   62   4    86    492
193   14   4    104    470
194   120   6    135    230
195   152   7    144    440
196   76   6    16    5
197   67   7    55    25
198   70   6    151    250
199   46   7    63    3
200   102   4    74    403
201   27   7    85    421
202   145   7    32    424
203   78   4    11    483
204   6   2    8    467
205   9   4    182    378
206   126   6    27    120
207   99   7    67    145
208   82   6    70    135
209   128   2    189    337
210   66   5    74    492
211   75   3    24    393
212   189   4    197    52
213   32   5    95    462
214   94   6    181    14
215   85   4    28    73
216   126   6    129    33
217   59   6    120    234
218   84   6    45    119
219   98   3    10    204
220   176   5    125    298
221   213   3    149    219
222   210   4    34    205
223   151   7    193    364
224   113   2    64    495
225   181   4    94    51
226   129   6    197    203
227   181   2    10    484
228   43   6    43    53
229   222   7    136    29
230   62   2    63    96
231   167   6    12    43
232   211   3    58    130
233   52   5    37    68
234   62   4    103    486
235   82   3    170    23
236   208   2    90    402
237   145   7    12    237
238   198   3    156    285
239   174   5    161    88
240   197   5    71    198
241   162   5    82    47
242   190   4    127    496
243   17   5    29    17
244   221   5    134    237
245   48   2    130    329
246   142   6    95    384
247   9   7    91    372
248   43   4    17    222
249   78   5    108    105
250   88   2    93    321
251   10   3    122    50
252   203   7    11    389
253   245   2    146    233
254   216   7    80    359
255   220   7    50    414
256   80   4    120    384
257   103   2    145    66
258   216   5    177    400
259   26   3    145    302
260   253   2    27    65
261   228   4    110    246
262   189   4    55    242
263   189   3    163    159
264   28   3    32    253
265   102   6    95    271
266   69   7    42    253
267   124   6    3    354
268   211   3    187    17
269   251   7    107    392
270   190   6    184    356
271   249   7    149    390
272   266   6    29    54
273   27   4    22    427
274   153   5    158    313
275   149   4    45    358
276   3   7    1    464
277   266   6    66    154
278   127   2    119    205
279   255   7    53    415
280   246   4    30    165
281   73   2    36    306
282   140   3    50    67
283   112   2    101    96
284   91   6    125    393
285   168   4    129    107
286   257   5    116    182
287   260   7    56    213
288   215   5    29    9
289   284   5    45    308
290   179   2    111    356
291   54   2    100    308
292   20   4    6    366
293   126   3    103    51
294   249   4    14    493
295   22   3    76    277
296   207   4    36    193
297   132   6    38    125
298   43   7    7    468
299   123   7    135    157
300   242   6    146    366
301   266   6    123    140
302   37   2    121    190
303   150   5    38    313
304   267   2    19    196
305   236   7    87    102
306   185   4    149    216
307   217   2    192    211
308   133   2    182    224
309   181   7    158    158
310   280   3    194    46
311   274   3    25    131
312   304   4    24    122
313   188   4    115    228
314   91   2    20    439
315   56   7    22    151
316   24   5    112    70
317   120   5    100    32
318   289   4    71    3
319   14   2    149    421
320   235   6    115    194
321   198   7    13    258
322   125   4    67    288
323   263   4    1    184
324   122   3    93    357
325   60   4    123    2
326   191   4    145    107
327   259   6    8    5
328   183   5    38    312
329   320   3    184    412
330   254   4    138    313
331   147   6    105    282
332   11   4    181    49
333   165   7    179    53
334   120   6    164    47
335   196   5    80    128
336   50   7    161    11
337   266   4    76    4
338   153   5    74    336
339   173   2    2    296
340   137   2    76    32
341   48   5    125    364
342   181   4    145    102
343   253   2    76    452
344   323   4    8    453
345   336   3    122    261
346   174   2    185    117
347   128   3    139    49
348   151   2    43    395
349   85   5    176    356
350   191   4    67    477
351   202   5    85    411
352   319   4    72    53
353   299   5    3    283
354   207   4    78    250
355   337   2    163    124
356   192   5    37    204
357   234   4    171    297
358   73   6    63    318
359   97   4    98    237
360   358   2    169    204
361   218   3    167    35
362   153   7    111    471
363   104   2    71    328
364   206   5    94    28
365   123   3    155    416
366   122   5    132    444
367   17   4    25    241
368   211   6    56    235
369   178   7    86    234
370   327   4    166    298
371   196   5    93    147
372   207   2    15    187
373   104   7    12    83
374   349   6    63    73
375   58   2    18    257
376   105   3    106    464
377   374   5    50    243
378   324   6    196    93
379   33   2    61    102
380   275   2    191    65
381   117   3    196    216
382   190   4    26    5
383   148   7    107    382
384   276   2    49    8
385   366   5    180    226
386   225   7    180    56
387   105   5    152    334
388   114   7    154    377
389   281   4    28    339
390   229   3    52    269
391   214   3    62    337
392   54   5    153    143
393   349   5    28    320
394   363   4    56    173
395   91   3    157    211
396   18   6    117    312
397   272   4    182    5
398   100   3    106    41
399   344   5    36    174
400   231   3    174    72
401   14   5    176    309
402   367   5    3    333
403   368   5    145    442
404   363   6    57    122
405   266   4    108    369
406   300   5    5    109
407   124   4    65    353
408   336   4    91    432
409   22   5    154    96
410   371   4    183    491
411   183   4    145    379
412   23   3    48    134
413   116   3    62    50
414   249   4    37    458
415   287   6    155    260
416   167   4    79    43
417   397   7    105    298
418   416   6    37    418
419   22   4    196    306
420   228   4    196    339
421   211   6    193    61
422   49   7    86    275
423   31   3    179    26
424   216   3    148    335
425   47   7    96    368
426   10   4    68    198
427   362   5    158    168
428   319   3    154    137
429   352   4    42    185
430   290   6    133    205
431   178   5    169    106
432   17   3    114    212
433   78   6    3    217
434   410   4    86    306
435   265   6    188    159
436   76   2    162    191
437   207   2    68    93
438   102   2    37    471
439   385   6    166    158
440   46   7    182    102
441   60   6    43    250
442   25   4    124    36
443   154   7    66    10
444   429   6    104    383
445   177   2    69    241
446   180   4    191    408
447   257   7    37    475
448   161   3    141    208
449   192   6    108    214
450   273   5    65    342
451   334   2    71    294
452   125   7    150    376
453   136   3    165    235
454   415   4    17    401
455   60   3    94    62
456   331   3    184    212
457   12   5    137    165
458   270   6    101    325
459   138   4    64    450
460   382   2    32    114
461   419   6    81    329
462   231   6    85    425
463   344   5    120    498
464   113   2    129    425
465   102   5    194    294
466   27   2    31    370
467   382   6    116    192
468   175   3    130    377
469   464   5    56    92
470   20   7    165    462
471   192   7    20    31
472   242   2    137    96
473   313   3    116    56
474   231   7    89    33
475   233   7    95    472
476   186   7    71    177
477   100   4    176    47
478   464   7    50    428
479   37   2    118    209
480   181   2    48    260
481   211   6    177    170
482   254   5    190    172
483   282   6    178    322
484   326   7    155    362
485   39   4    99    37
486   312   7    114    450
487   121   3    130    297
488   186   2    100    348
489   317   3    148    360
490   373   6    35    322
491   55   6    118    325
492   318   7    112    213
493   70   4    186    293
494   162   3    39    337
495   9   4    45    249
496   315   5    132    301
497   351   7    171    174
498   346   6    129    480
499   384   3    55    475
500   379   2    198    79
501   363   6    88    483
502   232   2    123    8
503   19   2    54    437
504   37   3    184    426
505   147   5    73    300
506   180   5    54    66
507   275   6    117    459
508   20   5    134    495
509   230   2    1    481
510   420   4    195    94
511   223   5    142    117
512   318   4    112    62
513   271   6    90    367
514   140   2    58    192
515   388   2    151    193
516   382   2    191    257
517   288   4    120    395
518   438   5    180    217
519   133   3    184    65
520   411   3    136    67
521   453   4    186    474
522   167   6    25    354
523   333   2    115    431
524   373   3    42    99
525   419   2    129    420
526   354   3    125    343
527   273   5    78    178
528   297   7    2    304
529   105   2    120    424
530   287   7    199    272
531   192   4    125    263
532   148   6    79    292
533   527   5    169    243
534   183   6    107    59
535   348   3    116    358
536   178   4    169    268
537   209   3    173    462
538   487   7    23    404
539   357   2    128    396
540   492   5    55    199
541   125   2    115    314
542   201   5    106    252
543   187   2    186    309
544   343   6    180    111
545   529   3    165    91
546   453   5    188    366
547   485   5    19    178
548   487   6    177    288
549   103   2    49    16
550   10   7    146    388
551   393   6    157    228
552   7   3    52    429
553   168   2    28    21
554   82   3    147    370
555   537   4    14    70
556   264   5    186    153
557   196   6    189    3
558   390   3    196    108
559   294   6    107    285
560   172   5    34    78
561   53   2    88    301
562   82   7    92    464
563   377   4    50    459
564   153   4    115    434
565   310   7    143    4
566   345   5    6    437
567   5   7    119    186
568   330   6    141    266
569   477   6    77    178
570   186   5    57    470
571   100   7    163    431
572   151   2    42    473
573   294   2    64    421
574   22   7    19    460
575   536   2    87    476
576   349   2    149    280
577   348   2    161    478
578   158   5    118    380
579   61   4    175    300
580   29   7    65    1
581   404   3    115    78
582   178   5    165    110
583   398   4    35    348
584   410   5    39    348
585   549   4    21    105
586   501   6    189    155
587   353   7    66    422
588   473   2    88    367
589   357   3    107    463
590   527   4    46    25
591   347   2    92    487
592   503   3    94    433
593   419   6    66    62
594   87   3    42    53
595   494   2    183    283
596   258   7    11    42
597   582   4    177    113
598   387   7    147    358
599   57   4    187    375
600   146   2    196    308
601   259   7    171    349
602   97   7    171    165
603   381   7    39    229
604   203   7    77    88
605   90   7    148    190
606   183   5    73    24
607   105   3    1    213
608   438   2    137    37
609   249   6    24    178
610   124   4    165    327
611   473   2    105    220
612   185   7    105    488
613   423   3    4    175
614   593   4    23    223
615   486   4    194    245
616   562   7    52    197
617   419   6    62    392
618   135   2    133    52
619   139   5    40    378
620   87   7    186    252
621   244   6    19    252
622   518   2    184    437
623   408   2    143    317
624   118   2    70    488
625   193   7    15    164
626   352   2    165    290
627   573   7    184    61
628   467   5    198    104
629   276   2    100    194
630   483   6    27    305
631   334   3    75    206
632   189   6    121    139
633   67   3    131    334
634   144   3    141    485
635   497   4    112    461
636   352   6    174    231
637   301   3    64    448
638   436   6    127    131
639   177   2    18    438
640   434   4    153    440
641   292   3    124    161
642   215   5    83    342
643   66   6    194    72
644   85   3    108    425
645   421   6    96    484
646   491   6    9    149
647   637   2    7    288
648   355   3    53    80
649   447   7    97    327
650   435   7    121    313
651   165   5    106    183
652   583   6    190    130
653   465   7    7    417
654   53   5    7    383
655   44   2    141    432
656   636   4    77    234
657   425   4    118    303
658   287   7    79    381
659   55   2    79    186
660   160   3    43    151
661   370   4    179    413
662   350   2    100    399
663   172   3    26    206
664   244   7    54    61
665   89   5    79    331
666   433   4    164    463
667   250   3    1    32
668   411   3    168    194
669   335   6    153    454
670   445   5    72    161
671   605   7    33    305
672   479   5    98    115
673   453   7    160    288
674   614   7    89    331
675   606   7    6    375
676   641   3    98    20
677   178   2    5    110
678   204   7    165    199
679   30   7    92    474
680   517   7    117    97
681   166   5    66    10
682   308   3    6    335
683   113   5    104    124
684   587   2    159    279
685   24   5    73    211
686   446   2    31    170
687   499   4    45    233
688   324   7    123    153
689   67   7    128    399
690   176   4    24    492
691   559   3    197    337
692   561   6    46    174
693   358   6    68    262
694   336   6    33    454
695   680   4    18    42
696   30   2    115    294
697   196   2    156    23
698   70   2    95    229
699   281   3    39    93
700   440   5    169    207
701   250   4    121    70
702   515   3    80    38
703   639   5    103    336
704   165   4    163    11
705   129   7    76    208
706   290   7    148    344
707   326   4    16    286
708   478   4    51    36
709   505   5    138    462
710   269   6    60    391
711   276   5    17    395
712   546   4    133    478
713   503   7    116    153
714   115   2    176    104
715   250   3    145    141
716   38   6    80    156
717   221   7    100    427
718   419   7    38    78
719   38   4    117    268
720   80   4    181    81
721   653   4    81    185
722   147   4    69    456
723   602   5    66    244
724   328   4    35    70
725   555   5    59    239
726   479   7    186    274
727   160   4    87    313
728   215   4    22    366
729   708   4    14    274
730   635   3    94    243
731   116   6    112    296
732   689   2    97    152
733   459   3    81    203
734   407   3    108    326
735   138   2    6    307
736   628   5    11    253
737   129   2    32    189
738   244   4    23    246
739   296   2    180    169
740   348   6    192    447
741   442   6    47    314
742   90   3    4    380
743   200   4    164    344
744   162   2    67    224
745   446   6    123    267
746   665   7    194    119
747   331   6    56    479
748   521   5    86    16
749   340   4    2    214
750   510   5    46    84
751   170   2    8    416
752   527   2    28    65
753   8   2    52    288
754   103   2    198    116
755   164   4    75    163
756   478   2    4    70
757   694   2    13    377
758   88   3    146    19
759   631   7    184    431
760   409   5    181    417
761   257   3    7    350
762   753   5    194    259
763   112   2    89    77
764   362   6    109    480
765   754   7    138    472
766   205   4    144    188
767   749   7    109    114
768   277   3    11    294
769   535   3    149    111
770   167   5    138    317
771   605   6    12    469
772   403   4    109    442
773   626   7    135    443
774   574   3    55    105
775   202   4    27    495
776   352   2    169    24
777   571   5    6    430
778   190   7    159    127
779   427   4    182    82
780   689   7    26    45
781   536   5    104    443
782   474   3    9    316
783   68   6    83    18
784   472   7    27    211
785   746   4    74    282
786   409   2    104    78
787   594   7    146    266
788   198   2    181    204
789   79   6    189    361
790   755   6    16    129
791   99   7    170    188
792   125   2    177    202
793   327   3    180    386
794   396   6    92    248
795   569   5    105    461
796   64   3    172    246
797   558   4    141    228
798   555   2    129    104
799   101   7    162    104
800   352   4    190    246
801   280   5    150    61
802   415   6    33    284
803   736   4    72    281
804   478   5    194    41
805   482   6    44    28
806   405   4    179    438
807   729   5    172    437
808   494   4    100    81
809   190   3    111    255
810   398   6    84    349
811   794   3    164    441
812   183   6    190    234
813   53   2    45    160
814   624   5    73    115
815   641   2    107    441
816   147   5    119    135
817   614   7    26    163
818   44   2    12    174
819   261   6    127    180
820   379   7    51    180
821   14   5    29    373
822   477   2    169    173
823   193   4    62    114
824   526   6    13    367
825   454   3    149    23
826   478   7    69    23
827   184   6    134    43
828   396   7    171    215
829   522   2    82    78
830   469   2    121    291
831   19   2    11    106
832   230   5    162    296
833   290   5    196    460
834   249   4    162    333
835   348   5    49    231
836   392   5    30    311
837   808   4    21    320
838   507   3    156    219
839   438   5    158    1
840   336   5    76    64
841   608   4    24    448
842   159   5    57    453
843   630   7    94    434
844   324   4    184    134
845   80   7    78    46
846   671   4    193    51
847   387   7    172    79
848   399   3    7    11
849   657   4    149    313
850   688   2    175    28
851   531   6    76    426
852   515   4    18    460
853   213   5    131    389
854   142   4    142    433
855   423   4    41    237
856   625   7    38    20
857   39   7    82    156
858   52   2    160    394
859   460   6    155    68
860   323   4    28    414
861   242   2    8    192
862   499   4    26    100
863   851   5    139    11
864   157   7    75    384
865   552   3    8    231
866   147   6    76    172
867   801   3    70    162
868   552   7    49    163
869   492   7    14    319
870   332   6    199    461
871   466   6    107    13
872   423   6    132    123
873   199   7    50    322
874   795   6    58    467
875   703   2    199    194
876   438   2    20    295
877   621   5    169    258
878   313   7    38    411
879   424   3    141    398
880   311   5    115    386
881   428   2    183    79
882   133   2    67    444
883   459   6    192    430
884   27   3    4    294
885   358   7    12    168
886   809   2    108    377
887   323   7    85    204
888   639   3    173    189
889   543   3    113    412
890   487   6    64    374
891   569   4    43    474
892   126   5    16    412
893   829   4    68    125
894   287   6    23    269
895   606   7    177    373
896   221   3    93    77
897   642   7    137    23
898   463   6    85    16
899   554   5    181    492
900   788   4    8    484
901   717   2    142    331
902   425   7    135    249
903   799   6    163    292
904   418   4    134    214
905   546   4    66    265
906   79   5    68    206
907   814   7    178    62
908   186   5    11    269
909   248   7    114    450
910   237   7    152    94
911   24   5    54    180
912   518   7    185    352
913   587   4    92    477
914   492   6    183    426
915   840   4    75    359
916   773   6    48    67
917   297   4    155    226
918   17   6    6    196
919   542   4    186    376
920   468   5    61    458
921   621   3    181    490
922   126   2    73    131
923   367   3    143    201
924   799   5    95    399
925   363   5    108    493
926   540   7    148    425
927   823   5    185    220
928   141   4    91    6
929   728   4    192    117
930   123   3    67    173
931   921   3    5    30
932   652   4    197    198
933   633   7    175    144
934   547   3    101    36
935   785   5    199    273
936   834   5    23    51
937   578   4    100    496
938   94   6    130    280
939   81   2    195    278
940   639   3    12    381
941   80   4    106    286
942   566   3    76    485
943   826   5    83    361
944   581   3    193    106
945   514   5    139    217
946   284   3    104    137
947   903   4    94    324
948   552   2    12    442
949   139   5    54    376
950   868   6    97    8
951   32   5    80    463
952   420   6    87    130
953   282   2    194    234
954   448   2    165    26
955   560   4    78    23
956   657   2    28    8
957   33   3    163    328
958   636   6    9    142
959   303   3    107    406
960   301   7    97    449
961   534   2    58    224
962   223   5    130    93
963   465   5    47    14
964   156   7    30    379
965   354   5    119    454
966   454   3    103    401
967   619   4    183    395
968   252   2    10    157
969   925   6    124    335
970   736   7    163    143
971   462   7    143    101
972   846   2    125    58
973   236   2    195    397
974   44   2    76    198
975   398   5    68    178
976   554   2    192    4
977   117   3    109    490
978   89   4    108    347
979   757   7    32    96
980   226   4    41    268
981   723   7    173    341
982   68   2    86    354
983   472   3    61    126
984   236   6    195    477
985   17   7    113    200
986   110   7    141    499
987   275   7    27    307
988   355   2    153    287
989   972   6    178    357
990   585   7    159    207
991   326   3    79    253
992   588   5    189    89
993   733   3    97    41
994   729   5    143    347
995   192   3    46    68
996   159   3    95    389
997   300   5    17    433
998   70   6    65    235
999   566   5    152    475
1000   792   6    45    490
1001   639   4    182    19
1002   600   6    103    387
1003   166   6    29    251
1004   143   6    126    406
1005   821   5    59    307
1006   226   4    62    278
1007   210   3    145    24
1008   667   4    35    386
1009   333   4    178    287
1010   323   2    123    227
1011   887   2    145    172
1012   645   6    129    330
1013   902   6    185    220
1014   712   5    18    362
1015   357   6    173    86
1016   961   7    72    42
1017   276   3    82    416
1018   294   3    95    254
1019   72   7    46    115
1020   44   2    149    347
1021   232   6    124    163
1022   440   4    74    170
1023   738   3    72    395
1024   226   3    102    344
