1   0   3    13    19
2   1   3    177    240
3   1   6    69    308
4   2   2    154    296
5   2   5    103    279
6   2   2    85    169
7   4   7    146    78
8   2   7    120    317
9   4   5    139    301
10   4   7    67    369
11   5   4    144    286
12   7   3    22    148
13   6   4    101    123
14   4   3    33    353
15   10   6    64    263
16   14   4    7    64
17   15   4    38    156
18   16   7    178    98
19   8   6    114    241
20   3   5    1    233
21   12   4    89    318
22   14   5    152    383
23   11   6    97    141
24   22   5    143    245
25   23   7    147    498
26   18   2    56    341
27   15   5    75    269
28   3   3    50    74
29   15   2    24    209
30   18   4    16    12
31   27   4    138    415
32   1   7    190    137
33   14   4    44    440
34   29   3    106    168
35   27   5    176    445
36   23   5    74    191
37   23   4    125    136
38   21   6    76    50
39   6   4    31    77
40   3   4    70    76
41   14   2    68    435
42   15   2    140    318
43   24   5    130    372
44   39   7    15    440
45   41   6    134    106
46   43   5    33    108
47   42   5    146    163
48   27   4    111    360
49   7   4    19    133
50   43   2    129    182
51   21   2    42    200
52   10   7    27    1
53   7   7    115    428
54   29   7    167    133
55   11   4    143    37
56   41   5    139    284
57   11   3    60    301
58   3   6    112    326
59   12   6    44    13
60   38   3    49    178
61   21   2    107    105
62   13   5    92    170
63   60   7    181    335
64   5   7    92    172
65   20   2    147    289
66   23   6    118    155
67   39   2    166    148
68   41   3    184    458
69   25   5    141    465
70   34   2    162    36
71   27   4    7    202
72   19   5    38    103
73   48   7    123    393
74   65   5    8    313
75   12   3    112    156
76   40   2    137    240
77   64   5    126    350
78   9   2    87    372
79   40   5    54    88
80   24   4    16    496
81   76   2    141    28
82   64   3    108    277
83   68   5    180    2
84   32   2    186    386
85   35   2    168    232
86   10   2    36    403
87   77   2    30    37
88   28   7    89    55
89   76   7    144    48
90   88   6    36    443
91   50   3    83    152
92   65   3    25    250
93   9   4    121    446
94   36   4    45    120
95   37   2    17    207
96   49   5    168    319
97   24   6    59    99
98   34   5    163    320
99   90   5    165    231
100   75   7    145    82
101   96   6    74    312
102   32   7    153    211
103   95   6    52    110
104   17   4    70    264
105   100   5    199    446
106   68   3    170    213
107   59   3    9    171
108   100   3    123    25
109   98   6    189    119
110   38   2    171    299
111   83   6    80    135
112   74   3    184    3
113   39   3    106    98
114   57   4    122    391
115   50   2    177    369
116   20   3    6    15
117   24   7    198    316
118   68   3    154    26
119   1   2    54    109
120   60   3    96    261
121   66   5    153    78
122   88   5    85    247
123   63   5    87    293
124   37   5    98    404
125   75   5    6    469
126   16   3    119    450
127   25   7    85    141
128   55   7    183    26
129   10   5    148    164
130   125   2    182    293
131   52   6    123    498
132   112   4    177    442
133   53   6    90    122
134   49   4    198    2
135   38   2    184    18
136   26   5    8    56
137   73   4    102    151
138   94   6    1    305
139   134   4    169    353
140   33   6    120    452
141   113   7    179    162
142   38   5    160    345
143   79   5    105    328
144   89   2    61    413
145   135   6    4    6
146   64   4    85    467
147   70   3    192    390
148   68   5    123    122
149   73   6    39    316
150   83   4    103    347
151   113   5    53    154
152   5   7    45    212
153   49   3    84    212
154   111   4    193    436
155   50   3    157    198
156   76   7    50    228
157   112   4    52    68
158   9   4    197    444
159   109   6    195    14
160   12   4    138    252
161   28   3    66    446
162   106   3    182    100
163   110   7    179    407
164   155   6    39    284
165   132   6    128    136
166   28   2    88    314
167   124   6    23    269
168   155   2    138    236
169   133   3    76    334
170   100   2    163    60
171   80   5    149    365
172   104   7    52    366
173   53   3    87    473
174   145   4    100    390
175   71   2    177    291
176   161   5    182    6
177   65   2    50    152
178   111   2    4    473
179   39   5    131    160
180   158   5    71    79
181   111   6    2    121
182   109   7    163    263
183   83   5    50    362
184   52   7    112    368
185   135   5    181    36
186   79   5    193    354
187   88   4    173    20
188   82   2    88    188
189   113   6    136    448
190   44   5    133    121
191   16   3    100    407
192   19   4    72    409
193   151   2    33    221
194   143   3    120    331
195   94   7    157    439
196   136   7    191    282
197   115   2    46    455
198   16   3    136    117
199   87   3    110    272
200   74   4    137    454
201   188   5    2    370
202   113   6    85    325
203   64   6    137    308
204   106   4    180    282
205   192   4    80    404
206   9   2    123    156
207   133   4    108    115
208   65   6    192    22
209   36   5    185    115
210   46   6    112    18
211   100   3    59    254
212   142   5    176    113
213   95   2    171    491
214   135   6    141    10
215   110   7    87    141
216   152   5    156    306
217   6   2    131    259
218   167   5    86    454
219   152   6    93    97
220   28   4    28    248
221   150   2    48    377
222   159   3    183    283
223   158   6    102    86
224   157   4    55    412
225   52   5    25    173
226   215   5    81    451
227   205   4    92    338
228   223   7    193    95
229   50   3    3    406
230   157   3    148    446
231   181   2    39    12
232   163   6    65    3
233   114   4    41    402
234   193   3    40    142
235   137   2    175    216
236   138   6    117    81
237   234   2    99    376
238   62   6    170    394
239   189   4    5    151
240   205   2    36    286
241   143   3    80    241
242   207   2    48    268
243   180   6    40    319
244   155   5    39    38
245   118   5    81    103
246   148   5    158    14
247   206   4    11    85
248   171   2    180    377
249   73   4    159    498
250   175   4    22    260
251   124   2    192    287
252   186   4    40    338
253   158   5    68    89
254   43   5    156    279
255   139   2    28    15
256   241   3    176    173
257   110   6    194    331
258   185   4    182    201
259   67   2    186    281
260   171   5    4    395
261   198   3    46    17
262   239   5    182    279
263   164   5    74    378
264   86   3    12    125
265   257   4    14    309
266   251   3    68    174
267   123   7    184    247
268   67   7    114    77
269   7   7    155    351
270   267   5    33    61
271   98   5    33    437
272   152   6    47    98
273   230   2    118    224
274   116   4    134    382
275   139   3    109    164
276   141   7    172    86
277   167   2    169    14
278   165   2    98    219
279   231   4    154    73
280   76   5    43    158
281   166   7    75    314
282   35   2    78    295
283   94   6    145    468
284   245   6    186    288
285   280   5    4    420
286   104   2    4    226
287   247   3    88    21
288   274   3    138    242
289   165   2    35    363
290   17   2    42    89
291   81   6    140    457
292   283   3    143    275
293   249   2    102    238
294   21   4    38    262
295   90   7    106    497
296   163   2    135    221
297   155   3    124    134
298   5   5    105    334
299   183   5    198    57
300   80   6    99    87
301   189   7    46    105
302   170   4    153    402
303   57   7    144    131
304   121   3    164    387
305   26   7    2    42
306   239   3    130    163
307   87   4    189    75
308   88   4    21    225
309   153   4    26    296
310   308   3    87    194
311   53   7    120    252
312   170   5    170    295
313   57   3    37    50
314   99   2    146    214
315   195   5    47    448
316   84   5    67    230
317   174   2    67    267
318   132   6    122    108
319   305   4    39    329
320   240   4    82    242
321   264   2    195    360
322   59   3    186    384
323   317   7    21    187
324   183   4    181    77
325   153   6    82    285
326   84   5    168    95
327   231   2    42    14
328   152   6    132    243
329   246   2    86    465
330   159   3    115    238
331   90   4    106    152
332   135   5    147    33
333   26   4    124    269
334   90   7    181    212
335   200   5    173    27
336   196   5    91    169
337   222   6    156    353
338   258   6    130    464
339   293   5    95    141
340   310   5    75    338
341   158   3    18    313
342   317   4    129    371
343   122   3    141    69
344   299   5    17    310
345   150   5    16    218
346   166   3    105    318
347   72   2    192    418
348   273   5    5    384
349   174   2    177    65
350   91   5    166    336
351   136   3    136    193
352   314   7    181    344
353   62   2    193    22
354   84   2    41    365
355   148   7    56    66
356   280   4    139    476
357   196   6    42    430
358   309   2    181    406
359   339   4    135    173
360   272   2    97    369
361   168   3    85    315
362   258   2    150    200
363   36   3    188    125
364   326   4    73    359
365   180   2    30    387
366   336   4    65    361
367   60   3    137    279
368   330   6    148    278
369   6   6    156    341
370   70   5    149    73
371   343   6    46    358
372   245   4    154    371
373   307   7    175    425
374   48   3    82    371
375   324   4    144    468
376   278   6    91    392
377   36   7    50    70
378   268   4    16    380
379   74   7    15    381
380   224   6    92    343
381   205   7    126    471
382   349   4    118    216
383   210   3    150    425
384   255   4    164    103
385   255   7    148    380
386   62   3    148    6
387   206   5    70    284
388   182   6    163    435
389   321   4    54    419
390   54   6    56    103
391   154   3    60    214
392   374   6    95    198
393   324   7    39    312
394   115   7    16    450
395   96   6    168    192
396   327   6    114    477
397   267   3    122    359
398   352   6    16    7
399   282   3    98    220
400   275   6    54    230
401   213   5    62    240
402   22   3    17    186
403   286   4    173    154
404   73   2    57    481
405   164   6    61    71
406   129   5    107    233
407   301   4    180    457
408   245   5    11    286
409   352   4    22    393
410   311   7    163    183
411   142   2    51    483
412   55   3    68    196
413   99   2    27    209
414   277   6    36    146
415   263   7    112    29
416   225   3    4    345
417   383   2    96    222
418   246   3    192    384
419   229   2    138    310
420   189   3    112    114
421   71   7    146    426
422   350   6    173    67
423   93   2    138    199
424   132   3    12    250
425   287   2    57    173
426   22   3    111    112
427   157   7    147    328
428   340   3    100    15
429   183   2    153    68
430   168   6    124    415
431   106   2    24    446
432   256   5    146    129
433   63   3    19    338
434   355   5    38    397
435   278   7    187    216
436   87   6    154    424
437   431   4    88    135
438   150   7    174    197
439   396   7    162    224
440   56   2    60    416
441   183   6    191    245
442   103   6    198    11
443   109   7    81    11
444   82   4    170    358
445   342   3    143    341
446   170   2    132    458
447   289   5    22    279
448   295   4    93    452
449   140   7    60    230
450   233   5    94    216
451   420   2    12    356
452   378   4    189    107
453   103   5    124    84
454   156   3    130    420
455   345   5    2    212
456   332   4    185    162
457   185   5    173    257
458   103   5    180    423
459   319   3    47    478
460   224   2    176    304
461   396   2    77    116
462   302   2    118    362
463   275   5    111    442
464   418   2    169    118
465   20   3    73    119
466   122   2    46    16
467   82   2    77    412
468   461   3    159    148
469   282   6    169    143
470   426   5    87    366
471   272   3    97    273
472   331   7    134    469
473   61   3    122    158
474   203   7    102    59
475   271   5    164    211
476   112   3    22    190
477   209   6    93    210
478   440   6    39    258
479   375   6    17    445
480   84   4    127    129
481   292   4    147    449
482   42   3    114    159
483   75   7    14    297
484   269   2    125    114
485   398   2    167    192
486   373   4    20    337
487   232   7    74    131
488   344   4    26    480
489   130   6    43    5
490   340   5    54    144
491   433   4    168    255
492   467   7    9    131
493   59   6    107    287
494   343   5    34    239
495   374   4    175    393
496   170   2    169    8
497   212   6    141    304
498   455   3    98    83
499   350   6    199    418
500   363   6    157    271
501   286   2    188    159
502   374   5    66    482
503   159   6    164    365
504   495   6    59    36
505   327   6    96    79
506   210   3    61    482
507   89   4    79    209
508   340   4    79    155
509   364   6    51    401
510   26   4    101    30
511   143   3    182    36
512   216   2    30    58
513   285   5    178    150
514   212   3    150    258
515   212   4    12    51
516   123   6    31    18
517   278   3    111    201
518   310   3    191    369
519   271   3    15    288
520   136   6    142    428
521   276   7    105    138
522   454   2    126    70
523   236   6    39    272
524   176   4    146    233
525   191   2    113    14
526   44   2    10    235
527   19   6    2    96
528   55   3    166    460
529   416   3    97    114
530   428   6    115    264
531   210   6    168    358
532   93   2    149    125
533   349   2    22    318
534   484   6    184    496
535   153   4    195    71
536   87   4    93    155
537   471   3    58    135
538   392   6    107    261
539   403   7    94    275
540   99   2    191    473
541   243   3    124    99
542   156   5    17    350
543   60   3    59    364
544   328   4    112    374
545   449   3    14    223
546   385   7    110    199
547   413   3    109    239
548   374   6    174    392
549   417   2    135    297
550   213   2    138    328
551   201   3    127    161
552   408   2    7    41
553   465   6    140    57
554   459   3    131    86
555   86   7    73    423
556   510   7    179    140
557   476   6    170    23
558   463   2    64    418
559   431   3    77    10
560   480   7    10    375
561   362   2    172    391
562   284   2    160    304
563   107   4    181    131
564   476   5    91    236
565   238   6    85    291
566   562   4    189    450
567   163   6    164    437
568   140   7    165    119
569   364   7    13    193
570   450   4    165    420
571   238   6    195    358
572   392   3    4    222
573   153   5    84    2
574   74   2    123    51
575   398   7    22    436
576   505   2    37    456
577   234   6    164    180
578   391   7    165    221
579   34   6    27    406
580   270   3    32    401
581   47   7    58    230
582   276   2    108    381
583   507   7    174    76
584   55   7    57    81
585   178   2    145    416
586   426   6    181    360
587   388   7    142    126
588   69   6    71    239
589   437   2    115    106
590   245   7    174    161
591   51   2    196    249
592   221   4    105    319
593   440   4    164    95
594   249   6    74    30
595   159   5    2    68
596   542   6    143    473
597   137   6    80    110
598   151   5    69    277
599   401   4    100    98
600   78   4    22    58
601   421   6    150    136
602   322   6    23    265
603   75   6    155    147
604   465   4    86    115
605   332   4    29    13
606   474   5    85    198
607   587   4    162    228
608   515   3    10    34
609   556   3    69    385
610   444   3    115    315
611   273   6    95    10
612   291   6    31    111
613   29   7    194    211
614   438   3    67    259
615   440   4    186    297
616   400   4    39    106
617   562   5    67    187
618   593   6    95    232
619   332   3    179    209
620   396   2    163    319
621   186   2    39    276
622   363   3    4    9
623   440   3    180    246
624   124   7    179    264
625   359   7    59    343
626   541   2    120    207
627   204   2    138    140
628   320   5    119    440
629   324   3    154    274
630   321   6    189    141
631   148   2    86    90
632   97   6    35    168
633   37   2    142    338
634   353   4    152    109
635   201   7    118    464
636   461   7    48    193
637   480   4    184    54
638   349   2    107    157
639   491   5    111    371
640   556   7    187    437
641   17   4    121    177
642   547   4    131    209
643   62   3    39    20
644   17   7    91    147
645   526   5    61    108
646   478   7    13    170
647   387   6    176    147
648   346   2    98    24
649   552   5    33    161
650   631   7    33    84
651   518   3    162    243
652   487   2    3    170
653   275   4    77    458
654   34   4    1    105
655   124   6    45    346
656   485   7    4    321
657   194   3    155    423
658   131   4    75    351
659   329   7    123    203
660   72   4    125    129
661   505   3    169    393
662   208   5    139    300
663   380   6    9    148
664   506   2    118    57
665   128   4    138    254
666   48   4    146    494
667   575   7    169    41
668   529   2    77    329
669   344   7    16    144
670   144   3    187    404
671   264   6    189    398
672   527   3    80    498
673   273   4    199    164
674   655   5    45    151
675   607   2    167    415
676   383   5    58    51
677   417   5    160    253
678   468   5    102    317
679   233   5    141    396
680   359   5    113    43
681   568   4    82    236
682   114   7    121    381
683   460   5    172    168
684   146   6    54    194
685   314   7    51    49
686   418   7    120    492
687   669   7    134    447
688   351   7    113    414
689   476   4    33    154
690   551   7    91    389
691   281   5    138    186
692   541   2    127    82
693   277   6    120    334
694   129   3    190    267
695   221   3    42    432
696   303   4    14    4
697   562   4    83    92
698   91   5    148    24
699   140   7    9    461
700   593   2    15    490
701   390   3    89    466
702   487   2    131    479
703   360   6    21    94
704   238   4    29    9
705   187   2    148    224
706   117   6    93    84
707   98   4    122    195
708   106   3    108    396
709   171   2    176    487
710   320   5    56    379
711   376   7    61    13
712   98   3    104    149
713   56   2    94    454
714   462   6    58    134
715   269   7    185    75
716   520   5    63    145
717   226   3    123    61
718   431   4    137    230
719   321   6    84    90
720   173   7    127    246
721   162   2    51    175
722   604   5    75    177
723   83   4    172    464
724   715   2    11    409
725   711   3    14    3
726   447   5    139    45
727   660   5    75    397
728   293   5    70    223
729   260   3    57    226
730   349   2    22    238
731   318   2    17    448
732   726   4    193    77
733   421   5    166    336
734   69   3    86    182
735   697   6    8    407
736   615   2    45    324
737   668   5    93    450
738   581   2    31    41
739   53   5    174    62
740   703   4    135    257
741   309   7    4    151
742   723   7    62    83
743   666   7    22    128
744   373   3    87    240
745   625   6    135    207
746   626   7    83    286
747   717   7    27    325
748   199   2    133    173
749   191   5    88    198
750   184   5    172    291
751   584   6    112    249
752   735   5    141    478
753   363   7    137    421
754   97   5    164    123
755   277   2    59    243
756   161   5    196    254
757   182   6    31    192
758   608   7    186    441
759   542   2    166    80
760   460   5    67    440
761   519   5    104    113
762   532   3    122    493
763   20   3    199    134
764   291   4    164    90
765   722   6    27    116
766   91   5    105    441
767   139   7    11    199
768   439   3    179    486
769   130   6    64    410
770   728   2    80    428
771   188   7    145    335
772   691   7    123    102
773   468   2    3    466
774   482   4    161    147
775   332   5    189    301
776   751   2    134    421
777   258   2    68    420
778   505   3    146    42
779   427   2    149    233
780   691   2    127    367
781   121   5    51    15
782   706   6    17    130
783   773   2    54    179
784   611   2    198    242
785   63   5    154    11
786   226   3    186    194
787   167   2    33    3
788   463   4    41    133
789   259   4    131    31
790   327   4    65    399
791   207   6    56    176
792   485   3    120    345
793   205   7    77    130
794   508   7    80    348
795   777   6    77    128
796   753   5    25    167
797   717   3    4    117
798   419   6    185    243
799   66   7    174    481
800   288   7    14    482
801   663   2    1    171
802   550   2    8    337
803   627   3    13    35
804   675   5    179    46
805   300   6    21    186
806   376   4    36    396
807   382   2    66    65
808   596   7    53    469
809   129   6    82    173
810   671   5    86    296
811   238   5    70    475
812   355   2    133    418
813   439   7    188    165
814   640   2    190    285
815   606   6    198    143
816   409   2    39    203
817   149   4    101    171
818   458   7    182    186
819   510   2    63    33
820   31   4    44    321
821   712   7    4    383
822   386   5    172    111
823   754   2    39    416
824   432   3    166    483
825   817   5    150    191
826   679   5    33    325
827   149   2    152    177
828   616   4    95    27
829   595   6    124    126
830   338   5    102    1
831   718   3    123    318
832   808   7    146    306
833   756   4    52    132
834   484   7    9    121
835   739   7    122    32
836   804   3    186    348
837   591   5    163    437
838   630   4    33    432
839   129   6    49    449
840   66   6    91    305
841   542   4    108    145
842   745   5    53    203
843   225   3    79    261
844   785   2    181    437
845   92   3    31    403
846   185   3    46    432
847   411   4    136    110
848   11   6    125    192
849   464   5    126    298
850   143   3    110    219
851   402   3    59    71
852   93   7    87    398
853   118   7    71    32
854   306   6    139    149
855   180   4    86    80
856   580   5    161    181
857   627   5    147    133
858   593   3    178    416
859   715   3    24    283
860   512   3    156    47
861   796   4    85    56
862   29   4    161    190
863   614   3    69    311
864   809   6    26    180
865   224   5    171    85
866   859   2    4    273
867   424   7    79    36
868   99   3    173    126
869   530   6    92    61
870   327   5    103    56
871   360   6    175    144
872   547   5    190    395
873   265   2    98    311
874   586   7    112    23
875   383   2    154    374
876   151   5    197    438
877   871   2    61    8
878   712   7    9    206
879   803   3    92    488
880   834   2    162    275
881   598   7    145    296
882   380   7    60    6
883   78   3    34    309
884   225   5    122    336
885   580   6    120    123
886   826   3    2    380
887   823   3    153    217
888   422   6    105    73
889   860   3    191    435
890   449   5    178    3
891   611   5    138    367
892   647   6    30    298
893   256   5    71    147
894   239   4    46    152
895   705   6    74    60
896   112   3    104    216
897   282   2    111    333
898   539   4    138    63
899   79   3    110    323
900   306   4    96    498
901   886   2    163    302
902   736   6    16    370
903   777   7    179    107
904   594   7    92    105
905   532   4    198    458
906   272   7    170    226
907   608   6    191    6
908   253   5    123    313
909   250   7    179    430
910   262   2    15    62
911   235   2    21    320
912   884   6    179    489
913   543   2    119    331
914   606   2    79    135
915   825   6    133    148
916   610   6    1    174
917   466   7    140    54
918   460   5    26    235
919   40   5    53    232
920   70   7    39    265
921   246   6    29    187
922   523   3    31    407
923   736   6    63    499
924   696   7    191    313
925   788   2    130    443
926   277   2    169    17
927   225   4    177    396
928   586   6    38    387
929   145   4    100    189
930   759   4    119    96
931   854   5    62    328
932   224   2    65    60
933   660   4    44    74
934   545   2    77    2
935   565   2    55    324
936   119   2    97    37
937   628   4    20    114
938   79   4    93    52
939   597   3    128    77
940   120   3    74    329
941   176   4    51    485
942   365   7    99    293
943   666   4    159    471
944   584   2    125    267
945   377   3    199    169
946   167   7    168    288
947   389   4    53    337
948   339   2    173    325
949   180   6    162    18
950   899   4    150    274
951   48   7    88    181
952   258   4    47    137
953   220   7    102    299
954   816   6    110    436
955   843   4    159    181
956   534   4    16    176
957   70   2    10    72
958   845   2    9    435
959   588   4    167    47
960   677   5    175    270
961   888   3    41    210
962   621   2    145    260
963   760   2    20    298
964   862   3    120    35
965   187   3    119    342
966   944   6    62    342
967   780   2    5    322
968   309   4    25    493
969   670   3    79    15
970   297   6    82    177
971   611   3    4    318
972   162   7    59    456
973   713   5    37    199
974   763   3    117    164
975   957   4    8    165
976   877   5    181    118
977   582   6    35    119
978   182   6    93    27
979   461   7    186    487
980   209   6    158    391
981   338   4    130    28
982   358   4    23    22
983   488   2    168    430
984   648   6    65    211
985   361   6    91    489
986   723   3    53    137
987   453   7    190    328
988   104   3    192    173
989   86   7    43    471
990   757   2    116    54
991   348   3    191    452
992   663   6    130    213
993   188   2    119    157
994   255   7    133    426
995   436   6    97    368
996   513   4    157    473
997   604   3    109    476
998   564   2    95    36
999   723   7    165    429
1000   485   2    7    472
1001   316   5    30    218
1002   355   6    52    113
1003   683   7    99    225
1004   590   5    105    135
1005   830   3    23    329
1006   410   7    78    308
1007   554   6    53    2
1008   861   4    169    291
1009   263   3    132    130
1010   63   3    172    163
1011   656   6    72    214
1012   650   4    187    454
1013   668   5    106    419
1014   182   6    119    61
1015   830   3    144    470
1016   596   7    9    415
1017   791   6    33    384
1018   186   4    80    490
1019   840   5    36    420
1020   818   7    133    99
1021   767   6    156    222
1022   879   6    115    441
1023   977   5    151    356
1024   382   2    98    203
