1   0   4    18    22
2   1   7    32    53
3   1   4    79    406
4   1   5    119    382
5   2   5    93    25
6   4   3    189    398
7   3   2    70    380
8   5   2    40    466
9   7   5    75    463
10   7   2    86    214
11   3   7    8    299
12   5   2    103    198
13   4   7    76    469
14   1   7    34    458
15   3   5    17    10
16   13   4    118    11
17   3   6    97    252
18   4   6    151    351
19   12   3    15    451
20   13   7    178    326
21   9   4    18    273
22   6   3    194    352
23   13   6    1    222
24   12   5    68    346
25   12   4    115    369
26   4   5    172    372
27   12   4    1    100
28   19   2    136    75
29   2   7    46    136
30   2   6    7    273
31   21   7    67    5
32   5   6    183    249
33   6   4    115    403
34   8   4    29    4
35   29   6    175    356
36   5   2    107    440
37   34   6    160    460
38   22   5    195    310
39   24   4    60    212
40   37   4    184    291
41   23   6    75    210
42   8   3    151    419
43   24   5    51    243
44   25   4    13    148
45   7   3    160    450
46   6   6    196    428
47   6   2    92    12
48   44   7    187    295
49   45   6    89    38
50   28   6    195    186
51   36   7    156    242
52   26   7    150    446
53   32   7    64    258
54   22   4    184    163
55   52   7    48    158
56   29   4    33    473
57   20   3    67    499
58   17   4    96    92
59   35   2    189    202
60   16   3    20    243
61   46   2    46    38
62   11   3    115    7
63   28   3    155    213
64   53   7    154    219
65   46   5    103    281
66   14   7    33    97
67   11   3    150    173
68   24   4    96    363
69   36   7    88    409
70   17   6    127    469
71   16   3    94    439
72   62   6    134    488
73   71   4    106    438
74   63   4    77    13
75   41   2    62    394
76   20   2    126    461
77   15   6    145    187
78   22   6    195    121
79   14   3    98    471
80   16   5    42    5
81   66   7    43    116
82   48   6    174    391
83   10   5    26    130
84   74   5    167    169
85   67   7    188    29
86   70   3    118    4
87   46   4    159    103
88   52   2    136    400
89   84   6    15    148
90   64   5    62    487
91   10   7    118    69
92   55   3    180    5
93   47   4    109    68
94   59   5    78    97
95   59   6    20    90
96   66   3    84    495
97   22   3    82    354
98   19   6    98    135
99   43   7    102    183
100   27   4    71    382
101   26   2    53    345
102   32   6    72    418
103   15   2    116    116
104   7   5    152    92
105   83   3    134    158
106   66   3    49    317
107   27   7    7    327
108   19   7    93    95
109   29   4    142    405
110   95   4    157    14
111   32   6    72    248
112   42   6    173    263
113   92   7    180    100
114   89   3    173    329
115   106   7    33    168
116   11   2    79    58
117   93   7    179    402
118   99   2    161    24
119   55   6    142    333
120   111   4    98    447
121   76   7    75    277
122   56   3    135    477
123   11   4    152    21
124   63   7    160    12
125   20   5    80    431
126   8   7    33    326
127   26   5    127    172
128   10   2    90    438
129   34   5    46    289
130   81   5    174    473
131   34   4    180    208
132   64   6    134    231
133   88   3    139    69
134   78   5    145    429
135   86   7    14    271
136   125   7    132    460
137   42   5    73    394
138   35   7    15    67
139   40   3    192    336
140   90   3    56    79
141   50   7    69    464
142   21   4    55    14
143   59   2    71    343
144   27   7    66    43
145   108   4    177    103
146   105   7    145    212
147   104   5    36    40
148   112   7    130    391
149   129   2    13    353
150   13   7    66    65
151   116   3    36    32
152   149   2    4    96
153   99   3    40    69
154   39   4    90    383
155   57   4    79    479
156   59   3    155    44
157   58   5    192    143
158   51   7    86    413
159   126   7    117    475
160   112   6    181    316
161   136   5    186    323
162   62   7    85    467
163   93   5    43    445
164   161   2    1    182
165   31   6    59    149
166   70   5    134    235
167   76   3    143    36
168   15   3    160    280
169   55   7    25    334
170   126   3    57    18
171   138   5    146    451
172   115   5    170    399
173   2   6    180    477
174   148   4    98    314
175   43   3    94    13
176   51   5    197    210
177   164   6    146    395
178   76   7    100    367
179   112   3    175    383
180   139   3    176    386
181   179   7    96    348
182   68   6    51    445
183   128   3    115    363
184   135   2    145    87
185   96   3    80    69
186   111   2    40    220
187   165   3    161    258
188   97   7    138    56
189   70   4    146    321
190   25   4    144    246
191   109   3    121    172
192   170   2    171    392
193   148   7    187    427
194   149   7    166    69
195   152   7    18    130
196   109   6    1    348
197   122   2    69    173
198   131   4    137    114
199   164   6    187    405
200   177   7    10    175
201   163   7    28    83
202   189   6    41    134
203   55   7    108    465
204   173   3    90    480
205   88   4    101    296
206   9   5    46    347
207   89   4    190    197
208   64   5    21    239
209   39   6    8    291
210   145   6    80    331
211   71   6    115    6
212   70   3    181    278
213   179   2    158    280
214   148   5    57    196
215   69   5    5    132
216   117   2    64    233
217   96   4    12    69
218   188   4    44    55
219   31   7    181    155
220   141   3    135    113
221   84   6    71    335
222   50   4    21    383
223   53   7    18    490
224   48   7    35    255
225   53   5    6    461
226   196   4    156    269
227   75   7    24    162
228   39   5    38    300
229   124   6    170    13
230   91   7    69    247
231   56   3    92    274
232   166   6    50    39
233   52   5    86    405
234   182   5    100    31
235   177   7    173    222
236   230   7    124    87
237   165   7    86    26
238   159   4    131    66
239   151   4    161    379
240   40   6    193    211
241   33   7    161    241
242   159   2    73    292
243   193   2    12    229
244   188   3    8    282
245   226   3    27    12
246   156   6    60    243
247   43   5    79    389
248   198   2    48    5
249   154   2    154    113
250   111   7    35    404
251   121   4    146    412
252   108   7    161    37
253   133   2    20    302
254   17   7    128    226
255   230   4    138    392
256   95   6    19    449
257   132   3    124    84
258   191   3    29    203
259   164   5    123    67
260   249   3    90    104
261   131   5    150    337
262   174   2    186    445
263   176   5    59    44
264   92   5    52    46
265   152   6    49    477
266   90   7    6    19
267   115   4    134    197
268   72   3    118    185
269   132   3    65    167
270   44   2    47    490
271   240   4    77    153
272   60   5    48    4
273   187   5    94    492
274   57   4    186    349
275   41   6    15    275
276   208   2    111    394
277   187   2    35    201
278   23   2    105    378
279   249   3    54    27
280   231   5    190    278
281   191   3    85    168
282   246   3    29    287
283   175   4    38    375
284   213   7    25    453
285   185   5    71    394
286   44   4    72    123
287   89   6    156    44
288   186   6    160    478
289   99   3    5    188
290   163   5    35    409
291   208   5    8    349
292   275   5    175    331
293   214   3    189    385
294   173   4    88    314
295   250   6    150    499
296   37   5    1    75
297   165   5    91    28
298   21   2    121    227
299   140   5    136    269
300   33   6    80    158
301   8   6    33    354
302   24   6    40    121
303   281   2    95    370
304   295   5    32    85
305   266   2    93    225
306   141   5    2    155
307   101   3    73    44
308   71   2    103    14
309   227   3    45    444
310   194   6    5    240
311   264   4    178    256
312   66   5    117    403
313   193   5    103    455
314   110   3    60    424
315   167   3    45    209
316   168   5    98    410
317   85   7    37    318
318   61   4    198    234
319   177   4    52    151
320   32   4    96    99
321   14   3    23    31
322   245   3    153    104
323   18   7    139    107
324   126   2    107    483
325   227   5    59    370
326   81   3    146    479
327   81   2    58    376
328   313   6    97    25
329   226   7    169    55
330   297   5    198    281
331   179   4    48    18
332   50   6    153    386
333   29   3    126    174
334   125   2    21    214
335   41   6    44    121
336   267   7    103    117
337   254   7    148    304
338   231   2    35    284
339   205   2    193    214
340   36   7    124    60
341   223   6    118    7
342   326   5    50    288
343   333   6    199    177
344   21   2    98    446
345   80   4    58    3
346   107   5    156    318
347   290   3    159    193
348   48   2    197    193
349   216   2    60    483
350   262   3    71    121
351   335   7    67    193
352   124   2    79    447
353   18   4    52    91
354   268   6    181    375
355   93   6    105    214
356   141   6    65    64
357   93   4    80    461
358   148   2    169    64
359   256   6    155    360
360   295   4    23    380
361   100   3    182    159
362   142   4    48    440
363   15   4    109    334
364   350   3    182    243
365   110   6    165    338
366   189   5    3    182
367   196   6    52    247
368   91   5    23    339
369   223   3    94    170
370   325   3    94    176
371   249   7    162    364
372   195   3    35    434
373   56   5    197    112
374   98   7    136    40
375   33   2    55    184
376   54   5    139    66
377   302   6    59    138
378   375   5    181    1
379   44   3    183    77
380   317   5    81    214
381   348   5    180    424
382   200   7    26    276
383   303   2    16    437
384   382   2    108    21
385   79   6    151    165
386   41   3    157    389
387   76   3    37    262
388   147   7    166    150
389   162   3    80    287
390   344   5    171    419
391   286   5    33    19
392   194   2    26    235
393   371   7    50    93
394   225   2    58    77
395   263   3    85    124
396   81   6    90    192
397   134   6    4    61
398   356   4    172    199
399   154   6    30    147
400   395   3    186    225
401   242   2    9    56
402   371   2    128    316
403   57   2    63    162
404   359   7    94    152
405   56   4    50    388
406   99   2    19    468
407   246   2    20    78
408   282   4    23    3
409   400   3    27    343
410   260   5    192    461
411   339   5    167    488
412   313   4    142    403
413   282   3    86    484
414   342   7    90    431
415   186   2    167    312
416   355   6    78    316
417   237   4    62    164
418   120   7    9    386
419   112   7    97    1
420   74   3    84    364
421   43   2    65    181
422   304   6    141    360
423   171   5    137    258
424   89   5    145    467
425   215   2    25    86
426   414   3    66    406
427   262   5    145    62
428   354   6    78    277
429   357   3    88    183
430   94   2    131    493
431   278   7    174    8
432   130   5    97    170
433   62   5    40    438
434   239   2    39    200
435   306   2    43    154
436   143   2    91    226
437   221   7    24    32
438   128   6    28    36
439   160   7    99    197
440   399   3    189    212
441   9   2    118    319
442   175   7    68    309
443   79   7    85    22
444   194   6    58    424
445   118   4    9    71
446   263   7    50    157
447   155   2    45    466
448   421   6    69    122
449   200   2    167    77
450   85   2    15    285
451   297   4    155    205
452   265   6    23    21
453   324   5    59    121
454   442   6    133    44
455   10   7    102    132
456   419   6    64    182
457   190   5    199    231
458   329   4    36    306
459   442   4    95    228
460   64   5    145    222
461   363   2    153    182
462   211   5    94    272
463   234   3    18    280
464   177   5    198    481
465   366   4    153    306
466   321   3    150    86
467   39   5    164    454
468   42   3    28    184
469   190   5    52    194
470   253   5    98    8
471   237   5    24    238
472   161   7    81    119
473   179   2    128    299
474   237   7    108    14
475   447   6    49    318
476   439   2    27    114
477   104   4    145    255
478   413   2    180    332
479   82   2    80    108
480   285   6    158    77
481   348   5    159    206
482   116   4    183    251
483   469   7    118    492
484   174   5    32    210
485   157   5    182    422
486   453   3    186    361
487   337   2    68    155
488   411   3    67    357
489   128   4    67    205
490   328   7    143    357
491   317   4    47    286
492   372   7    197    141
493   437   2    163    151
494   330   5    34    323
495   33   3    126    72
496   141   3    58    169
497   248   5    6    423
498   219   5    158    19
499   256   4    146    9
500   342   3    133    221
501   386   6    139    285
502   167   5    57    269
503   215   3    122    274
504   80   3    56    230
505   223   6    2    282
506   240   7    39    347
507   220   2    197    156
508   34   4    40    454
509   321   7    30    5
510   117   6    126    158
511   343   4    97    137
512   238   6    75    193
513   193   7    69    220
514   65   5    100    119
515   97   3    12    112
516   293   2    17    31
517   402   2    140    82
518   291   6    92    82
519   154   6    107    78
520   37   3    111    66
521   158   6    199    183
522   322   5    84    384
523   448   6    193    39
524   281   7    104    40
525   471   2    114    126
526   229   5    181    371
527   88   4    192    74
528   257   2    122    411
529   207   5    136    6
530   461   3    114    117
531   184   5    146    389
532   23   6    146    358
533   420   3    1    419
534   240   4    199    322
535   341   6    122    95
536   280   3    181    339
537   463   2    111    80
538   334   4    101    461
539   46   4    194    471
540   125   4    35    161
541   20   4    194    229
542   251   3    49    43
543   172   2    43    371
544   185   4    64    90
545   465   7    161    105
546   506   7    15    328
547   268   5    10    491
548   240   7    156    90
549   311   7    71    332
550   225   2    113    11
551   206   6    113    220
552   369   2    167    64
553   181   4    11    206
554   25   7    164    335
555   423   5    25    63
556   171   5    124    119
557   250   5    178    424
558   390   3    86    153
559   172   4    38    103
560   338   7    180    49
561   67   4    158    332
562   261   5    166    491
563   110   2    69    76
564   234   5    43    349
565   96   4    79    25
566   332   4    89    302
567   325   4    79    19
568   472   3    61    484
569   149   4    92    409
570   537   7    137    157
571   509   4    116    409
572   157   2    49    22
573   31   3    187    324
574   495   3    88    345
575   476   2    13    482
576   49   4    98    19
577   161   6    65    150
578   286   6    118    170
579   292   6    105    44
580   37   4    171    246
581   287   6    165    220
582   524   3    150    311
583   579   2    107    51
584   573   2    123    281
585   214   7    132    142
586   299   6    132    312
587   552   2    117    298
588   228   6    194    184
589   489   5    191    468
590   533   4    6    427
591   247   6    109    346
592   339   4    149    196
593   48   4    38    219
594   9   3    49    314
595   375   5    199    295
596   176   7    181    242
597   291   4    86    90
598   537   2    73    137
599   363   5    84    160
600   200   7    95    226
601   586   5    17    477
602   107   4    92    338
603   363   7    195    64
604   23   3    18    168
605   266   4    125    59
606   381   5    69    265
607   104   4    72    83
608   176   3    172    187
609   432   4    60    371
610   71   2    161    15
611   282   3    86    495
612   349   4    182    400
613   319   3    173    31
614   122   4    38    165
615   170   6    37    78
616   485   7    195    327
617   340   4    42    161
618   204   3    41    263
619   380   3    163    134
620   522   2    87    461
621   346   2    4    208
622   417   7    24    166
623   259   6    191    272
624   92   2    144    112
625   30   7    137    220
626   497   5    196    38
627   469   6    69    273
628   272   7    54    37
629   171   4    107    102
630   399   6    189    144
631   445   6    29    432
632   488   4    113    49
633   111   4    92    39
634   35   5    149    487
635   474   3    38    152
636   219   4    166    496
637   281   3    28    316
638   135   6    31    292
639   572   4    58    343
640   67   2    28    447
641   343   5    180    94
642   507   2    151    31
643   572   4    147    276
644   443   7    52    377
645   171   7    51    347
646   361   3    74    11
647   251   4    36    199
648   525   6    75    213
649   72   3    73    492
650   360   5    129    49
651   549   3    95    307
652   523   3    32    116
653   549   5    199    428
654   77   5    142    260
655   286   3    14    145
656   480   3    110    221
657   450   2    151    296
658   387   2    10    306
659   250   7    21    364
660   410   2    15    230
661   158   3    53    387
662   567   5    77    35
663   210   2    136    28
664   432   7    3    304
665   554   7    100    259
666   184   6    154    397
667   151   2    80    1
668   662   7    90    48
669   426   6    49    104
670   487   5    53    294
671   431   5    81    306
672   326   4    89    312
673   364   3    152    41
674   82   4    174    196
675   666   3    165    263
676   28   3    16    451
677   674   3    72    21
678   488   2    44    263
679   538   7    137    90
680   212   3    144    30
681   161   4    192    390
682   663   6    60    232
683   347   3    142    437
684   107   2    61    96
685   196   2    121    136
686   263   3    6    188
687   512   5    130    294
688   397   7    113    385
689   488   7    42    336
690   270   5    48    225
691   341   6    7    34
692   576   3    34    130
693   279   2    115    159
694   266   3    68    12
695   203   2    107    207
696   153   4    2    439
697   164   5    162    252
698   386   2    116    437
699   79   3    108    445
700   267   7    109    150
701   334   2    111    477
702   564   3    95    152
703   96   3    6    140
704   329   6    94    360
705   53   4    34    228
706   325   4    75    160
707   328   4    177    416
708   668   5    62    247
709   335   3    22    408
710   565   3    50    472
711   496   2    189    203
712   47   6    122    126
713   605   4    119    463
714   175   2    83    435
715   219   2    179    333
716   448   2    132    91
717   145   5    148    485
718   235   2    153    296
719   472   3    11    64
720   82   7    110    247
721   402   7    8    166
722   174   6    89    212
723   628   6    183    186
724   518   6    60    271
725   513   5    148    441
726   199   3    12    305
727   352   3    103    485
728   149   3    51    476
729   505   3    157    435
730   38   6    98    472
731   588   7    153    371
732   151   5    72    123
733   595   2    21    193
734   476   4    184    489
735   429   6    13    460
736   413   7    121    354
737   193   4    196    311
738   543   7    163    275
739   503   6    70    380
740   542   3    65    326
741   170   5    15    490
742   198   7    93    171
743   82   2    106    142
744   118   3    128    372
745   597   4    98    154
746   717   3    54    168
747   634   7    17    102
748   273   6    11    364
749   474   6    44    105
750   463   4    193    222
751   598   3    148    124
752   277   5    20    219
753   125   7    56    7
754   603   2    61    262
755   527   3    6    160
756   474   2    64    483
757   104   2    31    442
758   176   3    188    114
759   475   7    3    420
760   557   6    31    335
761   629   5    3    208
762   602   2    130    358
763   439   2    189    242
764   302   2    186    331
765   480   3    198    487
766   232   2    6    183
767   477   4    15    356
768   609   7    20    251
769   115   5    36    435
770   694   4    5    301
771   123   2    31    342
772   419   4    32    215
773   504   6    166    201
774   491   4    40    289
775   174   7    88    396
776   258   7    31    225
777   185   2    122    365
778   567   3    137    492
779   16   5    118    265
780   221   4    53    498
781   160   7    19    478
782   229   5    1    79
783   413   2    154    75
784   182   2    17    239
785   132   2    127    81
786   540   7    182    129
787   313   5    95    354
788   292   2    9    270
789   540   2    103    276
790   296   3    177    81
791   664   6    45    223
792   146   6    9    387
793   281   3    113    59
794   511   5    134    182
795   705   4    179    459
796   479   5    12    109
797   508   7    100    491
798   483   7    122    9
799   635   2    154    480
800   625   3    119    287
801   507   2    70    113
802   616   2    122    400
803   192   6    91    406
804   510   5    14    151
805   338   3    72    352
806   247   4    127    247
807   364   2    179    481
808   704   4    132    49
809   519   5    84    277
810   347   6    143    18
811   578   2    113    21
812   394   4    9    480
813   75   4    96    118
814   803   4    136    142
815   509   6    5    100
816   235   6    138    122
817   415   5    164    19
818   62   5    69    430
819   676   7    26    1
820   260   3    165    245
821   711   7    142    481
822   496   7    57    50
823   540   2    23    125
824   326   7    14    126
825   791   2    106    408
826   549   6    104    428
827   526   6    180    88
828   105   7    39    473
829   310   6    163    438
830   217   7    191    257
831   159   6    25    302
832   75   5    112    489
833   562   5    179    409
834   650   6    69    340
835   36   6    173    344
836   606   4    119    216
837   397   5    47    149
838   155   7    147    6
839   407   2    192    131
840   573   5    107    90
841   312   3    128    38
842   828   2    73    324
843   780   7    68    121
844   492   2    65    208
845   710   6    21    429
846   634   2    79    27
847   707   4    119    227
848   322   7    68    473
849   783   6    122    108
850   714   2    142    360
851   567   6    167    191
852   214   3    125    419
853   836   6    144    421
854   667   2    104    273
855   574   6    66    237
856   669   3    148    214
857   201   4    168    253
858   837   3    195    10
859   230   6    125    424
860   97   5    170    383
861   507   7    20    263
862   91   5    53    190
863   231   2    105    27
864   278   6    183    190
865   403   4    193    410
866   548   2    37    141
867   622   3    64    257
868   289   4    133    426
869   147   2    96    284
870   224   3    79    382
871   358   5    169    245
872   858   7    151    181
873   360   5    92    280
874   583   3    26    214
875   756   6    106    180
876   75   5    187    160
877   639   3    179    81
878   687   2    26    326
879   476   7    32    307
880   411   7    77    264
881   119   2    14    455
882   652   5    127    323
883   106   5    173    36
884   733   7    94    469
885   778   6    160    112
886   312   7    102    217
887   150   6    109    210
888   643   3    16    413
889   423   6    135    448
890   327   4    107    77
891   205   3    122    380
892   657   5    135    40
893   220   6    68    354
894   681   6    194    487
895   470   2    58    40
896   152   7    104    402
897   667   2    163    494
898   341   2    39    218
899   87   2    157    185
900   598   3    181    30
901   779   4    13    32
902   353   5    103    106
903   423   2    45    398
904   265   3    44    273
905   527   6    185    338
906   414   2    131    242
907   49   3    15    413
908   747   4    149    350
909   626   3    151    185
910   841   6    31    480
911   576   3    133    485
912   797   3    67    458
913   122   5    116    300
914   762   7    172    446
915   539   3    168    17
916   377   7    139    45
917   214   3    173    376
918   648   2    7    329
919   893   4    68    317
920   88   3    73    205
921   338   3    82    255
922   403   4    37    432
923   355   2    23    212
924   325   5    129    414
925   662   6    178    25
926   473   5    157    415
927   751   4    57    342
928   255   4    156    439
929   109   7    151    302
930   751   7    129    84
931   366   7    178    351
932   852   7    64    407
933   133   7    175    15
934   353   4    148    76
935   476   7    5    482
936   84   6    90    492
937   242   3    73    268
938   497   5    189    338
939   227   4    84    367
940   302   5    141    382
941   348   6    160    285
942   346   3    151    189
943   591   2    165    428
944   909   3    81    248
945   736   2    79    53
946   369   6    191    454
947   593   4    147    29
948   344   4    30    285
949   223   3    85    19
950   774   7    172    335
951   886   4    128    418
952   586   6    122    226
953   497   4    48    414
954   844   4    100    25
955   78   6    8    410
956   396   6    160    117
957   394   7    181    312
958   80   4    66    109
959   169   3    4    36
960   908   3    151    211
961   390   5    117    65
962   689   5    159    493
963   74   4    25    336
964   861   7    168    230
965   327   3    55    497
966   638   6    113    386
967   118   7    170    184
968   496   6    170    415
969   652   3    31    214
970   312   5    53    198
971   714   7    164    391
972   761   4    72    493
973   440   7    65    493
974   532   2    163    143
975   624   6    31    455
976   719   2    4    173
977   604   5    171    139
978   186   6    5    496
979   901   2    10    174
980   940   7    111    296
981   137   6    74    413
982   970   3    23    308
983   783   4    180    192
984   539   7    146    391
985   540   2    56    297
986   969   5    157    12
987   874   3    191    49
988   406   7    32    342
989   658   2    29    12
990   731   2    92    332
991   517   5    158    494
992   714   5    4    306
993   192   7    22    443
994   580   6    135    354
995   657   6    113    411
996   848   4    24    447
997   825   5    140    201
998   296   5    126    485
999   731   4    6    262
1000   585   2    182    411
1001   674   3    4    195
1002   136   6    198    454
1003   421   6    68    224
1004   403   3    76    186
1005   387   3    6    423
1006   387   3    36    283
1007   353   2    196    313
1008   469   3    150    450
1009   467   3    168    236
1010   760   3    23    143
1011   488   3    191    260
1012   809   7    29    215
1013   928   5    199    110
1014   301   2    95    286
1015   883   3    164    180
1016   478   3    189    96
1017   416   3    162    489
1018   501   5    179    15
1019   923   5    198    74
1020   409   6    145    239
1021   899   3    59    220
1022   470   5    183    411
1023   304   2    50    164
1024   274   7    90    4
