1   0   3    24    28
2   1   2    136    394
3   1   5    17    135
4   2   3    192    2
5   3   7    24    12
6   2   4    61    198
7   5   2    30    141
8   5   5    81    90
9   7   2    37    441
10   7   5    123    451
11   3   7    122    272
12   3   2    195    142
13   5   2    97    41
14   2   2    122    236
15   5   4    166    9
16   3   2    35    74
17   11   4    59    16
18   14   4    79    329
19   8   7    51    26
20   16   7    20    411
21   15   6    17    63
22   15   6    182    49
23   8   7    128    216
24   4   7    133    136
25   11   3    118    169
26   16   3    199    258
27   1   2    157    482
28   1   4    119    201
29   23   5    115    436
30   10   6    115    183
31   19   2    141    66
32   22   5    81    268
33   22   7    131    418
34   7   5    168    361
35   20   5    187    116
36   14   2    51    16
37   20   7    171    499
38   2   5    89    150
39   11   7    11    444
40   24   3    185    36
41   8   7    68    180
42   32   7    134    367
43   15   6    167    348
44   6   2    108    417
45   37   4    112    74
46   42   4    173    207
47   4   7    77    259
48   30   5    166    95
49   30   3    195    314
50   23   7    197    375
51   24   5    68    54
52   32   3    155    239
53   26   6    136    461
54   47   5    43    417
55   42   3    35    386
56   15   3    198    353
57   4   7    117    161
58   6   5    25    490
59   56   2    176    216
60   9   5    31    147
61   17   6    95    443
62   54   5    27    449
63   34   3    98    235
64   24   5    114    375
65   37   3    89    396
66   11   3    179    361
67   49   7    186    110
68   37   6    170    83
69   43   7    82    109
70   63   6    121    111
71   40   4    68    287
72   56   6    154    84
73   34   7    48    34
74   24   6    168    318
75   20   4    95    460
76   32   5    169    464
77   21   6    63    63
78   34   5    98    158
79   13   2    195    314
80   77   5    80    68
81   53   4    183    322
82   8   3    87    358
83   22   3    98    340
84   10   3    74    142
85   60   6    95    343
86   49   5    128    441
87   64   3    99    15
88   77   5    76    337
89   78   2    51    25
90   76   3    8    219
91   75   5    177    342
92   59   3    81    43
93   67   3    198    468
94   71   4    130    439
95   89   3    134    432
96   66   2    49    309
97   28   2    80    488
98   72   5    183    447
99   22   5    2    109
100   53   4    177    408
101   89   2    192    397
102   18   6    78    307
103   14   4    176    54
104   67   2    34    119
105   57   2    61    159
106   58   6    69    34
107   99   3    184    363
108   105   5    129    392
109   74   7    116    272
110   38   7    118    356
111   61   6    32    349
112   99   2    169    236
113   82   2    89    62
114   101   3    180    411
115   83   4    173    427
116   54   2    110    48
117   49   7    119    74
118   61   2    133    51
119   30   6    141    398
120   85   6    160    226
121   41   5    186    17
122   9   3    196    487
123   14   6    68    498
124   12   3    117    138
125   32   5    175    243
126   72   6    29    62
127   123   6    179    495
128   49   6    156    323
129   42   6    120    74
130   50   7    197    288
131   21   3    3    451
132   69   3    12    187
133   77   6    126    91
134   17   2    132    178
135   29   6    167    84
136   82   3    157    472
137   96   3    58    322
138   26   7    44    133
139   33   7    34    463
140   30   6    15    117
141   92   5    45    23
142   16   3    18    314
143   71   6    191    209
144   88   4    48    449
145   56   4    155    330
146   59   6    152    95
147   81   5    102    363
148   44   4    118    467
149   31   2    180    498
150   45   3    146    20
151   72   5    122    472
152   136   2    35    83
153   34   2    19    493
154   127   7    191    24
155   51   3    19    331
156   54   3    88    301
157   155   3    93    337
158   69   6    129    197
159   55   7    142    497
160   126   6    110    156
161   18   3    50    63
162   105   7    13    379
163   125   4    107    465
164   140   3    114    429
165   161   5    90    50
166   98   7    18    244
167   104   7    63    417
168   69   6    190    304
169   164   2    175    291
170   76   5    78    257
171   40   2    147    384
172   85   2    24    381
173   93   6    181    399
174   75   6    156    116
175   60   6    98    62
176   173   2    89    188
177   163   3    158    399
178   43   6    85    423
179   177   5    81    432
180   50   7    182    134
181   77   3    149    486
182   46   2    63    202
183   124   6    167    481
184   131   2    188    19
185   75   7    146    287
186   145   7    33    86
187   86   3    72    399
188   150   5    82    142
189   119   2    51    117
190   44   2    116    483
191   184   7    135    368
192   93   7    101    39
193   33   2    183    451
194   98   2    194    335
195   113   2    41    388
196   182   4    71    427
197   141   5    89    342
198   172   4    157    355
199   153   4    47    307
200   109   4    82    109
201   54   4    158    56
202   27   4    94    430
203   72   7    146    220
204   197   6    86    426
205   202   3    149    412
206   107   4    140    238
207   130   7    159    221
208   153   6    43    442
209   185   7    171    325
210   120   4    30    384
211   46   2    177    398
212   107   2    45    439
213   33   4    39    183
214   97   2    56    341
215   210   7    151    310
216   104   4    66    372
217   188   2    16    105
218   9   6    132    162
219   6   5    95    419
220   74   2    97    430
221   103   3    150    280
222   10   5    67    210
223   130   2    172    284
224   169   6    140    405
225   194   4    63    437
226   129   6    68    104
227   110   2    88    91
228   152   3    198    28
229   169   5    70    182
230   107   5    169    294
231   203   7    37    278
232   92   5    117    208
233   197   4    39    302
234   221   5    185    69
235   173   4    150    40
236   152   7    47    112
237   99   3    74    310
238   207   7    168    74
239   114   7    73    112
240   118   3    169    199
241   136   3    16    233
242   216   6    5    121
243   20   3    129    275
244   173   5    83    149
245   186   6    163    59
246   67   3    193    348
247   43   7    195    194
248   10   4    17    121
249   9   7    108    274
250   154   3    155    326
251   100   7    193    156
252   37   5    197    371
253   79   7    192    2
254   245   4    81    459
255   19   3    117    39
256   137   3    5    406
257   238   4    80    248
258   131   5    64    287
259   47   5    43    251
260   140   7    9    254
261   247   7    66    412
262   218   3    40    384
263   110   3    164    104
264   52   7    83    354
265   154   5    103    72
266   155   6    38    278
267   106   6    66    427
268   70   4    45    168
269   245   2    110    397
270   147   7    169    132
271   195   3    23    36
272   27   6    88    386
273   150   3    66    79
274   202   2    6    296
275   126   4    17    263
276   245   2    115    99
277   152   3    117    105
278   119   2    178    114
279   213   4    160    417
280   31   3    195    33
281   218   2    35    433
282   80   2    143    316
283   221   3    79    448
284   234   6    132    212
285   166   2    34    141
286   75   3    109    432
287   210   6    7    252
288   31   6    197    70
289   17   2    138    354
290   242   2    94    436
291   101   7    48    221
292   246   3    135    229
293   108   7    160    491
294   277   4    34    495
295   291   2    93    269
296   23   2    83    447
297   208   6    33    476
298   185   5    124    373
299   240   5    152    108
300   51   4    28    441
301   269   5    117    469
302   192   2    41    232
303   209   6    104    196
304   216   7    197    142
305   98   7    101    409
306   91   6    67    451
307   41   3    25    429
308   287   3    177    367
309   240   5    37    165
310   138   3    43    406
311   131   4    163    15
312   208   5    86    416
313   300   7    190    43
314   184   3    58    237
315   94   3    124    272
316   313   3    111    264
317   127   5    80    274
318   268   6    110    65
319   33   3    175    13
320   36   5    108    378
321   81   6    182    361
322   264   2    33    285
323   225   7    50    354
324   222   6    65    358
325   266   4    129    443
326   221   4    74    147
327   89   6    175    286
328   238   2    40    228
329   134   3    112    337
330   312   5    146    318
331   62   5    192    435
332   250   3    158    109
333   180   3    62    75
334   247   2    15    378
335   35   5    57    130
336   297   6    164    428
337   214   7    64    263
338   249   6    74    49
339   312   3    3    237
340   100   5    84    395
341   321   4    160    278
342   175   5    183    384
343   215   6    140    348
344   277   7    194    21
345   131   5    63    128
346   304   6    161    228
347   284   5    168    303
348   262   7    6    254
349   308   3    33    402
350   304   3    145    405
351   252   6    191    171
352   181   6    19    145
353   220   3    194    6
354   82   5    91    74
355   331   4    31    15
356   27   4    131    473
357   182   2    27    321
358   26   5    80    364
359   185   3    182    260
360   284   4    34    379
361   310   2    162    305
362   303   6    182    94
363   126   7    105    373
364   322   6    44    23
365   142   4    121    247
366   306   4    177    94
367   300   3    97    193
368   299   4    141    363
369   338   6    14    206
370   202   2    122    322
371   19   7    192    422
372   277   3    81    98
373   346   2    180    346
374   79   7    48    133
375   26   2    199    255
376   227   7    69    200
377   184   7    37    268
378   58   5    107    149
379   285   7    63    440
380   266   3    126    156
381   263   3    46    406
382   6   4    78    92
383   327   3    94    224
384   13   2    162    490
385   376   5    168    411
386   229   2    21    19
387   189   7    129    32
388   31   7    159    31
389   218   5    18    166
390   114   4    103    197
391   27   5    169    198
392   203   6    114    492
393   187   7    28    6
394   113   4    138    417
395   170   2    57    99
396   38   7    135    216
397   360   6    179    197
398   211   6    132    488
399   350   2    100    35
400   109   3    28    440
401   263   5    33    37
402   212   7    119    53
403   128   3    99    16
404   13   6    38    391
405   133   2    2    177
406   348   7    174    339
407   208   2    52    2
408   196   2    157    404
409   51   5    12    458
410   41   4    145    341
411   113   7    7    496
412   387   5    153    196
413   330   4    57    454
414   199   2    111    90
415   285   4    163    73
416   321   2    113    32
417   286   2    24    215
418   413   6    199    197
419   187   4    193    189
420   186   2    111    128
421   297   7    83    12
422   280   4    62    488
423   136   6    173    22
424   321   6    30    113
425   236   4    167    133
426   345   5    157    95
427   108   6    199    141
428   197   4    33    439
429   245   6    58    106
430   387   3    20    286
431   217   4    161    421
432   384   4    192    210
433   96   6    195    257
434   279   6    42    339
435   179   7    31    192
436   190   6    27    315
437   78   7    186    61
438   141   4    34    486
439   183   2    39    392
440   145   4    4    388
441   88   4    38    267
442   393   2    158    30
443   60   5    94    100
444   144   2    199    371
445   187   4    153    124
446   282   7    58    239
447   409   5    165    106
448   426   5    115    149
449   193   4    25    289
450   429   6    36    156
451   69   4    165    159
452   435   2    114    214
453   16   7    120    297
454   223   5    117    242
455   348   2    186    209
456   64   2    163    97
457   23   6    141    289
458   236   5    76    228
459   377   2    111    133
460   389   4    179    490
461   190   2    69    177
462   401   6    134    319
463   220   4    11    393
464   117   7    144    59
465   219   5    130    441
466   93   3    23    377
467   252   2    86    379
468   50   7    147    52
469   46   2    58    36
470   48   7    36    31
471   60   7    151    63
472   429   2    29    58
473   208   4    169    182
474   195   2    190    313
475   278   7    189    309
476   453   4    168    214
477   109   7    157    243
478   278   2    182    76
479   181   3    81    406
480   297   5    11    293
481   470   7    156    424
482   377   6    73    140
483   464   6    53    162
484   277   6    191    27
485   364   3    74    217
486   260   7    19    349
487   469   3    125    77
488   113   2    127    113
489   403   2    98    408
490   374   5    129    257
491   213   4    150    171
492   488   3    15    70
493   323   4    19    23
494   484   7    51    179
495   200   3    165    276
496   374   3    78    224
497   297   7    144    55
498   105   5    150    242
499   496   6    36    99
500   448   4    159    227
501   227   4    63    68
502   457   5    188    375
503   167   4    105    282
504   180   4    109    159
505   148   4    161    128
506   139   6    163    64
507   239   5    166    99
508   482   3    143    60
509   148   5    172    139
510   483   4    31    101
511   142   3    8    252
512   412   3    189    481
513   289   3    18    372
514   290   5    4    293
515   305   5    169    304
516   293   5    26    24
517   238   4    167    325
518   165   2    127    454
519   62   4    4    185
520   184   4    103    1
521   347   4    98    490
522   253   5    76    365
523   513   5    124    296
524   401   6    176    423
525   41   6    55    458
526   235   5    91    91
527   94   4    116    346
528   407   7    150    23
529   68   6    124    409
530   431   6    83    437
531   250   4    108    245
532   86   2    173    95
533   223   5    89    176
534   101   7    17    323
535   132   7    121    142
536   420   6    91    39
537   233   7    89    438
538   322   4    38    413
539   485   2    18    354
540   447   2    165    178
541   348   4    65    452
542   159   4    141    234
543   300   3    172    371
544   196   3    56    477
545   231   5    61    300
546   223   6    184    200
547   28   7    100    80
548   108   5    55    424
549   94   2    155    120
550   121   3    132    17
551   231   2    70    249
552   444   3    31    359
553   156   7    189    280
554   193   5    170    160
555   552   6    174    64
556   356   7    94    311
557   151   3    97    12
558   227   6    138    284
559   373   6    181    4
560   84   6    149    387
561   418   3    68    272
562   348   4    38    294
563   223   3    81    277
564   196   7    78    299
565   84   7    109    188
566   340   6    167    40
567   309   7    29    48
568   493   7    22    52
569   111   3    148    398
570   174   2    97    242
571   352   3    142    181
572   337   3    58    453
573   94   6    35    435
574   61   5    131    417
575   201   6    66    391
576   67   3    181    105
577   117   4    198    77
578   327   3    10    262
579   56   2    78    138
580   489   3    97    326
581   373   3    110    143
582   392   6    22    226
583   219   7    179    354
584   273   3    165    146
585   510   2    117    449
586   550   4    113    390
587   127   7    144    283
588   289   5    31    475
589   472   3    153    375
590   281   3    153    171
591   155   4    158    144
592   206   3    80    166
593   377   5    179    380
594   467   6    54    309
595   491   2    4    375
596   134   5    11    497
597   391   7    61    420
598   47   2    27    183
599   543   7    52    465
600   430   6    38    322
601   454   6    143    3
602   231   2    39    415
603   481   7    120    131
604   523   5    79    346
605   402   3    157    296
606   378   7    65    364
607   581   5    95    312
608   506   2    39    377
609   80   3    196    441
610   498   4    195    301
611   506   6    109    28
612   53   2    173    336
613   47   3    102    251
614   425   6    15    23
615   527   3    171    333
616   70   6    54    108
617   102   6    196    112
618   340   2    70    150
619   268   3    176    58
620   409   6    152    406
621   101   5    117    464
622   422   2    111    493
623   238   4    6    451
624   171   4    43    314
625   268   3    91    404
626   114   7    62    340
627   122   6    103    251
628   555   7    143    194
629   472   6    72    394
630   76   6    51    78
631   586   7    128    476
632   186   5    185    316
633   196   2    100    208
634   422   7    143    453
635   206   4    71    230
636   452   4    196    50
637   478   4    27    202
638   493   7    134    469
639   571   6    153    228
640   182   2    125    337
641   394   5    195    98
642   357   5    7    344
643   115   7    93    349
644   413   2    120    58
645   71   4    52    344
646   44   2    199    30
647   521   2    27    485
648   379   3    86    215
649   391   3    26    485
650   273   7    89    94
651   492   5    153    387
652   358   5    91    104
653   292   5    189    408
654   181   3    31    340
655   316   4    175    285
656   190   6    11    238
657   532   6    190    461
658   292   5    93    358
659   286   3    57    326
660   580   7    83    423
661   472   2    4    114
662   264   4    38    437
663   192   5    147    171
664   360   7    76    339
665   619   2    177    480
666   642   6    160    474
667   597   4    121    478
668   576   3    178    128
669   413   4    68    58
670   526   4    189    308
671   521   7    154    306
672   264   4    112    174
673   541   4    120    227
674   214   5    124    182
675   504   2    104    357
676   55   2    164    190
677   549   7    125    16
678   296   4    55    499
679   411   4    134    4
680   504   5    107    446
681   370   4    148    450
682   110   7    170    213
683   516   3    10    153
684   254   5    93    370
685   401   5    29    111
686   84   7    195    96
687   506   5    187    116
688   338   3    178    130
689   513   6    145    169
690   358   3    186    236
691   325   3    180    123
692   411   4    159    69
693   544   6    129    67
694   571   5    52    405
695   19   4    47    259
696   345   2    76    397
697   204   7    49    133
698   211   3    78    85
699   322   5    90    160
700   369   6    184    29
701   423   6    34    163
702   698   2    22    64
703   668   3    159    273
704   270   7    18    372
705   198   6    160    25
706   501   7    109    469
707   346   4    143    3
708   343   3    39    371
709   289   4    119    402
710   295   4    79    398
711   206   5    67    246
712   673   3    89    122
713   439   3    112    146
714   145   6    195    9
715   338   3    22    140
716   476   5    10    308
717   544   2    93    50
718   83   5    75    222
719   62   7    147    185
720   578   3    23    477
721   63   5    41    419
722   645   5    165    329
723   121   2    55    303
724   618   5    30    315
725   281   5    147    112
726   173   2    178    183
727   74   3    20    388
728   291   2    25    145
729   532   5    7    329
730   285   6    74    203
731   572   7    128    299
732   459   2    17    403
733   594   7    109    433
734   660   2    102    481
735   601   2    59    268
736   12   2    109    18
737   518   4    97    45
738   18   6    4    499
739   17   3    161    295
740   429   4    30    468
741   678   7    17    155
742   658   2    141    441
743   104   4    159    337
744   281   7    133    350
745   95   2    25    321
746   191   6    86    425
747   233   3    175    400
748   612   7    149    412
749   303   4    126    220
750   713   7    134    30
751   410   3    36    71
752   325   6    116    436
753   630   6    135    269
754   346   7    21    191
755   744   3    9    260
756   504   5    120    138
757   599   4    54    392
758   188   2    134    317
759   133   4    47    66
760   676   2    58    108
761   589   7    92    402
762   616   7    168    400
763   21   6    173    72
764   79   7    168    253
765   341   6    113    66
766   420   5    191    168
767   654   6    78    334
768   650   4    159    406
769   444   3    10    293
770   641   5    184    326
771   481   4    8    182
772   717   6    198    255
773   189   2    143    244
774   289   3    163    471
775   403   4    69    398
776   629   5    85    444
777   346   3    132    22
778   401   5    197    13
779   45   4    134    465
780   371   6    144    78
781   155   3    79    2
782   98   5    24    482
783   467   3    104    293
784   312   5    158    319
785   192   5    54    117
786   525   7    51    80
787   203   7    152    456
788   183   6    40    62
789   764   6    186    396
790   179   4    119    243
791   68   5    165    110
792   307   4    59    205
793   152   4    177    273
794   252   5    46    200
795   133   2    157    201
796   697   2    42    73
797   474   3    82    192
798   390   2    10    350
799   105   4    81    82
800   198   4    107    465
801   696   7    26    61
802   329   7    117    200
803   513   4    159    132
804   537   2    121    131
805   183   4    88    22
806   322   7    119    485
807   601   7    48    47
808   764   4    71    476
809   607   7    156    104
810   780   7    86    417
811   809   7    94    59
812   133   5    36    164
813   698   3    132    495
814   790   5    108    314
815   559   3    14    309
816   573   3    183    234
817   168   6    44    264
818   224   5    19    432
819   73   6    191    63
820   158   6    183    356
821   225   2    138    54
822   464   7    3    162
823   74   5    146    102
824   621   3    1    112
825   295   3    11    336
826   720   4    128    272
827   361   5    167    381
828   7   3    181    302
829   200   3    137    476
830   682   3    60    351
831   652   6    2    315
832   423   6    99    445
833   146   7    110    377
834   680   3    158    256
835   540   3    93    421
836   511   3    52    42
837   445   6    17    13
838   222   2    107    403
839   566   2    158    127
840   193   6    5    202
841   310   3    79    98
842   481   6    101    358
843   427   5    107    457
844   353   7    170    291
845   108   7    11    20
846   202   7    163    281
847   737   7    76    308
848   453   5    15    323
849   534   2    95    119
850   566   6    177    456
851   336   4    58    368
852   71   4    194    413
853   365   7    122    205
854   423   4    29    189
855   720   4    46    232
856   178   3    199    277
857   135   3    107    301
858   598   6    147    285
859   668   2    143    449
860   627   6    141    351
861   739   3    149    36
862   247   6    106    268
863   681   5    138    345
864   484   7    60    87
865   584   4    70    81
866   521   7    145    432
867   284   2    65    144
868   598   5    37    5
869   235   2    120    130
870   562   4    94    138
871   148   7    93    193
872   392   6    96    356
873   548   6    62    474
874   854   4    77    288
875   786   7    190    99
876   501   3    193    267
877   797   5    5    350
878   662   4    22    426
879   501   5    121    206
880   352   3    10    440
881   255   5    27    275
882   241   2    9    350
883   879   5    125    36
884   221   3    54    326
885   484   7    82    167
886   237   7    74    419
887   562   4    130    137
888   773   2    178    143
889   426   5    41    183
890   445   7    153    397
891   767   4    160    316
892   595   5    110    307
893   707   3    4    21
894   531   3    124    423
895   811   6    111    90
896   179   5    20    251
897   185   2    65    396
898   351   4    27    164
899   358   5    7    299
900   293   6    65    410
901   296   4    185    16
902   263   6    94    276
903   645   5    94    178
904   158   2    187    6
905   91   7    66    30
906   828   3    31    183
907   759   2    153    255
908   675   5    152    109
909   150   2    180    180
910   814   6    28    360
911   893   4    159    353
912   894   3    170    417
913   687   7    31    270
914   293   7    29    244
915   195   6    70    333
916   431   5    138    325
917   302   5    181    80
918   601   5    188    238
919   791   2    52    461
920   443   7    83    168
921   671   3    24    306
922   95   4    64    234
923   68   5    21    344
924   869   4    86    438
925   58   6    184    488
926   148   7    1    43
927   284   7    184    300
928   126   2    164    134
929   749   2    113    457
930   795   6    65    259
931   728   7    2    437
932   466   4    99    240
933   250   7    66    283
934   296   4    129    375
935   382   2    158    378
936   619   7    65    315
937   656   3    121    356
938   832   2    36    96
939   179   2    19    366
940   660   6    50    320
941   275   6    143    333
942   267   7    145    182
943   803   5    131    80
944   793   2    167    280
945   570   4    139    376
946   637   2    121    348
947   613   7    155    284
948   629   6    31    7
949   167   4    156    302
950   549   5    184    316
951   865   4    135    446
952   782   3    14    459
953   45   4    178    3
954   713   6    126    457
955   847   4    5    323
956   181   6    45    362
957   307   7    156    102
958   338   4    190    50
959   652   5    182    370
960   415   2    165    333
961   552   6    103    445
962   337   7    150    470
963   244   5    174    436
964   736   3    190    391
965   818   5    71    273
966   419   2    99    365
967   272   4    198    196
968   481   4    114    313
969   685   6    16    297
970   852   7    157    281
971   757   6    85    326
972   195   7    166    56
973   515   7    70    352
974   199   5    86    322
975   314   3    41    149
976   455   2    130    220
977   480   2    13    219
978   874   3    115    152
979   537   5    154    380
980   523   3    64    329
981   791   4    79    333
982   795   6    46    134
983   957   6    18    226
984   865   7    190    115
985   618   6    84    450
986   929   7    77    267
987   874   3    150    337
988   699   4    99    73
989   899   6    113    108
990   83   5    66    252
991   667   6    122    314
992   316   4    187    25
993   35   6    120    192
994   134   4    189    485
995   323   7    110    412
996   808   6    185    303
997   361   5    124    439
998   635   6    157    264
999   862   5    153    118
1000   422   4    129    433
1001   104   3    59    249
1002   723   4    11    347
1003   627   5    133    376
1004   90   7    100    208
1005   570   7    102    306
1006   426   5    59    357
1007   683   3    30    38
1008   366   3    48    193
1009   235   5    183    289
1010   86   4    119    340
1011   948   4    137    383
1012   290   3    29    286
1013   828   2    80    462
1014   474   6    56    315
1015   483   3    6    139
1016   177   6    24    68
1017   314   2    177    328
1018   203   5    146    255
1019   664   5    76    159
1020   913   7    110    376
1021   711   7    89    368
1022   914   2    79    41
1023   488   5    31    56
1024   141   6    158    338
