1   0   4    18    403
2   1   4    24    251
3   1   4    76    378
4   2   4    44    393
5   3   7    195    208
6   4   3    22    38
7   4   3    104    451
8   6   7    93    147
9   4   6    68    455
10   7   2    51    409
11   4   2    149    345
12   4   6    95    445
13   7   7    25    162
14   8   4    78    7
15   4   2    25    177
16   6   4    172    483
17   13   3    174    165
18   14   7    157    394
19   8   7    185    24
20   8   7    41    214
21   6   3    126    173
22   10   5    129    274
23   16   2    79    339
24   7   7    184    270
25   10   2    62    141
26   10   4    37    51
27   15   7    53    93
28   4   3    42    399
29   18   7    70    349
30   10   3    31    219
31   17   3    72    24
32   23   4    44    361
33   28   2    67    268
34   7   7    147    50
35   27   2    155    392
36   24   5    136    427
37   5   6    137    274
38   6   2    60    494
39   18   3    120    264
40   14   4    103    239
41   10   2    13    162
42   3   3    172    306
43   24   3    62    202
44   24   5    95    150
45   35   5    15    292
46   44   4    128    222
47   24   5    103    63
48   14   5    30    262
49   12   7    159    233
50   5   6    83    344
51   27   4    3    340
52   2   7    62    182
53   41   7    117    382
54   8   4    147    291
55   12   6    31    64
56   25   2    176    323
57   50   2    93    313
58   56   5    76    202
59   6   3    99    161
60   48   7    148    231
61   43   6    23    45
62   29   4    24    78
63   8   2    50    446
64   19   7    143    27
65   31   4    2    374
66   10   7    167    77
67   28   3    157    128
68   49   6    72    364
69   43   2    153    464
70   39   3    2    213
71   2   2    66    498
72   62   6    88    307
73   36   3    104    390
74   53   3    176    390
75   6   5    88    19
76   62   5    154    174
77   63   3    9    253
78   53   4    131    190
79   65   3    139    399
80   66   7    190    247
81   65   7    75    270
82   49   6    192    237
83   54   7    20    309
84   32   3    154    342
85   47   7    94    407
86   50   5    68    51
87   24   7    162    457
88   7   2    48    352
89   75   4    173    406
90   25   3    70    194
91   23   3    151    401
92   27   2    15    185
93   43   4    100    293
94   86   4    66    81
95   78   4    199    137
96   27   6    100    435
97   42   2    123    246
98   12   5    186    464
99   82   5    181    194
100   72   7    103    198
101   39   6    190    10
102   6   5    78    296
103   32   7    96    243
104   53   4    104    170
105   2   5    190    314
106   74   6    3    217
107   80   2    60    444
108   46   2    153    255
109   18   5    28    413
110   47   7    48    315
111   30   4    137    291
112   3   6    107    261
113   45   4    150    87
114   85   5    178    250
115   44   6    6    306
116   99   7    104    313
117   36   5    94    210
118   75   2    199    157
119   97   2    186    83
120   21   4    47    345
121   108   4    167    238
122   103   5    65    378
123   103   7    59    281
124   13   2    166    315
125   69   5    49    22
126   115   3    187    497
127   38   3    79    445
128   76   5    111    262
129   17   5    134    54
130   93   6    192    457
131   41   6    9    237
132   83   7    43    203
133   87   7    99    73
134   62   4    67    201
135   62   7    37    5
136   71   2    175    409
137   32   6    147    389
138   121   4    120    138
139   133   2    63    366
140   48   2    196    286
141   35   4    140    294
142   119   3    12    444
143   43   7    136    424
144   48   4    124    232
145   40   7    180    172
146   60   3    69    142
147   41   7    91    17
148   56   7    58    277
149   23   2    100    65
150   82   6    17    219
151   103   6    43    58
152   113   5    108    368
153   143   3    176    129
154   107   4    64    33
155   12   7    90    140
156   101   5    155    224
157   61   7    22    377
158   5   2    190    312
159   118   6    165    421
160   92   6    173    210
161   37   4    52    219
162   15   7    86    485
163   132   2    47    461
164   148   4    147    385
165   3   6    145    135
166   5   4    186    23
167   20   5    64    34
168   100   3    148    209
169   26   4    102    239
170   36   4    189    349
171   17   3    155    21
172   144   5    80    471
173   26   3    133    461
174   172   5    63    65
175   148   2    42    11
176   30   5    139    222
177   94   5    142    384
178   132   4    170    140
179   133   5    180    144
180   99   5    93    452
181   104   6    163    200
182   122   6    167    364
183   3   6    38    263
184   181   6    75    398
185   141   4    173    124
186   173   4    140    106
187   4   5    92    42
188   103   5    160    162
189   2   4    194    134
190   127   7    76    184
191   162   6    50    466
192   31   7    39    319
193   181   4    33    4
194   155   6    153    440
195   175   3    112    278
196   21   5    43    357
197   187   5    55    463
198   61   5    104    190
199   12   2    44    272
200   18   4    97    176
201   72   7    103    49
202   160   3    136    196
203   67   7    147    139
204   55   2    29    270
205   181   5    121    138
206   103   2    125    336
207   110   4    47    218
208   157   2    93    113
209   52   4    80    22
210   22   6    49    167
211   120   5    162    452
212   52   4    116    314
213   75   4    192    484
214   51   2    154    473
215   78   6    114    155
216   63   2    96    409
217   49   2    94    123
218   57   7    63    362
219   119   3    11    215
220   179   2    67    403
221   201   3    119    46
222   30   7    82    189
223   58   3    164    148
224   218   2    162    334
225   38   3    69    59
226   84   6    54    25
227   112   5    120    454
228   86   7    181    36
229   129   2    17    452
230   79   5    3    309
231   20   7    193    488
232   2   6    67    76
233   121   4    106    466
234   187   4    160    83
235   159   5    162    332
236   182   6    4    244
237   10   5    77    90
238   137   2    170    21
239   199   5    54    305
240   118   2    149    200
241   171   4    154    353
242   117   7    91    76
243   89   4    88    158
244   153   4    163    225
245   63   4    119    488
246   49   3    186    368
247   102   4    50    212
248   237   5    140    231
249   161   6    61    23
250   78   3    121    338
251   185   3    55    299
252   150   2    12    219
253   100   7    6    41
254   17   3    177    63
255   225   6    82    131
256   8   4    151    310
