1   0   7    68    142
2   1   5    119    123
3   1   7    15    331
4   1   4    46    185
5   3   6    31    356
6   4   2    75    97
7   3   7    72    391
8   4   4    18    397
9   6   3    131    61
10   3   4    71    404
11   2   4    160    154
12   1   4    29    331
13   4   2    198    55
14   5   2    106    167
15   10   4    1    321
16   7   2    156    324
17   14   5    116    420
18   12   6    39    324
19   11   2    85    435
20   15   6    50    431
21   9   4    19    297
22   10   7    198    295
23   8   7    17    453
24   10   7    68    227
25   1   3    167    478
26   6   2    111    352
27   20   4    93    170
28   3   2    166    362
29   10   2    2    413
30   6   4    41    158
31   11   7    102    471
32   29   2    53    69
33   3   7    55    105
34   17   2    153    397
35   21   6    123    55
36   13   3    56    469
37   5   2    151    250
38   34   6    102    175
39   10   3    106    295
40   11   3    111    7
41   25   5    85    333
42   32   2    49    496
43   5   2    24    275
44   13   6    112    492
45   20   6    1    351
46   36   7    85    75
47   35   3    170    350
48   9   3    65    34
49   25   4    123    342
50   43   6    85    458
51   39   5    3    134
52   19   4    22    340
53   23   2    153    206
54   9   2    171    239
55   40   2    169    232
56   13   6    97    466
57   8   6    61    113
58   30   4    123    120
59   37   6    45    387
60   11   4    25    269
61   42   5    130    315
62   10   2    78    350
63   10   3    12    452
64   57   2    148    496
65   11   5    140    424
66   36   3    182    350
67   44   6    110    482
68   29   3    150    195
69   45   5    51    13
70   55   5    138    328
71   57   6    126    344
72   35   2    4    430
73   64   4    33    184
74   58   7    83    331
75   59   2    84    144
76   12   7    173    4
77   23   7    158    489
78   11   3    179    169
79   74   4    46    441
80   75   2    191    327
81   70   7    134    96
82   50   2    187    317
83   41   4    5    380
84   55   5    14    258
85   69   2    197    111
86   8   6    121    427
87   20   5    73    396
88   57   5    156    335
89   43   2    199    33
90   81   6    151    478
91   59   6    91    12
92   12   4    41    31
93   49   7    152    26
94   36   5    92    236
95   15   6    37    300
96   28   7    77    469
97   37   5    35    31
98   80   2    122    409
99   85   5    95    267
100   64   2    96    138
101   46   3    126    337
102   79   2    165    343
103   6   6    75    164
104   16   2    188    313
105   12   7    107    210
106   92   2    1    365
107   1   5    64    273
108   40   4    186    486
109   107   2    53    53
110   95   4    101    293
111   14   2    6    269
112   43   7    154    379
113   80   5    60    150
114   94   5    143    218
115   70   6    172    471
116   113   3    74    271
117   105   3    92    329
118   91   7    171    385
119   39   4    193    292
120   20   7    67    386
121   73   5    178    159
122   114   7    114    156
123   66   3    11    324
124   3   6    60    128
125   60   6    129    427
126   72   2    133    167
127   62   4    46    375
128   66   5    199    85
129   82   6    19    300
130   117   7    73    40
131   124   6    113    360
132   37   5    167    473
133   54   2    147    63
134   23   3    17    288
135   105   6    87    326
136   27   6    175    205
137   62   5    144    65
138   125   5    180    365
139   13   2    194    150
140   92   5    60    352
141   85   7    94    290
142   52   6    70    303
143   31   5    162    421
144   105   4    42    439
145   66   2    60    349
146   116   2    188    295
147   142   4    159    52
148   142   7    50    418
149   41   7    199    212
150   42   4    195    286
151   41   7    54    300
152   15   7    165    94
153   149   7    95    494
154   124   2    197    198
155   87   5    58    301
156   21   5    4    331
157   98   6    148    148
158   125   6    163    290
159   91   2    155    382
160   75   5    58    435
161   57   4    158    361
162   30   6    44    391
163   132   2    103    249
164   154   6    147    369
165   39   3    127    268
166   159   4    90    47
167   100   2    195    63
168   126   5    118    211
169   108   2    133    285
170   155   2    179    95
171   71   2    46    115
172   147   5    109    58
173   17   2    114    111
174   7   5    125    37
175   70   2    180    448
176   155   5    162    198
177   107   7    103    165
178   26   3    164    293
179   120   6    69    247
180   158   2    88    11
181   176   7    29    58
182   75   3    123    94
183   157   6    83    348
184   93   4    132    309
185   56   2    19    9
186   17   3    18    431
187   95   7    95    301
188   78   4    98    152
189   74   3    142    174
190   161   7    34    347
191   122   3    85    6
192   156   3    159    157
193   30   6    146    451
194   106   7    111    20
195   38   4    139    158
196   72   3    70    372
197   180   7    174    269
198   58   4    35    482
199   178   4    182    347
200   58   3    43    40
201   72   4    194    328
202   56   7    47    470
203   154   6    171    309
204   134   2    108    356
205   86   6    18    163
206   173   7    142    379
207   133   5    180    488
208   103   5    87    73
209   94   3    76    251
210   151   6    70    158
211   138   5    80    430
212   80   5    81    404
213   159   7    78    133
214   84   2    35    312
215   37   4    20    382
216   88   5    182    30
217   73   3    120    402
218   35   4    179    458
219   128   2    138    78
220   70   7    86    268
221   86   2    162    126
222   44   3    2    432
223   209   5    103    227
224   65   3    184    132
225   119   6    197    392
226   121   7    132    53
227   152   5    31    459
228   223   6    84    444
229   220   2    62    141
230   168   6    180    24
231   44   4    187    253
232   204   6    35    170
233   133   4    177    468
234   76   7    41    242
235   199   5    187    11
236   206   7    61    367
237   51   2    96    485
238   82   3    118    220
239   97   3    165    15
240   38   7    26    196
241   127   7    91    175
242   45   3    122    421
243   92   7    169    44
244   63   5    67    47
245   223   5    183    163
246   153   3    114    411
247   96   5    135    230
248   199   3    74    486
249   100   6    119    125
250   208   7    178    110
251   67   4    167    184
252   120   3    132    271
253   53   3    22    424
254   171   2    45    101
255   182   4    190    216
256   6   5    146    113
