1   0   7    49    368
2   1   3    198    421
3   1   2    167    165
4   1   6    181    358
5   2   4    70    394
6   3   6    194    47
7   1   2    131    82
8   5   2    142    177
9   2   6    103    56
10   5   3    163    271
11   9   5    29    269
12   10   6    134    84
13   1   6    106    351
14   3   4    35    128
15   10   4    45    11
16   12   4    139    489
17   12   4    72    475
18   10   4    85    229
19   17   5    75    287
20   2   5    191    86
21   9   3    130    415
22   14   6    82    308
23   11   7    16    488
24   21   3    18    283
25   9   3    165    420
26   16   2    179    458
27   21   2    152    44
28   10   2    51    42
29   6   2    109    296
30   16   3    99    195
31   5   4    135    334
32   4   4    84    85
33   22   5    152    445
34   7   4    116    62
35   1   2    184    124
36   23   2    186    166
37   8   2    33    474
38   36   7    142    92
39   23   4    118    23
40   27   5    128    413
41   27   4    75    293
42   17   7    3    172
43   11   2    62    168
44   12   7    63    46
45   25   7    58    145
46   25   6    95    455
47   20   7    158    324
48   44   7    13    65
49   42   5    136    289
50   31   6    143    39
51   40   4    17    137
52   32   3    43    462
53   34   5    89    247
54   6   5    68    257
55   42   4    94    152
56   50   6    174    453
57   44   5    198    321
58   38   3    66    449
59   31   6    2    339
60   36   6    36    159
61   27   2    153    410
62   20   6    33    196
63   31   5    189    434
64   60   6    2    255
65   26   2    179    360
66   64   6    153    11
67   59   3    80    50
68   22   6    169    186
69   63   5    46    249
70   34   4    125    116
71   58   5    160    77
72   44   7    167    432
73   28   6    63    175
74   9   5    29    11
75   32   2    126    437
76   46   6    192    461
77   33   2    130    266
78   13   6    12    437
79   20   2    38    21
80   66   4    190    433
81   67   3    81    208
82   65   7    25    342
83   61   5    113    233
84   8   2    48    92
85   7   5    87    268
86   2   7    191    58
87   17   5    43    258
88   50   6    159    152
89   39   7    160    120
90   35   7    55    364
91   14   4    127    287
92   33   2    61    149
93   35   6    42    363
94   22   4    155    87
95   3   4    112    240
96   22   6    136    80
97   83   2    63    94
98   58   3    122    69
99   20   7    165    428
100   8   3    116    428
101   70   6    80    164
102   99   3    129    68
103   91   2    4    70
104   6   4    125    352
105   50   3    3    162
106   98   3    76    73
107   55   3    113    414
108   53   2    90    340
109   26   7    53    352
110   95   3    64    108
111   58   6    93    364
112   81   7    124    38
113   67   3    102    181
114   105   5    44    355
115   10   6    184    439
116   63   3    94    345
117   110   4    186    365
118   72   6    148    103
119   42   3    76    265
120   35   4    134    482
121   14   3    117    186
122   105   4    59    493
123   87   2    106    222
124   98   2    112    386
125   118   4    119    28
126   20   6    64    274
127   7   7    157    180
128   56   6    20    122
129   19   4    149    488
130   91   7    7    132
131   88   7    1    243
132   110   7    38    285
133   26   6    195    393
134   98   2    191    29
135   82   7    134    40
136   82   3    87    329
137   20   5    188    323
138   95   2    109    82
139   96   2    123    449
140   60   6    162    188
141   81   2    134    210
142   35   3    132    250
143   41   4    164    496
144   110   2    164    121
145   73   5    6    119
146   88   2    61    265
147   118   2    111    434
148   9   2    66    307
149   145   2    86    207
150   56   3    72    401
151   110   6    198    182
152   41   7    123    55
153   118   3    117    249
154   129   6    155    348
155   9   6    146    315
156   73   2    28    172
157   73   4    27    277
158   98   7    176    91
159   140   6    28    218
160   156   2    10    160
161   84   4    177    183
162   87   2    24    99
163   127   7    182    382
164   106   5    117    266
165   117   4    101    340
166   44   4    154    233
167   5   6    12    90
168   18   5    125    261
169   165   4    123    314
170   123   7    126    285
171   49   5    180    445
172   15   2    15    308
173   39   6    179    249
174   21   2    94    210
175   160   2    92    2
176   86   4    94    151
177   173   3    180    62
178   2   2    45    185
179   128   4    123    116
180   64   5    58    50
181   84   2    149    454
182   85   4    124    154
183   181   4    14    250
184   24   7    27    436
185   85   2    11    243
186   8   7    135    273
187   15   2    75    90
188   74   3    70    104
189   54   2    129    255
190   121   3    84    369
191   114   7    142    360
192   83   6    159    267
193   66   6    8    454
194   143   7    184    49
195   110   4    166    61
196   146   3    125    309
197   48   2    115    150
198   163   2    95    239
199   87   3    160    234
200   174   4    44    38
201   42   5    15    377
202   52   7    54    218
203   30   3    48    315
204   178   2    2    50
205   133   7    149    440
206   72   5    146    245
207   30   7    124    397
208   130   6    36    356
209   146   6    40    432
210   128   5    195    310
211   191   4    147    280
212   177   7    25    145
213   195   2    190    424
214   167   2    3    432
215   190   4    22    210
216   85   4    172    1
217   67   3    90    387
218   95   7    55    121
219   151   6    132    47
220   162   4    154    61
221   143   7    31    392
222   84   6    83    133
223   144   7    183    258
224   194   6    177    104
225   152   4    194    160
226   144   4    59    5
227   205   6    192    358
228   179   5    97    389
229   35   7    192    110
230   154   6    135    191
231   139   3    9    339
232   71   5    2    196
233   127   6    127    446
234   41   4    100    132
235   231   6    198    224
236   55   7    124    37
237   104   6    163    203
238   12   2    160    422
239   237   6    148    186
240   103   3    167    222
241   8   6    73    480
242   215   5    164    131
243   18   7    104    361
244   75   4    140    377
245   99   2    145    359
246   165   3    189    349
247   89   5    166    85
248   150   6    72    104
249   204   4    57    190
250   128   7    157    377
251   51   3    193    140
252   2   4    29    57
253   112   3    29    57
254   205   7    89    48
255   4   6    170    481
256   72   2    133    175
