1   0   6    73    75
2   1   4    184    459
3   1   6    181    466
4   1   3    100    177
5   1   2    166    164
6   2   5    110    214
7   2   7    155    346
8   4   2    178    323
9   7   7    109    395
10   5   5    24    191
11   5   7    41    349
12   2   2    68    155
13   3   3    53    163
14   11   6    142    292
15   8   3    193    143
16   10   6    22    228
17   4   5    148    356
18   3   3    1    442
19   11   4    29    122
20   9   7    143    139
21   13   3    1    456
22   18   7    177    164
23   13   7    90    262
24   14   6    15    136
25   9   3    131    161
26   21   3    20    485
27   7   3    53    383
28   9   3    187    351
29   21   2    35    150
30   20   4    144    241
31   11   6    116    162
32   15   2    19    171
33   28   7    197    355
34   19   5    63    344
35   8   7    132    485
36   2   7    139    473
37   18   2    22    343
38   21   2    40    26
39   13   3    61    335
40   26   2    77    344
41   12   6    62    43
42   24   6    64    45
43   27   4    197    205
44   8   6    21    150
45   14   5    92    95
46   1   3    33    403
47   34   5    143    180
48   8   7    184    231
49   30   2    56    74
50   48   3    198    135
51   8   2    105    76
52   21   6    87    188
53   24   6    154    443
54   30   7    195    452
55   9   4    28    223
56   14   7    43    129
57   4   7    121    26
58   1   2    6    101
59   38   3    177    146
60   7   4    130    54
61   32   4    168    464
62   39   6    11    225
63   41   7    61    474
64   59   5    198    24
65   35   7    150    454
66   20   2    97    479
67   61   2    18    53
68   58   5    95    356
69   20   5    148    88
70   7   5    158    368
71   5   7    181    262
72   63   6    168    7
73   69   6    42    264
74   59   4    83    357
75   70   6    11    429
76   5   7    56    450
77   33   5    79    451
78   1   2    109    442
79   27   3    72    271
80   43   5    108    305
81   9   4    132    339
82   16   5    178    208
83   10   7    113    263
84   19   6    24    220
85   70   2    174    376
86   26   7    176    157
87   61   2    169    190
88   34   4    103    86
89   2   5    163    353
90   21   2    31    348
91   36   2    50    347
92   51   4    34    31
93   19   6    111    430
94   46   6    178    145
95   30   3    106    287
96   39   6    102    214
97   58   7    63    269
98   24   7    167    217
99   37   4    148    99
100   88   6    113    461
101   19   7    139    239
102   91   6    109    311
103   31   7    199    204
104   20   3    160    62
105   52   5    131    280
106   86   7    135    417
107   50   5    129    81
108   66   6    64    36
109   70   2    66    321
110   89   5    159    312
111   28   5    85    423
112   22   5    76    462
113   104   6    35    273
114   20   7    95    322
115   91   6    161    372
116   9   7    168    478
117   51   5    179    302
118   93   7    96    420
119   25   2    40    244
120   58   5    110    275
121   27   6    162    103
122   20   7    194    11
123   76   6    62    497
124   22   5    63    423
125   46   2    44    295
126   115   3    72    427
127   25   6    177    156
128   70   4    184    311
129   97   5    63    311
130   11   2    139    23
131   59   5    118    273
132   63   5    8    52
133   50   5    122    11
134   115   2    56    233
135   55   2    139    126
136   63   3    193    120
137   52   7    159    488
138   11   2    30    418
139   81   4    174    426
140   127   4    60    465
141   126   2    1    318
142   94   2    132    324
143   6   4    33    75
144   1   7    39    269
145   93   5    175    84
146   92   5    92    426
147   136   4    101    21
148   99   3    129    442
149   4   5    104    239
150   118   4    160    284
151   25   4    17    319
152   144   5    68    277
153   19   6    8    352
154   52   7    99    135
155   75   5    4    193
156   88   5    120    375
157   132   5    16    132
158   139   3    58    34
159   128   2    103    136
160   27   2    189    284
161   58   6    87    433
162   151   7    34    297
163   132   2    50    472
164   128   2    118    111
165   43   7    114    478
166   101   5    141    414
167   76   2    123    153
168   85   2    2    404
169   3   6    184    2
170   82   4    84    224
171   120   5    130    331
172   8   7    72    385
173   46   4    55    200
174   122   4    116    326
175   137   4    64    12
176   167   2    107    31
177   25   5    187    36
178   35   2    2    459
179   136   7    178    280
180   166   6    16    34
181   53   3    114    471
182   127   4    160    418
183   80   7    82    154
184   139   3    111    439
185   62   7    110    26
186   132   4    176    306
187   72   3    77    466
188   53   4    165    353
189   138   2    63    263
190   1   6    64    187
191   14   3    133    256
192   142   3    1    141
193   84   4    49    217
194   115   2    104    452
195   192   3    173    57
196   136   2    4    58
197   12   3    53    368
198   173   6    72    45
199   28   5    30    455
200   169   7    31    50
201   138   2    149    266
202   136   3    89    216
203   72   4    114    239
204   8   6    132    415
205   85   5    13    499
206   75   5    142    362
207   25   3    61    106
208   105   5    1    369
209   128   4    32    135
210   20   6    10    424
211   36   4    29    33
212   127   5    125    124
213   6   6    139    490
214   5   2    105    129
215   21   3    35    233
216   165   4    104    499
217   79   2    127    361
218   172   5    43    10
219   198   2    86    424
220   34   7    15    475
221   166   5    112    224
222   111   2    118    49
223   199   7    54    193
224   88   3    69    80
225   122   3    10    304
226   173   5    98    194
227   190   4    49    357
228   192   7    118    279
229   99   6    108    102
230   20   4    197    76
231   78   6    113    199
232   98   5    198    386
233   18   7    189    407
234   62   7    24    364
235   168   5    57    151
236   68   6    28    50
237   123   7    58    203
238   134   4    57    353
239   34   5    198    298
240   176   5    178    279
241   62   5    72    359
242   166   2    159    245
243   219   6    70    51
244   167   2    47    36
245   39   6    169    158
246   52   2    133    90
247   32   4    190    65
248   37   5    153    312
249   65   6    196    369
250   149   6    170    68
251   138   5    59    252
252   38   2    56    40
253   200   5    11    173
254   29   4    66    93
255   209   3    189    400
256   57   7    158    30
