1   0   3    42    81
2   1   7    49    181
3   1   6    121    356
4   2   5    59    38
5   2   6    139    149
6   3   2    133    442
7   4   6    181    188
8   5   2    1    181
9   5   7    105    393
10   1   5    70    439
11   2   3    162    185
12   3   4    125    343
13   2   7    187    180
14   1   5    176    438
15   6   3    61    13
16   6   7    197    128
17   12   3    26    39
18   3   4    45    351
19   11   5    148    368
20   7   2    118    201
21   9   5    75    76
22   9   7    8    438
23   13   5    39    4
24   17   7    187    285
25   20   6    125    5
26   7   5    123    294
27   16   4    3    180
28   10   7    152    236
29   16   5    63    391
30   25   3    91    394
31   1   7    174    157
32   15   2    23    207
33   10   6    5    34
34   5   6    69    248
35   27   7    134    48
36   9   5    122    159
37   11   6    14    438
38   10   4    25    324
39   28   5    27    79
40   11   2    10    102
41   18   2    8    139
42   16   5    197    186
43   2   4    180    312
44   36   3    78    19
45   27   2    67    413
46   44   3    192    498
47   27   5    112    497
48   26   2    175    437
49   7   2    167    309
50   3   7    160    146
51   21   3    66    392
52   29   7    11    460
53   48   7    128    455
54   40   7    120    173
55   48   5    145    136
56   26   5    37    361
57   28   5    156    139
58   6   5    88    327
59   38   7    120    244
60   5   2    41    227
61   2   4    177    371
62   24   7    94    17
63   25   2    199    447
64   28   3    162    368
65   47   5    166    427
66   53   2    39    144
67   24   7    6    90
68   29   4    30    318
69   54   3    109    133
70   39   6    143    245
71   17   5    104    312
72   27   2    50    67
73   20   5    38    62
74   63   4    148    398
75   42   7    128    377
76   21   2    33    127
77   17   6    199    160
78   73   7    88    2
79   61   6    20    125
80   57   5    92    71
81   20   3    122    46
82   74   2    177    486
83   70   3    152    110
84   40   3    166    261
85   35   2    105    55
86   79   4    137    223
87   77   2    68    292
88   32   6    168    430
89   22   2    11    434
90   16   6    144    259
91   1   6    159    363
92   47   2    16    61
93   72   7    159    111
94   87   5    5    64
95   15   4    24    68
96   77   3    134    166
97   30   4    25    319
98   17   5    155    20
99   43   2    39    200
100   85   3    13    257
101   5   6    118    470
102   35   2    69    84
103   8   2    143    268
104   78   3    156    95
105   28   2    92    12
106   97   5    86    132
107   16   4    20    373
108   26   6    121    77
109   95   2    33    285
110   44   5    158    23
111   51   6    170    298
112   74   7    81    65
113   20   5    63    30
114   29   3    107    121
115   18   2    173    324
116   57   7    151    266
117   40   3    68    259
118   89   3    40    220
119   69   6    168    159
120   34   3    168    51
121   44   2    112    453
122   62   3    60    255
123   7   7    52    255
124   11   5    122    195
125   117   7    143    175
126   1   6    138    428
127   97   6    63    379
128   12   5    183    255
129   84   4    100    234
130   57   6    65    478
131   37   4    44    146
132   58   3    166    136
133   124   4    166    316
134   47   5    102    390
135   89   7    47    379
136   107   5    1    192
137   76   4    70    234
138   23   5    180    356
139   66   6    158    466
140   18   5    87    358
141   4   7    79    496
142   99   2    45    399
143   133   6    146    387
144   68   5    146    340
145   118   3    166    96
146   15   7    147    171
147   99   4    4    263
148   56   6    45    262
149   95   5    4    213
150   100   3    103    237
151   77   2    8    375
152   15   5    141    55
153   138   5    161    174
154   65   4    153    83
155   118   2    103    126
156   96   4    144    92
157   18   6    171    471
158   77   3    134    32
159   66   5    161    52
160   71   2    21    457
161   76   4    170    205
162   7   7    10    133
163   19   4    54    394
164   143   7    198    357
165   100   7    39    300
166   29   7    66    123
167   63   7    146    286
168   68   3    83    211
169   33   2    149    58
170   148   3    50    22
171   128   7    18    154
172   29   6    124    438
173   4   3    199    9
174   125   6    11    349
175   16   3    91    329
176   73   2    175    284
177   10   2    149    40
178   20   6    70    492
179   74   5    99    184
180   106   5    38    458
181   167   4    106    34
182   98   4    51    400
183   167   6    6    427
184   123   2    83    255
185   92   3    156    160
186   64   2    154    120
187   143   3    122    99
188   93   7    92    446
189   59   3    89    103
190   179   7    37    187
191   17   2    196    328
192   34   6    198    1
193   72   5    173    406
194   147   4    130    7
195   103   6    144    115
196   26   7    2    427
197   10   5    51    416
198   82   4    170    334
199   116   3    190    261
200   124   3    184    363
201   120   3    3    128
202   60   4    76    171
203   172   2    136    265
204   178   7    173    420
205   141   7    72    120
206   45   3    74    15
207   104   7    121    195
208   195   2    95    255
209   134   4    179    20
210   89   5    181    410
211   193   4    180    489
212   163   2    79    373
213   104   3    46    64
214   111   3    188    115
215   203   2    118    86
216   153   4    93    342
217   147   5    170    36
218   23   3    147    104
219   190   6    193    346
220   187   5    112    242
221   157   6    114    151
222   126   5    55    327
223   193   2    157    287
224   9   5    93    357
225   85   5    96    378
226   45   2    114    64
227   116   4    89    111
228   21   3    56    266
229   187   3    8    105
230   4   2    131    162
231   160   2    167    365
232   74   4    197    68
233   103   5    193    49
234   174   6    79    75
235   79   3    105    299
236   79   5    163    153
237   148   2    21    124
238   158   6    167    307
239   105   6    145    178
240   206   4    119    42
241   20   2    67    401
242   117   7    94    395
243   1   7    42    92
244   87   4    115    6
245   77   5    149    344
246   44   4    111    271
247   155   4    161    457
248   245   4    129    221
249   102   4    67    223
250   182   3    61    288
251   5   7    45    70
252   232   2    41    251
253   176   2    104    365
254   145   2    143    266
255   178   2    190    282
256   93   2    119    329
