1   0   4    6    112
2   1   5    182    357
3   1   6    187    369
4   1   3    76    123
5   1   4    9    155
6   1   2    33    238
7   2   3    11    225
8   1   5    86    429
9   6   4    101    368
10   6   3    174    248
11   3   3    94    260
12   5   3    89    361
13   4   4    174    48
14   1   7    151    494
15   6   4    32    78
16   7   4    134    167
17   4   7    171    96
18   7   5    91    238
19   1   4    64    446
20   4   3    171    295
21   18   7    47    245
22   3   5    185    99
23   17   7    180    27
24   15   3    77    394
25   14   2    83    110
26   20   6    159    279
27   20   2    142    190
28   11   2    162    296
29   8   5    147    2
30   2   5    89    125
31   22   3    7    30
32   19   4    5    125
33   2   3    15    280
34   32   5    106    37
35   11   4    171    259
36   33   5    10    115
37   11   6    44    432
38   8   4    151    446
39   22   5    136    172
40   19   2    2    342
41   39   7    132    278
42   29   3    148    144
43   28   5    169    59
44   35   4    10    8
45   39   7    28    40
46   40   7    100    441
47   7   4    54    196
48   7   4    93    391
49   16   7    155    157
50   7   4    56    137
51   1   5    139    492
52   6   4    131    103
53   36   6    152    272
54   14   6    9    81
55   24   5    150    167
56   16   7    106    58
57   47   4    58    145
58   31   2    48    451
59   31   7    100    266
60   54   2    47    386
61   24   5    136    38
62   60   5    170    387
63   54   5    191    372
64   55   7    123    458
65   51   2    176    45
66   25   3    148    41
67   59   7    142    420
68   18   4    94    264
69   31   2    56    428
70   42   4    163    31
71   34   2    140    466
72   66   4    199    261
73   66   5    195    133
74   57   5    138    265
75   49   6    188    123
76   15   6    44    167
77   5   3    127    14
78   13   6    79    31
79   58   7    39    368
80   24   4    146    309
81   39   5    30    298
82   39   4    79    474
83   40   5    6    353
84   20   7    6    361
85   22   2    114    385
86   17   6    180    134
87   48   7    25    473
88   45   2    31    444
89   28   4    95    75
90   69   4    42    370
91   86   3    2    402
92   59   3    20    184
93   29   3    129    266
94   16   3    134    248
95   23   3    44    118
96   4   6    22    425
97   39   7    185    283
98   49   4    3    272
99   83   4    112    263
100   77   3    49    471
101   67   5    16    457
102   39   2    117    284
103   74   4    167    397
104   96   3    71    100
105   29   6    97    264
106   51   3    117    285
107   96   4    9    29
108   69   2    145    494
109   57   3    28    120
110   108   2    128    461
111   84   2    93    455
112   106   5    122    422
113   89   5    153    318
114   75   2    117    327
115   20   7    194    244
116   70   6    143    266
117   53   5    176    461
118   52   4    136    150
119   111   5    67    470
120   117   7    66    133
121   107   5    101    456
122   50   2    185    344
123   90   5    105    17
124   110   5    2    305
125   7   5    161    139
126   90   5    84    158
127   109   3    179    100
128   19   6    71    36
129   50   5    66    289
130   45   4    151    216
131   84   2    139    296
132   80   4    122    118
133   14   6    114    300
134   66   3    140    470
135   96   4    188    153
136   134   2    180    148
137   38   7    192    50
138   36   5    188    203
139   19   6    28    393
140   109   7    36    134
141   98   5    22    466
142   83   4    108    466
143   129   2    151    23
144   139   7    86    343
145   64   7    20    332
146   97   4    127    412
147   124   5    157    330
148   7   6    180    264
149   75   7    164    390
150   20   7    23    426
151   145   6    101    255
152   118   3    148    491
153   92   4    59    14
154   79   2    140    245
155   71   2    153    466
156   8   5    197    347
157   147   3    182    386
158   61   6    154    297
159   115   4    165    73
160   120   2    1    271
161   101   4    181    9
162   75   2    52    134
163   148   3    93    482
164   53   2    155    245
165   9   2    184    413
166   83   4    104    394
167   102   3    195    82
168   114   4    110    494
169   144   2    4    436
170   107   4    170    283
171   55   3    177    340
172   161   2    83    63
173   57   7    106    486
174   74   5    147    140
175   71   7    26    25
176   3   4    162    68
177   36   2    1    219
178   143   6    154    473
179   124   6    66    17
180   106   6    29    188
181   9   4    182    495
182   61   2    55    186
183   18   4    76    274
184   99   5    110    468
185   2   7    186    416
186   60   4    93    382
187   171   4    137    479
188   83   7    59    160
189   113   5    1    325
190   62   6    59    71
191   116   2    183    405
192   94   4    51    365
193   159   4    145    394
194   101   2    34    366
195   2   7    150    417
196   113   6    61    459
197   179   3    141    246
198   50   7    171    278
199   31   4    15    76
200   5   2    28    322
201   79   3    169    306
202   77   2    117    429
203   36   7    100    318
204   190   5    53    103
205   180   3    10    67
206   162   6    177    205
207   72   4    48    115
208   180   3    23    421
209   127   5    120    275
210   86   4    79    257
211   181   4    158    443
212   70   4    123    73
213   6   4    111    156
214   21   6    139    102
215   101   4    21    93
216   42   4    48    300
217   166   7    6    341
218   32   6    7    330
219   123   5    105    78
220   186   4    24    101
221   66   7    122    44
222   39   2    133    279
223   163   3    145    114
224   92   7    57    431
225   75   5    70    261
226   222   5    88    149
227   34   7    51    286
228   150   2    142    114
229   108   5    44    155
230   189   3    170    235
231   77   7    119    65
232   105   4    169    33
233   199   5    69    15
234   99   3    187    123
235   133   5    165    317
236   98   7    142    316
237   129   5    143    417
238   131   3    151    492
239   208   7    55    172
240   234   3    64    454
241   175   7    16    347
242   145   3    125    459
243   141   5    23    393
244   67   7    65    333
245   105   5    123    399
246   13   3    86    344
247   56   2    147    107
248   108   6    198    433
249   128   5    17    426
250   99   6    105    10
251   114   3    22    78
252   117   3    187    156
253   39   6    81    148
254   72   5    49    184
255   59   4    89    64
256   201   7    177    272
