1   0   5    81    237
2   1   4    36    398
3   1   7    152    193
4   2   2    183    450
5   3   2    87    213
6   3   4    134    236
7   5   3    101    423
8   6   5    146    418
9   4   3    170    451
10   4   3    181    308
11   7   2    131    315
12   7   6    183    465
13   8   5    26    65
14   4   4    146    149
15   2   7    134    108
16   3   4    27    214
17   9   2    198    358
18   12   2    151    285
19   15   4    170    326
20   1   6    130    236
21   12   4    142    108
22   3   5    161    233
23   19   5    99    228
24   21   5    98    138
25   10   6    28    456
26   23   4    124    106
27   15   3    183    51
28   12   3    165    101
29   8   2    132    395
30   16   3    38    247
31   23   7    24    143
32   3   7    17    81
33   22   4    102    194
34   5   2    51    262
35   18   7    109    430
36   6   3    72    421
37   22   2    59    311
38   30   7    181    434
39   5   4    84    412
40   12   7    48    297
41   35   6    26    345
42   18   7    21    256
43   10   3    98    472
44   19   7    179    365
45   8   4    59    99
46   44   4    144    10
47   39   6    53    263
48   22   7    147    319
49   42   6    34    139
50   28   4    156    358
51   43   4    124    149
52   46   5    163    196
53   6   5    34    86
54   28   2    103    460
55   50   5    156    290
56   1   3    23    319
57   21   4    165    115
58   46   7    146    7
59   41   7    118    175
60   31   4    184    15
61   59   7    51    53
62   19   4    173    94
63   43   7    20    417
64   22   3    128    237
65   60   7    49    305
66   17   7    161    145
67   65   4    178    486
68   35   3    164    266
69   60   3    132    344
70   15   2    60    335
71   31   3    78    415
72   66   7    14    244
73   22   6    110    115
74   50   7    72    11
75   30   5    169    457
76   62   6    104    119
77   54   4    159    443
78   19   2    184    270
79   1   6    81    145
80   2   5    144    365
81   41   4    28    168
82   32   6    121    119
83   21   5    93    81
84   48   3    53    266
85   12   5    81    98
86   3   7    164    446
87   27   2    31    478
88   61   7    155    6
89   84   5    74    429
90   28   3    87    153
91   72   4    93    417
92   32   5    97    202
93   17   2    195    374
94   32   3    199    119
95   29   6    72    159
96   8   7    29    23
97   81   5    20    155
98   29   4    47    213
99   25   2    128    318
100   35   4    107    287
101   57   4    67    307
102   2   3    189    253
103   79   6    45    54
104   74   5    189    499
105   62   6    113    323
106   13   4    89    201
107   85   4    101    417
108   17   2    193    405
109   10   3    64    336
110   67   4    117    10
111   72   7    178    63
112   89   7    22    378
113   84   2    70    465
114   51   4    61    66
115   18   4    123    102
116   75   4    168    241
117   62   5    153    393
118   110   5    136    177
119   24   5    97    76
120   60   3    88    211
121   24   4    71    81
122   24   3    110    15
123   77   6    146    357
124   2   4    199    88
125   40   2    171    358
126   114   5    148    393
127   70   7    135    340
128   125   2    106    34
129   111   6    179    244
130   88   6    26    204
131   4   3    78    202
132   45   7    141    278
133   34   6    52    392
134   6   6    100    334
135   68   2    135    19
136   107   7    108    29
137   39   6    195    405
138   11   5    141    311
139   107   7    162    122
140   52   2    16    157
141   68   6    193    58
142   115   3    137    151
143   132   3    25    41
144   43   5    108    182
145   108   3    94    253
146   142   4    134    274
147   67   6    124    135
148   77   7    112    117
149   114   2    134    257
150   60   5    66    317
151   89   2    171    417
152   101   2    71    291
153   13   7    77    189
154   119   5    105    135
155   27   3    17    118
156   42   6    179    202
157   111   3    107    128
158   40   4    17    377
159   44   4    45    70
160   89   6    165    267
161   145   3    14    126
162   29   7    123    30
163   35   2    76    147
164   114   7    150    264
165   147   6    192    36
166   107   4    49    2
167   36   3    193    84
168   164   7    125    399
169   48   7    159    181
170   147   4    199    219
171   34   5    180    122
172   97   7    5    24
173   97   6    150    413
174   139   7    103    192
175   69   4    34    498
176   162   2    27    307
177   150   2    118    373
178   51   2    19    462
179   33   2    148    66
180   6   5    120    189
181   36   2    174    79
182   150   2    150    185
183   35   5    191    416
184   109   6    141    321
185   104   7    53    152
186   143   6    131    15
187   46   3    59    134
188   123   4    156    412
189   71   4    196    489
190   17   3    33    160
191   87   7    68    143
192   54   2    194    162
193   42   5    108    471
194   92   7    26    183
195   193   2    27    70
196   157   3    13    382
197   23   6    138    442
198   137   7    159    150
199   140   5    18    63
200   152   7    25    264
201   35   4    182    130
202   171   4    3    310
203   55   4    51    185
204   48   4    153    492
205   193   7    81    452
206   82   2    149    162
207   154   2    12    411
208   4   7    64    334
209   48   7    49    114
210   116   7    195    137
211   122   2    187    58
212   31   7    54    437
213   124   6    45    138
214   120   2    70    176
215   4   2    26    251
216   115   5    186    343
217   80   6    192    245
218   130   4    198    171
219   61   7    120    66
220   181   4    8    243
221   213   7    40    2
222   90   7    30    431
223   138   7    156    118
224   211   6    182    361
225   8   3    62    415
226   177   7    68    475
227   165   6    69    52
228   63   6    163    297
229   171   7    34    482
230   191   6    41    280
231   30   2    198    150
232   143   2    88    453
233   55   6    148    346
234   155   3    20    344
235   105   4    85    28
236   67   4    46    116
237   150   4    129    442
238   64   4    75    223
239   178   3    90    189
240   143   4    122    29
241   140   2    10    157
242   168   4    28    401
243   115   6    18    292
244   39   2    190    173
245   95   3    53    361
246   76   5    112    121
247   16   6    85    210
248   194   3    123    60
249   139   2    34    371
250   162   6    62    416
251   94   4    175    364
252   77   3    72    494
253   96   5    113    245
254   91   2    176    388
255   181   2    144    398
256   58   2    80    87
