1   0   2    31    440
2   1   4    106    194
3   1   7    186    157
4   2   2    18    481
5   2   6    71    99
6   2   3    1    262
7   4   2    136    53
8   4   7    173    411
9   2   3    157    348
10   4   7    40    331
11   9   4    27    316
12   3   6    163    174
13   3   4    168    190
14   9   5    97    280
15   13   3    83    284
16   11   3    167    111
17   7   5    92    180
18   15   5    6    489
19   9   5    134    260
20   1   4    89    388
21   5   3    29    337
22   1   7    116    47
23   20   5    129    236
24   1   7    46    446
25   21   5    34    476
26   17   7    85    387
27   21   5    86    425
28   17   4    158    479
29   20   3    193    25
30   23   7    161    342
31   19   2    82    299
32   10   4    141    69
33   20   3    26    195
34   29   6    79    27
35   12   5    150    375
36   6   4    151    205
37   18   6    115    354
38   5   5    159    372
39   25   3    76    460
40   28   3    194    88
41   34   5    84    125
42   30   5    79    143
43   3   7    93    234
44   27   4    101    22
45   3   6    166    143
46   2   4    110    276
47   28   4    47    426
48   30   4    108    442
49   23   2    83    478
50   46   5    14    85
51   32   4    188    183
52   14   5    111    329
53   8   5    41    275
54   37   5    67    104
55   39   7    92    159
56   38   2    63    391
57   33   6    146    109
58   30   4    44    199
59   40   2    175    360
60   52   4    15    131
61   49   3    57    149
62   29   7    147    35
63   53   3    8    186
64   22   5    169    331
65   11   7    144    118
66   64   4    100    283
67   3   2    16    462
68   57   2    2    338
69   41   7    102    78
70   63   6    112    310
71   54   3    195    69
72   14   6    122    278
73   30   2    162    449
74   67   7    176    222
75   50   6    6    139
76   9   7    10    362
77   17   7    9    119
78   24   4    53    1
79   23   5    185    121
80   62   3    1    233
81   55   6    152    164
82   42   3    25    138
83   54   4    70    160
84   80   2    17    287
85   27   3    116    195
86   65   6    57    35
87   65   6    158    418
88   25   2    29    93
89   69   4    119    74
90   30   3    96    32
91   24   6    139    2
92   11   3    80    177
93   85   4    47    72
94   69   6    54    448
95   10   7    71    6
96   15   3    31    103
97   84   3    27    146
98   3   4    183    429
99   19   4    66    113
100   14   6    6    361
101   55   4    172    378
102   88   5    121    221
103   50   7    9    498
104   25   5    90    54
105   102   5    124    394
106   38   7    159    92
107   61   6    74    155
108   33   7    1    101
109   5   2    97    45
110   106   7    131    172
111   33   6    37    370
112   86   5    37    433
113   104   5    38    43
114   95   3    199    76
115   16   4    41    317
116   111   5    184    373
117   26   4    91    345
118   90   4    19    364
119   100   2    152    427
120   10   7    72    282
121   96   6    51    169
122   64   6    149    463
123   104   7    178    16
124   91   7    126    136
125   29   2    25    18
126   13   4    40    378
127   45   7    103    309
128   39   3    24    499
129   5   4    156    192
130   43   7    152    332
131   68   2    89    52
132   70   3    136    227
133   30   5    136    246
134   55   4    34    15
135   125   7    123    460
136   69   6    87    170
137   22   7    197    419
138   18   3    180    314
139   55   5    157    305
140   53   5    37    39
141   117   5    151    104
142   44   7    148    89
143   59   4    50    97
144   133   6    19    402
145   1   5    42    6
146   90   2    7    314
147   121   6    169    391
148   141   4    36    453
149   13   7    181    273
150   15   5    52    123
151   17   5    95    190
152   86   3    117    383
153   42   3    3    420
154   136   5    69    319
155   102   7    191    350
156   33   3    153    151
157   84   7    7    193
158   61   4    46    368
159   22   6    143    498
160   103   7    49    21
161   74   4    137    486
162   38   6    59    36
163   150   7    29    471
164   55   6    15    3
165   80   3    88    133
166   78   3    80    191
167   119   4    71    8
168   66   7    147    209
169   139   2    110    206
170   123   5    8    109
171   11   2    125    388
172   23   4    198    469
173   133   4    103    245
174   2   2    135    413
175   88   5    80    252
176   37   4    199    424
177   168   2    71    275
178   58   7    38    58
179   156   7    183    419
180   126   5    34    303
181   43   6    134    66
182   39   6    16    359
183   141   5    23    470
184   165   5    16    481
185   19   7    92    268
186   169   3    74    221
187   171   4    2    436
188   94   4    43    77
189   166   3    50    217
190   155   4    25    321
191   7   3    17    88
192   47   7    128    146
193   78   7    151    377
194   185   7    173    13
195   154   5    22    110
196   16   4    106    445
197   135   3    58    186
198   80   3    104    411
199   140   7    54    343
200   107   4    92    411
201   2   2    165    356
202   10   3    50    91
203   116   4    174    106
204   177   2    90    419
205   196   7    53    50
206   31   4    30    258
207   153   3    74    279
208   62   5    91    417
209   8   4    124    74
210   72   5    133    481
211   144   7    63    182
212   16   2    40    350
213   178   3    50    184
214   14   7    75    114
215   200   3    171    400
216   30   4    1    119
217   23   2    83    198
218   202   5    78    186
219   155   2    53    133
220   21   3    57    416
221   187   2    180    155
222   80   5    198    394
223   56   5    10    433
224   150   6    55    23
225   17   3    100    151
226   192   7    34    483
227   201   4    131    287
228   222   5    111    286
229   19   3    34    278
230   17   3    15    92
231   13   5    37    277
232   179   6    153    220
233   130   6    165    363
234   216   5    71    81
235   183   7    23    244
236   157   5    39    263
237   29   4    151    105
238   100   2    68    434
239   164   4    86    255
240   153   7    134    395
241   122   5    64    445
242   53   7    89    402
243   115   7    82    292
244   49   6    177    223
245   208   3    187    210
246   58   3    170    318
247   75   2    74    96
248   4   2    38    392
249   25   6    150    440
250   200   6    49    84
251   37   2    22    327
252   9   6    33    194
253   4   7    106    442
254   113   6    73    419
255   251   6    50    209
256   175   7    77    215
