1   0   3    55    141
2   1   2    34    195
3   1   7    54    278
4   1   6    38    58
5   3   4    28    265
6   2   3    195    262
7   3   4    85    379
8   2   7    158    254
9   3   3    61    433
10   8   6    91    435
11   3   6    177    239
12   9   2    45    130
13   4   2    135    5
14   6   2    165    281
15   2   3    12    245
16   9   6    94    299
17   13   5    154    453
18   13   4    25    240
19   12   4    4    141
20   1   5    159    208
21   7   7    193    369
22   10   7    180    316
23   5   7    71    390
24   2   5    40    425
25   4   5    117    161
26   16   3    20    348
27   12   3    185    243
28   14   2    133    317
29   21   7    17    127
30   28   7    163    80
31   27   2    128    373
32   17   4    50    50
33   4   4    99    304
34   20   3    66    366
35   1   2    26    361
36   28   6    62    208
37   19   3    51    470
38   25   2    145    66
39   20   4    183    339
40   11   2    1    368
41   12   6    40    412
42   14   7    171    414
43   22   6    29    83
44   7   3    138    107
45   15   5    45    404
46   4   6    100    399
47   16   4    110    434
48   29   3    120    280
49   36   7    36    205
50   40   4    43    261
51   9   5    102    242
52   41   5    185    498
53   5   7    11    101
54   25   2    50    86
55   21   6    177    90
56   46   3    17    417
57   45   6    118    370
58   55   7    49    50
59   12   4    184    372
60   11   6    158    84
61   37   3    42    337
62   32   3    116    311
63   40   3    152    60
64   37   5    15    336
65   43   7    30    26
66   29   7    61    473
67   61   5    107    469
68   66   6    53    346
69   20   4    71    19
70   58   4    130    7
71   44   2    43    310
72   33   6    109    496
73   68   6    94    478
74   8   7    22    107
75   70   3    57    244
76   66   4    66    384
77   12   6    82    120
78   65   4    132    369
79   58   7    42    182
80   9   4    183    318
81   14   5    141    418
82   3   6    144    257
83   7   4    60    218
84   3   7    53    152
85   55   2    183    185
86   21   5    3    251
87   76   5    176    488
88   31   2    157    178
89   73   5    28    326
90   3   2    115    390
91   73   5    178    9
92   3   7    98    259
93   63   7    54    60
94   67   4    120    359
95   46   2    24    398
96   41   7    38    160
97   16   6    24    382
98   29   6    81    71
99   28   4    193    104
100   50   7    102    359
101   41   5    132    440
102   11   7    49    364
103   33   5    43    98
104   75   6    181    57
105   3   7    83    412
106   56   7    72    20
107   102   6    148    403
108   44   5    178    135
109   11   5    68    202
110   46   4    142    377
111   58   4    21    320
112   96   7    162    117
113   77   2    28    341
114   3   3    39    282
115   50   3    155    316
116   105   5    172    146
117   9   6    52    480
118   53   3    198    473
119   42   2    177    403
120   44   3    90    482
121   1   2    12    450
122   51   5    37    353
123   4   3    69    300
124   115   4    63    160
125   54   7    186    98
126   16   2    196    390
127   55   3    189    59
128   37   7    89    13
129   91   7    125    416
130   117   2    7    101
131   99   7    8    421
132   42   7    81    423
133   65   2    72    233
134   73   5    192    491
135   37   6    94    207
136   20   5    64    30
137   129   5    128    110
138   68   4    188    265
139   35   4    40    430
140   98   6    161    482
141   133   3    135    151
142   109   5    107    364
143   130   5    64    423
144   59   4    108    342
145   68   7    88    401
146   2   3    31    485
147   42   4    191    171
148   106   5    5    494
149   29   2    6    331
150   39   4    194    458
151   110   7    28    144
152   55   2    150    81
153   18   5    6    120
154   129   4    32    91
155   90   6    10    282
156   135   5    64    430
157   71   2    82    319
158   37   6    56    349
159   21   7    3    331
160   148   5    59    499
161   71   5    195    13
162   141   6    22    37
163   145   2    70    29
164   34   2    91    391
165   67   4    33    387
166   99   2    116    451
167   147   6    140    136
168   103   4    197    398
169   79   6    95    403
170   75   7    182    437
171   44   2    22    431
172   81   6    5    253
173   71   5    186    374
174   130   5    154    330
175   172   6    81    140
176   134   2    12    164
177   84   5    178    270
178   81   6    39    60
179   77   3    176    499
180   26   6    197    296
181   121   7    50    30
182   13   4    102    422
183   37   6    10    399
184   75   4    52    163
185   75   7    55    174
186   164   3    89    61
187   77   4    12    186
188   13   3    42    381
189   116   5    90    190
190   10   5    20    188
191   42   5    65    128
192   126   7    178    208
193   22   3    74    78
194   177   5    174    394
195   6   6    66    430
196   66   4    195    434
197   180   4    124    21
198   140   5    74    28
199   17   7    124    70
200   123   3    169    112
201   112   7    173    471
202   185   2    4    111
203   20   3    165    35
204   3   6    195    160
205   111   4    11    61
206   34   4    58    404
207   84   6    3    295
208   178   7    113    296
209   195   3    187    347
210   160   3    137    448
211   18   4    20    360
212   43   4    131    418
213   208   6    136    262
214   23   4    175    438
215   194   3    182    435
216   87   4    6    131
217   108   2    70    159
218   78   3    84    40
219   151   7    177    279
220   17   6    8    195
221   124   6    38    318
222   97   4    5    212
223   125   3    98    482
224   202   7    188    87
225   187   2    111    61
226   128   3    22    457
227   87   3    97    146
228   210   7    127    424
229   213   2    116    291
230   7   3    25    344
231   179   5    191    61
232   111   6    18    403
233   156   7    77    333
234   167   4    180    181
235   63   7    120    145
236   159   2    24    12
237   185   2    119    157
238   58   4    42    295
239   234   6    124    260
240   197   2    109    130
241   110   4    185    135
242   52   4    98    138
243   48   6    1    184
244   153   3    111    47
245   212   3    128    26
246   146   5    181    90
247   83   5    72    75
248   14   5    29    13
249   139   3    170    160
250   194   2    68    420
251   203   2    36    408
252   226   7    136    370
253   81   7    114    429
254   201   7    154    391
255   53   7    17    175
256   15   7    22    352
