1   0   5    89    207
2   1   3    132    405
3   1   7    127    406
4   2   4    180    424
5   2   5    24    345
6   2   7    50    28
7   5   5    31    191
8   4   5    91    378
9   3   6    177    408
10   2   3    150    140
11   1   5    49    114
12   6   5    96    84
13   2   5    95    383
14   3   2    60    491
15   1   7    192    212
16   13   4    115    231
17   1   4    157    55
18   14   7    76    160
19   12   5    179    244
20   17   7    22    183
21   8   3    16    98
22   8   5    183    164
23   4   7    80    397
24   12   7    23    158
25   1   4    197    273
26   6   7    107    6
27   9   5    193    491
28   15   2    189    337
29   18   5    168    419
30   21   7    164    248
31   23   6    82    17
32   11   5    188    13
33   24   2    49    254
34   6   3    77    44
35   21   7    17    211
36   6   3    15    82
37   16   3    109    493
38   29   2    58    189
39   17   3    129    17
40   6   3    140    197
41   15   7    111    163
42   19   5    51    228
43   5   6    47    468
44   34   4    82    171
45   41   3    73    416
46   15   5    77    172
47   45   5    20    393
48   25   6    185    115
49   25   7    44    59
50   22   2    70    356
51   16   2    52    335
52   47   3    61    398
53   37   7    169    279
54   9   7    6    84
55   18   4    14    136
56   23   2    105    104
57   45   4    147    21
58   48   3    157    397
59   2   7    73    157
60   40   3    54    442
61   5   4    22    199
62   37   3    122    405
63   33   2    1    159
64   23   3    88    372
65   35   7    114    272
66   7   2    159    372
67   46   2    39    485
68   12   5    79    486
69   8   4    45    351
70   26   7    11    401
71   13   7    2    215
72   26   5    172    127
73   29   4    103    446
74   19   4    150    213
75   49   7    119    493
76   29   2    129    490
77   3   5    16    88
78   49   5    83    465
79   1   5    139    423
80   53   4    136    168
81   27   7    111    268
82   42   6    99    369
83   10   7    23    94
84   32   2    92    74
85   20   3    43    22
86   39   5    119    357
87   7   5    113    343
88   17   4    166    175
89   87   2    29    455
90   67   7    104    221
91   81   7    85    125
92   60   6    135    29
93   28   7    32    287
94   55   7    178    37
95   90   3    159    409
96   26   6    52    472
97   14   6    114    457
98   74   3    97    271
99   95   5    153    16
100   38   4    165    154
101   74   4    51    291
102   66   4    98    384
103   72   5    194    204
104   43   3    164    274
105   31   6    71    351
106   92   4    171    287
107   63   2    49    453
108   29   3    139    340
109   76   3    85    342
110   92   3    151    358
111   96   3    121    147
112   56   6    152    76
113   91   4    157    135
114   48   7    132    70
115   11   2    36    399
116   30   7    179    447
117   111   3    44    248
118   83   2    88    379
119   42   7    54    205
120   84   4    132    240
121   32   4    19    47
122   25   6    148    486
123   49   2    124    250
124   112   7    10    385
125   66   3    95    485
126   56   5    46    32
127   73   2    156    305
128   97   4    45    377
129   43   2    166    364
130   123   4    9    173
131   79   4    103    387
132   90   4    170    18
133   97   3    162    104
134   87   4    16    266
135   124   3    180    37
136   4   3    160    440
137   110   4    23    410
138   93   6    33    496
139   114   6    188    469
140   114   3    194    226
141   109   6    64    145
142   73   4    99    280
143   95   3    75    54
144   71   4    186    17
145   114   4    36    329
146   89   7    157    340
147   116   4    65    357
148   84   4    125    366
149   41   6    190    309
150   111   2    170    44
151   92   3    92    163
152   149   7    186    87
153   84   5    59    118
154   149   5    190    348
155   15   6    7    201
156   83   5    33    293
157   123   4    28    410
158   111   4    167    343
159   66   5    77    172
160   37   4    177    252
161   121   5    186    180
162   150   2    85    252
163   22   3    117    100
164   161   3    41    333
165   76   3    188    317
166   122   5    133    446
167   118   2    67    277
168   6   2    165    361
169   132   5    148    352
170   8   3    136    259
171   111   6    141    268
172   96   4    122    395
173   163   3    117    43
174   121   2    59    175
175   6   7    1    276
176   24   2    82    198
177   33   6    126    43
178   162   2    86    271
179   104   7    143    9
180   24   6    172    490
181   81   4    31    410
182   21   3    92    136
183   64   3    123    332
184   37   2    2    113
185   11   6    124    195
186   12   4    117    164
187   73   5    57    138
188   177   7    115    13
189   108   2    111    68
190   122   5    25    33
191   134   3    23    226
192   165   5    33    387
193   94   4    142    424
194   69   4    12    231
195   49   7    193    359
196   43   4    112    194
197   187   2    15    60
198   122   6    149    457
199   134   4    154    238
200   34   4    31    41
201   74   4    30    130
202   110   5    35    27
203   22   2    185    93
204   140   4    185    378
205   159   5    114    185
206   183   7    124    87
207   70   7    116    331
208   158   4    120    249
209   165   7    40    131
210   86   3    161    144
211   107   4    94    411
212   183   2    65    402
213   206   3    191    302
214   33   4    117    16
215   171   5    121    288
216   167   3    12    481
217   131   5    132    50
218   84   4    93    342
219   52   5    102    438
220   26   5    128    244
221   140   2    36    298
222   79   3    147    321
223   190   4    78    250
224   152   6    77    481
225   80   7    138    435
226   210   2    175    84
227   151   4    104    106
228   156   5    176    390
229   220   2    34    113
230   129   5    73    474
231   44   5    82    144
232   26   4    114    244
233   111   7    173    126
234   106   2    90    89
235   158   2    63    385
236   69   4    69    380
237   63   5    44    99
238   214   5    109    343
239   176   6    101    428
240   33   7    14    266
241   156   2    42    480
242   53   4    60    67
243   91   3    42    197
244   78   3    10    73
245   120   3    193    485
246   38   7    193    15
247   189   3    24    286
248   209   3    191    249
249   5   3    158    214
250   76   4    180    369
251   149   5    121    139
252   99   6    125    479
253   208   7    8    261
254   77   2    25    162
255   3   4    190    34
256   186   2    61    185
