1   0   5    88    306
2   1   3    28    482
3   1   6    2    187
4   2   7    39    144
5   1   4    97    447
6   2   3    87    330
7   2   2    58    10
8   3   3    127    272
9   1   7    129    301
10   3   6    70    166
11   7   2    29    405
12   3   5    56    210
13   7   2    12    276
14   3   5    137    120
15   5   4    185    433
16   6   2    64    139
17   4   6    113    241
18   9   5    4    104
19   10   4    189    184
20   18   4    35    482
21   16   2    104    313
22   18   5    15    88
23   9   5    162    369
24   8   7    1    323
25   21   6    189    234
26   21   5    47    290
27   3   5    59    359
28   12   3    162    270
29   5   6    195    29
30   20   5    55    246
31   25   7    112    429
32   15   7    104    354
33   7   6    21    457
34   15   3    130    233
35   7   5    69    450
36   31   7    120    388
37   19   7    68    164
38   15   3    89    449
39   11   5    91    470
40   21   4    56    156
41   30   5    118    176
42   21   5    74    381
43   10   6    112    109
44   34   2    59    134
45   24   4    192    4
46   30   4    22    387
47   14   3    6    263
48   19   4    168    351
49   13   6    182    202
50   20   4    31    413
51   28   5    58    257
52   28   5    184    97
53   28   2    32    151
54   9   2    140    458
55   45   3    147    285
56   4   5    149    164
57   7   2    127    5
58   42   5    146    197
59   43   4    101    273
60   40   7    54    331
61   2   5    94    316
62   16   3    71    289
63   37   3    126    209
64   30   3    187    27
65   17   3    132    188
66   11   3    124    217
67   45   5    79    234
68   9   2    179    213
69   37   2    58    402
70   61   2    11    201
71   40   2    108    209
72   8   2    51    66
73   3   2    157    428
74   30   6    63    269
75   40   3    111    210
76   26   7    156    98
77   50   5    177    178
78   55   7    17    104
79   52   2    5    370
80   32   2    99    88
81   10   2    168    248
82   65   3    30    354
83   6   5    76    121
84   4   2    47    197
85   35   7    147    464
86   60   6    136    83
87   21   2    39    106
88   24   7    42    15
89   37   6    144    455
90   20   2    15    54
91   86   6    97    325
92   39   7    45    293
93   17   4    63    239
94   39   5    82    406
95   17   7    78    405
96   75   2    5    235
97   28   5    175    6
98   2   6    195    422
99   13   7    89    172
100   22   2    54    400
101   62   5    149    254
102   99   3    28    470
103   6   7    5    59
104   28   6    6    67
105   70   5    159    434
106   72   4    25    18
107   68   6    90    96
108   73   5    52    480
109   81   4    134    87
110   46   3    23    490
111   18   6    158    218
112   17   7    106    258
113   37   2    110    471
114   19   3    3    233
115   58   4    137    302
116   49   2    124    95
117   38   2    40    271
118   53   3    192    252
119   66   7    62    120
120   104   6    129    140
121   62   2    11    312
122   120   2    106    47
123   90   4    151    274
124   3   4    181    209
125   118   2    55    333
126   32   6    145    126
127   92   4    106    89
128   67   3    183    413
129   1   4    94    252
130   5   7    106    213
131   15   2    198    395
132   88   6    107    198
133   128   7    124    138
134   95   4    88    263
135   75   4    85    419
136   72   7    95    486
137   119   5    143    186
138   124   6    127    468
139   69   3    117    234
140   66   6    10    146
141   55   5    45    263
142   136   7    144    355
143   15   4    166    348
144   105   3    3    480
145   108   4    196    486
146   74   3    59    345
147   123   4    198    468
148   7   4    115    224
149   105   2    147    433
150   88   5    34    214
151   102   7    161    396
152   53   3    190    105
153   10   4    160    353
154   66   6    64    280
155   39   6    122    369
156   113   4    170    475
157   76   3    142    473
158   131   2    139    255
159   29   5    31    201
160   11   2    181    56
161   48   2    138    290
162   155   2    86    81
163   149   6    163    388
164   97   2    110    265
165   142   7    139    211
166   64   4    120    448
167   63   2    75    260
168   121   7    32    272
169   84   7    152    345
170   46   5    150    379
171   71   2    112    455
172   38   5    118    260
173   109   2    88    316
174   43   3    70    53
175   2   7    124    33
176   59   6    187    217
177   170   4    170    72
178   118   3    74    273
179   93   5    100    223
180   143   6    61    251
181   143   3    124    338
182   157   7    112    387
183   95   2    123    112
184   5   7    125    71
185   161   2    179    413
186   73   2    37    181
187   114   3    143    212
188   166   6    93    40
189   29   7    50    5
190   47   4    58    383
191   135   6    97    189
192   145   7    97    120
193   154   2    133    253
194   59   6    195    22
195   50   6    4    490
196   156   2    78    59
197   189   5    192    309
198   138   7    82    312
199   119   3    136    465
200   181   6    29    386
201   85   5    111    260
202   133   3    18    412
203   157   6    41    350
204   67   6    179    381
205   17   7    117    459
206   5   7    126    79
207   34   4    164    463
208   93   6    156    298
209   81   6    75    248
210   164   5    21    411
211   14   3    81    64
212   184   3    1    278
213   195   2    88    9
214   188   7    98    247
215   123   5    153    472
216   106   4    31    171
217   31   3    17    271
218   4   2    67    296
219   25   2    129    78
220   84   4    186    195
221   32   5    86    173
222   17   3    160    319
223   90   5    190    401
224   16   5    78    398
225   156   3    69    497
226   26   5    70    206
227   143   2    192    70
228   90   4    98    338
229   178   2    20    50
230   150   3    139    178
231   217   4    149    134
232   173   5    35    52
233   188   6    14    205
234   22   7    188    284
235   16   7    131    117
236   109   4    198    339
237   34   7    188    119
238   149   6    75    341
239   23   4    151    136
240   116   5    28    160
241   131   7    151    252
242   153   6    189    457
243   231   2    182    354
244   231   6    151    89
245   41   6    49    52
246   189   4    32    308
247   228   6    75    120
248   26   4    96    129
249   202   6    171    383
250   201   5    85    440
251   131   4    24    476
252   45   7    101    154
253   101   4    11    404
254   135   2    97    316
255   236   5    122    166
256   33   7    39    370
