1   0   2    60    283
2   1   5    141    116
3   1   3    52    323
4   2   7    67    304
5   2   7    72    430
6   2   7    194    481
7   4   3    80    39
8   4   7    195    23
9   3   4    153    173
10   6   5    24    290
11   9   2    127    59
12   6   5    138    461
13   3   2    113    269
14   6   2    126    89
15   5   6    126    317
16   10   4    94    449
17   14   2    94    459
18   8   2    128    46
19   16   7    183    354
20   15   7    63    52
21   16   4    55    30
22   4   4    60    379
23   14   3    161    246
24   22   7    50    9
25   7   5    7    100
26   10   2    194    227
27   13   3    21    123
28   26   5    114    73
29   19   5    116    410
30   24   7    186    363
31   13   3    189    333
32   17   3    152    258
33   27   5    136    455
34   32   4    157    435
35   32   4    133    464
36   30   5    5    147
37   20   2    52    236
38   7   2    66    488
39   22   7    9    16
40   3   3    130    461
41   15   6    2    275
42   23   4    129    437
43   8   3    79    406
44   3   7    85    116
45   5   6    77    154
46   13   3    63    451
47   29   4    187    55
48   27   4    72    41
49   7   3    197    278
50   47   6    54    55
51   21   6    110    404
52   23   6    34    350
53   31   2    178    21
54   21   7    83    200
55   46   7    70    120
56   20   3    107    267
57   23   2    144    228
58   49   7    159    459
59   17   3    177    319
60   54   6    177    376
61   46   7    71    74
62   11   4    153    311
63   39   2    18    424
64   48   7    197    51
65   20   5    193    65
66   15   5    162    207
67   12   4    27    113
68   14   2    50    21
69   55   7    174    71
70   45   7    53    1
71   7   2    99    20
72   62   4    85    466
73   23   3    166    182
74   34   6    80    487
75   13   4    174    485
76   23   2    19    142
77   73   3    61    225
78   25   7    60    409
79   14   5    196    29
80   43   3    62    227
81   38   2    127    251
82   18   6    125    297
83   17   2    148    43
84   18   2    173    453
85   19   6    53    347
86   58   3    113    117
87   76   3    146    480
88   59   2    77    247
89   33   5    23    21
90   80   5    99    347
91   1   2    26    274
92   89   6    51    490
93   27   3    169    182
94   49   2    169    354
95   29   5    93    180
96   26   3    192    21
97   79   5    33    293
98   89   2    163    396
99   43   7    39    338
100   27   5    105    16
101   63   7    58    381
102   59   3    174    255
103   55   2    14    293
104   92   7    105    269
105   78   5    73    54
106   96   6    54    220
107   58   2    5    219
108   25   2    45    92
109   20   6    63    29
110   71   4    171    415
111   19   2    194    389
112   38   5    76    196
113   26   4    57    139
114   89   7    167    36
115   54   6    186    333
116   99   7    40    295
117   97   3    66    122
118   104   4    192    161
119   82   4    86    15
120   8   6    84    416
121   92   7    91    232
122   53   6    67    144
123   78   4    118    351
124   12   3    84    207
125   97   7    160    181
126   36   2    121    68
127   46   2    101    374
128   21   5    56    464
129   43   7    182    298
130   70   2    88    309
131   22   6    121    271
132   111   6    108    393
133   80   7    103    74
134   103   6    52    2
135   35   3    114    178
136   113   7    112    376
137   122   6    53    269
138   61   7    129    62
139   107   4    115    71
140   86   6    168    40
141   5   6    184    449
142   87   7    199    257
143   59   6    114    380
144   46   5    3    2
145   56   4    48    215
146   140   6    123    240
147   55   4    40    70
148   143   6    57    362
149   6   3    167    154
150   141   5    88    397
151   101   7    3    300
152   39   3    199    4
153   38   7    176    115
154   54   2    184    443
155   129   5    51    72
156   48   3    30    86
157   153   5    94    265
158   151   7    100    261
159   83   4    197    84
160   78   4    100    266
161   135   7    34    346
162   57   4    58    287
163   18   4    145    228
164   124   5    193    379
165   120   7    22    488
166   95   2    13    196
167   75   5    29    49
168   12   7    135    99
169   18   6    127    191
170   145   2    59    328
171   154   2    67    16
172   6   4    130    165
173   90   3    164    176
174   128   4    60    476
175   56   4    67    324
176   126   7    78    186
177   135   4    122    16
178   77   7    130    247
179   154   6    52    95
180   173   6    17    20
181   152   6    37    258
182   146   5    119    414
183   51   6    149    176
184   12   2    122    351
185   2   2    85    349
186   168   5    118    280
187   100   3    79    429
188   31   6    113    260
189   30   4    83    248
190   42   7    190    91
191   95   7    132    273
192   57   6    126    87
193   158   4    56    234
194   130   3    39    84
195   164   3    192    232
196   182   5    147    8
197   12   4    157    200
198   136   3    53    216
199   108   2    9    264
200   69   2    134    105
201   123   6    141    355
202   96   6    95    480
203   117   2    169    477
204   156   4    56    400
205   188   7    113    197
206   96   5    79    83
207   92   2    30    462
208   19   7    138    390
209   80   2    177    18
210   147   6    15    213
211   208   5    98    430
212   161   2    186    70
213   178   3    105    237
214   1   5    80    43
215   168   4    149    311
216   148   5    98    6
217   122   4    154    172
218   48   2    144    427
219   193   5    70    307
220   69   5    111    384
221   9   5    194    160
222   69   2    157    64
223   5   5    177    74
224   85   6    115    138
225   19   7    125    317
226   146   2    40    70
227   100   2    33    457
228   94   6    127    407
229   140   6    83    158
230   81   7    68    391
231   65   5    68    137
232   164   3    63    83
233   221   5    179    318
234   40   4    49    429
235   108   4    86    91
236   155   4    1    409
237   217   7    6    310
238   169   5    120    194
239   128   7    174    168
240   177   7    118    129
241   93   5    59    350
242   220   6    39    94
243   104   5    170    390
244   158   3    82    357
245   4   4    16    465
246   20   2    191    206
247   201   5    149    406
248   111   2    63    445
249   171   3    77    342
250   222   5    6    356
251   113   3    91    351
252   53   3    63    434
253   4   5    124    12
254   207   6    108    107
255   75   3    46    139
256   154   4    81    482
