1   0   5    22    46
2   1   4    53    213
3   1   7    62    237
4   1   7    118    463
5   2   5    135    142
6   3   6    40    4
7   4   6    63    23
8   3   3    38    412
9   6   2    139    245
10   8   2    67    489
11   6   4    183    262
12   4   3    103    189
13   7   3    43    484
14   6   6    24    157
15   3   4    39    111
16   12   6    41    437
17   15   3    178    109
18   14   6    8    480
19   8   2    13    294
20   9   4    178    73
21   13   4    199    5
22   17   5    157    476
23   2   7    155    59
24   18   5    86    71
25   16   7    47    292
26   16   5    19    426
27   7   6    41    479
28   25   3    150    67
29   22   7    46    171
30   8   5    42    334
31   27   4    25    396
32   2   5    50    454
33   30   5    74    450
34   5   6    117    446
35   7   5    5    397
36   14   7    14    7
37   34   3    61    171
38   36   4    38    354
39   23   5    194    238
40   22   4    50    461
41   22   2    135    42
42   4   3    8    187
43   32   7    195    300
44   11   5    161    182
45   24   2    84    207
46   19   4    37    355
47   31   6    188    325
48   15   7    148    111
49   20   6    114    377
50   44   2    154    129
51   25   4    10    439
52   13   2    68    234
53   16   6    176    454
54   50   6    7    342
55   21   7    38    361
56   37   3    107    424
57   43   6    21    179
58   13   4    189    51
59   24   4    19    378
60   31   4    52    235
