1   0   4    7    38
2   1   3    161    381
3   1   2    120    416
4   2   3    110    243
5   3   2    193    299
6   2   2    99    253
7   4   6    34    159
8   6   5    120    29
9   3   4    158    451
10   6   4    195    64
11   7   6    161    422
12   7   6    19    363
13   11   3    72    394
14   4   2    164    52
15   10   6    104    191
16   5   3    15    218
17   14   6    168    102
18   9   2    78    113
19   9   3    35    194
20   16   6    42    125
21   12   5    78    260
22   11   6    197    302
23   5   7    165    247
24   14   3    118    409
25   22   6    188    42
26   23   7    4    107
27   20   5    81    338
28   16   2    157    315
29   8   7    184    286
30   10   4    10    76
31   27   4    163    319
32   25   6    6    18
33   13   2    118    218
34   21   4    36    145
35   17   6    188    3
36   15   6    3    80
37   21   6    153    458
38   31   5    159    178
39   17   7    109    271
40   35   5    65    68
41   27   5    51    91
42   32   2    77    6
43   35   5    127    205
44   42   4    49    149
45   37   5    65    343
46   22   5    187    387
47   13   5    100    370
48   43   7    172    27
49   37   4    92    116
50   34   7    96    342
51   49   2    171    34
52   34   7    190    23
53   51   2    3    436
54   50   6    156    353
55   40   3    68    241
56   46   4    143    43
57   12   4    189    376
58   47   2    157    462
59   42   3    87    242
60   51   4    133    66
