1   0   2    3    37
2   1   3    144    70
3   1   4    172    410
4   1   6    136    65
5   2   6    97    389
6   2   7    119    415
7   4   6    46    259
8   3   6    176    238
9   3   5    18    446
10   7   3    13    382
11   4   4    64    402
12   6   4    119    114
13   6   6    103    53
14   2   2    2    126
15   3   6    41    395
16   6   6    12    155
17   15   2    191    359
18   9   4    48    453
19   8   7    183    77
20   16   7    106    95
21   10   4    57    163
22   11   6    142    305
23   5   6    24    106
24   20   2    28    284
25   13   5    145    79
26   15   5    153    497
27   16   6    37    382
28   25   7    27    396
29   16   5    27    84
30   4   2    185    154
31   29   5    176    28
32   21   6    106    166
33   28   5    109    76
34   9   6    54    290
35   5   5    65    318
36   24   2    119    139
37   15   6    190    210
38   36   5    33    31
39   14   3    160    445
40   10   2    38    266
41   32   7    129    172
42   40   7    3    298
43   5   7    195    18
44   22   3    79    246
45   14   4    6    192
46   20   6    136    288
47   44   5    149    394
48   36   6    2    133
49   32   3    108    101
50   31   2    11    470
51   22   2    153    110
52   14   6    105    479
53   34   3    67    57
54   18   7    158    72
55   20   3    116    28
56   19   5    156    348
57   37   3    160    123
58   44   6    101    103
59   30   2    6    333
60   13   3    58    143
