1   0   6    26    16
2   1   7    104    145
3   1   5    141    43
4   2   3    181    37
5   2   2    19    106
6   4   4    68    27
7   3   3    144    93
8   6   5    190    444
9   3   5    184    481
10   8   3    27    129
11   4   3    3    74
12   5   4    118    454
13   6   7    143    277
14   8   6    19    417
15   7   3    194    253
16   11   7    61    121
17   14   5    109    10
18   7   7    116    430
19   9   6    20    226
20   14   5    3    176
21   12   2    121    197
22   19   4    178    111
23   11   3    176    199
24   5   3    150    41
25   17   3    102    453
26   19   7    5    490
27   10   2    118    203
28   23   4    100    27
29   24   2    49    392
30   12   5    9    115
31   15   6    198    266
32   9   5    35    54
33   21   7    113    112
34   20   5    8    43
35   15   4    15    436
36   22   3    121    110
37   16   4    6    55
38   29   5    50    9
39   24   4    30    301
40   34   6    79    58
41   23   2    67    152
42   16   2    59    473
43   10   3    45    338
44   39   5    5    294
45   27   4    78    122
46   39   5    129    240
47   26   7    50    434
48   17   6    131    96
49   13   2    27    70
50   38   6    9    338
51   37   4    37    442
52   20   4    90    68
53   41   4    120    168
54   33   4    32    460
55   40   2    72    397
56   34   5    32    281
57   52   4    108    200
58   28   6    161    208
59   28   3    24    319
60   57   7    17    41
