1   0   4    22    36
2   1   4    73    208
3   1   6    95    326
4   1   2    5    340
5   2   3    60    50
6   4   2    161    322
7   2   3    180    499
8   5   5    185    255
9   6   4    177    348
10   5   3    129    297
11   5   5    60    75
12   4   4    78    330
13   2   7    99    310
14   9   7    181    440
15   10   7    17    275
16   12   4    62    348
17   13   2    26    216
18   4   5    173    376
19   3   3    199    342
20   16   2    97    333
21   8   3    153    43
22   13   7    140    211
23   12   7    53    110
24   6   5    159    416
25   19   6    45    228
26   11   6    167    431
27   9   5    88    132
28   9   2    37    228
29   19   6    35    492
30   16   3    109    447
31   16   7    98    16
32   15   4    150    1
33   25   5    86    203
34   13   7    170    15
35   6   4    128    173
36   8   5    154    12
37   8   5    125    52
38   12   2    56    393
39   3   2    133    123
40   24   5    10    138
41   28   6    88    10
42   11   2    52    94
43   25   5    21    60
44   37   6    164    278
45   14   5    156    18
46   36   2    40    14
47   32   4    96    182
48   35   2    139    428
49   26   2    70    207
50   7   2    189    306
51   39   3    56    150
52   10   3    36    238
53   29   4    16    317
54   23   7    9    109
55   38   5    82    410
56   26   6    111    467
57   30   7    90    130
58   47   7    161    432
59   15   5    49    52
60   48   3    31    120
