1   0   4    4    16
2   1   6    71    386
3   1   2    135    9
4   2   2    184    454
5   3   7    185    132
6   2   2    7    341
7   4   4    160    387
8   4   5    10    47
9   3   3    173    327
10   6   3    53    428
11   8   7    91    18
12   7   7    56    315
13   5   5    30    317
14   11   3    83    324
15   9   5    77    236
16   13   5    30    116
17   13   2    60    406
18   11   7    71    165
19   17   3    101    103
20   9   2    84    427
21   6   5    59    476
22   19   3    146    263
23   15   3    167    192
24   22   4    196    334
25   5   5    32    366
26   23   7    81    488
27   22   4    28    471
28   25   4    86    232
29   26   5    160    191
30   28   3    193    268
31   25   4    82    225
32   30   7    18    286
33   23   3    12    101
34   10   5    161    148
35   28   4    146    488
36   20   4    180    269
37   7   2    145    81
38   21   4    147    438
39   24   6    114    190
40   31   3    126    67
41   36   6    121    409
42   38   7    134    24
43   20   6    56    18
44   35   7    175    324
45   24   5    98    148
46   33   5    64    274
47   31   4    190    40
48   17   4    67    154
49   47   4    34    181
50   43   7    128    93
51   14   5    124    190
52   46   4    97    174
53   38   7    148    143
54   35   5    183    415
55   40   3    122    237
56   16   2    99    442
57   42   7    27    407
58   37   7    47    358
59   51   3    182    46
60   33   2    141    360
