1   0   5    8    13
2   1   6    132    392
3   1   3    59    461
4   2   4    134    429
5   3   6    3    245
6   2   7    10    6
7   4   4    150    131
8   3   4    119    288
9   5   4    44    203
10   7   7    196    429
11   4   4    190    108
12   7   7    80    241
13   9   5    63    410
14   12   3    194    485
15   8   7    95    199
16   14   7    166    466
17   15   4    111    290
18   8   2    135    311
19   11   5    158    176
20   6   4    128    467
21   5   7    138    78
22   10   5    165    180
23   6   3    83    79
24   14   6    111    428
25   15   3    112    220
26   19   2    152    235
27   20   5    34    459
28   22   5    117    453
29   19   7    144    47
30   16   5    141    294
31   24   7    20    162
32   17   5    170    74
33   13   3    55    460
34   25   7    173    458
35   20   7    81    325
36   32   6    180    53
37   17   6    178    329
38   29   4    85    78
39   18   3    35    351
40   16   7    78    399
41   26   4    9    499
42   38   4    136    173
43   39   7    135    396
44   34   4    59    31
45   21   6    184    79
46   21   4    75    30
47   44   6    168    471
48   18   2    143    129
49   35   7    34    376
50   25   4    81    442
51   40   5    6    25
52   26   3    44    407
53   24   5    72    186
54   49   4    112    24
55   39   3    51    406
56   36   6    165    347
57   29   5    56    424
58   48   2    110    464
59   36   7    131    7
60   10   6    150    37
