1   0   6    10    21
2   1   3    139    204
3   1   2    169    417
4   1   6    187    375
5   3   7    88    494
6   3   5    190    227
7   3   2    116    256
8   4   5    155    120
9   7   4    27    298
10   6   6    7    207
11   5   4    196    252
12   8   2    159    296
13   6   7    117    449
14   6   3    105    289
15   2   7    34    317
16   2   4    138    310
17   8   4    196    75
18   4   6    126    17
19   16   4    124    401
20   12   7    37    356
21   8   6    29    164
22   5   7    47    71
23   12   6    31    28
24   9   3    153    497
25   14   4    44    413
26   5   7    14    207
27   4   2    152    310
28   24   5    36    146
29   24   3    10    334
30   27   2    175    237
31   12   4    17    455
32   26   6    109    66
33   23   3    150    355
34   24   5    57    281
35   29   5    117    262
36   7   6    155    198
37   2   7    129    342
38   36   4    93    144
39   18   3    67    198
40   25   7    141    54
41   36   2    19    331
42   26   3    143    378
43   31   2    33    491
44   9   3    150    475
45   16   4    199    233
46   9   4    132    295
47   23   4    71    170
48   33   3    122    46
49   17   4    195    357
50   46   7    88    47
51   26   7    117    437
52   11   2    34    374
53   33   3    159    5
54   28   6    50    80
55   34   7    179    186
56   25   4    195    277
57   51   4    23    354
58   42   5    193    487
59   10   3    54    458
60   10   6    89    63
