1   0   6    22    13
2   1   7    41    429
3   1   5    105    292
4   2   5    122    265
5   2   3    78    212
6   2   3    107    204
7   1   7    183    62
8   3   5    20    121
9   5   3    40    292
10   8   4    67    269
11   7   2    195    495
12   5   6    145    154
13   7   6    70    288
14   5   6    103    64
15   12   4    129    160
16   6   6    106    296
17   15   2    181    476
18   16   3    48    162
19   16   2    119    248
20   3   7    56    357
21   18   4    27    245
22   14   5    41    494
23   8   7    19    350
24   18   5    92    254
25   17   3    176    370
26   3   2    2    55
27   12   5    101    465
28   19   3    62    397
29   26   3    26    271
30   15   2    11    249
31   27   2    80    146
32   28   6    12    332
33   23   6    89    363
34   29   5    141    496
35   19   2    176    8
36   19   7    169    409
37   29   4    133    401
38   31   6    25    332
39   33   5    86    284
40   32   2    46    486
41   29   3    129    394
42   30   6    185    365
43   37   2    110    392
44   12   6    74    299
45   37   3    165    72
46   7   4    103    487
47   23   7    23    55
48   37   5    49    19
49   36   2    118    75
50   26   7    94    445
51   35   6    85    116
52   42   7    30    356
53   26   6    109    279
54   47   5    82    120
55   10   7    194    84
56   36   3    121    282
57   49   7    39    282
58   28   6    42    351
59   54   3    35    299
60   17   5    130    83
