1   0   5    20    49
2   1   2    78    255
3   1   2    116    293
4   2   4    62    217
5   2   6    85    81
6   4   6    75    174
7   4   4    3    251
8   6   2    69    62
9   3   7    113    379
10   5   7    178    414
11   7   2    129    431
12   7   2    133    100
13   10   2    81    312
14   8   6    5    218
15   5   5    63    75
16   12   4    139    263
17   12   5    88    48
18   8   2    2    178
19   9   4    197    56
20   16   7    131    92
21   9   6    181    381
22   11   6    163    247
23   18   4    30    86
24   10   2    152    282
25   16   7    94    307
26   15   2    91    454
27   24   5    50    103
28   17   7    196    129
29   18   6    50    80
30   19   7    37    100
31   22   4    81    216
32   22   4    17    210
33   19   4    28    384
34   20   5    121    83
35   20   6    195    198
36   23   3    72    197
37   28   2    37    439
38   13   2    182    359
39   13   4    82    478
40   24   5    19    53
41   27   5    23    79
42   26   3    179    465
43   29   4    6    123
44   41   4    76    365
45   42   7    39    496
46   42   6    56    144
47   26   7    152    113
48   30   7    40    497
49   15   2    193    177
50   40   3    56    62
51   21   7    111    298
52   27   3    160    275
53   28   3    36    69
54   34   5    4    364
55   6   6    111    322
56   14   2    22    161
57   51   5    198    356
58   23   3    176    128
59   17   7    184    125
60   3   6    12    112
