1   0   4    8    32
2   1   2    112    383
3   1   3    188    343
4   2   6    67    203
5   3   3    97    483
6   3   2    188    354
7   4   5    54    476
8   4   6    99    124
9   6   2    16    239
10   7   2    47    471
11   2   7    71    185
12   10   2    145    372
13   11   2    44    71
14   8   5    73    231
15   10   5    193    394
16   7   2    98    274
17   9   2    3    469
18   8   6    143    304
19   9   2    45    192
20   16   5    176    316
21   15   7    159    296
22   16   3    46    227
23   17   3    105    399
24   17   3    54    345
25   15   7    171    256
26   14   4    58    459
27   24   5    13    138
28   25   6    105    473
29   22   4    49    153
30   28   6    107    285
31   13   4    68    406
32   23   5    163    462
33   13   2    10    406
34   29   6    60    459
35   18   5    107    3
36   6   3    92    499
37   20   2    89    132
38   21   6    52    493
39   21   5    105    408
40   33   7    39    284
41   19   4    54    195
42   36   4    27    116
43   39   3    154    262
44   28   4    78    8
45   11   5    131    369
46   26   4    12    57
47   43   4    154    131
48   14   2    21    331
49   39   6    120    70
50   38   5    145    81
51   37   4    133    113
52   19   6    165    54
53   22   4    49    283
54   33   7    43    376
55   27   4    199    143
56   52   7    149    319
57   49   6    76    215
58   38   3    122    225
59   23   3    9    473
60   35   2    36    134
