1   0   7    12    43
2   1   4    160    424
3   1   3    65    402
4   2   4    144    398
5   2   6    81    228
6   4   4    136    52
7   3   2    26    239
8   2   6    9    492
9   1   7    22    282
10   8   4    86    462
11   3   2    21    290
12   3   4    6    20
13   5   6    46    171
14   5   4    166    449
15   11   7    35    367
16   4   3    108    470
17   9   2    24    215
18   15   6    111    104
19   5   5    168    181
20   12   7    192    60
21   7   2    145    170
22   11   6    94    285
23   21   4    37    320
24   13   3    23    260
25   18   2    102    49
26   8   2    64    191
27   25   5    62    310
28   12   5    89    109
29   15   6    41    320
30   4   2    68    156
31   27   7    61    121
32   8   6    143    144
33   16   3    114    453
34   6   3    169    106
35   23   7    30    84
36   9   2    86    123
37   23   6    181    32
38   35   7    34    223
39   35   7    35    33
40   34   4    27    422
41   31   4    1    397
42   25   6    95    35
43   7   3    55    437
44   40   2    22    29
45   24   4    6    4
46   18   3    51    364
47   32   4    6    202
48   42   5    190    213
49   28   7    78    415
50   46   5    83    253
51   37   4    57    343
52   11   7    76    317
53   38   2    64    299
54   7   7    141    150
55   47   4    36    417
56   36   2    102    341
57   30   5    13    441
58   55   3    106    1
59   43   5    61    163
60   32   6    112    192
