1   0   4    28    44
2   1   4    140    124
3   1   6    182    463
4   2   2    147    498
5   3   7    82    441
6   4   3    100    311
7   2   5    28    422
8   4   3    195    232
9   5   2    181    45
10   5   6    120    337
11   9   6    76    398
12   7   4    72    136
13   8   7    147    183
14   6   3    157    243
15   12   2    55    351
16   11   4    133    204
17   3   6    121    91
18   13   4    101    57
19   15   3    76    409
20   10   6    18    473
21   6   2    10    93
22   19   6    194    13
23   18   4    71    472
24   21   6    53    482
25   14   7    156    22
26   23   7    162    488
27   25   2    145    265
28   8   2    11    439
29   11   2    163    255
30   17   5    155    235
31   25   3    4    163
32   13   2    188    212
33   7   2    30    219
34   28   5    21    424
35   9   6    17    195
36   19   4    140    382
37   27   4    114    372
38   22   7    195    479
39   22   2    50    412
40   27   5    118    30
41   30   6    14    121
42   10   6    12    342
43   41   5    14    44
44   38   7    132    56
45   26   3    8    14
46   26   2    90    321
47   44   6    50    352
48   23   5    181    325
49   42   6    182    204
50   40   3    148    107
51   48   6    166    373
52   44   5    110    331
53   45   5    134    312
54   17   7    17    138
55   42   6    46    85
56   16   5    22    187
57   15   6    160    162
58   51   7    185    313
59   48   5    180    240
60   57   6    164    129
