1   0   4    19    201
2   1   7    118    186
3   1   4    143    231
4   1   7    192    32
5   3   4    60    299
6   2   3    149    101
7   1   4    176    310
8   1   5    50    193
9   4   5    185    453
10   7   4    172    83
11   9   4    48    259
12   4   5    165    141
13   5   6    64    437
14   4   6    94    272
15   5   2    102    298
16   2   5    126    33
17   5   4    150    165
18   1   6    13    177
19   10   7    195    444
20   9   4    76    497
21   10   2    129    474
22   10   4    173    356
23   16   2    12    462
24   22   2    193    2
25   4   4    124    361
26   1   5    98    164
27   16   4    171    417
28   11   2    10    322
29   23   2    123    83
30   19   6    57    113
31   24   5    30    230
32   14   4    156    74
33   6   2    23    373
34   26   7    127    113
35   3   6    124    415
36   33   3    164    328
37   8   5    108    2
38   6   2    82    439
39   23   2    163    453
40   21   4    199    470
41   12   3    101    382
42   17   2    92    317
43   10   7    80    357
44   23   3    110    371
45   31   6    48    296
46   7   3    104    382
47   35   3    185    95
48   32   6    42    323
49   8   5    109    142
50   44   6    116    29
51   32   5    95    81
52   25   6    3    106
53   32   2    75    383
54   11   4    151    425
55   52   5    160    13
56   8   4    145    174
57   4   2    43    496
58   29   4    114    407
59   10   4    52    125
60   6   3    130    420
61   29   5    124    294
62   16   4    70    422
63   1   2    140    22
64   50   7    3    311
65   28   6    125    492
66   5   7    81    304
67   46   3    139    166
68   63   4    133    257
69   19   4    116    172
70   5   6    96    16
71   26   4    43    108
72   6   7    59    272
73   41   7    71    357
74   11   6    63    190
75   61   5    143    490
76   72   6    124    152
77   56   7    188    231
78   76   6    24    77
79   46   2    192    461
80   22   7    93    85
81   5   4    107    221
82   13   4    161    324
83   40   6    79    276
84   53   5    196    259
85   43   2    63    426
86   77   3    38    439
87   52   5    19    304
88   76   3    99    228
89   31   6    8    458
90   71   6    24    460
91   79   6    45    55
92   86   7    48    15
93   40   5    146    408
94   47   7    47    495
95   4   2    46    360
96   74   6    46    454
97   64   7    56    64
98   82   2    105    21
99   56   2    181    169
100   12   3    189    331
101   7   2    74    337
102   56   6    119    469
103   70   5    64    379
104   18   4    7    283
105   39   6    18    126
106   59   4    113    451
107   46   6    187    269
108   69   4    88    410
109   96   6    34    322
110   7   7    3    200
111   102   2    44    253
112   43   4    141    267
113   45   3    159    97
114   96   3    153    375
115   10   5    94    478
116   24   7    188    227
117   28   5    54    3
118   66   5    128    147
119   28   3    152    220
120   115   3    50    127
121   95   3    116    65
122   13   4    13    117
123   9   4    195    185
124   117   7    102    128
125   107   2    68    275
126   120   2    38    151
127   74   4    43    80
128   3   6    6    294
129   112   5    195    370
130   21   7    87    359
131   52   7    48    152
132   41   6    199    124
133   114   7    172    273
134   114   5    107    127
135   117   6    102    340
136   40   2    123    327
137   33   6    182    38
138   86   7    163    392
139   37   5    186    49
140   27   7    58    366
141   70   3    63    302
142   129   2    184    419
143   51   4    159    173
144   34   6    116    439
145   15   2    32    395
146   130   5    113    420
147   118   2    152    316
148   104   2    67    271
149   23   7    24    490
150   76   6    133    185
151   35   5    190    236
152   20   3    122    333
153   5   3    95    211
154   51   4    151    167
155   36   6    131    110
156   153   2    52    396
157   100   4    45    369
158   91   2    101    313
159   28   7    76    134
160   151   3    34    322
161   87   5    78    452
162   8   3    112    334
163   139   7    178    280
164   11   3    34    28
165   22   4    98    120
166   7   2    176    261
167   160   6    28    353
168   92   7    15    134
169   165   7    184    487
170   35   6    158    187
171   139   6    136    346
172   28   5    53    473
173   91   3    72    57
174   158   5    86    27
175   91   7    6    321
176   113   4    14    349
177   44   2    104    463
178   152   5    103    48
179   93   4    96    394
180   144   4    2    15
181   56   2    18    422
182   178   5    99    159
183   101   3    162    171
184   156   5    169    474
185   174   3    63    163
186   69   4    160    97
187   134   7    17    292
188   146   2    107    125
189   166   7    141    304
190   137   5    198    363
191   93   6    73    260
192   188   7    119    239
193   120   4    190    86
194   117   2    103    71
195   69   5    135    357
196   144   2    126    405
197   19   7    180    31
198   95   7    100    402
199   65   6    155    377
200   184   3    177    278
201   10   4    123    433
202   10   3    102    172
203   15   3    147    250
204   18   4    51    78
205   72   4    56    117
206   72   2    157    91
207   28   6    41    77
208   26   5    38    195
209   205   2    37    116
210   144   2    171    371
211   154   2    1    307
212   75   4    94    418
213   91   3    40    171
214   107   3    79    420
215   106   2    141    27
216   78   7    149    301
217   57   2    145    388
218   163   2    115    198
219   94   5    171    123
220   84   3    19    291
221   106   3    154    370
222   27   4    165    24
223   181   7    46    375
224   63   5    129    40
225   93   2    11    210
226   35   3    45    39
227   192   5    87    164
228   9   7    24    343
229   51   3    73    67
230   118   2    122    91
231   117   4    192    40
232   162   4    114    361
233   177   3    87    197
234   171   7    1    200
235   118   6    89    75
236   112   7    180    258
237   81   2    114    39
238   191   2    6    369
239   88   4    122    294
240   15   5    169    136
241   93   2    69    348
242   30   2    136    35
243   49   7    174    167
244   221   7    68    71
245   184   7    94    69
246   196   4    190    322
247   194   4    45    13
248   199   4    145    434
249   63   6    176    364
250   83   5    7    117
251   96   4    197    77
252   108   3    113    245
253   219   4    76    3
254   35   7    141    49
255   253   6    78    318
256   113   2    71    372
