1   0   2    55    312
2   1   7    72    399
3   1   3    129    42
4   2   7    108    497
5   1   5    124    491
6   1   2    195    319
7   3   7    189    65
8   6   7    92    42
9   1   5    81    252
10   3   7    141    418
11   1   5    117    328
12   5   5    199    237
13   5   4    99    457
14   8   7    48    161
15   13   5    151    368
16   3   5    166    157
17   7   4    28    401
18   2   5    131    265
19   8   3    191    160
20   10   4    30    95
21   6   6    168    250
22   11   7    63    298
23   10   2    188    27
24   16   2    113    211
25   6   6    18    184
26   21   6    60    318
27   20   2    75    314
28   3   4    143    29
29   11   4    143    207
30   16   7    158    428
31   22   7    156    109
32   10   5    96    25
33   16   5    72    321
34   21   3    171    293
35   10   2    164    375
36   3   4    122    264
37   16   2    100    147
38   18   6    89    306
39   15   3    179    280
40   11   7    176    169
41   7   6    125    190
42   13   3    98    143
43   17   3    106    233
44   40   4    92    463
45   28   2    120    360
46   12   5    115    254
47   8   2    174    432
48   38   3    130    196
49   39   7    20    350
50   23   3    84    129
51   47   2    156    225
52   7   6    171    421
53   27   4    160    433
54   22   6    5    416
55   30   7    115    392
56   43   6    109    462
57   24   6    97    369
58   54   5    137    240
59   2   6    12    356
60   39   7    162    208
61   12   2    108    97
62   41   6    98    140
63   44   7    74    106
64   28   7    139    238
65   2   6    93    374
66   22   6    150    110
67   11   5    192    125
68   43   2    60    289
69   16   2    183    135
70   2   6    10    293
71   19   5    158    12
72   43   4    64    12
73   19   2    76    418
74   53   5    131    479
75   15   4    185    470
76   67   5    9    308
77   18   5    64    152
78   46   5    54    21
79   2   5    97    441
80   70   3    10    42
81   55   6    162    431
82   9   3    199    355
83   74   7    157    432
84   39   4    106    355
85   19   7    194    489
86   44   3    174    85
87   77   7    102    44
88   63   4    27    16
89   55   4    39    319
90   15   5    111    230
91   68   6    51    96
92   42   7    2    254
93   33   5    150    95
94   21   6    50    420
95   52   5    156    339
96   68   2    185    389
97   42   2    2    123
98   71   3    11    25
99   16   7    21    186
100   33   3    87    336
101   92   6    170    100
102   73   5    96    174
103   50   6    149    388
104   33   2    57    125
105   98   2    71    44
106   34   5    142    249
107   40   4    46    89
108   86   7    159    450
109   93   2    19    157
110   94   6    10    169
111   35   7    118    31
112   76   3    147    319
113   63   5    41    463
114   75   5    36    173
115   53   3    80    43
116   35   3    85    19
117   103   2    15    172
118   41   2    96    55
119   61   7    148    1
120   45   5    51    325
121   20   2    85    200
122   50   6    157    120
123   68   2    99    440
124   44   4    121    80
125   85   7    69    253
126   12   2    100    209
127   60   6    139    439
128   62   3    28    383
129   3   7    129    212
130   100   2    54    472
131   58   2    18    405
132   27   2    106    121
133   9   3    188    366
134   30   3    117    480
135   125   5    56    146
136   11   5    175    244
137   33   4    116    285
138   105   5    54    153
139   103   7    106    204
140   12   5    142    490
141   129   7    58    492
142   112   6    191    114
143   50   4    73    358
144   50   3    194    307
145   43   6    145    188
146   81   3    25    68
147   49   6    97    280
148   36   6    128    328
149   112   2    26    334
150   123   3    157    382
151   32   2    36    87
152   42   6    108    117
153   123   2    115    351
154   117   5    58    349
155   126   5    14    38
156   134   4    181    297
157   3   7    143    416
158   109   4    68    212
159   116   5    91    281
160   152   6    178    108
161   21   6    128    7
162   124   4    39    443
163   134   3    25    404
164   68   7    113    186
165   103   4    44    4
166   163   4    179    197
167   72   6    81    424
168   23   6    31    101
169   120   7    169    254
170   145   5    196    265
171   54   7    34    272
172   165   7    35    493
173   117   6    154    281
174   5   5    101    4
175   32   2    161    370
176   143   7    161    292
177   84   7    85    93
178   155   2    17    96
179   96   2    114    329
180   146   7    26    212
181   52   7    14    174
182   133   2    55    418
183   167   5    4    471
184   131   2    57    455
185   96   2    91    485
186   117   5    94    413
187   11   7    114    441
188   69   6    9    211
189   75   3    60    300
190   162   7    164    35
191   40   7    71    394
192   142   5    135    46
193   134   7    98    404
194   91   6    79    401
195   149   4    100    165
196   115   3    25    172
197   186   2    31    195
198   124   6    177    429
199   134   2    107    17
200   92   7    134    356
201   45   6    199    260
202   43   7    149    427
203   3   4    88    424
204   13   3    178    302
205   44   3    188    46
206   16   6    187    8
207   149   4    73    129
208   22   6    119    148
209   169   2    64    100
210   131   5    192    122
211   8   7    170    14
212   163   7    142    33
213   91   6    25    464
214   69   2    141    332
215   31   5    6    149
216   142   6    81    419
217   17   6    26    397
218   92   3    29    67
219   208   3    119    137
220   45   6    74    414
221   31   6    80    80
222   169   2    101    255
223   130   6    91    32
224   141   5    170    116
225   28   4    82    176
226   112   3    19    66
227   21   7    196    357
228   110   6    172    93
229   113   2    179    78
230   7   5    150    228
231   202   3    172    105
232   24   3    107    60
233   172   4    175    413
234   210   6    35    193
235   119   2    75    240
236   183   3    22    163
237   180   4    27    133
238   142   4    22    152
239   107   3    101    239
240   127   3    133    228
241   7   2    196    250
242   177   6    138    256
243   42   2    19    123
244   95   2    111    449
245   115   2    74    305
246   47   4    180    178
247   241   2    66    279
248   26   3    69    395
249   202   7    88    204
250   197   2    29    63
251   74   7    155    336
252   60   5    71    277
253   52   3    62    89
254   110   6    38    481
255   38   5    145    436
256   177   2    30    90
