1   0   7    29    67
2   1   5    181    478
3   1   3    189    312
4   1   4    121    72
5   3   7    108    414
6   1   5    52    139
7   5   3    106    209
8   6   7    166    188
9   3   6    59    481
10   1   7    7    190
11   7   4    99    340
12   2   6    108    267
13   7   4    190    320
14   12   2    130    293
15   3   5    60    265
16   10   4    102    205
17   8   3    178    306
18   7   6    164    428
19   13   4    13    201
20   1   4    195    367
21   15   7    118    335
22   4   6    77    397
23   4   4    84    127
24   6   4    83    463
25   21   2    105    143
26   23   5    3    394
27   11   5    161    470
28   16   7    42    176
29   13   5    55    87
30   19   3    153    284
31   13   6    33    447
32   1   7    91    18
33   12   4    153    141
34   20   3    157    369
35   25   2    142    254
36   32   5    145    124
37   4   4    46    314
38   9   6    102    288
39   6   4    112    489
40   32   2    192    5
41   39   4    178    430
42   8   2    187    410
43   24   5    122    224
44   6   5    180    68
45   33   7    44    276
46   16   2    187    425
47   6   7    106    176
48   14   4    14    485
49   3   7    89    483
50   12   3    161    36
51   47   5    122    274
52   22   4    142    350
53   22   2    136    470
54   23   3    71    350
55   18   5    151    204
56   48   4    127    373
57   8   2    32    256
58   16   2    79    57
59   57   3    138    124
60   4   5    164    428
61   23   3    66    37
62   3   6    43    104
63   60   4    27    390
64   6   3    95    369
65   47   6    59    248
66   32   4    104    118
67   64   6    12    340
68   30   6    107    419
69   30   3    69    429
70   6   7    155    287
71   37   4    21    315
72   20   5    38    153
73   29   5    131    148
74   46   2    39    464
75   38   6    49    363
76   33   2    71    84
77   24   2    187    88
78   75   7    71    497
79   13   7    10    160
80   19   6    127    494
81   73   4    91    304
82   13   5    33    197
83   38   6    30    128
84   75   5    93    214
85   28   2    38    101
86   24   2    190    370
87   46   7    169    386
88   64   7    66    207
89   26   7    74    413
90   80   2    125    6
91   88   7    36    324
92   43   6    24    312
93   26   7    151    277
94   36   6    166    410
95   79   3    138    266
96   33   3    37    238
97   51   2    165    239
98   85   4    78    496
99   30   4    38    442
100   68   5    29    454
101   84   4    94    434
102   84   5    24    482
103   80   7    62    461
104   29   7    75    404
105   40   4    162    182
106   49   2    39    265
107   49   4    84    428
108   12   2    59    53
109   43   4    162    193
110   48   5    65    212
111   49   4    27    231
112   56   5    54    121
113   10   5    93    224
114   98   6    33    205
115   95   4    42    55
116   2   7    19    228
117   32   7    170    340
118   11   2    43    171
119   45   7    89    436
120   73   4    80    432
121   41   3    192    255
122   34   6    61    481
123   23   3    27    492
124   75   2    172    12
125   55   5    160    213
126   51   2    168    472
127   17   4    162    115
128   5   7    10    79
129   33   6    10    49
130   49   5    176    237
131   20   5    19    268
132   98   6    116    276
133   105   7    103    488
134   4   6    41    51
135   55   2    74    88
136   61   7    147    45
137   61   3    122    90
138   121   7    115    177
139   94   3    81    229
140   102   7    35    203
141   50   5    159    497
142   70   6    186    76
143   10   7    150    465
144   39   7    97    168
145   109   3    131    343
146   54   6    137    189
147   57   5    178    473
148   119   4    175    152
149   97   5    79    388
150   94   2    180    150
151   94   7    21    331
152   35   7    67    175
153   100   6    171    116
154   13   2    130    308
155   100   5    164    77
156   132   2    23    499
157   52   6    91    286
158   11   4    182    369
159   97   5    153    269
160   119   3    143    287
161   106   3    169    402
162   46   7    100    109
163   111   6    83    291
164   131   6    85    327
165   70   6    123    194
166   139   4    103    342
167   21   7    156    492
168   103   7    99    26
169   167   7    171    122
170   81   5    199    37
171   137   4    36    355
172   161   2    51    448
173   102   4    5    491
174   72   6    70    160
175   140   5    183    96
176   81   6    124    398
177   140   6    187    443
178   130   5    179    260
179   159   4    74    379
180   160   3    42    218
181   138   2    78    376
182   29   5    108    364
183   152   4    145    425
184   89   3    26    451
185   38   7    36    203
186   126   5    44    198
187   51   4    70    378
188   58   2    78    464
189   25   6    60    269
190   144   6    86    277
191   133   7    164    457
192   127   6    81    132
193   111   5    8    235
194   181   6    191    74
195   66   4    160    304
196   185   4    138    451
197   67   5    147    90
198   32   4    161    101
199   157   2    4    447
200   71   2    86    293
201   153   6    63    329
202   117   5    80    362
203   55   7    156    492
204   172   7    103    145
205   15   7    177    249
206   126   4    73    70
207   16   7    123    41
208   34   5    108    472
209   151   5    104    162
210   179   3    40    123
211   48   7    91    404
212   101   5    6    279
213   28   5    51    402
214   6   2    19    219
215   124   4    46    488
216   120   4    181    33
217   197   4    4    328
218   38   3    174    23
219   31   6    75    367
220   103   2    143    9
221   215   5    151    251
222   124   7    53    499
223   195   3    162    393
224   57   6    41    327
225   19   6    33    228
226   154   7    74    357
227   45   3    87    458
228   162   6    131    242
229   82   7    115    369
230   183   3    98    347
231   91   4    106    342
232   129   3    1    343
233   35   3    169    11
234   185   3    191    266
235   176   6    139    259
236   217   7    128    3
237   110   6    89    323
238   4   5    5    33
239   203   7    102    173
240   194   2    98    302
241   195   7    114    242
242   133   5    6    239
243   224   4    182    453
244   32   6    39    265
245   90   7    164    389
246   68   6    172    159
247   98   4    48    462
248   51   4    196    429
249   169   6    51    453
250   167   3    129    470
251   118   5    173    332
252   160   6    150    121
253   203   6    48    271
254   52   3    28    109
255   25   5    111    66
256   215   4    17    207
