1   0   3    50    170
2   1   3    157    266
3   1   3    144    352
4   2   3    138    343
5   2   2    196    496
6   4   6    28    319
7   2   2    132    287
8   2   5    98    346
9   2   4    4    473
10   8   5    73    116
11   8   5    145    207
12   5   2    126    158
13   7   4    131    7
14   8   6    145    287
15   10   2    5    478
16   6   5    53    395
17   13   4    5    213
18   12   5    37    389
19   16   3    148    408
20   8   3    103    107
21   2   5    93    457
22   5   7    77    231
23   19   3    146    186
24   19   5    145    284
25   7   5    178    294
26   19   4    7    95
27   13   2    90    93
28   16   3    184    398
29   20   3    164    83
30   2   5    154    176
31   3   7    24    280
32   19   7    187    59
33   27   6    142    333
34   24   6    58    117
35   16   5    28    292
36   19   4    191    454
37   24   5    197    410
38   1   2    95    59
39   17   2    16    40
40   25   6    45    167
41   25   5    117    236
42   22   6    116    73
43   40   7    6    79
44   18   6    40    463
45   11   7    87    242
46   14   2    61    348
47   7   5    177    184
48   24   3    158    446
49   35   4    11    359
50   1   6    40    134
51   36   3    92    395
52   2   7    86    227
53   3   3    157    234
54   34   2    183    320
55   47   2    30    446
56   38   6    81    495
57   49   3    168    478
58   50   5    15    257
59   12   2    130    432
60   30   6    100    327
61   39   7    105    431
62   22   5    9    247
63   15   4    3    174
64   55   4    34    310
65   44   3    156    488
66   61   3    96    114
67   2   6    190    180
68   52   2    43    368
69   35   2    9    339
70   20   4    29    208
71   35   3    130    411
72   1   2    102    190
73   47   4    73    105
74   2   6    118    242
75   52   6    14    114
76   60   7    103    134
77   43   7    29    148
78   2   6    140    355
79   33   2    126    145
80   77   5    82    27
81   46   7    58    236
82   58   6    59    199
83   80   5    13    192
84   81   5    88    267
85   7   2    185    346
86   3   3    84    136
87   56   3    56    404
88   14   6    89    60
89   52   4    75    340
90   60   4    190    187
91   62   7    171    444
92   50   4    55    161
93   50   4    174    244
94   21   2    27    235
95   9   7    27    295
96   94   3    89    180
97   46   6    182    259
98   56   3    119    93
99   78   4    2    220
100   30   4    113    137
101   12   4    89    377
102   10   6    36    490
103   52   5    25    362
104   71   6    8    170
105   78   4    199    40
106   63   7    43    195
107   62   6    129    333
108   98   5    97    398
109   60   2    48    272
110   29   6    39    365
111   24   3    18    231
112   14   7    115    26
113   41   2    16    58
114   110   3    58    287
115   90   3    167    392
116   65   7    12    138
117   108   4    159    162
118   75   4    128    361
119   97   3    91    401
120   95   3    80    182
121   36   6    173    187
122   103   6    139    441
123   55   4    71    115
124   6   2    132    67
125   52   4    6    135
126   89   7    180    49
127   36   7    178    139
128   47   4    47    64
129   84   4    72    51
130   15   4    128    482
131   92   7    22    221
132   76   2    99    353
133   114   3    46    117
134   65   3    121    442
135   89   4    134    314
136   111   5    94    406
137   120   3    182    62
138   44   7    157    335
139   38   6    149    439
140   87   3    154    271
141   55   7    168    291
142   95   6    29    221
143   67   4    44    428
144   62   2    21    391
145   90   6    183    281
146   88   2    115    233
147   82   4    178    397
148   54   3    108    312
149   25   4    174    396
150   18   5    49    270
151   148   4    65    248
152   7   5    39    493
153   142   7    153    8
154   102   2    188    497
155   82   6    37    72
156   118   5    28    11
157   69   7    154    224
158   103   6    152    78
159   2   2    111    128
160   30   4    199    270
161   32   2    178    140
162   112   2    122    178
163   15   3    140    419
164   33   5    50    155
165   13   3    146    104
166   148   4    25    421
167   79   4    194    65
168   97   5    42    246
169   55   3    30    181
170   158   4    87    171
171   21   5    138    312
172   141   7    175    300
173   37   3    45    102
174   16   6    93    279
175   34   7    36    226
176   133   2    140    303
177   100   4    140    29
178   81   4    15    374
179   121   5    84    409
180   103   7    98    106
181   54   5    123    159
182   38   2    195    230
183   116   4    145    484
184   43   4    158    133
185   87   4    101    381
186   48   5    92    283
187   178   4    89    401
188   18   4    131    259
189   94   3    4    155
190   62   3    64    187
191   80   2    151    311
192   81   3    131    491
193   46   2    9    118
194   70   4    171    59
195   2   5    189    54
196   128   2    66    175
197   141   6    22    120
198   10   2    80    493
199   50   7    48    484
200   60   3    151    216
201   187   3    117    38
202   14   3    138    157
203   63   6    33    485
204   58   7    6    474
205   77   5    151    111
206   189   3    17    474
207   65   6    185    142
208   185   6    163    5
209   73   3    24    424
210   207   3    149    468
211   83   3    101    487
212   31   5    43    340
213   98   6    191    80
214   208   3    88    164
215   196   5    78    59
216   22   3    5    226
217   36   5    122    50
218   125   6    18    431
219   18   2    123    387
220   217   3    67    186
221   216   5    109    224
222   47   7    59    81
223   49   7    67    274
224   152   7    178    259
225   103   7    23    268
226   126   5    122    232
227   25   7    196    380
228   221   5    93    488
229   162   6    187    141
230   15   7    93    199
231   27   7    48    146
232   99   6    117    365
233   134   7    174    57
234   229   7    159    334
235   154   5    74    1
236   59   6    179    162
237   38   7    95    423
238   121   6    134    38
239   128   3    13    442
240   110   5    17    189
241   118   7    89    338
242   210   5    139    51
243   190   6    192    302
244   69   4    177    385
245   158   7    60    485
246   98   6    156    117
247   160   2    46    92
248   194   4    173    316
249   69   4    142    184
250   86   7    135    386
251   159   2    22    485
252   241   4    36    64
253   139   7    153    97
254   238   3    149    410
255   135   4    36    16
256   185   6    46    273
