1   0   5    22    43
2   1   2    96    197
3   1   7    61    244
4   1   6    141    498
5   2   4    98    185
6   3   7    156    227
7   1   3    26    34
8   4   7    4    359
9   4   7    124    121
10   8   2    152    67
11   7   4    3    461
12   4   6    62    80
13   6   6    48    209
14   4   7    3    282
15   11   2    104    398
16   6   6    28    402
17   8   6    141    254
18   4   7    120    378
19   12   4    177    415
20   12   6    5    269
21   6   6    43    48
22   10   2    91    55
23   20   5    185    439
24   12   6    156    302
25   12   7    145    465
26   17   2    54    347
27   22   4    134    248
28   3   2    178    171
29   26   4    167    225
30   18   7    176    354
31   16   4    144    42
32   19   4    194    144
33   26   3    109    426
34   12   6    71    3
35   5   6    37    7
36   15   5    97    308
37   31   6    108    54
38   34   2    82    374
39   5   3    79    447
40   19   3    71    83
41   21   7    166    461
42   36   7    115    180
43   37   4    134    319
44   22   5    84    174
45   35   5    52    66
46   38   5    162    352
47   32   5    134    215
48   24   3    130    160
49   42   3    140    39
50   25   3    170    11
51   31   2    42    268
52   35   5    155    1
53   46   3    39    303
54   32   2    23    389
55   36   4    24    352
56   14   2    105    425
57   53   5    191    181
58   38   4    64    116
59   15   3    79    391
60   15   2    170    247
61   22   5    186    238
62   2   3    189    441
63   31   6    35    411
64   61   5    144    48
65   24   4    49    477
66   54   7    18    358
67   56   4    166    54
68   48   6    10    142
69   20   2    184    285
70   35   7    57    141
71   56   5    170    364
72   3   7    180    426
73   16   5    198    336
74   1   2    189    441
75   36   7    148    114
76   63   3    13    93
77   64   4    142    397
78   2   5    123    186
79   76   3    18    409
80   6   5    181    438
81   15   7    49    370
82   14   3    67    472
83   57   2    47    181
84   68   5    73    332
85   31   3    29    101
86   45   7    134    469
87   75   2    17    352
88   49   6    155    233
89   50   7    62    494
90   44   5    161    201
91   30   5    11    341
92   17   3    5    475
93   39   4    89    226
94   19   7    134    30
95   90   5    70    498
96   28   4    47    400
97   89   3    176    18
98   27   5    17    127
99   44   3    35    362
100   52   4    31    12
101   51   6    18    37
102   54   5    39    6
103   3   3    79    339
104   35   4    42    103
105   36   4    18    472
106   99   6    60    385
107   7   7    16    146
108   95   3    150    83
109   79   6    100    295
110   54   7    145    213
111   18   7    117    417
112   64   3    152    499
113   86   7    137    151
114   60   7    66    273
115   73   7    48    127
116   64   7    4    322
117   24   6    165    144
118   74   7    63    85
119   68   5    9    454
120   93   2    2    91
121   82   5    21    448
122   2   6    193    154
123   18   3    55    177
124   14   7    9    459
125   7   3    116    273
126   62   6    68    11
127   84   5    126    438
128   110   7    171    393
129   116   7    190    23
130   15   6    178    475
131   60   3    9    376
132   39   4    120    469
133   33   3    25    397
134   10   2    168    99
135   84   4    21    101
136   118   5    78    6
137   19   4    70    496
138   105   7    29    352
139   93   4    133    133
140   101   6    53    176
141   40   4    99    444
142   3   2    21    308
143   84   5    103    371
144   111   3    1    269
145   132   3    89    357
146   72   5    95    44
147   128   3    55    300
148   106   5    21    447
149   90   2    131    5
150   29   3    173    488
151   59   2    125    207
152   25   3    75    358
153   69   4    102    246
154   130   2    195    337
155   14   6    12    86
156   96   7    177    415
157   153   6    131    19
158   144   3    56    200
159   136   4    89    71
160   115   3    63    405
161   109   6    98    156
162   59   4    10    430
163   153   3    193    255
164   25   7    34    176
165   64   2    87    437
166   20   5    182    434
167   130   3    6    54
168   54   6    68    189
169   92   3    122    214
170   114   2    9    487
171   168   2    147    248
172   130   5    185    405
173   21   3    119    18
174   131   7    118    111
175   28   2    3    41
176   30   7    62    202
177   165   6    21    419
178   97   7    114    95
179   70   5    152    109
180   149   5    101    352
181   27   3    11    172
182   121   5    104    168
183   86   2    133    71
184   50   2    89    401
185   51   2    63    92
186   152   2    57    287
187   102   6    72    337
188   165   6    79    301
189   14   6    111    373
190   88   5    28    41
191   166   3    133    81
192   142   4    117    159
193   91   3    49    122
194   158   2    47    52
195   60   3    56    270
196   170   5    12    80
197   153   2    163    255
198   8   7    102    204
199   74   5    190    144
200   102   6    180    357
201   63   3    29    148
202   126   7    141    2
203   52   2    143    123
204   33   5    184    132
205   18   2    11    240
206   204   5    82    383
207   109   2    6    207
208   41   4    140    169
209   88   4    191    418
210   128   7    31    393
211   38   4    159    321
212   172   7    6    307
213   75   6    182    238
214   86   2    153    216
215   151   7    51    375
216   140   2    20    408
217   214   6    119    451
218   44   7    121    418
219   172   5    168    80
220   21   7    196    336
221   164   4    158    104
222   80   5    187    82
223   80   3    109    93
224   216   5    141    472
225   112   4    70    175
226   80   6    36    64
227   107   4    149    93
228   26   2    3    329
229   58   7    148    326
230   99   7    114    481
231   142   3    80    160
232   6   4    46    497
233   45   2    54    194
234   21   6    15    115
235   210   6    42    118
236   81   7    147    388
237   96   6    7    455
238   133   4    36    276
239   190   5    44    186
240   167   5    22    350
241   186   4    80    90
242   80   3    33    50
243   217   5    183    494
244   21   5    147    297
245   93   4    173    79
246   35   3    92    282
247   54   4    122    41
248   222   4    99    176
249   197   6    161    332
250   214   7    61    41
251   55   6    65    309
252   200   6    194    206
253   86   4    89    189
254   8   6    20    177
255   179   5    163    74
256   224   2    1    24
