1   0   4    30    3
2   1   4    127    388
3   1   7    197    150
4   1   2    101    212
5   3   6    110    213
6   4   7    177    47
7   1   5    118    176
8   3   7    80    83
9   5   7    109    435
10   8   2    2    112
11   7   2    74    329
12   5   6    136    298
13   5   4    69    13
14   12   2    141    443
15   4   2    39    321
16   9   3    138    216
17   2   5    66    280
18   12   7    43    200
19   14   6    115    34
20   13   7    47    94
21   18   4    180    305
22   14   6    50    321
23   9   4    36    366
24   6   2    171    321
25   17   2    56    476
26   24   4    41    62
27   12   7    167    129
28   25   4    1    353
29   27   5    181    273
30   16   5    126    406
31   13   7    147    86
32   6   4    112    250
33   15   2    94    235
34   23   2    44    250
35   26   7    42    102
36   17   7    16    414
37   28   3    58    140
38   5   7    176    289
39   23   5    135    17
40   34   6    143    146
41   27   6    96    228
42   38   3    195    499
43   2   4    171    214
44   18   7    142    160
45   32   3    20    130
46   11   5    20    53
47   11   3    93    2
48   20   2    19    83
49   36   4    63    272
50   23   6    118    103
51   32   4    192    100
52   6   6    67    206
53   24   4    108    16
54   44   5    35    289
55   3   3    67    343
56   2   7    19    126
57   3   4    92    499
58   43   4    48    390
59   45   5    20    23
60   24   4    96    282
61   37   6    189    210
62   26   6    7    365
63   52   6    37    246
64   38   6    186    241
65   4   2    1    393
66   29   6    166    309
67   41   3    48    61
68   10   2    180    327
69   65   6    29    164
70   57   2    124    170
71   11   4    143    266
72   22   7    13    460
73   12   4    62    323
74   56   3    144    344
75   48   5    92    153
76   28   3    190    92
77   43   6    17    1
78   33   4    43    259
79   47   7    15    331
80   4   2    58    37
81   44   5    55    365
82   45   2    154    358
83   31   3    35    145
84   42   6    41    135
85   46   7    34    441
86   30   7    46    235
87   51   2    4    428
88   9   2    135    33
89   5   4    133    173
90   1   2    30    491
91   84   4    116    24
92   20   4    49    201
93   16   7    195    301
94   85   6    122    433
95   2   6    32    44
96   28   4    175    126
97   82   6    37    463
98   83   6    161    20
99   70   5    65    123
100   94   3    118    212
101   1   5    73    482
102   62   5    160    318
103   59   4    12    49
104   82   3    63    473
105   40   3    120    209
106   50   3    82    449
107   46   3    126    52
108   89   4    54    134
109   75   3    172    168
110   17   6    109    413
111   74   7    29    132
112   62   5    57    412
113   27   4    131    464
114   88   7    85    244
115   108   2    46    93
116   69   4    38    75
117   27   2    87    321
118   11   6    92    177
119   113   3    8    77
120   45   5    86    493
121   95   3    192    218
122   73   7    153    412
123   106   2    148    347
124   111   4    118    38
125   85   2    129    439
126   95   3    39    407
127   64   5    2    173
128   73   5    16    401
129   11   2    66    152
130   121   7    63    182
131   61   2    81    375
132   87   7    51    88
133   120   5    162    392
134   105   6    160    428
135   92   3    178    15
136   117   2    100    171
137   115   2    50    380
138   106   2    26    231
139   9   5    150    469
140   79   3    167    44
141   6   4    81    430
142   82   4    181    458
143   28   4    101    273
144   65   3    190    55
145   136   3    7    315
146   54   7    32    45
147   15   2    74    295
148   54   3    94    458
149   77   6    133    321
150   17   7    45    248
151   16   7    58    148
152   50   7    168    61
153   23   6    190    267
154   108   7    173    387
155   88   5    83    408
156   21   6    117    489
157   14   6    149    24
158   38   5    176    201
159   24   4    98    477
160   40   2    149    150
161   82   5    71    485
162   128   7    88    18
163   77   6    119    389
164   147   4    6    368
165   58   5    80    264
166   157   7    144    170
167   30   2    79    151
168   106   4    49    436
169   101   5    116    320
170   33   4    85    215
171   90   4    2    201
172   170   7    56    319
173   112   2    11    278
174   38   2    12    16
175   38   4    134    332
176   71   2    44    42
177   130   2    183    122
178   68   3    178    108
179   176   3    94    459
180   133   6    50    366
181   83   7    72    121
182   130   6    191    379
183   177   5    128    184
184   111   6    147    169
185   15   2    3    371
186   50   4    45    192
187   59   2    147    428
188   95   3    130    164
189   176   7    107    89
190   106   2    71    211
191   98   6    11    156
192   74   6    47    213
193   131   7    10    214
194   152   5    121    470
195   185   7    172    232
196   27   2    160    499
197   13   5    156    154
198   35   3    151    487
199   79   5    157    58
200   2   3    157    306
201   30   3    59    42
202   81   5    87    261
203   192   6    24    190
204   197   5    197    172
205   155   6    133    385
206   150   4    194    10
207   187   6    131    269
208   113   7    117    337
209   154   4    128    324
210   10   5    17    390
211   60   7    104    64
212   85   5    110    304
213   25   4    125    43
214   41   7    149    363
215   39   6    39    333
216   29   2    94    309
217   5   5    26    430
218   193   6    104    124
219   85   2    111    32
220   174   2    60    379
221   36   7    39    397
222   135   6    66    383
223   71   6    14    490
224   219   3    164    64
225   187   3    140    259
226   168   7    45    495
227   87   4    100    103
228   175   6    141    361
229   178   7    179    362
230   224   3    12    466
231   214   5    131    5
232   55   3    84    224
233   205   6    44    389
234   213   7    91    88
235   7   5    142    368
236   12   4    101    493
237   210   3    155    449
238   143   3    57    187
239   204   7    164    183
240   197   6    25    91
241   212   5    170    194
242   153   6    143    186
243   103   4    107    380
244   39   7    134    439
245   221   2    183    491
246   159   4    120    441
247   30   7    10    300
248   236   7    11    390
249   121   3    29    4
250   242   6    121    341
251   118   3    135    202
252   17   6    198    234
253   46   7    77    425
254   235   4    122    227
255   233   2    91    342
256   238   2    34    272
