1   0   4    26    443
2   1   6    115    474
3   1   7    36    273
4   2   5    43    199
5   2   4    199    3
6   4   4    50    388
7   2   3    110    479
8   6   3    194    81
9   1   5    135    454
10   6   7    50    76
11   6   3    69    231
12   4   4    27    437
13   10   7    56    470
14   8   2    72    188
15   4   7    60    48
16   12   3    81    340
17   3   7    26    83
18   11   2    29    476
19   6   3    33    164
20   4   7    20    106
21   6   3    37    157
22   11   2    129    71
23   10   6    161    464
24   6   3    37    359
25   17   3    185    7
26   14   6    139    402
27   15   3    70    414
28   24   6    11    237
29   3   6    177    14
30   7   5    93    275
31   17   2    198    349
32   7   3    41    196
33   5   3    70    128
34   5   2    170    128
35   8   5    151    144
36   6   3    47    357
37   23   3    168    404
38   36   2    1    256
39   25   5    90    376
40   19   5    26    490
41   17   6    5    487
42   39   4    29    56
43   38   4    61    338
44   11   2    144    94
45   25   5    127    86
46   2   7    122    172
47   13   6    8    443
48   44   7    85    444
49   41   7    152    353
50   19   6    172    275
51   47   4    105    364
52   9   4    64    485
53   49   3    75    390
54   7   5    132    391
55   27   3    152    340
56   49   4    106    123
57   52   6    58    126
58   23   3    104    133
59   5   7    66    123
60   12   7    171    137
61   20   2    18    428
62   5   3    53    447
63   23   4    60    203
64   5   2    89    125
65   60   7    123    218
66   11   3    178    120
67   35   3    118    427
68   24   4    107    154
69   1   3    147    337
70   7   2    65    150
71   64   6    129    139
72   13   2    156    99
73   25   7    70    108
74   13   4    56    48
75   72   4    30    313
76   5   4    42    231
77   58   6    187    79
78   24   3    178    447
79   68   4    29    457
80   49   7    120    182
81   19   5    103    246
82   60   7    175    48
83   18   3    100    133
84   74   5    27    151
85   76   3    169    490
86   39   2    148    320
87   67   4    72    463
88   2   5    164    454
89   32   5    36    459
90   60   3    7    266
91   70   5    11    6
92   1   6    122    235
93   60   4    134    90
94   58   3    145    46
95   71   6    16    1
96   94   4    17    218
97   12   4    19    371
98   92   5    66    347
99   80   7    22    465
100   48   5    148    159
101   10   4    44    176
102   32   7    156    216
103   19   6    168    412
104   25   3    14    84
105   29   5    82    134
106   74   7    11    317
107   38   7    180    425
108   87   3    64    395
109   47   6    95    437
110   86   4    169    105
111   91   6    125    296
112   8   3    181    248
113   5   7    68    439
114   109   3    5    108
115   72   5    134    197
116   87   4    105    370
117   11   5    116    376
118   12   7    135    144
119   107   3    80    30
120   99   7    90    92
121   29   6    184    355
122   70   2    134    376
123   121   3    64    288
124   76   4    74    168
125   49   3    7    280
126   115   5    173    470
127   86   4    29    438
128   2   7    181    56
129   61   4    141    339
130   99   2    136    169
131   96   4    100    89
132   73   6    18    275
133   73   6    168    276
134   74   7    168    175
135   68   5    5    467
136   35   5    138    9
137   132   2    5    46
138   109   4    140    115
139   130   4    167    20
140   61   4    187    138
141   36   3    73    134
142   97   6    155    281
143   62   3    13    203
144   139   6    71    482
145   40   5    37    4
146   66   7    162    189
147   80   5    8    194
148   46   6    45    256
149   107   3    86    12
150   16   6    196    363
151   21   7    56    121
152   88   4    6    64
153   97   2    53    452
154   14   6    11    282
155   18   3    82    171
156   1   5    169    366
157   101   7    92    66
158   130   3    61    348
159   109   6    6    349
160   149   2    80    104
161   4   3    147    72
162   31   4    147    280
163   96   4    139    170
164   16   7    34    351
165   54   2    194    257
166   28   6    167    344
167   57   6    158    53
168   103   7    145    67
169   39   2    18    137
170   99   4    199    228
171   3   6    74    396
172   156   5    162    266
173   40   2    61    371
174   57   2    173    235
175   79   7    38    288
176   129   7    153    41
177   10   3    73    4
178   128   7    187    20
179   10   5    135    312
180   77   3    61    294
181   8   7    87    222
182   130   7    66    371
183   27   5    20    77
184   25   7    140    170
185   52   5    143    205
186   48   7    41    179
187   145   4    145    257
188   124   3    23    71
189   173   2    32    341
190   136   6    64    436
191   152   7    161    230
192   155   4    127    275
193   64   4    89    142
194   81   3    109    228
195   181   6    58    144
196   8   3    166    216
197   177   5    52    178
198   153   7    135    355
199   148   4    17    355
200   99   6    68    233
201   13   4    148    32
202   148   7    134    377
203   118   4    7    275
204   74   3    99    361
205   103   3    12    162
206   179   4    150    66
207   166   7    181    90
208   174   2    13    143
209   60   3    65    194
210   58   7    97    285
211   60   6    65    10
212   106   5    115    290
213   145   3    100    81
214   194   4    105    119
215   150   6    38    101
216   192   4    130    220
217   144   6    24    226
218   70   5    146    249
219   149   4    38    179
220   54   6    181    164
221   82   7    103    98
222   141   6    171    346
223   153   4    86    461
224   119   2    161    66
225   165   2    86    125
226   100   5    199    208
227   82   2    66    438
228   104   5    70    17
229   104   6    148    49
230   99   2    196    81
231   209   6    118    426
232   1   7    69    84
233   83   5    145    172
234   66   2    135    455
235   139   6    188    413
236   72   7    145    113
237   121   7    24    244
238   186   4    123    124
239   128   3    165    427
240   128   5    187    349
241   125   4    189    128
242   103   3    147    399
243   182   5    68    60
244   195   4    161    258
245   230   3    48    378
246   163   7    76    338
247   107   2    187    443
248   147   3    128    358
249   51   7    182    404
250   9   7    59    430
251   232   6    177    459
252   59   5    48    32
253   49   7    155    434
254   251   2    93    398
255   71   6    44    498
256   35   5    24    196
