1   0   2    50    17
2   1   5    192    368
3   1   7    154    4
4   2   6    157    492
5   2   3    53    498
6   4   4    158    255
7   2   7    199    84
8   4   4    55    155
9   4   7    34    441
10   7   4    115    458
11   8   5    66    475
12   9   2    41    298
13   11   3    44    225
14   11   7    45    370
15   8   5    19    59
16   11   2    136    286
17   5   3    160    153
18   14   7    112    228
19   5   4    176    339
20   9   5    191    355
21   9   2    17    123
22   2   3    191    151
23   9   7    65    246
24   6   5    84    84
25   13   3    83    207
26   14   7    97    312
27   7   3    55    447
28   23   3    130    289
29   6   6    155    326
30   4   2    119    214
31   25   3    109    399
32   9   5    106    156
33   28   2    28    264
34   18   6    56    430
35   15   5    116    403
36   27   7    99    231
37   9   5    167    1
38   5   3    198    243
39   17   2    8    49
40   36   3    70    358
41   30   3    59    353
42   10   2    30    291
43   10   7    70    433
44   28   6    30    345
45   16   2    46    440
46   20   3    16    196
47   38   6    89    398
48   26   7    130    457
49   10   5    138    371
50   33   5    106    273
51   8   6    143    260
52   12   4    103    452
53   49   3    73    234
54   41   4    110    299
55   45   3    181    458
56   19   6    125    297
57   41   5    169    405
58   25   4    13    17
59   25   5    63    146
60   46   2    21    177
61   42   5    57    396
62   41   5    83    74
63   27   4    178    296
64   25   4    84    120
65   1   3    138    269
66   2   6    2    493
67   16   7    9    173
68   5   6    18    272
69   47   3    131    455
70   39   3    34    331
71   53   2    79    266
72   41   4    120    458
73   26   3    136    289
74   48   6    112    364
75   63   4    36    235
76   9   7    57    326
77   49   6    189    242
78   35   3    104    458
79   73   5    78    433
80   46   4    88    119
81   31   4    50    352
82   58   3    89    423
83   77   4    31    154
84   42   6    94    3
85   52   7    3    43
86   74   3    100    272
87   67   4    125    431
88   71   7    117    296
89   86   5    182    344
90   11   7    20    363
91   26   6    53    194
92   86   5    158    93
93   19   5    79    157
94   37   3    66    323
95   55   6    156    136
96   46   2    179    168
97   55   7    96    69
98   9   3    57    221
99   48   6    12    234
100   18   2    128    474
101   72   3    58    358
102   84   3    141    175
103   40   6    66    145
104   63   2    170    493
105   41   5    80    427
106   35   3    186    248
107   70   6    18    50
108   11   5    72    222
109   33   5    84    361
110   11   2    117    128
111   89   4    76    430
112   69   5    7    352
113   58   5    170    229
114   11   5    185    30
115   21   3    79    163
116   29   5    8    32
117   99   7    145    138
118   12   2    68    142
119   28   4    82    362
120   58   3    49    246
121   5   4    160    126
122   114   3    149    133
123   39   6    108    393
124   26   4    127    261
125   71   5    134    92
126   110   4    111    296
127   1   7    64    261
128   53   2    199    59
129   67   7    110    451
130   57   2    140    5
131   66   7    57    353
132   70   3    113    426
133   62   5    171    160
134   108   3    30    93
135   59   7    115    189
136   32   6    22    14
137   107   6    102    382
138   113   6    93    341
139   1   2    4    432
140   67   5    186    21
141   34   6    63    489
142   135   2    39    403
143   51   6    59    229
144   117   6    93    244
145   123   2    135    262
146   95   7    117    128
147   63   5    97    178
148   115   5    6    141
149   45   5    45    307
150   38   5    8    313
151   22   3    80    325
152   64   5    35    356
153   106   3    103    466
154   120   5    96    499
155   64   3    168    61
156   34   5    140    197
157   126   7    34    263
158   87   3    139    350
159   130   3    172    322
160   93   4    107    110
161   8   3    198    308
162   85   5    32    250
163   91   2    110    6
164   29   4    138    330
165   60   3    32    378
166   120   5    170    321
167   60   7    93    404
168   154   7    197    416
169   62   2    184    184
170   70   2    197    28
171   160   6    174    371
172   47   2    87    148
173   144   2    83    245
174   164   6    183    244
175   81   5    49    136
176   147   6    156    253
177   72   5    116    286
178   13   7    143    321
179   64   4    67    198
180   79   7    138    462
181   82   5    26    368
182   110   6    8    169
183   107   2    55    341
184   95   2    40    445
185   53   5    111    382
186   35   2    139    12
187   35   5    38    468
188   75   2    177    138
189   102   6    183    492
190   3   6    156    446
191   135   2    95    237
192   50   7    150    339
193   66   2    94    255
194   95   2    194    125
195   25   4    148    268
196   141   7    87    399
197   22   4    89    349
198   33   3    118    289
199   36   5    67    446
200   116   3    64    41
201   31   4    117    79
202   91   4    91    465
203   87   6    130    456
204   88   4    167    312
205   181   3    68    463
206   189   7    21    425
207   86   5    49    165
208   39   2    126    108
209   192   3    161    311
210   70   3    147    432
211   101   7    61    334
212   43   4    139    86
213   146   2    72    175
214   60   6    156    241
215   102   2    148    342
216   59   3    98    454
217   123   5    39    5
218   197   4    7    262
219   113   2    51    364
220   105   5    59    276
221   130   3    176    30
222   43   2    62    431
223   210   2    143    35
224   218   3    186    283
225   10   2    89    103
226   51   4    7    286
227   2   3    127    445
228   121   7    25    247
229   179   3    162    226
230   12   3    176    405
231   94   3    45    226
232   116   7    111    399
233   117   2    87    470
234   135   7    82    454
235   28   4    58    26
236   15   2    172    155
237   4   4    63    177
238   81   4    182    313
239   180   4    146    176
240   182   6    39    402
241   25   6    190    196
242   93   4    151    212
243   31   7    51    483
244   125   3    198    350
245   136   5    133    96
246   161   5    143    354
247   59   7    60    352
248   166   7    148    337
249   189   5    121    289
250   150   7    48    180
251   7   3    2    290
252   159   4    136    417
253   221   6    29    38
254   50   3    125    124
255   211   4    164    83
256   51   7    25    425
