1   0   2    87    482
2   1   5    61    79
3   1   2    144    242
4   2   5    155    492
5   2   5    120    280
6   1   2    100    263
7   3   4    124    64
8   3   6    188    349
9   5   5    128    300
10   1   5    93    347
11   4   5    29    253
12   5   7    25    373
13   6   2    92    495
14   12   3    72    111
15   3   4    78    353
16   7   4    171    38
17   4   4    122    314
18   14   7    149    381
19   17   2    140    398
20   16   6    100    82
21   12   4    80    374
22   10   7    180    452
23   19   7    5    184
24   4   5    101    82
25   5   6    128    444
26   10   7    45    490
27   19   7    9    168
28   4   5    119    371
29   4   7    1    384
30   24   4    47    234
31   28   6    43    385
32   6   2    34    32
33   27   2    104    194
34   18   2    152    440
35   7   2    189    96
36   34   3    180    257
37   31   3    136    340
38   16   2    168    331
39   4   2    149    430
40   32   6    107    270
41   33   5    29    403
42   3   5    157    274
43   29   7    60    170
44   8   2    63    212
45   5   4    33    213
46   17   3    15    325
47   45   4    195    187
48   1   5    191    151
49   43   7    88    390
50   2   7    94    284
51   29   4    165    322
52   31   5    175    140
53   24   4    75    210
54   12   3    189    321
55   38   4    90    483
56   48   5    58    156
57   19   6    24    395
58   45   4    163    42
59   18   5    19    334
60   25   3    113    234
61   56   6    29    187
62   54   4    132    263
63   49   7    97    269
64   9   3    17    32
65   25   2    25    483
66   35   5    109    365
67   51   6    38    248
68   58   4    141    483
69   59   7    188    439
70   6   2    137    112
71   10   7    138    61
72   15   2    15    284
73   20   4    84    396
74   6   7    104    304
75   13   4    79    181
76   57   2    196    406
77   24   2    39    248
78   58   3    5    368
79   12   7    128    102
80   36   7    167    260
81   18   5    35    327
82   48   3    191    397
83   2   6    40    231
84   81   5    194    60
85   47   7    117    84
86   37   2    56    359
87   57   3    26    167
88   65   5    156    103
89   29   3    178    219
90   71   6    133    43
91   48   5    172    121
92   84   6    68    10
93   63   4    38    478
94   17   6    13    331
95   42   5    33    43
96   72   4    18    141
97   63   5    68    393
98   68   2    110    318
99   37   5    147    48
100   64   6    94    13
101   40   2    20    308
102   47   4    131    112
103   98   6    32    43
104   101   7    80    9
105   40   6    34    227
106   10   3    7    128
107   21   4    10    388
108   63   6    63    201
109   55   6    37    69
110   103   7    86    116
111   74   7    142    63
112   43   4    31    4
113   54   3    61    397
114   99   7    122    79
115   2   5    48    23
116   38   6    122    29
117   94   5    8    193
118   53   6    100    381
119   86   3    155    185
120   51   7    51    244
121   82   3    34    242
122   89   6    77    60
123   73   3    179    290
124   76   4    1    295
125   81   4    120    357
126   13   6    36    465
127   67   5    80    345
128   9   7    42    74
129   75   6    116    336
130   55   4    36    476
131   127   3    3    459
132   128   6    142    483
133   36   6    155    352
134   1   7    142    295
135   47   4    174    346
136   64   5    40    281
137   101   4    9    15
138   7   2    26    453
139   87   3    180    435
140   90   6    121    2
141   35   4    71    440
142   48   4    114    264
143   122   6    64    218
144   20   3    197    225
145   67   7    151    130
146   133   5    38    335
147   51   3    53    213
148   64   4    42    11
149   23   7    50    173
150   95   2    179    97
151   83   4    162    161
152   86   6    35    114
153   1   5    4    497
154   51   4    114    282
155   89   5    40    147
156   21   6    138    127
157   26   4    75    402
158   141   6    69    404
159   90   4    20    408
160   144   6    86    442
161   72   2    184    202
162   14   4    30    352
163   66   2    3    109
164   125   6    116    348
165   36   3    29    383
166   18   3    95    103
167   46   5    46    76
168   66   2    157    480
169   89   4    22    107
170   42   7    199    322
171   34   6    77    492
172   53   3    156    481
173   58   7    139    244
174   15   6    31    343
175   61   7    60    132
176   83   7    88    130
177   9   7    39    119
178   51   7    139    44
179   34   5    48    371
180   71   4    197    454
181   168   3    58    469
182   16   7    189    143
183   52   5    198    234
184   7   6    14    59
185   4   5    127    303
186   137   7    135    52
187   77   6    57    242
188   25   3    118    110
189   57   7    83    76
190   5   4    66    58
191   69   7    189    12
192   172   6    161    443
193   184   4    47    320
194   92   5    194    348
195   83   2    9    338
196   162   7    114    498
197   74   5    66    112
198   144   3    29    261
199   56   4    151    268
200   8   3    80    32
201   177   5    162    449
202   173   4    98    407
203   93   4    187    468
204   70   6    18    346
205   87   6    110    135
206   84   3    133    222
207   91   3    143    90
208   23   3    42    371
209   117   6    36    370
210   89   2    72    42
211   102   2    115    171
212   129   5    193    433
213   168   5    178    234
214   62   7    6    408
215   208   5    188    134
216   156   5    1    302
217   200   3    121    394
218   126   4    176    218
219   31   7    68    464
220   209   2    198    102
221   210   4    38    254
222   174   3    41    497
223   99   6    16    158
224   168   2    74    254
225   41   3    55    398
226   85   6    19    273
227   16   5    178    168
228   90   2    176    62
229   38   7    177    189
230   37   6    42    349
231   112   6    24    299
232   135   3    141    299
233   70   2    137    342
234   101   7    47    84
235   83   5    106    168
236   8   5    162    249
237   8   3    92    459
238   65   4    166    266
239   173   6    75    3
240   110   5    28    42
241   226   6    118    151
242   172   3    44    16
243   29   4    190    278
244   99   7    45    348
245   17   5    23    89
246   46   4    43    415
247   38   6    11    208
248   246   4    37    128
249   159   7    64    414
250   171   7    55    146
251   115   7    1    224
252   191   5    182    147
253   225   6    129    167
254   79   6    174    200
255   57   7    31    42
256   117   7    51    98
