1   0   7    61    75
2   1   2    175    280
3   1   6    127    159
4   2   7    177    498
5   2   6    39    407
6   3   2    194    47
7   1   4    149    13
8   2   6    51    211
9   1   2    131    337
10   5   6    98    63
11   7   6    3    110
12   4   3    182    264
13   10   6    76    268
14   11   3    134    422
15   2   5    192    492
16   13   2    173    423
17   1   7    64    99
18   2   4    90    106
19   15   5    195    394
20   10   7    96    346
21   12   2    136    177
22   4   7    107    66
23   15   6    168    87
24   5   3    102    102
25   7   3    102    440
26   4   3    169    329
27   16   4    76    486
28   24   5    46    197
29   19   7    87    168
30   27   7    185    465
31   1   5    128    319
32   11   6    16    211
33   4   4    7    257
34   14   7    46    168
35   24   5    162    257
36   29   3    79    229
37   24   5    15    137
38   33   5    40    353
39   10   5    121    190
40   22   3    93    324
41   10   5    171    138
42   12   3    147    146
43   33   6    155    216
44   18   5    83    375
45   38   7    119    33
46   9   5    69    112
47   41   2    50    203
48   44   5    151    85
49   6   3    111    222
50   10   5    14    468
51   37   7    99    96
52   33   4    161    307
53   24   2    66    385
54   43   4    153    471
55   47   6    124    155
56   6   2    172    198
57   8   2    161    248
58   25   7    181    138
59   18   2    162    460
60   8   5    75    441
61   15   5    197    113
62   10   6    44    336
63   41   2    144    65
64   16   5    98    432
65   38   5    144    398
66   46   5    40    24
67   25   7    27    43
68   38   7    90    214
69   64   7    54    133
70   44   4    165    197
71   4   4    81    67
72   3   2    137    378
73   12   6    26    169
74   72   7    107    33
75   26   6    160    109
76   52   4    4    227
77   9   6    46    499
78   41   3    27    442
79   17   7    138    474
80   6   4    100    402
81   54   6    30    368
82   44   5    56    351
83   1   5    108    308
84   74   7    57    400
85   44   5    85    482
86   42   4    152    6
87   81   2    108    251
88   77   7    86    459
89   37   4    143    7
90   40   5    16    146
91   78   5    102    235
92   68   6    121    25
93   25   4    137    46
94   60   4    90    403
95   88   5    76    195
96   13   3    78    206
97   29   6    26    292
98   66   2    150    134
99   42   7    60    206
100   46   7    61    372
101   1   5    81    333
102   42   6    30    477
103   62   4    198    22
104   56   2    53    2
105   66   4    43    17
106   43   3    70    116
107   79   3    142    59
108   2   7    8    223
109   96   7    144    400
110   45   2    142    255
111   92   5    166    97
112   90   7    127    460
113   53   5    41    449
114   87   2    183    301
115   82   2    165    108
116   4   7    14    390
117   46   2    184    120
118   17   5    159    76
119   103   5    190    147
120   19   3    55    373
121   28   2    164    394
122   14   4    137    298
123   67   5    185    97
124   83   2    77    95
125   20   4    90    71
126   18   5    130    492
127   44   3    175    448
128   109   7    42    468
129   54   7    188    205
130   40   5    143    411
131   50   6    19    68
132   63   4    74    37
133   128   3    27    269
134   46   2    189    479
135   50   4    163    432
136   125   7    56    139
137   123   7    18    30
138   75   5    26    153
139   52   5    114    391
140   77   4    178    434
141   130   7    53    495
142   86   4    33    131
143   69   2    14    450
144   129   4    111    206
145   83   7    33    100
146   115   2    71    470
147   143   7    50    230
148   102   5    150    384
149   109   6    168    382
150   31   3    114    359
151   14   5    90    405
152   107   2    90    96
153   58   3    6    216
154   60   4    31    363
155   81   4    137    47
156   102   2    16    210
157   116   7    193    340
158   132   3    24    196
159   145   6    84    47
160   147   7    153    68
161   74   3    99    76
162   130   3    196    145
163   91   7    189    182
164   90   3    96    20
165   98   2    60    92
166   112   6    37    317
167   21   2    51    83
168   158   3    170    375
169   57   5    127    14
170   69   5    155    249
171   32   5    142    95
172   137   4    179    120
173   49   6    147    388
174   26   6    120    486
175   68   3    22    425
176   109   2    70    81
177   66   4    197    331
178   26   2    82    168
179   86   5    46    235
180   109   6    175    81
181   132   5    79    269
182   74   4    49    168
183   132   3    113    36
184   72   2    167    140
185   120   6    41    167
186   155   4    65    3
187   110   5    75    114
188   7   5    164    485
189   116   6    129    217
190   95   4    42    75
191   126   6    194    319
192   123   5    113    230
193   73   5    3    391
194   47   7    116    314
195   87   2    44    240
196   8   3    102    374
197   195   4    22    116
198   22   4    118    318
199   9   4    48    316
200   100   3    35    234
201   91   5    125    499
202   163   7    72    441
203   1   6    185    142
204   30   3    166    141
205   155   6    125    369
206   151   6    20    250
207   66   2    10    490
208   88   2    67    108
209   3   4    40    389
210   208   4    58    232
211   176   3    146    19
212   15   7    28    299
213   21   6    190    73
214   202   5    100    270
215   83   3    171    430
216   174   6    132    216
217   172   4    34    361
218   195   7    90    169
219   5   4    164    361
220   144   3    175    347
221   104   4    129    286
222   18   7    12    196
223   98   2    18    71
224   107   3    141    19
225   221   3    101    318
226   101   2    194    272
227   193   7    171    14
228   52   3    155    224
229   2   6    155    139
230   170   6    22    371
231   203   5    113    123
232   18   7    35    153
233   74   4    18    445
234   117   6    23    372
235   131   7    14    149
236   90   3    136    152
237   62   5    21    45
238   161   5    165    269
239   87   3    191    427
240   182   3    61    369
241   214   3    159    430
242   48   2    79    358
243   131   4    127    188
244   102   4    27    456
245   139   7    73    372
246   219   7    10    334
247   117   6    76    466
248   178   4    91    225
249   234   6    67    286
250   189   3    135    3
251   76   5    136    78
252   187   5    27    456
253   141   2    59    409
254   234   2    107    386
255   67   3    184    397
256   100   6    98    346
