1   0   3    51    30
2   1   7    157    359
3   1   5    132    48
4   2   5    17    342
5   3   4    107    482
6   3   7    95    56
7   2   3    127    105
8   2   3    19    474
9   1   6    165    351
10   4   7    127    459
11   9   6    113    427
12   10   5    72    425
13   5   4    121    437
14   6   2    84    379
15   7   7    142    437
16   11   2    66    457
17   12   2    130    155
18   1   6    95    369
19   6   4    21    392
20   12   3    194    127
21   1   4    174    80
22   7   7    157    480
23   18   3    95    413
24   8   4    50    494
25   13   3    92    361
26   22   7    198    469
27   5   3    118    420
28   12   5    62    300
29   10   4    32    19
30   15   6    151    57
31   16   4    190    187
32   11   2    164    261
33   7   5    111    158
34   15   4    27    361
35   14   7    137    246
36   17   5    126    11
37   4   7    104    104
38   28   2    21    151
39   18   5    104    184
40   10   2    97    207
41   10   5    13    48
42   31   5    193    18
43   12   3    190    308
44   23   2    160    174
45   30   3    21    271
46   10   5    2    34
47   2   6    162    32
48   10   6    104    455
49   7   7    99    88
50   40   6    135    291
51   20   3    190    3
52   48   7    66    406
53   43   7    104    354
54   45   4    11    452
55   45   3    12    245
56   49   7    117    435
57   3   3    165    139
58   14   6    184    322
59   9   3    11    166
60   8   7    18    372
61   27   3    62    285
62   32   2    152    370
63   36   4    58    427
64   48   7    11    434
65   4   5    2    18
66   52   6    159    224
67   14   7    3    87
68   66   6    191    3
69   39   5    112    223
70   62   5    43    406
71   51   2    58    77
72   58   2    76    482
73   9   6    119    256
74   58   5    10    5
75   72   4    99    329
76   50   2    70    206
77   74   7    178    198
78   27   5    96    109
79   29   7    194    471
80   16   6    18    155
81   73   5    199    83
82   19   7    23    69
83   81   2    101    33
84   34   3    63    457
85   6   2    128    266
86   82   3    86    359
87   15   2    65    49
88   55   5    127    251
89   56   7    142    357
90   87   7    41    482
91   1   3    116    98
92   9   3    158    120
93   86   4    77    274
94   92   6    56    384
95   34   4    127    15
96   58   3    148    312
97   89   5    46    471
98   39   2    27    113
99   16   2    146    135
100   56   5    195    31
101   10   6    187    108
102   34   7    181    384
103   45   3    83    421
104   100   2    49    304
105   11   7    36    1
106   80   6    49    303
107   41   2    116    364
108   99   6    53    6
109   86   5    6    396
110   69   5    40    34
111   107   5    144    85
112   32   2    152    268
113   12   7    182    199
114   64   6    42    35
115   61   3    166    290
116   96   6    75    125
117   51   4    14    125
118   36   2    121    40
119   44   7    147    152
120   103   2    111    1
121   52   7    24    235
122   10   4    179    493
123   62   3    112    265
124   56   2    109    449
125   94   4    98    444
126   25   5    153    298
127   92   5    117    307
128   20   4    122    183
129   26   4    15    347
130   110   4    163    175
131   14   5    90    257
132   11   3    14    354
133   7   3    74    336
134   99   5    17    294
135   17   2    190    174
136   53   3    30    10
137   35   5    47    175
138   104   3    91    257
139   92   2    75    186
140   14   6    42    244
141   95   2    144    449
142   32   6    130    174
143   32   4    37    306
144   44   7    101    389
145   1   6    147    434
146   82   2    72    406
147   39   7    179    208
148   34   5    68    140
149   76   3    127    476
150   138   3    188    321
151   77   5    177    372
152   57   2    90    451
153   10   7    117    478
154   83   4    63    383
155   54   4    82    478
156   54   6    16    187
157   58   5    95    319
158   45   7    102    212
159   87   6    155    227
160   132   6    12    318
161   77   2    4    127
162   79   6    41    417
163   149   4    106    97
164   24   2    187    492
165   98   7    71    256
166   61   6    57    230
167   160   7    59    423
168   140   4    182    229
169   152   3    63    280
170   84   4    54    484
171   17   6    148    105
172   39   7    143    490
173   117   3    118    8
174   125   2    66    298
175   92   6    191    270
176   59   2    150    245
177   120   2    171    104
178   115   6    164    402
179   45   5    160    85
180   29   4    143    336
181   141   3    104    314
182   44   4    86    185
183   42   5    57    375
184   117   4    120    235
185   175   6    37    23
186   35   5    23    400
187   117   2    98    178
188   153   7    84    488
189   126   4    76    132
190   144   5    172    41
191   63   5    153    316
192   70   3    159    27
193   87   4    182    322
194   149   7    89    463
195   104   5    106    380
196   28   4    93    419
197   117   2    79    225
198   42   6    23    385
199   174   7    117    79
200   78   4    7    394
201   26   2    199    454
202   200   6    168    249
203   73   2    92    187
204   171   7    68    113
205   109   4    82    308
206   77   7    110    379
207   25   7    52    440
208   130   2    2    451
209   104   4    13    59
210   12   5    102    132
211   171   7    80    427
212   141   4    90    156
213   178   7    51    378
214   109   2    7    425
215   175   6    98    305
216   135   6    59    209
217   38   2    82    457
218   38   4    166    200
219   96   7    109    441
220   144   6    79    462
221   11   2    193    409
222   30   6    170    375
223   59   7    183    305
224   68   3    192    312
225   123   5    70    417
226   216   5    106    30
227   84   4    138    368
228   60   5    152    62
229   215   5    45    453
230   90   4    127    296
231   156   2    33    13
232   58   3    156    155
233   227   3    64    136
234   174   6    160    489
235   51   4    184    7
236   41   5    42    274
237   47   3    134    65
238   164   6    86    457
239   69   5    97    174
240   155   5    47    133
241   158   2    35    115
242   29   7    74    297
243   15   3    144    48
244   121   4    129    170
245   29   5    115    140
246   216   5    21    108
247   141   2    124    127
248   47   4    186    468
249   231   3    4    431
250   125   2    60    302
251   38   7    152    460
252   244   6    174    199
253   216   3    120    262
254   155   6    68    233
255   70   2    109    303
256   215   6    137    103
