1   0   3    25    362
2   1   7    64    257
3   1   3    19    399
4   2   5    102    378
5   2   5    168    97
6   4   3    25    435
7   3   3    181    429
8   1   6    89    390
9   2   7    159    82
10   3   5    90    434
11   9   5    8    155
12   10   6    198    486
13   2   2    56    46
14   12   5    164    280
15   4   2    184    125
16   5   6    188    319
17   15   7    142    475
18   14   2    16    32
19   9   2    57    266
20   3   6    44    429
21   4   7    152    95
22   17   3    109    64
23   15   5    137    284
24   5   2    111    395
25   4   2    185    348
26   7   4    24    409
27   20   7    97    97
28   15   2    146    43
29   4   7    159    173
30   23   3    41    473
31   27   3    49    187
32   13   7    130    46
33   22   5    140    325
34   30   4    116    144
35   11   4    177    118
36   16   2    87    264
37   6   6    74    385
38   12   7    129    403
39   19   3    107    442
40   1   2    69    4
41   10   6    19    77
42   19   6    46    485
43   6   6    122    473
44   39   5    130    155
45   4   2    149    369
46   19   6    77    441
47   37   3    126    154
48   21   5    68    211
49   14   2    56    399
50   3   5    117    292
51   5   3    35    355
52   15   4    135    310
53   6   7    58    76
54   22   7    64    402
55   14   7    112    400
56   15   7    149    17
57   45   2    66    73
58   47   3    196    258
59   43   5    20    92
60   56   5    160    83
61   18   6    196    337
62   50   3    165    120
63   58   6    94    64
64   41   6    80    256
65   42   3    197    322
66   5   7    127    358
67   57   7    57    396
68   58   2    131    483
69   55   6    177    237
70   35   3    143    274
71   49   7    84    138
72   64   3    81    203
73   40   5    24    151
74   37   6    25    401
75   10   6    134    111
76   48   3    20    236
77   55   3    158    334
78   7   2    31    326
79   70   7    164    103
80   50   6    86    163
81   35   7    38    158
82   34   4    155    454
83   64   2    189    307
84   32   4    188    152
85   20   6    139    266
86   23   2    81    440
87   81   6    167    287
88   57   2    116    378
89   22   6    48    56
90   23   5    144    139
91   15   2    61    466
92   87   3    181    303
93   62   4    48    16
94   13   2    39    121
95   88   7    103    17
96   91   4    92    243
97   44   3    10    255
98   12   4    184    83
99   18   3    69    390
100   73   6    110    275
101   58   5    144    353
102   91   2    4    304
103   94   2    159    86
104   20   7    128    77
105   59   7    76    3
106   56   6    3    314
107   105   6    117    278
108   83   2    103    235
109   84   7    99    244
110   12   7    188    329
111   15   3    173    291
112   1   7    45    61
113   93   6    181    246
114   83   6    193    151
115   101   3    170    246
116   20   2    192    481
117   53   2    27    133
118   71   5    100    128
119   108   3    195    56
120   59   6    12    210
121   14   3    27    181
122   42   5    110    494
123   50   3    131    380
124   19   7    178    231
125   76   3    131    305
126   27   7    47    331
127   48   3    29    98
128   28   5    149    447
129   24   2    18    119
130   24   7    9    276
131   89   5    161    293
132   105   6    118    358
133   10   6    76    348
134   22   4    77    247
135   4   6    72    354
136   10   3    99    306
137   48   6    22    135
138   134   5    65    163
139   62   3    119    238
140   12   6    102    405
141   29   3    27    356
142   65   3    182    19
143   28   2    145    124
144   20   2    11    455
145   19   3    58    380
146   95   7    185    279
147   126   6    149    147
148   116   5    176    120
149   45   7    97    224
150   119   5    6    347
151   122   2    124    344
152   43   5    142    391
153   130   2    64    365
154   89   3    192    451
155   51   6    137    285
156   89   4    50    198
157   138   7    140    81
158   67   2    125    206
159   140   5    28    120
160   151   5    103    494
161   58   5    65    345
162   53   6    92    180
163   4   4    167    43
164   33   6    178    164
165   55   7    26    430
166   83   7    114    432
167   160   6    63    309
168   32   5    126    214
169   155   6    56    213
170   85   6    22    212
171   22   5    156    14
172   49   3    145    196
173   155   5    100    87
174   44   5    44    435
175   86   6    27    145
176   12   2    138    251
177   27   7    36    259
178   70   3    133    75
179   177   4    51    158
180   8   3    186    259
181   87   4    139    330
182   78   3    129    74
183   2   7    113    65
184   11   7    51    98
185   45   6    185    42
186   7   7    141    122
187   169   6    8    378
188   55   6    55    153
189   158   5    185    294
190   144   6    73    446
191   146   4    111    367
192   3   3    43    321
193   39   7    151    293
194   191   5    146    306
195   167   2    155    316
196   90   7    169    211
197   60   7    68    38
198   143   5    83    285
199   38   5    130    175
200   99   5    151    203
201   176   2    29    413
202   146   3    92    406
203   139   2    118    481
204   46   7    162    137
205   34   2    33    446
206   154   7    17    81
207   154   6    167    251
208   146   6    169    209
209   191   6    125    389
210   81   3    131    17
211   47   7    13    77
212   117   3    174    456
213   9   7    11    64
214   61   4    134    475
215   154   7    197    12
216   18   7    140    481
217   197   3    136    486
218   73   4    28    312
219   129   5    35    164
220   5   2    129    461
221   136   5    162    89
222   120   7    48    391
223   190   3    9    218
224   14   7    114    262
225   112   2    57    309
226   86   5    161    359
227   194   7    183    102
228   119   3    100    153
229   13   3    16    41
230   179   4    136    323
231   4   6    161    450
232   110   7    63    361
233   35   5    99    210
234   135   4    20    400
235   9   3    53    184
236   103   5    162    118
237   87   2    140    405
238   55   2    143    310
239   87   6    81    376
240   186   7    142    39
241   178   6    137    359
242   217   2    180    492
243   107   3    144    83
244   165   6    149    197
245   230   6    189    307
246   71   6    108    146
247   154   3    70    382
248   113   7    159    222
249   164   5    27    359
250   179   4    38    280
251   235   4    123    313
252   201   3    43    241
253   105   3    132    311
254   34   5    128    314
255   121   7    57    332
256   131   2    147    401
