1   0   4    27    99
2   1   2    199    445
3   1   4    147    306
4   1   7    30    16
5   1   7    162    119
6   3   3    90    345
7   5   3    28    103
8   5   4    199    466
9   7   3    181    137
10   2   5    138    107
11   5   6    21    382
12   4   3    80    246
13   2   5    167    230
14   8   5    154    1
15   3   4    136    431
16   10   3    186    310
17   10   5    187    250
18   11   4    152    250
19   6   5    169    93
20   14   4    38    16
21   5   4    37    368
22   4   7    151    193
23   10   5    65    293
24   19   2    98    16
25   12   6    154    112
26   13   2    110    148
27   7   2    170    152
28   21   4    66    238
29   13   4    161    437
30   8   7    34    465
31   6   2    72    65
32   25   6    197    71
33   28   4    128    302
34   19   2    142    465
35   17   3    144    431
36   22   7    194    47
37   11   3    110    364
38   13   3    171    341
39   33   2    115    34
