1   0   4    11    404
2   1   6    48    25
3   1   3    63    301
4   2   4    32    312
5   3   3    3    141
6   4   5    71    230
7   4   4    86    401
8   2   5    4    61
9   6   6    164    104
10   1   3    36    259
11   7   3    28    311
12   8   3    35    470
13   4   2    175    94
14   2   5    51    70
15   2   3    159    107
16   13   5    91    129
17   15   3    164    283
18   2   5    133    172
19   6   3    154    14
20   15   4    164    423
21   9   4    134    292
22   2   5    77    165
23   21   6    81    72
24   20   6    101    189
25   19   6    150    74
26   2   7    10    138
27   19   7    134    352
28   3   4    73    399
29   18   5    181    116
30   24   4    53    107
31   3   5    52    249
32   27   5    33    485
33   29   4    108    434
34   12   3    83    310
35   14   4    115    31
36   15   7    2    308
37   26   4    118    246
38   35   6    112    167
39   1   7    114    133
40   31   2    47    51
41   19   7    79    291
42   23   2    4    175
43   27   6    152    411
44   22   6    168    93
45   32   6    55    482
46   43   7    45    434
47   6   5    76    17
48   28   4    90    340
49   6   4    105    59
50   39   2    90    438
51   12   6    149    412
52   27   2    2    160
53   41   5    195    168
54   3   6    82    29
55   6   4    85    154
56   35   3    34    432
57   46   6    187    99
58   35   5    174    345
59   20   2    19    343
60   1   5    63    332
61   2   3    165    244
62   6   7    66    117
63   57   2    164    120
64   12   5    194    364
65   10   4    179    462
66   64   3    91    313
67   8   2    61    285
68   4   4    66    258
69   32   2    70    12
70   49   2    34    483
71   62   4    120    460
72   31   7    117    493
73   36   5    81    125
74   57   2    53    117
75   8   4    147    149
76   29   7    158    329
77   23   5    181    404
78   60   4    87    435
79   46   3    98    471
80   77   3    61    282
81   36   5    69    236
82   12   5    168    174
83   55   6    172    18
