1   0   4    39    331
2   1   5    129    482
3   1   7    103    213
4   2   5    174    372
5   2   6    74    91
6   4   7    150    254
7   3   2    195    151
8   1   7    133    432
9   7   2    56    463
10   4   2    131    395
11   3   5    25    304
12   3   3    39    279
13   5   6    173    2
14   2   2    167    288
15   12   5    26    34
16   7   3    109    425
17   2   6    48    323
18   5   4    109    207
19   3   5    84    86
20   5   5    194    113
21   4   5    163    322
22   12   2    125    209
23   7   3    90    2
24   19   2    103    115
25   17   7    130    3
26   2   7    148    253
27   4   4    198    443
28   8   6    11    388
29   2   5    45    249
30   14   7    122    301
31   19   3    83    191
32   2   3    38    85
33   26   6    66    299
34   16   6    153    215
35   22   7    117    31
36   26   2    180    31
37   32   2    188    309
38   12   7    195    95
39   24   7    64    64
40   1   5    86    292
41   3   3    13    65
42   10   7    89    209
43   32   7    179    127
44   18   3    68    256
45   26   7    54    288
46   29   6    36    383
47   12   2    153    336
48   33   7    137    200
49   7   7    180    77
50   11   6    156    395
51   8   6    195    132
52   16   4    101    241
53   48   3    71    116
54   13   2    35    489
55   22   2    43    1
56   16   5    135    364
