1   0   4    27    457
2   1   3    68    384
3   1   5    112    380
4   2   7    44    170
5   1   2    25    186
6   3   2    17    449
7   5   4    27    471
8   5   4    123    307
9   6   3    104    326
10   7   7    101    381
11   7   7    39    185
12   10   3    28    28
13   10   4    30    435
14   8   5    29    448
15   11   5    54    5
16   2   5    8    27
17   3   6    78    40
18   12   4    58    280
19   5   7    151    421
20   11   4    184    368
21   13   6    173    486
22   13   3    87    483
23   10   7    81    104
24   12   4    35    475
25   7   6    113    235
26   11   3    158    428
27   3   3    197    387
28   4   6    142    9
29   26   5    23    463
30   13   3    195    451
31   29   6    174    297
32   9   2    144    227
33   9   5    131    260
34   29   5    38    319
35   26   3    110    486
36   17   6    70    346
37   17   5    103    354
38   21   6    7    406
39   16   6    3    9
40   30   6    65    170
