1   0   2    8    209
2   1   2    158    45
3   1   2    22    211
4   1   5    139    6
5   3   7    47    158
6   1   2    57    442
7   4   7    96    353
8   6   2    27    77
9   4   3    178    324
10   4   7    16    226
11   8   4    109    272
12   10   4    197    234
13   5   4    179    17
14   3   4    159    465
15   13   6    87    181
16   12   2    198    78
17   6   2    188    416
18   1   6    133    25
19   11   7    176    10
20   6   7    47    264
21   4   5    18    432
22   1   3    148    307
23   9   7    22    28
24   20   7    199    415
25   12   4    121    5
26   19   7    71    10
27   14   2    131    327
28   2   6    34    215
29   21   5    17    199
30   1   5    65    232
31   3   4    100    47
32   18   5    21    300
33   4   5    51    311
34   7   5    89    36
35   25   6    138    276
36   28   7    44    493
37   15   3    172    48
38   11   4    96    384
39   25   7    142    315
40   14   3    148    493
41   21   2    191    170
42   20   6    160    354
43   36   6    46    285
44   38   6    180    236
45   11   5    106    161
46   35   4    144    466
47   43   2    157    279
48   46   2    180    50
49   4   3    199    235
50   30   2    32    387
51   30   6    84    403
52   3   4    183    318
53   28   5    58    196
54   40   4    156    358
55   7   4    63    365
56   7   4    104    323
57   15   5    64    186
58   32   6    54    384
59   55   2    58    369
60   43   6    1    57
61   57   4    85    50
62   33   5    144    410
63   16   7    119    87
64   26   2    36    381
65   37   7    168    492
