1   0   7    20    115
2   1   5    32    155
3   1   2    96    447
4   1   4    31    213
5   3   4    71    284
6   1   3    129    402
7   5   7    34    58
8   3   3    94    238
9   3   3    145    140
10   3   2    65    340
11   2   7    113    114
12   2   7    47    494
13   5   2    65    318
14   7   6    54    62
15   3   3    18    230
16   14   3    45    200
17   9   6    16    208
18   8   7    168    468
19   9   4    21    92
20   6   5    131    299
21   6   2    104    145
22   5   5    20    494
23   9   4    160    288
24   2   3    79    394
25   2   3    80    79
26   11   2    59    315
27   22   2    123    253
28   25   3    89    458
29   20   3    95    456
30   3   4    90    9
31   8   3    65    214
32   1   2    16    440
33   2   7    1    289
34   8   4    169    396
35   28   7    62    451
36   3   6    52    248
37   29   2    157    99
38   13   4    121    339
39   35   5    55    415
40   11   3    170    74
41   4   3    76    3
42   10   7    108    77
43   40   5    44    147
44   20   7    46    286
45   9   2    143    101
46   9   6    104    79
47   43   2    115    357
48   42   7    113    74
49   5   2    51    162
50   31   6    22    179
51   6   4    43    160
52   28   4    75    483
53   46   3    142    289
54   29   6    126    157
55   50   2    147    52
56   10   4    175    433
57   2   6    56    436
