1   0   7    90    237
2   1   6    160    188
3   1   6    141    352
4   1   2    173    315
5   1   6    165    252
6   1   2    45    101
7   5   3    108    427
8   4   7    150    62
9   7   6    168    146
10   1   2    51    492
11   5   4    117    88
12   9   7    121    391
13   3   2    126    237
14   11   6    191    264
15   13   5    4    420
16   11   7    90    252
17   5   4    134    289
18   6   7    124    410
19   1   4    129    159
20   14   7    38    212
21   6   5    195    357
22   16   3    10    419
23   18   4    93    56
24   2   3    29    33
25   13   3    44    29
26   17   4    107    296
27   13   3    180    165
28   19   7    170    203
29   24   2    167    27
30   8   3    159    211
31   28   3    44    246
32   25   3    147    175
33   7   3    161    42
34   26   4    139    372
35   8   5    192    466
36   31   3    53    381
37   6   6    72    125
38   34   2    180    398
39   5   4    5    404
40   27   5    74    283
41   35   3    170    111
42   40   5    85    331
43   32   6    14    139
44   35   3    53    391
45   14   7    108    322
46   18   2    84    411
47   31   2    58    460
48   40   3    197    472
49   26   4    53    153
50   36   4    92    73
51   20   4    15    458
52   13   7    105    106
53   32   4    107    431
54   50   5    87    279
55   4   4    58    296
56   15   4    70    448
57   45   5    148    167
58   25   4    170    220
59   31   3    12    278
60   33   5    95    332
61   51   4    92    493
62   47   4    56    246
63   48   3    4    34
64   23   6    101    207
65   51   7    34    298
66   43   2    189    198
67   60   5    49    184
68   49   7    141    331
69   41   6    65    401
70   5   2    68    143
71   9   5    193    265
72   24   4    114    103
73   28   4    185    71
74   21   6    11    129
75   41   5    18    53
76   39   2    103    266
77   15   3    189    43
78   44   4    22    300
79   16   3    67    222
80   76   6    157    421
81   9   2    75    391
82   77   6    80    197
83   30   3    127    45
84   11   2    197    317
85   59   2    111    312
86   49   6    149    16
87   32   4    189    88
