1   0   4    9    270
2   1   2    38    283
3   1   3    91    470
4   2   7    68    433
5   1   7    40    172
6   3   2    37    89
7   5   3    14    339
8   5   2    148    117
9   7   3    148    45
10   4   6    36    13
11   9   6    175    389
12   2   4    64    181
13   6   5    132    89
14   8   5    149    18
15   11   5    135    208
16   2   6    181    24
17   6   7    69    370
18   4   7    82    99
19   17   7    89    460
20   8   7    158    438
21   14   3    98    140
22   9   3    11    168
23   11   5    23    491
24   14   7    57    208
25   3   7    178    373
26   3   4    191    213
27   2   7    165    348
28   5   3    77    37
29   14   5    38    7
30   28   5    196    368
31   12   6    118    16
32   17   7    60    155
33   10   5    170    211
34   15   7    74    304
35   17   2    21    280
36   28   7    111    158
37   13   3    40    488
38   30   4    183    392
39   13   2    139    133
40   8   7    1    324
41   37   5    10    191
42   7   7    185    269
43   15   4    195    406
44   24   4    76    281
45   9   7    126    179
46   10   4    192    119
47   9   7    27    265
48   9   7    118    485
49   35   7    136    330
50   47   5    96    301
51   3   4    11    70
52   2   6    39    144
53   37   5    10    177
54   42   4    124    420
55   49   5    157    146
56   37   6    19    101
57   55   5    142    88
58   33   7    139    461
59   20   4    91    188
60   11   2    15    199
61   30   3    26    246
