1   0   2    46    169
2   1   3    181    14
3   1   7    78    276
4   2   7    150    165
5   3   6    81    296
6   2   3    85    330
7   1   6    153    264
8   3   6    146    306
9   2   7    126    193
10   1   4    69    188
11   8   7    66    194
12   4   7    89    419
13   2   2    52    358
14   6   4    9    127
15   3   5    159    423
16   4   2    14    277
17   6   2    122    252
18   13   4    69    208
19   4   5    149    404
20   15   5    92    487
21   18   7    18    9
22   1   4    167    345
23   9   7    51    357
24   8   6    17    110
25   16   6    128    177
26   13   5    97    126
27   22   7    151    450
28   2   3    32    55
29   23   4    111    163
30   12   3    36    253
31   27   6    130    437
32   28   7    48    258
33   31   4    108    454
34   17   7    95    353
35   4   3    196    204
36   31   7    85    405
37   20   7    42    283
38   6   4    180    185
39   11   4    150    68
40   5   5    126    288
41   32   7    146    451
42   12   7    85    15
43   15   3    107    391
44   7   2    129    95
45   5   7    126    314
46   34   5    23    181
47   28   5    136    446
48   38   4    182    476
49   42   6    126    78
50   34   7    107    4
51   24   3    133    241
52   12   2    198    134
53   31   4    136    328
54   16   3    127    350
55   42   6    65    187
56   8   7    82    107
57   19   4    62    355
58   22   5    147    267
59   50   6    78    420
60   45   7    39    331
