1   0   3    7    333
2   1   5    91    46
3   1   4    176    444
4   2   6    119    404
5   2   5    171    379
6   4   3    98    186
7   4   4    74    103
8   6   5    84    257
9   3   3    33    199
10   5   5    151    30
11   3   2    36    374
12   9   6    33    102
13   3   3    26    2
14   1   2    115    167
15   4   5    123    466
16   11   2    93    132
17   5   5    34    410
18   5   4    131    492
19   16   2    49    230
20   16   3    169    146
21   15   3    133    354
22   12   3    89    204
23   17   7    15    74
24   20   4    16    235
25   17   6    160    185
26   1   4    145    58
27   10   5    163    434
28   25   6    51    273
29   14   5    26    172
30   6   2    62    146
31   12   5    164    273
32   16   3    194    423
33   19   5    64    15
34   6   6    20    342
35   31   6    142    15
36   4   3    118    349
37   19   4    100    474
38   31   4    112    445
39   13   5    138    98
40   3   5    157    113
41   29   5    157    224
42   14   5    97    237
43   24   7    15    421
44   11   7    107    388
45   41   6    53    405
46   3   7    150    125
47   27   3    172    196
48   41   7    169    113
49   7   5    101    1
50   12   7    139    302
51   17   5    150    328
52   39   2    68    425
53   29   6    128    22
54   2   2    30    269
55   13   6    14    314
56   8   3    152    420
57   34   5    163    8
58   44   3    111    294
59   36   4    101    450
60   1   7    113    359
61   13   7    50    364
62   54   3    93    184
63   36   2    129    388
64   58   6    126    243
65   30   3    72    238
