1   0   6    21    153
2   1   7    23    270
3   1   3    184    438
4   2   7    77    24
5   3   5    110    43
6   1   3    176    54
7   2   6    184    369
8   4   7    68    475
9   6   5    63    374
10   5   2    43    450
11   8   7    46    237
12   9   3    1    237
13   7   4    188    157
14   4   7    91    276
15   12   6    22    119
16   14   3    174    298
17   8   7    178    206
18   2   5    78    415
19   5   2    148    428
20   6   2    63    30
21   19   4    174    497
22   16   6    20    35
23   10   3    126    331
24   19   7    156    122
25   2   5    122    264
26   19   6    64    410
27   15   3    6    212
28   24   7    153    103
29   2   3    159    322
30   2   2    82    187
31   13   7    40    410
32   22   6    181    310
33   2   4    166    282
34   7   5    126    308
35   14   7    51    161
36   3   7    54    419
37   28   4    40    284
38   31   6    141    192
39   33   2    177    361
40   6   3    166    301
41   2   3    52    220
42   25   3    26    415
43   37   6    16    279
44   20   5    192    269
45   2   6    195    102
46   21   5    32    196
47   26   7    181    90
48   29   2    59    130
49   44   3    9    304
50   45   2    56    272
51   40   3    98    464
52   3   6    83    353
53   34   4    160    131
54   42   5    170    121
55   23   6    111    201
56   30   7    64    39
57   18   7    5    337
58   31   7    132    211
59   26   4    160    133
60   47   5    10    371
61   17   6    134    54
62   1   5    182    40
63   44   4    14    330
64   5   7    43    448
65   42   7    19    142
66   59   5    174    318
67   60   6    181    298
68   26   6    189    140
69   5   5    114    208
70   1   7    16    23
71   28   7    159    288
72   41   4    12    403
73   59   3    184    85
74   45   7    67    485
75   15   7    175    348
76   38   5    95    484
77   56   5    187    103
78   64   6    104    403
79   36   4    62    162
80   76   6    97    349
81   18   4    17    10
82   46   7    138    432
83   72   6    36    475
84   72   4    101    462
85   54   4    122    384
86   55   2    152    240
87   34   7    25    305
88   34   6    187    15
89   32   2    167    361
90   56   3    54    110
91   80   7    98    190
92   48   6    148    230
93   61   4    39    285
94   71   2    135    13
95   3   6    104    168
96   3   7    22    247
97   11   5    5    202
98   12   2    64    238
