1   0   5    17    26
2   1   5    53    463
3   1   5    98    405
4   1   4    136    351
5   2   6    168    324
6   4   6    154    281
7   4   3    126    444
8   1   5    53    334
9   4   4    182    249
10   8   4    134    421
11   6   4    26    293
12   3   3    56    108
13   8   4    18    163
14   7   7    118    220
15   11   7    107    435
16   9   5    29    53
17   12   5    162    172
18   10   5    112    357
19   6   3    198    452
20   7   7    101    286
21   1   3    190    391
22   10   7    101    460
23   5   4    95    222
24   10   4    150    384
25   6   6    45    367
26   18   5    25    343
27   15   3    57    420
28   11   6    125    175
29   5   7    47    276
30   19   5    163    50
31   7   6    102    329
32   25   6    153    359
33   25   6    62    313
34   4   4    119    372
35   5   2    104    265
36   29   2    175    93
37   1   3    11    143
38   15   2    135    189
39   16   7    152    304
40   16   2    140    178
41   38   7    13    139
42   21   5    120    217
43   16   3    19    65
44   39   6    61    397
45   8   5    179    443
46   1   4    14    416
47   20   4    101    197
48   37   3    57    380
49   14   5    44    387
50   41   2    187    270
51   8   7    112    299
52   14   7    28    100
53   3   7    82    145
54   2   3    154    103
55   8   2    78    425
56   48   3    140    157
57   5   4    176    490
58   42   7    100    127
59   56   3    12    237
60   53   4    68    492
61   57   5    105    266
62   30   4    8    374
63   54   7    50    308
64   31   5    56    99
65   27   5    42    277
