1   0   5    31    210
2   1   6    161    498
3   1   4    83    209
4   1   7    83    367
5   2   2    5    427
6   3   4    46    38
7   2   5    131    202
8   3   2    98    408
9   3   5    117    125
10   7   7    116    245
11   4   3    22    265
12   3   3    174    83
13   11   6    129    393
14   6   2    90    403
15   9   5    9    334
16   6   2    115    496
17   2   4    90    271
18   3   7    196    305
19   1   4    78    285
20   10   3    177    297
21   18   4    79    375
22   1   7    97    386
23   11   4    16    417
24   15   6    21    89
25   4   5    90    132
26   7   3    78    457
27   12   3    65    492
28   3   2    136    224
29   18   5    153    11
30   22   3    5    268
31   13   6    186    103
32   27   5    51    195
33   7   7    158    356
34   31   6    74    488
35   9   6    127    474
36   1   4    123    35
37   27   6    144    70
38   16   5    177    489
39   8   3    107    354
40   31   7    6    475
41   15   4    87    199
42   11   6    47    403
43   36   2    122    470
44   21   3    194    132
45   15   4    164    323
46   32   7    11    322
47   5   7    104    179
48   5   2    1    126
49   5   5    132    11
50   24   2    193    213
51   42   3    189    6
52   45   3    93    236
53   41   5    13    278
54   13   2    125    156
55   14   3    42    345
56   32   2    198    95
57   19   3    188    266
58   36   7    43    373
59   28   2    65    394
60   29   6    2    415
61   21   4    160    447
62   46   2    154    330
63   18   5    180    65
64   11   2    191    65
65   57   2    64    413
66   36   2    117    87
67   58   2    130    96
68   53   6    105    471
69   26   2    155    190
70   49   2    125    339
71   68   2    24    50
72   39   6    54    448
73   8   3    70    379
74   24   2    49    389
75   5   4    198    375
76   27   6    48    132
77   64   3    51    468
78   8   4    67    187
79   62   6    152    265
80   69   5    193    370
81   57   2    112    158
82   41   7    16    417
83   78   4    112    383
84   37   5    165    443
85   26   5    42    408
86   30   2    177    100
87   45   6    52    420
88   40   7    38    364
