1   0   7    74    296
2   1   6    165    283
3   1   2    68    214
4   1   5    160    5
5   2   3    4    253
6   2   3    147    380
7   3   3    59    379
8   5   6    117    256
9   6   4    182    376
10   2   7    145    369
11   7   3    28    70
12   7   5    176    284
13   9   5    49    431
14   3   6    151    347
15   3   3    49    239
16   3   7    95    68
17   6   7    45    453
18   15   3    138    269
19   3   4    32    111
20   18   3    149    311
21   18   2    9    172
22   11   3    90    148
23   13   7    77    416
24   2   3    144    162
25   22   6    9    426
26   16   5    19    139
27   22   6    186    344
28   10   2    64    432
29   23   2    176    415
30   18   2    191    489
31   6   5    23    256
32   30   6    65    233
33   13   6    1    289
34   4   7    14    360
35   17   4    183    166
36   29   3    10    4
37   4   4    56    481
38   13   2    61    187
39   23   5    116    481
40   17   7    57    247
41   32   4    15    355
42   37   2    168    225
43   30   3    109    290
44   15   7    92    309
45   7   6    178    64
46   32   2    93    120
47   17   4    124    68
48   22   6    75    163
49   19   3    36    358
50   20   2    95    116
51   8   3    191    482
52   27   4    135    479
53   3   5    18    377
54   6   6    18    142
55   31   3    189    479
56   42   4    120    151
57   17   2    109    405
58   47   4    123    318
59   19   3    131    78
60   36   4    170    256
61   9   7    158    232
62   11   5    171    41
63   37   2    163    466
64   29   3    11    421
65   24   2    134    154
66   3   2    174    224
67   36   6    100    66
68   26   4    101    254
69   4   2    48    235
70   12   6    11    361
71   30   6    27    212
72   1   6    176    164
73   24   2    130    173
74   68   6    50    245
75   70   4    165    90
76   41   3    98    399
77   60   6    26    443
78   73   7    172    17
79   7   2    96    271
80   52   7    174    31
81   5   6    64    344
82   59   7    101    489
83   78   2    166    240
84   62   6    107    59
85   80   2    57    49
86   54   5    89    221
87   34   6    79    177
88   80   3    199    467
89   79   2    24    107
90   51   4    152    472
91   15   3    68    219
