1   0   2    90    463
2   1   2    187    11
3   1   3    40    47
4   1   4    86    224
5   3   2    134    392
6   2   5    134    166
7   2   5    98    144
8   3   6    190    456
9   5   4    104    479
10   7   5    114    189
11   6   6    121    322
12   5   4    199    355
13   3   6    199    114
14   1   6    151    180
15   3   7    48    158
16   11   3    193    139
17   7   7    149    253
18   13   6    68    335
19   6   4    159    421
20   18   7    190    389
21   19   4    74    280
22   2   7    132    393
23   4   3    44    48
24   14   2    107    316
25   20   7    59    102
26   4   3    119    144
27   16   5    97    286
28   19   2    64    148
29   7   4    132    408
30   20   4    178    493
31   13   6    185    379
32   11   6    74    255
33   11   3    104    441
34   24   7    168    459
35   15   4    75    238
36   27   2    124    464
37   31   4    68    54
38   15   6    181    143
39   21   6    39    373
40   37   7    111    10
41   35   4    43    198
42   7   3    22    494
43   14   2    111    63
44   14   5    143    138
45   36   7    33    349
46   11   6    14    374
47   7   3    66    471
48   15   2    63    154
49   7   2    104    188
50   18   5    4    316
51   43   5    107    450
52   3   6    5    127
53   51   3    45    98
54   2   6    79    396
55   43   6    156    154
56   27   5    98    448
57   12   4    2    133
58   2   4    73    19
59   28   3    21    206
60   54   3    57    476
61   2   2    174    186
62   48   4    5    144
63   12   3    157    299
64   15   3    93    463
65   23   2    138    95
66   5   3    103    430
67   41   7    34    319
68   23   2    7    141
69   58   4    135    382
70   7   2    57    66
71   50   6    189    96
72   8   3    176    77
73   39   7    57    195
74   41   5    85    64
75   16   6    54    280
76   1   5    184    113
77   15   7    187    73
78   60   2    120    452
79   28   3    30    433
80   15   5    22    54
81   9   5    79    233
82   33   7    149    383
83   35   7    74    82
84   43   4    105    71
85   9   7    167    368
86   28   4    7    492
