1   0   7    28    221
2   1   7    47    261
3   1   3    127    86
4   1   5    62    368
5   1   5    102    80
6   4   7    197    145
7   5   4    23    216
8   4   5    190    282
9   4   7    194    454
10   5   5    95    42
11   9   5    77    372
12   1   4    2    435
13   9   7    143    384
14   9   2    10    437
15   7   7    50    328
16   4   2    128    154
17   3   5    138    189
18   9   6    17    234
19   3   3    82    128
20   10   4    76    239
21   13   2    144    365
22   18   4    53    175
23   3   3    175    428
24   2   2    137    308
25   22   7    34    49
26   23   4    192    68
27   8   2    72    315
28   19   4    145    309
29   19   2    36    142
30   3   7    108    443
31   5   6    54    411
32   30   7    180    73
33   4   6    168    154
34   17   2    149    464
35   14   3    38    415
36   5   7    55    338
37   9   2    74    331
38   22   3    152    29
39   27   4    160    209
40   26   7    30    464
41   4   3    71    200
42   30   6    35    208
43   39   7    151    205
44   21   4    180    334
45   22   6    28    340
