1   0   3    35    468
2   1   6    103    282
3   1   6    167    466
4   2   6    169    376
5   2   7    165    201
6   4   4    191    83
7   2   5    11    167
8   2   3    193    335
9   7   6    82    141
10   7   7    80    406
11   5   3    195    208
12   10   3    73    181
13   10   4    20    486
14   5   5    54    282
15   9   3    118    11
16   3   3    94    266
17   7   3    55    63
18   5   5    161    489
19   16   7    4    495
20   12   4    168    386
21   18   2    158    72
22   14   7    112    53
23   2   4    31    365
24   10   6    168    434
25   2   2    177    75
26   2   6    50    31
27   5   5    143    449
28   24   6    53    184
29   12   7    193    400
30   15   3    132    309
31   1   4    150    142
32   5   2    103    485
33   1   2    144    154
34   13   7    47    8
35   2   6    145    311
36   2   6    100    221
37   35   7    135    202
38   14   5    190    486
39   15   4    114    229
40   24   7    46    220
41   28   3    87    34
42   4   7    46    447
43   15   5    88    230
44   30   4    61    66
45   23   6    66    27
46   8   2    118    229
