1   0   6    5    87
2   1   4    150    246
3   1   2    61    159
4   2   4    24    41
5   2   4    62    32
6   1   7    14    237
7   3   6    125    404
8   4   7    139    60
9   7   7    144    381
10   4   4    137    293
11   9   5    35    34
12   8   6    178    341
13   5   7    6    393
14   9   6    65    307
15   13   7    127    54
16   7   6    7    26
17   5   7    88    381
18   3   5    67    311
19   5   3    199    14
20   18   3    101    38
21   6   5    100    329
22   20   4    19    18
23   15   6    87    263
24   13   5    51    272
25   4   7    153    64
26   13   5    128    111
27   7   5    68    64
28   19   5    168    239
29   17   5    10    34
30   12   3    163    231
31   22   3    15    234
32   6   5    128    384
