1   0   2    25    266
2   1   2    152    343
3   1   3    70    184
4   2   7    34    394
5   3   5    93    367
6   1   5    36    75
7   1   7    137    286
8   2   6    73    319
9   1   5    197    23
10   1   6    32    324
11   8   7    64    341
12   4   3    38    289
13   5   4    107    376
14   7   7    5    149
15   2   6    18    142
16   7   4    101    479
17   1   4    191    301
18   6   3    42    63
19   11   2    133    391
20   12   2    41    249
21   5   3    98    400
22   1   6    141    93
23   6   5    136    438
24   10   6    36    8
25   10   5    141    293
26   9   4    9    169
27   4   7    69    158
28   10   2    148    10
29   2   7    137    178
30   10   3    68    375
31   18   5    76    481
32   20   3    158    34
33   27   6    151    214
34   24   7    66    15
35   23   7    143    393
36   14   3    156    367
37   14   6    64    324
38   4   2    66    44
39   32   5    3    71
40   33   5    145    171
41   16   7    59    483
42   33   7    18    164
43   1   5    31    58
44   5   3    171    466
45   33   6    66    150
46   40   2    145    212
47   3   6    47    298
48   24   7    174    484
49   35   4    192    373
50   8   7    135    52
51   47   6    107    268
52   47   4    179    264
53   10   3    122    118
54   47   7    149    122
55   10   7    187    498
56   11   7    151    260
57   38   7    121    361
58   9   2    2    213
59   20   3    68    311
60   58   5    44    56
61   38   2    147    82
62   30   3    85    141
63   19   7    8    279
64   40   6    57    250
65   11   5    15    151
66   34   7    124    101
67   9   4    68    44
68   41   6    155    351
69   3   7    13    70
70   54   5    191    276
71   34   2    5    209
72   8   2    67    205
73   17   3    129    104
74   1   4    144    305
75   16   2    51    342
76   9   4    51    23
77   22   3    142    157
78   25   2    163    458
79   46   4    144    339
80   40   2    56    344
81   36   6    155    455
82   35   7    151    401
83   7   4    4    260
84   38   7    67    438
85   49   4    143    41
