1   0   7    2    42
2   1   2    156    268
3   1   5    144    490
4   2   2    27    402
5   1   5    160    347
6   2   5    123    380
7   1   2    50    360
8   3   5    144    331
9   1   7    14    389
10   7   7    126    108
11   2   5    39    23
12   10   3    182    22
13   9   3    164    161
14   11   7    150    425
15   5   3    79    88
16   9   6    198    386
17   5   4    92    205
18   16   7    13    47
19   10   7    179    366
20   16   3    187    407
21   3   7    148    313
22   2   5    82    22
23   7   3    169    380
24   17   6    90    492
25   13   4    111    182
26   12   6    173    288
27   14   4    42    472
28   3   5    3    209
29   23   4    133    479
30   2   4    137    482
31   16   7    72    8
32   28   6    90    108
33   5   5    98    30
34   6   6    172    124
35   23   3    89    325
36   34   6    168    84
37   31   7    128    478
38   31   3    24    94
39   20   3    15    138
40   33   4    114    284
