1   0   4    10    21
2   1   5    63    134
3   1   6    145    488
4   2   4    51    43
5   3   6    14    443
6   2   6    126    199
7   2   3    68    399
8   5   4    32    187
9   2   5    101    192
10   2   5    105    380
11   6   2    67    485
12   7   4    10    358
13   4   3    18    442
14   6   3    103    349
15   6   7    150    244
16   7   6    69    428
17   14   3    130    482
18   3   5    95    203
19   16   6    131    326
20   5   2    94    348
21   5   2    2    158
22   5   7    197    178
23   14   7    26    325
24   17   2    193    290
25   1   4    47    327
26   19   2    166    65
27   3   5    102    254
28   22   2    86    52
29   27   7    4    58
30   4   6    13    66
31   4   6    197    42
32   28   3    76    233
33   26   2    124    275
34   7   6    24    324
35   19   2    117    351
36   30   4    41    250
37   3   2    181    338
38   5   2    159    185
39   25   7    106    93
40   6   7    69    450
