1   0   3    20    21
2   1   5    117    214
3   1   5    55    457
4   2   2    68    222
5   2   7    97    218
6   4   4    113    242
7   3   4    106    324
8   2   3    85    115
9   6   4    163    140
10   8   6    162    410
11   6   6    59    152
12   6   5    103    151
13   6   3    74    459
14   9   2    121    173
15   12   5    82    45
16   13   5    144    17
17   14   5    103    369
18   3   7    69    51
19   3   5    90    150
20   17   4    172    203
21   12   7    13    316
22   19   4    11    441
23   4   5    7    117
24   14   3    8    170
25   19   7    21    208
26   16   3    108    230
27   8   6    119    408
28   20   4    119    330
29   1   6    195    6
30   16   3    74    122
31   5   5    28    452
32   11   3    99    70
33   15   6    99    399
34   12   3    188    109
35   19   2    153    195
36   8   5    168    145
37   6   5    127    136
38   15   7    175    65
39   19   5    50    436
40   36   2    78    392
