1   0   5    7    25
2   1   4    144    246
3   1   5    39    326
4   2   7    128    214
5   2   5    29    146
6   4   7    82    288
7   4   2    162    145
8   6   4    136    42
9   4   4    13    49
10   6   4    66    235
11   2   4    6    311
12   8   4    17    105
13   8   7    59    294
14   6   4    166    457
15   6   3    140    124
16   3   3    171    352
17   14   6    108    138
18   2   3    13    197
19   6   5    146    206
20   16   2    149    194
21   7   4    51    445
22   13   6    65    12
23   13   6    195    76
24   16   4    119    309
25   2   4    109    354
26   19   2    20    237
27   11   5    92    127
28   15   3    172    310
29   25   2    145    125
30   2   6    115    457
31   25   3    186    430
32   20   5    114    312
33   6   4    198    421
34   27   5    162    88
35   18   5    116    253
36   6   5    83    332
37   10   3    46    163
38   16   2    18    136
39   20   5    32    378
40   3   5    54    234
