1   0   7    21    45
2   1   7    75    418
3   1   5    43    257
4   1   2    192    369
5   2   3    174    210
6   4   2    131    250
7   1   5    24    348
8   5   5    161    323
9   6   3    29    440
10   6   6    113    315
11   5   3    178    253
12   10   7    194    360
13   4   6    7    426
14   2   5    113    223
15   12   7    153    154
16   2   5    169    63
17   7   4    68    72
18   12   4    135    460
19   1   3    9    423
20   1   3    13    383
21   7   7    131    395
22   13   5    29    328
23   20   6    178    315
24   5   7    196    499
25   7   5    106    80
26   21   4    69    118
27   10   2    139    92
28   21   6    78    132
29   6   4    15    138
30   12   6    146    380
31   16   7    10    49
32   19   2    109    119
33   28   2    13    22
34   20   5    3    432
35   13   2    109    300
36   9   7    191    13
37   22   3    5    269
38   10   2    32    432
39   9   2    50    354
40   14   2    91    419
