1   0   6    19    17
2   1   5    135    74
3   1   2    172    426
4   2   6    30    88
5   2   6    22    174
6   2   4    38    392
7   2   7    155    495
8   6   7    131    402
9   3   7    110    486
10   7   4    81    28
11   2   6    81    466
12   5   3    13    370
13   9   6    14    201
14   5   6    28    420
15   11   3    195    106
16   9   6    153    179
17   2   2    72    494
18   2   6    26    288
19   9   5    53    340
20   7   5    115    470
21   15   7    119    230
22   2   3    28    449
23   8   4    167    246
24   6   6    46    374
25   22   4    9    343
26   8   5    1    308
27   2   3    196    83
28   25   5    47    6
29   4   6    125    176
30   8   5    83    16
31   7   4    19    221
32   20   6    63    285
33   11   4    103    197
34   22   2    141    439
35   14   7    62    167
36   26   3    152    68
37   8   4    188    341
38   21   7    65    462
39   11   6    9    232
40   36   2    79    407
