1   0   3    27    3
2   1   7    192    56
3   1   7    114    184
4   2   7    113    313
5   2   7    136    300
6   1   7    66    51
7   5   4    61    381
8   4   6    30    163
9   3   4    112    55
10   2   2    33    462
11   5   2    177    70
12   4   2    71    419
13   10   6    27    9
14   2   2    89    76
15   13   7    116    493
16   1   5    149    229
17   6   4    124    434
18   10   2    67    120
19   16   6    169    53
20   14   2    26    80
21   17   2    89    337
22   3   6    33    138
23   12   7    117    40
24   18   2    84    51
25   2   2    146    95
26   14   6    46    152
27   1   4    153    435
28   1   6    10    182
29   14   3    151    253
30   20   2    68    372
31   25   2    2    140
32   5   4    22    54
33   10   6    192    7
34   22   2    101    34
35   31   3    174    350
36   4   4    1    123
37   4   6    120    166
38   28   4    66    447
39   5   3    153    39
40   8   6    146    193
