1   0   4    4    39
2   1   5    84    305
3   1   6    146    394
4   2   2    72    122
5   1   7    1    137
6   3   6    142    18
7   1   4    28    356
8   4   3    65    266
9   5   7    174    148
10   1   4    10    454
11   4   7    4    90
12   3   4    12    166
13   5   4    159    162
14   2   7    83    54
15   5   3    161    108
16   14   6    4    433
17   6   2    88    53
18   14   4    123    421
19   16   3    59    499
20   10   3    92    352
21   13   5    5    453
22   14   6    143    497
23   16   4    35    468
24   9   2    161    185
25   3   5    95    209
26   6   4    166    175
27   12   5    139    338
28   8   5    88    445
29   10   7    82    406
30   12   4    27    8
31   23   5    13    421
32   2   5    67    34
33   9   3    160    210
34   8   2    160    124
35   25   2    81    371
36   31   6    15    369
37   7   7    125    29
38   36   4    113    434
39   9   4    171    228
40   5   6    196    81
