1   0   3    7    34
2   1   6    69    91
3   1   7    74    403
4   2   2    76    448
5   3   3    49    430
6   3   2    110    368
7   3   2    176    45
8   2   2    77    136
9   2   7    85    401
10   5   7    105    291
11   6   6    22    454
12   6   7    5    324
13   11   4    73    307
14   7   3    115    478
15   8   6    115    69
16   9   6    155    169
17   12   7    102    252
18   10   6    171    68
19   8   5    148    326
20   17   2    156    243
21   14   2    16    242
22   10   7    196    47
23   2   5    195    467
24   10   7    107    115
25   20   2    90    296
26   6   5    60    114
27   13   3    102    13
28   3   3    194    150
29   17   5    140    250
30   14   4    50    443
31   7   3    73    156
32   14   6    38    7
33   8   3    54    182
34   8   4    66    245
35   26   6    177    304
36   17   6    189    428
37   14   4    52    290
38   7   4    144    249
39   27   3    105    445
40   2   5    35    213
