1   0   2    11    30
2   1   6    199    106
3   1   5    153    234
4   2   5    102    95
5   2   2    24    341
6   3   6    1    390
7   4   3    70    345
8   5   5    172    1
9   2   4    168    86
10   5   6    147    172
11   7   6    112    59
12   3   2    111    292
13   10   3    159    345
14   1   6    103    93
15   12   7    72    261
16   9   6    184    136
17   10   4    86    315
18   15   5    185    249
19   2   5    126    252
20   12   4    21    289
21   11   4    190    123
22   1   3    46    245
23   12   6    44    99
24   11   6    79    449
25   21   4    127    203
26   23   5    112    407
27   8   7    152    89
28   11   6    58    291
29   2   4    66    137
30   25   6    84    35
31   14   3    104    151
32   2   3    94    321
33   7   4    99    461
34   14   4    115    420
35   23   3    144    2
36   32   6    9    439
37   15   2    75    384
38   27   6    191    448
39   22   5    65    271
40   36   3    171    458
