1   0   3    2    11
2   1   6    152    464
3   1   5    42    402
4   2   6    107    449
5   1   6    24    42
6   1   4    169    484
7   5   6    93    446
8   5   2    75    149
9   1   3    85    38
10   3   7    87    263
11   5   7    102    77
12   6   6    115    441
13   2   3    99    243
14   4   7    177    7
15   13   2    5    370
16   8   3    92    48
17   9   5    50    41
18   7   2    15    113
19   17   7    117    244
20   5   7    153    346
21   2   7    102    404
22   20   3    51    404
23   6   3    30    424
24   2   2    192    212
25   18   4    20    70
26   24   5    194    403
27   6   3    51    442
28   22   7    174    326
29   4   2    36    314
30   18   2    51    478
31   3   6    190    121
32   11   6    5    81
33   1   6    93    70
34   16   2    110    439
35   31   6    4    115
36   11   7    24    227
37   4   3    10    235
38   9   4    103    480
39   25   2    43    257
40   36   2    145    138
