1   0   3    5    10
2   1   2    190    382
3   1   3    18    296
4   1   3    3    364
5   1   2    110    344
6   3   2    136    237
7   4   4    5    224
8   5   3    9    273
9   5   2    106    368
10   7   4    120    200
11   7   4    12    274
12   2   7    35    17
13   9   6    113    207
14   8   5    54    373
15   3   4    177    63
16   3   7    143    384
17   7   3    121    458
18   15   2    152    28
19   11   3    171    34
20   8   2    29    280
21   5   6    180    450
22   9   6    144    54
23   3   5    167    332
24   14   4    67    484
25   12   3    33    238
26   6   5    70    446
27   14   3    89    264
28   24   2    5    490
29   2   4    36    149
30   18   6    113    1
31   7   4    138    218
32   27   5    41    419
33   28   3    159    318
34   9   2    40    499
35   27   6    98    212
36   27   2    194    45
37   8   2    121    293
38   28   4    57    201
39   16   2    112    143
40   33   2    158    298
