1   0   5    28    48
2   1   6    53    12
3   1   2    148    203
4   2   6    111    21
5   1   5    37    377
6   4   7    126    440
7   2   2    127    294
8   3   2    80    38
9   2   6    3    134
10   2   2    183    78
11   5   4    119    362
12   1   3    173    283
13   8   2    89    155
14   2   6    143    291
15   11   4    126    220
16   10   4    187    468
17   8   2    113    115
18   4   2    92    365
19   6   7    163    131
20   1   3    165    305
21   1   4    145    489
22   12   5    70    344
23   14   6    113    10
24   8   2    192    445
25   14   2    135    474
26   23   5    11    366
27   17   2    30    48
28   16   6    113    451
29   14   7    190    478
30   11   3    143    50
31   13   3    29    369
32   17   6    195    334
33   24   3    149    383
34   11   3    20    293
35   28   3    111    51
36   16   5    111    135
37   17   5    199    147
38   1   4    189    137
39   34   6    67    192
40   12   5    16    403
