1   0   7    27    8
2   1   5    170    385
3   1   3    8    267
4   2   6    160    231
5   2   7    165    411
6   3   7    35    50
7   4   5    63    298
8   4   4    44    143
9   7   5    26    409
10   8   7    146    18
11   6   5    72    353
12   3   5    95    434
13   8   3    159    373
14   10   7    147    338
15   7   3    111    464
16   10   7    154    56
17   14   5    152    159
18   9   3    171    490
19   6   5    87    292
20   5   5    31    286
21   13   5    178    316
22   9   7    4    45
23   21   5    104    65
24   11   7    23    220
25   23   2    150    187
26   13   6    141    337
27   16   7    86    60
28   24   7    130    225
29   26   5    112    234
30   22   3    178    257
31   19   7    39    483
32   28   3    45    319
33   24   5    19    35
34   30   6    198    277
35   14   3    185    153
36   17   5    38    196
37   23   6    66    498
38   17   5    52    112
39   16   6    149    116
40   32   3    190    290
41   26   3    20    143
42   20   7    91    335
43   30   2    104    167
44   32   5    23    149
45   34   4    177    163
46   11   4    97    443
47   41   6    115    312
48   42   3    48    389
49   34   4    55    31
50   12   6    118    117
51   15   7    145    132
52   22   4    32    43
53   29   3    87    439
54   52   5    172    433
55   19   3    114    95
56   49   6    76    28
57   20   3    174    64
58   55   4    60    369
59   53   7    119    4
60   28   5    60    417
61   18   5    115    253
62   40   7    151    177
63   15   2    93    47
64   50   2    6    236
65   52   7    15    304
66   45   6    180    374
67   62   4    4    362
68   45   4    5    383
69   41   4    106    29
70   39   4    128    79
71   40   4    116    314
72   63   6    111    226
73   49   6    197    307
74   64   2    189    118
75   58   5    59    132
76   55   6    142    218
77   35   5    175    179
78   60   2    60    101
79   66   6    172    198
80   18   5    135    491
81   27   6    92    324
82   75   6    193    287
83   59   4    199    195
84   79   7    187    237
85   25   2    172    305
86   37   7    148    111
87   48   3    147    327
88   76   7    137    188
89   25   6    99    153
90   86   4    38    436
91   84   4    166    499
92   78   2    151    452
93   58   5    89    486
94   62   5    185    120
95   48   3    152    170
96   71   7    109    469
97   70   3    155    404
98   74   5    29    194
99   87   2    119    152
100   90   2    172    225
101   33   4    188    107
102   12   7    182    223
103   56   5    102    458
104   82   4    137    477
105   29   7    20    183
106   47   4    107    462
107   74   5    170    325
108   100   7    117    97
109   42   4    106    153
110   37   2    13    295
111   38   5    142    44
112   51   6    63    397
113   47   4    23    202
114   109   6    138    114
115   111   5    194    434
116   82   3    118    76
117   50   6    194    17
118   105   3    133    379
119   116   5    174    151
120   93   2    9    25
