1   0   2    9    18
2   1   3    45    191
3   1   4    87    18
4   2   4    186    325
5   2   7    143    318
6   4   6    191    111
7   5   4    128    339
8   6   2    195    102
9   7   6    72    204
10   5   2    7    277
11   3   5    21    383
12   7   5    186    441
13   10   7    128    456
14   9   5    85    430
15   12   3    73    141
16   12   3    160    46
17   14   5    144    144
18   14   7    123    56
19   9   6    116    453
20   3   7    24    450
21   15   7    112    443
22   17   3    108    421
23   18   5    188    100
24   19   4    86    172
25   23   5    136    299
26   4   7    74    74
27   24   7    132    267
28   25   7    168    138
29   16   2    155    301
30   27   7    175    436
31   24   6    22    18
32   18   5    27    127
33   10   3    90    444
34   6   4    183    119
35   20   6    47    336
36   15   7    189    200
37   13   6    172    270
38   30   2    158    35
39   20   3    151    406
40   31   5    141    293
41   38   5    41    299
42   40   6    195    241
43   30   3    75    215
44   13   6    38    348
45   22   4    164    483
46   26   4    85    425
47   45   3    196    442
48   28   2    24    444
49   47   3    184    382
50   48   5    52    163
51   28   4    49    27
52   38   2    128    176
53   26   2    190    158
54   32   3    97    309
55   40   4    86    476
56   31   4    177    353
57   33   5    39    135
58   11   6    151    291
59   50   3    130    387
60   19   3    152    73
61   58   2    114    233
62   46   4    21    420
63   16   4    100    269
64   43   5    110    238
65   27   5    46    418
66   32   6    93    292
67   44   6    102    114
68   44   7    128    136
69   61   6    183    153
70   23   7    15    109
71   22   4    162    109
72   48   3    173    51
73   42   7    149    253
74   64   6    167    429
75   25   7    64    399
76   68   3    111    69
77   62   2    168    10
78   41   7    194    211
79   59   5    181    341
80   42   5    60    324
81   55   3    148    383
82   53   5    60    55
83   64   2    67    220
84   79   4    189    112
85   73   2    29    470
86   33   4    177    224
87   11   6    175    391
88   50   4    157    253
89   8   2    146    227
90   79   7    99    41
91   34   2    16    142
92   68   4    93    298
93   77   4    89    18
94   58   5    52    406
95   55   7    157    93
96   51   2    110    265
97   94   6    89    68
98   60   6    6    98
99   59   3    130    234
100   66   2    161    230
101   75   6    42    310
102   96   3    144    287
103   61   6    117    336
104   77   5    64    62
105   98   5    118    85
106   76   7    169    383
107   103   5    71    167
108   84   6    75    353
109   21   3    51    496
110   93   5    67    177
111   53   3    53    251
112   83   6    17    474
113   66   4    178    337
114   105   6    137    36
115   8   4    118    211
116   94   4    3    396
117   87   5    134    475
118   75   7    52    298
119   80   5    21    268
120   46   7    89    126
