1   0   6    11    40
2   1   7    101    217
3   1   3    30    198
4   2   2    140    338
5   2   4    36    433
6   3   3    161    56
7   3   2    122    388
8   2   6    7    232
9   6   2    182    451
10   4   6    69    102
11   3   7    183    53
12   1   4    12    217
13   4   2    39    142
14   8   2    114    366
15   7   6    137    366
16   5   4    29    5
17   15   7    141    462
18   9   7    35    28
19   9   7    13    43
20   14   2    37    337
21   10   6    196    194
22   15   6    165    219
23   10   5    99    368
24   20   6    2    37
25   16   3    16    254
26   19   5    149    425
27   6   6    1    142
28   3   3    154    273
29   4   4    178    84
30   9   6    81    42
31   8   6    21    400
32   9   5    105    220
33   7   4    14    365
34   19   3    131    199
35   6   4    65    131
36   4   3    103    432
37   14   4    124    474
38   7   5    61    284
39   27   5    131    40
40   34   4    117    66
41   38   4    32    381
42   29   7    180    295
43   40   5    29    433
44   15   6    102    366
45   42   2    4    170
46   18   6    175    90
47   1   7    121    262
48   17   5    96    492
49   7   2    41    277
50   22   2    110    327
51   49   6    95    445
52   17   3    142    235
53   42   3    133    54
54   16   7    12    220
55   20   2    84    90
56   50   7    35    23
57   17   7    197    165
58   41   4    65    115
59   35   5    17    66
60   19   2    47    10
61   13   7    158    497
62   54   6    165    149
63   59   7    63    458
64   30   2    62    409
65   10   7    20    367
66   53   4    48    353
67   65   6    86    490
68   47   5    79    255
69   65   6    130    102
70   45   4    130    134
71   37   2    131    248
72   26   7    127    41
73   15   2    8    315
74   18   6    36    460
75   30   5    79    41
76   48   5    118    420
77   8   2    21    205
78   49   5    111    355
79   25   2    119    312
80   57   2    11    321
81   65   6    8    95
82   41   2    198    270
83   6   6    179    491
84   75   7    71    234
85   33   4    170    492
86   54   5    30    159
87   29   3    38    244
88   23   7    119    140
89   20   4    75    311
90   38   4    68    113
91   79   5    164    10
92   2   6    83    410
93   60   2    31    119
94   69   5    63    15
95   85   4    130    258
96   69   2    37    423
97   80   5    92    11
98   87   7    191    300
99   65   3    128    498
100   62   7    52    308
101   62   2    176    194
102   28   5    123    36
103   98   7    12    423
104   60   4    71    399
105   61   6    151    302
106   94   2    158    71
107   40   6    18    66
108   57   6    29    132
109   27   6    106    354
110   54   5    116    294
111   69   6    77    19
112   104   3    130    277
113   88   3    26    182
114   80   5    191    320
115   52   4    115    465
116   85   4    189    103
117   50   5    29    129
118   63   4    32    159
119   68   2    180    10
120   113   5    88    73
