1   0   5    6    28
2   1   6    42    37
3   1   7    79    416
4   2   4    163    78
5   2   7    174    292
6   1   2    133    1
7   2   3    38    423
8   4   6    151    1
9   3   6    2    285
10   5   3    36    252
11   5   5    91    412
12   3   3    82    71
13   8   3    65    56
14   4   3    23    124
15   6   3    33    381
16   3   5    17    449
17   8   2    27    130
18   5   4    63    254
19   12   5    37    408
20   9   7    25    45
21   17   4    116    305
22   12   2    13    362
23   17   5    119    139
24   22   7    69    70
25   11   6    142    204
26   18   3    75    433
27   4   5    149    296
28   17   5    176    420
29   7   5    129    395
30   14   7    167    10
31   24   2    15    217
32   13   3    183    142
33   25   5    90    438
34   16   4    98    273
35   29   6    139    23
36   15   2    109    334
37   15   2    174    74
38   23   4    16    69
39   34   4    197    323
40   8   7    104    374
41   11   6    8    88
42   19   7    82    154
43   9   4    91    305
44   13   4    108    345
45   19   7    35    44
46   30   4    190    222
47   12   5    52    497
48   26   7    43    4
49   46   7    71    131
50   25   7    67    347
51   46   3    19    72
52   6   3    149    21
53   40   4    153    76
54   51   6    167    15
55   26   7    149    124
56   51   4    67    482
57   47   5    17    168
58   20   7    136    456
59   37   3    47    322
60   14   2    166    139
61   32   2    159    336
62   6   7    64    36
63   38   6    54    429
64   60   3    145    250
65   59   2    39    76
66   58   3    120    334
67   38   3    130    473
68   10   6    139    366
69   9   6    30    258
70   13   7    127    30
71   65   5    38    452
72   19   2    188    255
73   23   3    54    480
74   64   6    80    227
75   10   4    161    268
76   50   7    97    477
77   46   2    42    169
78   63   5    196    242
79   50   3    165    471
80   47   3    198    394
81   51   7    2    486
82   57   3    45    487
83   23   2    114    399
84   28   2    70    198
85   64   2    156    261
86   39   5    53    213
87   65   6    52    401
88   35   6    57    155
89   64   6    67    123
90   42   3    25    489
91   54   4    73    40
92   65   4    141    303
93   81   4    46    140
94   60   4    73    289
95   26   4    116    463
96   30   7    90    205
97   85   5    37    8
98   35   5    79    461
99   22   2    124    269
100   78   6    79    13
101   59   4    147    203
102   22   6    125    487
103   99   2    70    254
104   76   3    87    418
105   29   5    59    97
106   25   2    138    309
107   38   2    29    474
108   79   2    113    29
109   107   6    51    260
110   87   3    39    301
111   80   7    31    167
112   82   4    108    96
113   108   6    136    101
114   59   6    144    77
115   73   2    1    108
116   96   3    188    268
117   30   2    196    98
118   106   2    44    434
119   54   3    81    73
120   72   2    72    66
