1   0   5    10    8
2   1   2    21    72
3   1   3    27    395
4   1   2    165    291
5   3   2    158    320
6   3   5    86    134
7   2   4    17    12
8   5   7    64    436
9   4   6    31    351
10   5   5    150    493
11   3   3    63    431
12   4   2    40    348
13   9   7    94    8
14   2   4    184    134
15   10   7    99    69
16   14   4    91    445
17   14   4    97    306
18   2   2    19    166
19   13   2    18    485
20   15   3    126    19
21   14   2    57    406
22   10   2    196    377
23   16   6    154    218
24   5   4    110    98
25   21   5    12    229
26   18   6    181    149
27   23   5    164    466
28   7   4    104    78
29   18   7    166    392
30   10   3    134    104
31   22   7    180    143
32   15   4    169    64
33   20   5    20    218
34   7   6    40    486
35   32   5    104    424
36   4   3    128    185
37   29   7    41    161
38   20   3    151    310
39   33   4    56    467
40   16   6    114    64
41   33   6    61    448
42   32   2    70    228
43   18   7    180    288
44   12   3    180    143
45   9   4    88    321
46   26   2    1    382
47   37   3    63    358
48   37   6    121    291
49   45   5    35    48
50   22   5    165    482
51   12   3    32    414
52   38   5    154    21
53   8   4    150    126
54   30   4    98    468
55   36   7    21    427
56   27   6    16    26
57   12   5    86    366
58   35   7    180    25
59   47   4    39    131
60   19   2    39    35
61   57   2    9    493
62   51   2    135    488
63   39   3    180    186
64   48   3    19    171
65   24   6    85    464
66   31   4    36    57
67   38   3    57    211
68   24   6    134    338
69   48   4    28    58
70   54   6    166    223
71   53   6    132    278
72   9   5    21    61
73   21   3    15    330
74   50   6    141    337
75   39   7    128    206
76   35   4    49    5
77   43   7    60    107
78   31   4    10    156
79   48   6    145    147
80   43   4    55    72
81   19   3    153    49
82   51   4    26    337
83   7   7    17    384
84   36   6    40    295
85   37   2    127    157
86   11   4    103    358
87   61   4    174    297
88   17   4    62    331
89   68   7    168    213
90   66   6    75    320
91   34   5    58    437
92   60   4    1    333
93   71   2    68    123
94   13   6    183    295
95   68   3    163    497
96   56   3    88    408
97   86   4    126    12
98   62   3    127    19
99   21   4    166    311
100   33   6    87    369
101   54   7    122    240
102   22   2    163    436
103   88   3    168    208
104   80   2    61    284
105   68   3    52    146
106   60   7    122    381
107   77   5    70    333
108   49   7    77    377
109   39   6    145    100
110   36   3    96    255
111   35   5    97    249
112   50   5    138    414
113   91   6    6    258
114   103   5    24    194
115   69   2    31    185
116   78   4    179    285
117   89   5    99    214
118   110   4    159    382
119   100   4    93    303
120   43   2    77    254
