1   0   2    19    4
2   1   3    155    299
3   1   5    99    359
4   2   7    87    368
5   3   4    120    181
6   2   4    41    326
7   3   5    160    41
8   6   6    102    399
9   4   7    112    278
10   4   4    69    21
11   5   7    81    88
12   6   5    110    170
13   8   7    61    33
14   11   5    80    458
15   7   2    81    68
16   13   4    170    401
17   11   3    79    167
18   12   6    146    319
19   8   3    87    5
20   12   3    52    27
21   7   5    169    391
22   14   6    68    28
23   20   7    19    219
24   9   7    63    14
25   13   3    177    90
26   20   5    51    369
27   22   7    13    85
28   25   5    172    271
29   16   6    114    342
30   18   3    188    483
31   5   3    108    195
32   16   5    40    7
33   21   6    81    250
34   24   2    55    391
35   22   2    21    248
36   29   4    45    25
37   32   5    197    368
38   24   2    49    40
39   23   7    11    273
40   19   5    161    428
41   10   6    42    366
42   25   6    162    290
43   29   7    36    304
44   19   7    78    143
45   43   5    117    290
46   38   3    115    68
47   39   3    83    122
48   41   7    184    104
49   18   6    93    460
50   44   6    178    34
51   15   2    194    334
52   38   4    105    27
53   39   4    34    86
54   42   2    48    29
55   42   7    64    443
56   15   3    136    50
57   55   2    68    176
58   55   4    186    443
59   34   6    80    444
60   50   4    38    202
61   41   2    74    43
62   35   6    93    366
63   43   2    20    368
64   50   3    1    385
65   49   3    49    64
66   47   2    189    284
67   58   4    148    99
68   44   3    55    64
69   9   4    155    369
70   66   3    112    148
71   40   6    30    358
72   57   3    53    258
73   27   5    125    80
74   65   2    12    447
75   54   7    36    402
76   58   2    81    45
77   53   4    17    352
78   47   6    13    113
79   53   4    185    347
80   17   6    198    328
81   31   2    171    407
82   28   3    163    150
83   73   7    176    374
84   31   3    83    259
85   49   3    16    259
86   51   7    3    202
87   79   3    117    172
88   48   6    75    193
89   69   5    122    12
90   80   6    170    475
91   10   3    128    139
92   76   3    172    497
93   75   2    126    84
94   86   6    54    403
95   93   6    103    96
96   59   3    161    246
97   56   2    188    467
98   59   7    78    26
99   82   5    26    295
100   93   5    103    488
101   67   4    104    478
102   98   5    154    364
103   71   5    172    117
104   101   3    146    34
105   89   4    163    17
106   97   6    166    58
107   86   4    182    467
108   56   4    52    333
109   68   5    108    93
110   17   3    69    297
111   103   2    141    296
112   54   3    58    388
113   70   3    138    394
114   75   3    198    189
115   48   7    141    223
116   61   7    58    189
117   111   5    109    217
118   97   4    137    36
119   81   5    183    305
120   71   5    141    254
