1   0   3    8    1
2   1   5    23    282
3   1   7    107    21
4   2   7    143    233
5   3   2    53    482
6   1   7    141    24
7   5   5    42    216
8   2   7    139    485
9   2   4    137    415
10   5   6    34    306
11   8   7    117    209
12   7   7    147    205
13   3   5    37    393
14   7   6    196    211
15   6   3    104    300
16   8   4    23    152
17   6   3    55    236
18   11   5    23    129
19   15   3    91    144
20   6   2    12    227
21   18   7    124    356
22   8   6    195    132
23   15   6    23    358
24   10   3    170    239
25   23   5    26    339
26   20   3    4    447
27   3   4    167    341
28   20   3    11    144
29   14   4    75    499
30   10   2    195    8
31   20   7    55    416
32   7   5    133    233
33   4   7    45    13
34   15   5    110    377
35   4   5    143    42
36   28   4    73    5
37   12   3    17    100
38   21   3    53    385
39   37   5    128    319
40   19   2    21    48
41   14   7    27    494
42   35   4    110    213
43   26   2    73    102
44   28   3    97    470
45   34   2    155    360
46   36   5    150    426
47   26   2    128    435
48   14   4    15    357
49   37   7    161    138
50   24   6    178    198
51   37   6    20    310
52   23   2    146    101
53   28   5    63    304
54   48   6    119    93
55   5   6    106    349
56   13   3    33    410
57   22   4    165    430
58   35   4    100    322
59   32   4    151    215
60   36   6    6    5
61   49   5    70    372
62   59   5    54    369
63   22   3    19    320
64   30   2    189    143
65   41   4    147    148
66   59   2    163    2
67   34   6    149    76
68   36   2    98    404
69   47   2    112    254
70   39   7    158    7
71   38   7    111    177
72   27   3    8    72
73   18   3    77    67
74   12   3    135    191
75   70   4    18    355
76   47   6    18    226
77   61   5    194    337
78   22   3    176    203
79   31   4    186    381
80   38   3    147    64
81   42   7    86    112
82   29   3    28    58
83   25   5    115    11
84   68   2    103    327
85   83   3    71    393
86   17   4    64    152
87   17   6    63    367
88   74   7    46    245
89   21   5    26    392
90   56   2    68    45
91   88   3    28    316
92   30   4    16    256
93   48   2    4    426
94   13   4    34    383
95   73   7    19    231
96   58   4    17    320
97   13   3    188    50
98   48   5    166    190
99   85   3    173    272
100   42   2    43    16
101   76   5    102    136
102   79   4    40    448
103   98   2    65    439
104   9   5    183    141
105   54   5    121    359
106   43   6    42    190
107   87   3    10    475
108   88   3    41    286
109   19   4    91    334
110   34   5    141    355
111   82   3    21    443
112   51   4    64    323
113   52   4    66    211
114   78   6    98    416
115   24   6    37    451
116   64   5    131    133
117   106   2    188    350
118   66   7    150    424
119   56   7    26    83
120   95   7    149    97
