1   0   2    22    2
2   1   3    17    306
3   1   6    134    61
4   1   3    69    43
5   3   6    73    251
6   1   6    143    91
7   2   2    105    72
8   2   2    127    273
9   7   6    183    139
10   8   3    156    26
11   4   6    10    232
12   10   5    33    228
13   5   7    109    169
14   2   5    16    250
15   4   4    97    358
16   13   3    187    73
17   7   6    86    79
18   15   6    56    8
19   9   3    102    200
20   3   2    119    181
21   17   3    132    306
22   3   2    184    242
23   4   6    114    353
24   14   2    54    358
25   13   7    121    377
26   9   2    128    65
27   4   4    36    489
28   20   7    121    83
29   8   6    49    79
30   17   3    18    231
31   27   2    150    258
32   15   5    67    83
33   14   2    149    390
34   5   2    184    194
35   12   3    168    424
36   28   7    56    436
37   6   3    92    306
38   35   5    60    7
39   7   7    167    449
40   28   6    120    173
41   36   7    91    121
42   40   6    69    253
43   30   2    140    293
44   29   7    32    145
45   16   6    114    106
46   36   5    169    432
47   22   3    163    157
48   17   6    156    448
49   13   7    23    369
50   21   2    149    420
51   20   5    55    206
52   2   7    82    460
53   21   6    54    121
54   20   4    95    36
55   28   4    20    288
56   29   4    115    13
57   17   5    53    391
58   12   7    63    358
59   46   6    105    353
60   14   6    30    325
61   55   4    179    101
62   39   6    159    413
63   48   7    48    466
64   9   5    88    109
65   31   7    85    102
66   32   7    96    159
67   37   5    117    30
68   62   5    92    340
69   67   3    141    418
70   66   2    68    362
71   53   2    125    138
72   9   4    138    11
73   68   3    38    70
74   67   6    73    41
75   41   3    73    228
76   54   3    170    369
77   40   4    138    133
78   8   4    34    5
79   40   7    81    268
80   14   7    158    203
81   47   3    171    403
82   76   3    82    6
83   13   5    60    387
84   75   6    64    493
85   39   2    145    458
86   19   6    86    320
87   83   6    51    32
88   19   5    158    283
89   33   7    187    135
90   23   7    185    218
91   37   2    137    189
92   88   4    168    353
93   62   4    116    496
94   57   6    164    19
95   10   4    49    139
96   42   6    27    475
97   28   7    29    481
98   87   4    27    418
99   39   3    81    128
100   80   5    184    32
101   67   2    10    323
102   48   3    85    451
103   56   3    24    314
104   11   3    82    270
105   67   3    72    141
106   40   5    14    150
107   20   4    12    36
108   70   4    158    175
109   23   5    158    216
110   91   6    72    303
111   22   7    158    140
112   59   7    108    274
113   110   5    151    400
114   19   6    30    460
115   46   5    48    343
116   83   4    157    347
117   32   7    83    41
118   47   3    3    175
119   24   2    77    475
120   87   5    199    479
