1   0   3    21    19
2   1   3    162    49
3   1   7    152    123
4   2   6    7    36
5   2   4    85    320
6   3   4    55    474
7   1   5    31    464
8   5   2    43    263
9   6   6    35    35
10   6   5    11    93
11   4   4    193    131
12   4   2    54    475
13   7   6    93    396
14   7   2    96    406
15   3   2    120    54
16   6   3    161    278
17   10   7    47    387
18   8   2    10    252
19   17   7    66    275
20   9   4    184    238
21   5   3    73    16
22   11   3    60    384
23   18   2    1    102
24   18   6    106    70
25   19   3    19    403
26   12   6    199    430
27   17   4    46    470
28   20   3    33    441
29   19   3    69    256
30   27   2    195    432
31   8   3    150    194
32   14   4    190    1
33   30   5    54    167
34   19   5    43    114
35   25   7    49    233
36   23   4    25    413
37   14   4    153    336
38   9   7    70    210
39   7   4    43    488
40   37   5    6    265
41   24   2    11    252
42   28   6    178    368
43   10   2    51    233
44   27   3    54    168
45   37   6    191    297
46   8   3    117    272
47   37   5    72    114
48   38   3    41    340
49   18   4    41    388
50   17   3    68    216
51   49   2    141    208
52   26   6    187    488
53   48   6    142    324
54   48   7    51    289
55   4   3    100    329
56   26   6    89    72
57   50   2    65    477
58   9   3    173    120
59   39   3    94    421
60   34   6    171    88
61   52   6    151    12
62   34   5    99    411
63   15   2    60    22
64   49   5    141    400
65   52   2    36    383
66   10   5    188    391
67   33   6    23    57
68   42   2    84    333
69   54   2    135    259
70   40   2    188    56
71   51   7    7    339
72   3   3    14    289
73   46   3    44    411
74   41   5    176    163
75   11   6    15    302
76   36   4    16    36
77   54   6    55    58
78   11   7    132    194
79   49   6    121    415
80   71   5    98    457
81   43   7    121    124
82   74   7    180    354
83   44   3    140    175
84   54   3    36    420
85   33   4    156    270
86   70   3    196    336
87   50   4    79    288
88   22   6    69    95
89   21   6    156    491
90   36   7    47    46
91   82   3    88    51
92   22   5    42    59
93   27   5    68    332
94   2   2    153    73
95   59   5    190    92
96   25   2    74    195
97   30   2    32    445
98   93   3    144    468
99   80   3    58    210
100   13   5    154    336
101   76   3    176    104
102   43   4    80    354
103   98   5    175    41
104   67   5    162    171
105   44   2    141    107
106   48   7    98    253
107   62   3    47    60
108   36   2    18    362
109   97   2    56    231
110   32   3    83    495
111   21   6    158    431
112   65   6    194    323
113   107   7    102    121
114   68   4    148    11
115   72   7    37    370
116   55   5    186    248
117   80   5    40    200
118   86   4    172    235
119   52   6    177    128
120   109   5    127    83
