1   0   5    27    42
2   1   7    121    184
3   1   5    84    378
4   1   4    62    96
5   3   5    98    117
6   2   5    16    406
7   4   2    64    489
8   2   4    92    417
9   5   3    28    16
10   6   6    143    277
11   3   4    173    335
12   10   7    79    287
13   11   7    169    398
14   11   6    193    286
15   5   3    175    412
16   5   7    169    336
17   15   2    102    62
18   4   6    62    133
19   13   3    155    224
20   13   7    52    462
21   8   5    57    8
22   2   6    84    467
23   10   3    4    324
24   10   5    106    314
25   21   3    71    200
26   21   6    181    488
27   3   2    32    405
28   7   3    193    80
29   6   2    117    227
30   14   3    67    214
31   29   2    103    482
32   18   7    124    408
33   18   3    58    155
34   25   2    26    248
35   17   6    47    151
36   25   3    79    88
37   15   4    51    242
38   8   3    16    405
39   28   5    53    179
40   18   5    58    343
41   38   5    116    53
42   38   3    66    242
43   40   2    2    241
44   40   3    4    41
45   23   5    176    222
46   42   5    71    36
47   39   3    120    469
48   35   4    19    368
49   44   6    29    453
50   12   5    116    422
51   15   7    78    196
52   7   6    177    1
53   45   7    152    76
54   47   6    64    495
55   38   7    38    224
56   36   4    149    207
57   50   4    172    213
58   14   5    62    62
59   13   3    141    307
60   47   5    73    291
61   48   6    182    322
62   12   2    10    120
63   9   2    150    311
64   30   6    70    293
65   44   6    189    30
66   20   7    40    336
67   29   5    72    45
68   37   2    96    363
69   66   3    134    371
70   32   3    191    277
71   23   7    198    470
72   42   7    88    360
73   30   7    139    35
74   34   2    141    365
75   37   2    59    468
76   56   2    84    38
77   71   6    114    149
78   8   3    174    196
79   49   7    67    52
80   12   5    117    355
81   60   5    166    224
82   19   6    154    119
83   79   4    38    448
84   21   3    41    315
85   42   2    23    392
86   50   2    160    115
87   49   3    56    296
88   66   2    145    259
89   14   2    59    423
90   40   3    138    369
91   54   6    68    102
92   54   4    22    273
93   81   7    126    211
94   69   3    107    18
95   93   2    3    184
96   39   2    11    216
97   68   7    95    482
98   95   5    140    332
99   65   4    161    300
100   66   2    80    208
101   51   3    27    70
102   76   2    2    158
103   25   6    41    155
104   28   3    18    301
105   79   2    167    429
106   98   4    26    226
107   94   2    115    422
108   92   7    148    3
109   103   4    199    258
110   82   7    168    473
111   94   2    73    167
112   37   5    6    319
113   78   7    139    50
114   69   5    116    457
115   19   7    33    454
116   85   3    81    418
117   91   3    59    441
118   59   3    48    412
119   47   5    60    466
120   20   2    74    240
