1   0   2    27    13
2   1   4    121    385
3   1   3    124    435
4   1   3    5    39
5   3   5    116    323
6   3   3    53    60
7   3   3    87    468
8   5   7    175    181
9   6   7    61    290
10   6   7    37    488
11   2   3    4    41
12   3   3    166    343
13   11   5    159    270
14   4   5    192    63
15   7   3    11    402
16   13   4    15    88
17   12   2    106    143
18   7   5    28    113
19   8   5    38    209
20   13   5    10    145
21   5   7    96    317
22   10   6    143    201
23   11   4    107    194
24   9   5    117    432
25   17   2    84    221
26   2   5    2    367
27   2   6    83    238
28   22   4    52    169
29   5   6    82    132
30   5   6    175    40
31   24   7    14    457
32   21   4    60    169
33   19   5    144    299
34   25   3    9    236
35   32   5    23    7
36   4   4    123    88
37   6   5    120    329
38   10   6    150    219
39   33   2    11    269
40   6   5    160    84
41   20   7    124    108
42   1   2    109    100
43   21   2    99    222
44   40   5    174    5
45   36   5    81    387
46   32   6    22    479
47   20   3    127    395
48   45   2    170    58
49   41   3    44    383
50   12   2    129    68
51   45   4    132    463
52   48   6    72    130
53   8   7    108    49
54   14   4    172    343
55   24   3    16    252
56   25   4    156    152
57   19   6    65    137
58   11   6    20    200
59   47   2    171    497
60   11   7    55    395
61   23   4    140    204
62   26   3    72    320
63   54   2    125    213
64   36   4    68    438
65   62   4    159    113
66   22   4    146    284
67   2   6    59    102
68   35   6    112    487
69   54   5    53    411
70   68   3    166    152
71   24   6    12    416
72   33   4    9    291
73   66   3    112    35
74   26   2    153    5
75   9   5    139    351
76   38   3    44    157
77   48   4    87    351
78   10   2    44    234
79   31   4    19    167
80   57   6    139    194
81   65   7    196    67
82   78   4    5    148
83   77   5    20    164
84   29   5    146    449
85   66   2    28    253
86   56   5    131    383
87   38   5    161    67
88   68   6    129    187
89   26   6    69    338
90   8   7    49    62
91   71   5    160    222
92   65   5    10    93
93   66   5    152    65
94   79   5    8    429
95   20   5    59    99
96   43   5    118    214
97   7   6    126    22
98   92   2    186    440
99   59   2    42    456
100   16   2    67    274
101   74   2    115    244
102   48   7    42    140
103   64   5    46    451
104   65   4    78    281
105   85   7    1    36
106   68   5    145    271
107   68   3    138    44
108   12   3    41    103
109   93   6    111    117
110   74   4    141    168
111   15   7    26    281
112   70   2    128    467
113   63   6    125    306
114   15   6    98    218
115   79   2    96    412
116   112   6    194    124
117   82   7    52    492
118   21   5    30    391
119   71   5    163    411
120   82   3    62    43
