1   0   4    10    40
2   1   6    71    197
3   1   6    149    169
4   2   2    90    87
5   3   6    138    413
6   1   7    52    76
7   2   7    139    251
8   4   4    132    113
9   5   4    73    340
10   7   3    199    305
11   5   5    84    42
12   4   6    119    202
13   11   6    29    306
14   8   3    128    133
15   9   7    42    316
16   8   6    164    147
17   3   4    172    180
18   2   3    39    463
19   12   3    189    21
20   5   2    36    57
21   18   5    126    111
22   4   5    88    337
23   13   2    98    51
24   20   7    174    499
25   6   6    131    26
26   12   6    92    45
27   24   3    187    100
28   18   3    42    343
29   6   6    101    277
30   8   7    60    394
31   11   3    72    410
32   29   6    61    116
33   14   4    55    251
34   23   4    117    40
35   17   5    101    472
36   5   7    51    102
37   35   5    106    18
38   15   4    92    175
39   28   5    48    380
40   12   7    142    41
41   27   3    81    222
42   26   4    176    112
43   37   2    44    146
44   4   5    150    173
45   1   7    78    186
46   12   5    105    151
47   30   7    72    272
48   43   6    64    58
49   8   7    12    225
50   43   7    115    178
51   7   7    196    366
52   41   7    77    348
53   13   7    127    344
54   33   4    192    341
55   53   7    165    63
56   32   6    55    265
57   47   3    155    171
58   43   7    132    136
59   51   7    139    379
60   17   7    151    167
61   35   2    131    326
62   50   3    88    114
63   24   5    146    325
64   51   3    84    331
65   31   2    123    146
66   33   3    71    123
67   18   5    187    79
68   56   5    131    390
69   31   5    76    418
70   41   6    42    383
71   30   4    82    352
72   42   6    63    297
73   19   6    6    183
74   64   2    87    34
75   50   3    72    401
76   19   4    93    128
77   25   3    106    235
78   43   3    66    65
79   38   2    21    347
80   70   4    66    123
81   68   6    70    177
82   51   4    75    414
83   52   3    191    371
84   65   5    130    401
85   60   6    146    499
86   17   7    128    145
87   46   2    8    192
88   13   4    172    400
89   34   4    29    412
90   20   6    18    262
91   3   7    18    237
92   32   2    126    3
93   53   4    107    488
94   44   4    192    313
95   92   3    49    70
96   30   3    26    371
97   77   2    58    124
98   63   5    122    160
99   89   5    10    489
100   78   5    199    117
101   39   6    4    363
102   34   3    93    28
103   42   2    89    127
104   84   6    100    431
105   67   7    112    466
106   85   3    15    299
107   102   3    86    395
108   69   2    168    33
109   46   5    187    186
110   106   7    99    428
111   28   3    106    27
112   20   6    30    311
113   107   7    15    252
114   45   6    107    291
115   77   7    109    222
116   94   6    178    67
117   49   3    105    150
118   83   5    86    395
119   18   6    92    400
120   73   2    171    19
