1   0   4    1    23
2   1   7    6    470
3   1   7    119    35
4   2   7    61    32
5   2   6    107    456
6   4   3    11    357
7   5   4    23    86
8   4   4    131    449
9   7   5    166    99
10   8   7    96    197
11   7   6    172    73
12   8   4    156    114
13   9   2    116    441
14   11   4    146    227
15   13   5    32    66
16   9   5    110    74
17   15   5    133    316
18   11   4    143    197
19   13   7    8    362
20   17   4    40    214
21   17   6    158    314
22   18   2    142    366
23   3   2    133    31
24   19   4    75    192
25   21   7    72    97
26   21   4    81    304
27   10   5    40    188
28   18   4    115    490
29   26   6    58    349
30   27   4    15    76
31   3   5    195    312
32   12   4    95    455
33   19   3    59    469
34   31   4    184    369
35   29   5    89    383
36   20   2    197    202
37   5   4    149    223
38   12   4    174    202
39   34   2    34    417
40   37   2    101    156
41   16   3    34    123
42   39   5    85    4
43   37   4    107    460
44   39   5    186    499
45   25   3    15    154
46   22   4    181    243
47   45   5    158    431
48   45   3    5    132
49   43   6    81    192
50   31   2    98    486
51   40   3    109    264
52   23   7    182    414
53   25   5    2    417
54   14   3    142    494
55   51   4    20    351
56   40   5    64    441
57   34   6    99    140
58   24   2    92    358
59   43   5    23    206
60   56   3    142    168
61   57   3    55    67
62   16   5    192    51
63   26   4    18    191
64   50   2    87    352
65   48   3    19    449
66   46   3    167    69
67   6   4    39    474
68   66   3    20    325
69   61   3    162    252
70   60   7    17    398
71   60   6    133    211
72   22   3    51    88
73   70   6    174    109
74   69   5    27    162
75   73   3    63    16
76   57   2    4    377
77   69   4    64    242
78   56   7    28    203
79   70   3    31    88
80   41   4    191    161
81   10   6    76    259
82   27   3    31    194
83   30   3    194    434
84   58   6    67    19
85   76   5    4    443
86   79   7    150    417
87   55   6    98    86
88   15   2    8    381
89   79   6    185    44
90   78   7    122    15
91   68   7    139    98
92   76   2    5    439
93   51   4    65    471
94   82   5    182    162
95   74   7    129    193
96   75   3    137    44
97   62   2    157    42
98   66   4    7    130
99   68   2    98    79
100   80   5    189    402
101   14   6    177    287
102   97   5    60    260
103   38   5    140    357
104   93   4    46    66
105   98   3    155    2
106   80   3    151    286
107   97   3    121    373
108   61   3    42    296
109   77   6    46    39
110   38   2    102    234
111   75   2    101    113
112   81   6    64    358
113   104   5    151    493
114   81   7    5    430
115   85   4    33    365
116   111   4    136    468
117   46   6    94    403
118   24   6    113    478
119   115   5    175    114
120   104   6    23    414
