1   0   3    19    42
2   1   6    111    59
3   1   6    79    212
4   1   7    126    253
5   1   6    35    239
6   3   2    181    12
7   1   2    146    297
8   4   7    128    96
9   5   5    98    200
10   3   3    191    253
11   7   3    7    270
12   7   4    127    141
13   9   6    65    375
14   7   3    113    334
15   8   3    122    137
16   9   6    126    327
17   5   7    147    461
18   2   2    86    443
19   10   5    1    244
20   2   7    113    432
21   11   6    94    460
22   3   5    136    168
23   1   2    10    225
24   10   5    37    93
25   23   5    44    404
26   24   6    138    326
27   2   4    41    469
28   1   2    154    286
29   3   4    73    12
30   14   3    12    156
31   17   2    170    247
32   10   3    175    219
33   15   2    12    37
34   24   5    7    326
35   13   7    31    487
36   29   4    120    215
37   15   4    79    251
38   9   5    64    411
39   20   2    139    457
40   38   3    19    448
41   35   6    109    494
42   21   7    66    185
43   20   5    31    220
44   17   7    109    380
45   1   3    36    190
46   37   3    156    227
47   2   4    68    42
48   1   3    173    312
49   22   3    83    37
50   43   6    126    432
51   27   2    183    215
52   50   6    98    301
53   27   4    9    34
54   28   4    4    310
55   34   6    131    492
56   11   3    93    73
57   19   4    63    301
58   47   5    5    195
59   39   5    152    336
60   46   3    184    217
