1   0   3    24    23
2   1   4    188    38
3   1   7    125    453
4   2   4    54    278
5   3   6    143    440
6   2   6    27    233
7   4   4    63    62
8   5   4    11    117
9   4   5    47    262
10   4   7    60    303
11   7   3    79    383
12   6   4    57    13
13   4   5    74    363
14   7   6    76    372
15   4   5    151    404
16   2   5    184    493
17   3   4    185    285
18   2   3    9    223
19   2   7    147    317
20   9   7    8    439
21   16   2    62    293
22   1   7    144    426
23   9   2    133    190
24   17   4    42    343
25   18   5    16    41
26   3   4    137    204
27   12   5    106    167
28   25   4    111    374
29   24   5    143    367
30   16   6    129    460
31   10   2    120    313
32   2   3    80    255
33   18   2    132    484
34   4   6    150    450
35   18   5    130    171
36   8   6    78    22
37   22   5    95    379
38   22   3    15    135
39   5   5    81    56
40   6   7    137    259
41   12   4    111    278
42   19   6    22    202
43   22   5    52    28
44   33   6    180    195
45   4   5    57    335
46   25   4    53    145
47   12   6    194    390
48   20   6    174    76
49   19   3    140    113
50   20   4    194    15
51   25   5    54    45
52   27   7    37    451
53   31   6    65    309
54   36   4    139    127
55   8   2    105    359
56   21   7    109    56
57   6   4    85    157
58   55   5    76    70
59   19   2    108    490
60   16   3    85    47
