1   0   6    28    5
2   1   3    53    338
3   1   7    174    162
4   2   2    36    479
5   3   6    90    211
6   3   5    34    495
7   5   3    165    329
8   3   4    156    114
9   3   7    35    85
10   5   2    90    428
11   8   6    87    141
12   7   2    78    392
13   5   4    189    163
14   4   6    35    93
15   2   4    109    143
16   14   7    62    258
17   8   7    98    442
18   13   5    88    77
19   14   3    70    269
20   4   3    150    135
21   8   4    61    76
22   13   2    147    177
23   15   3    109    306
24   4   4    21    27
25   16   3    69    212
26   21   2    107    21
27   17   6    145    397
28   23   3    9    77
29   2   3    76    43
30   16   3    198    309
31   1   4    36    402
32   26   6    184    282
33   1   7    160    313
34   14   6    124    423
35   7   6    30    292
36   3   5    63    230
37   18   4    36    348
38   17   6    167    468
39   9   5    101    422
40   2   7    150    369
41   13   2    174    317
42   29   2    150    152
43   39   2    175    376
44   41   5    16    476
45   16   2    9    169
46   41   6    39    454
47   38   5    55    147
48   25   3    37    385
49   9   6    196    421
50   42   5    56    291
51   15   7    91    355
52   50   3    57    159
53   38   6    173    75
54   47   4    78    389
55   28   5    153    216
56   17   4    156    261
57   11   4    134    178
58   7   6    22    246
59   8   2    180    322
60   49   5    79    335
