1   0   5    14    5
2   1   3    127    14
3   1   4    166    151
4   2   5    125    468
5   2   3    6    111
6   4   6    47    459
7   2   5    73    10
8   6   2    109    365
9   4   7    65    280
10   3   5    69    328
11   7   4    6    443
12   5   6    83    412
13   2   6    196    341
14   1   5    13    284
15   11   4    179    266
16   4   3    79    360
17   11   7    7    374
18   2   6    56    138
19   5   6    102    323
20   13   5    124    259
21   4   5    73    102
22   18   2    75    315
23   8   3    14    28
24   13   6    95    157
25   18   5    18    470
26   19   6    125    8
27   2   7    183    153
28   23   5    46    427
29   21   6    14    101
30   12   2    97    55
31   25   6    35    332
32   6   7    24    496
33   28   7    45    455
34   27   3    21    387
35   13   6    34    384
36   27   7    12    404
37   19   5    96    92
38   31   2    187    343
39   13   2    129    12
40   33   3    27    360
41   8   5    96    158
42   8   5    194    253
43   21   6    167    150
44   33   4    5    494
45   10   7    120    207
46   5   3    162    60
47   28   5    31    47
48   29   7    77    18
49   17   7    138    321
50   32   5    21    234
51   21   6    99    115
52   2   6    140    58
53   25   2    99    471
54   12   7    198    276
55   32   2    119    96
56   19   7    26    451
57   30   4    64    336
58   24   2    101    308
59   19   3    66    49
60   38   3    20    160
