1   0   3    13    35
2   1   7    59    372
3   1   7    127    383
4   1   4    161    117
5   3   7    106    378
6   2   3    53    49
7   2   6    109    158
8   4   6    41    82
9   6   4    146    396
10   6   6    55    380
11   2   7    23    272
12   9   6    102    449
13   9   4    13    92
14   5   3    163    310
15   11   7    161    471
16   4   4    121    376
17   7   4    31    181
18   11   3    92    352
19   1   4    65    410
20   11   5    35    289
21   14   6    66    31
22   17   4    21    474
23   9   6    21    447
24   15   7    70    457
25   6   6    32    263
26   15   2    184    486
27   12   6    182    312
28   19   4    105    6
29   21   6    176    60
30   1   7    33    187
31   23   5    135    365
32   29   2    23    79
33   8   6    28    354
34   15   2    26    460
35   13   4    144    446
36   31   4    148    486
37   11   6    77    301
38   10   2    17    488
39   3   5    101    92
40   18   7    127    294
41   12   7    14    19
42   37   4    116    493
43   4   3    184    214
44   21   6    125    199
45   35   3    113    461
46   5   7    186    382
47   23   6    44    349
48   20   4    138    61
49   29   6    111    229
50   29   3    128    447
51   18   7    52    150
52   30   7    157    374
53   32   6    187    95
54   48   4    176    162
55   3   3    133    13
56   15   4    74    78
57   45   7    147    389
58   6   2    192    11
59   56   7    173    408
60   43   6    17    404
