1   0   4    13    48
2   1   7    97    399
3   1   6    2    467
4   1   5    138    26
5   3   3    155    299
6   4   3    188    471
7   2   3    158    36
8   5   3    75    425
9   6   6    88    322
10   1   5    139    206
11   5   5    110    49
12   5   2    88    405
13   3   3    135    169
14   7   5    8    296
15   11   7    47    289
16   6   7    193    385
17   13   6    159    259
18   12   4    180    126
19   3   7    40    283
20   2   7    38    292
21   8   6    188    278
22   6   3    144    256
23   2   5    89    435
24   9   2    94    211
25   23   2    191    61
26   23   5    161    441
27   12   7    27    279
28   25   6    138    272
29   21   4    78    344
30   27   4    100    153
31   20   5    60    457
32   6   6    41    65
33   10   4    188    446
34   25   5    8    192
35   11   5    123    58
36   5   3    120    268
37   27   4    77    95
38   13   7    167    359
39   13   4    111    314
40   29   4    172    399
41   27   7    180    464
42   1   7    113    485
43   14   4    81    254
44   40   3    64    184
45   39   6    147    26
46   23   5    6    311
47   10   6    90    489
48   12   6    120    23
49   14   7    99    209
50   16   3    179    420
51   37   7    18    432
52   1   4    136    300
53   28   6    9    339
54   33   4    38    166
55   31   5    24    34
56   10   6    84    115
57   21   4    177    75
58   8   5    8    4
59   9   3    23    251
60   20   5    44    358
