1   0   7    10    42
2   1   7    62    422
3   1   2    197    277
4   2   2    100    448
5   1   6    186    168
6   2   4    44    481
7   1   2    31    80
8   4   6    11    245
9   6   2    143    207
10   8   6    161    250
11   6   5    97    404
12   6   4    170    226
13   4   5    198    484
14   2   6    66    278
15   10   2    152    387
16   2   7    109    55
17   6   5    188    482
18   6   6    124    256
19   6   5    42    328
20   8   3    160    425
21   1   4    85    175
22   3   6    193    254
23   7   5    192    146
24   22   7    11    345
25   9   7    147    186
26   4   3    151    192
27   17   2    173    11
28   5   3    156    497
29   23   6    115    176
30   12   4    73    18
31   6   5    119    455
32   15   6    192    497
33   30   2    12    338
34   27   7    62    3
35   32   2    26    286
36   31   4    15    421
37   17   5    55    126
38   6   7    42    232
39   33   6    89    50
40   26   2    116    157
41   9   2    24    353
42   14   2    194    27
43   27   4    17    251
44   5   7    181    221
45   16   6    76    69
46   38   5    148    278
47   26   3    108    406
48   12   5    92    417
49   21   3    77    404
50   15   2    98    430
51   4   5    172    475
52   3   2    133    327
53   14   6    118    80
54   14   3    31    46
55   32   2    32    208
56   9   4    88    54
57   34   4    167    373
58   27   2    123    458
59   9   3    187    407
60   1   2    1    399
