1   0   5    11    38
2   1   2    35    437
3   1   5    25    81
4   2   3    159    160
5   3   7    38    244
6   4   4    155    412
7   4   2    185    394
8   3   5    118    484
9   1   2    7    187
10   4   4    78    248
11   3   7    108    288
12   5   3    150    74
13   5   3    18    283
14   3   3    31    404
15   5   2    198    272
16   11   2    17    157
17   7   3    121    173
18   7   6    48    204
19   16   2    104    55
20   7   4    31    449
21   9   5    60    136
22   5   4    90    136
23   1   6    40    111
24   4   7    110    262
25   1   6    20    373
26   9   6    89    178
27   22   3    25    328
28   19   3    158    288
29   6   6    44    154
30   17   4    127    13
31   4   5    44    426
32   23   3    78    102
33   27   3    105    298
34   16   4    134    22
35   17   2    19    183
36   9   4    133    423
37   14   3    73    123
38   7   3    83    44
39   8   2    65    311
40   9   6    103    146
41   2   7    44    32
42   33   6    154    391
43   23   2    36    189
44   31   7    122    438
45   42   6    14    13
46   11   6    93    8
47   21   3    162    101
48   5   5    110    16
49   38   2    132    443
50   37   6    31    343
51   28   7    75    472
52   48   5    144    219
53   45   5    117    497
54   48   4    8    398
55   40   5    170    270
56   49   5    198    59
57   1   6    147    374
58   30   6    114    97
59   1   5    100    28
60   48   2    116    110
