1   0   3    13    9
2   1   3    101    294
3   1   5    49    149
4   2   3    139    44
5   1   5    180    492
6   4   6    123    65
7   1   6    113    432
8   3   6    55    341
9   7   5    168    26
10   6   2    100    358
11   5   4    46    412
12   9   5    13    118
13   6   2    30    189
14   4   2    178    91
15   8   5    1    120
16   2   3    24    188
17   15   4    161    225
18   1   3    169    220
19   10   4    128    90
20   15   2    96    199
21   6   3    93    35
22   5   3    101    371
23   8   6    12    378
24   20   6    134    238
25   3   4    81    230
26   3   5    143    411
27   8   6    59    46
28   18   7    53    210
29   22   3    192    4
30   6   3    2    359
31   22   3    43    276
32   21   4    106    29
33   25   3    128    114
34   12   3    76    46
35   17   5    180    122
36   3   5    6    422
37   32   7    141    459
38   6   7    81    402
39   3   4    23    478
40   30   7    68    103
41   23   6    81    412
42   13   7    68    149
43   1   4    47    441
44   34   5    163    348
45   37   4    182    9
46   9   2    59    196
47   6   6    65    201
48   3   3    117    227
49   14   3    91    84
50   22   5    88    302
51   43   7    39    81
52   33   5    51    170
53   1   6    35    426
54   29   2    38    482
55   24   6    27    235
56   5   7    146    365
57   9   4    40    97
58   30   7    177    394
59   33   6    125    232
60   32   2    143    88
