1   0   3    3    21
2   1   6    140    211
3   1   2    136    404
4   2   3    186    165
5   2   7    100    217
6   3   6    5    17
7   2   4    180    370
8   6   6    87    10
9   5   2    149    139
10   4   3    60    327
11   3   4    178    490
12   3   3    123    383
13   11   7    111    483
14   11   5    25    230
15   5   7    133    135
16   7   2    99    251
17   13   5    52    267
18   14   2    38    114
19   13   5    173    316
20   10   7    5    259
21   6   6    187    34
22   1   4    147    74
23   18   4    18    143
24   17   2    186    230
25   12   3    28    15
26   21   7    59    262
27   10   4    70    73
28   26   4    50    369
29   6   3    60    237
30   1   4    17    387
31   8   3    64    231
32   30   7    73    40
33   31   4    76    335
34   1   2    110    187
35   16   2    96    178
36   32   4    49    81
37   32   7    124    476
38   35   5    181    87
39   2   7    27    457
40   21   3    99    408
41   38   3    81    339
42   10   5    153    475
43   37   6    74    464
44   11   3    129    258
45   12   2    92    207
46   25   6    162    134
47   26   6    128    416
48   8   6    77    234
49   4   6    42    311
50   27   5    89    89
51   28   3    182    199
52   2   3    123    283
53   12   4    121    447
54   40   5    137    168
55   49   3    75    59
56   20   3    84    170
57   46   2    62    273
58   53   3    193    10
59   31   2    65    116
60   18   4    196    244
