1   0   3    13    9
2   1   2    166    252
3   1   4    150    485
4   1   2    126    256
5   1   4    122    354
6   1   2    196    204
7   4   7    76    81
8   6   4    45    170
9   6   2    177    313
10   8   3    195    9
11   8   5    69    197
12   2   3    37    75
13   4   3    113    344
14   10   7    190    158
15   5   6    66    283
16   9   3    27    385
17   9   4    68    141
18   12   2    112    283
19   11   2    3    146
20   2   2    5    194
21   12   3    90    60
22   5   7    3    45
23   17   6    118    261
24   14   3    82    117
25   14   5    39    430
26   20   5    133    276
27   3   3    57    284
28   16   7    90    412
29   20   6    135    250
30   3   2    64    298
31   20   4    102    34
32   27   3    154    298
33   4   6    28    97
34   29   3    2    360
35   22   4    146    147
36   13   4    123    335
37   3   4    120    237
38   11   7    24    24
39   23   7    44    68
40   29   7    70    399
41   23   2    24    425
42   30   6    151    280
43   24   4    106    485
44   3   3    117    240
45   28   2    166    173
46   16   6    144    6
47   38   5    136    455
48   9   6    103    349
49   14   3    75    456
50   8   5    175    323
51   24   3    31    92
52   25   4    194    324
53   31   6    117    316
54   49   4    3    144
55   51   7    81    403
56   4   7    20    253
57   33   3    69    239
58   40   5    67    72
59   2   6    88    139
60   45   7    197    253
