1   0   3    24    33
2   1   5    68    109
3   1   2    175    289
4   2   2    120    21
5   2   6    192    185
6   4   3    108    10
7   4   3    116    273
8   2   2    58    458
9   5   6    111    488
10   2   5    122    266
11   6   7    197    208
12   5   5    125    116
13   2   7    54    350
14   1   7    172    5
15   12   2    73    326
16   8   2    181    75
17   6   4    56    344
18   13   6    149    171
19   13   3    161    42
20   7   2    19    209
21   10   7    133    305
22   2   4    176    31
23   15   5    121    451
24   21   7    110    478
25   7   6    99    6
26   1   3    85    111
27   24   2    31    6
28   18   2    14    293
29   6   2    64    332
30   27   4    92    252
31   18   2    107    263
32   28   5    122    485
33   17   3    190    450
34   25   6    107    365
35   8   5    7    98
36   16   3    131    341
37   19   7    31    376
38   26   7    190    332
39   37   6    7    54
40   31   5    174    485
41   23   7    80    448
42   9   6    167    302
43   31   3    4    5
44   37   5    162    12
45   4   5    106    118
46   27   7    102    473
47   3   4    162    71
48   20   3    109    333
49   39   6    88    179
50   17   6    67    469
51   5   6    176    155
52   30   4    109    226
53   30   2    178    334
54   26   6    6    134
55   43   2    93    490
56   26   3    70    215
57   22   2    87    290
58   19   7    77    29
59   43   3    144    256
60   9   2    41    387
