1   0   5    29    26
2   1   5    84    297
3   1   3    154    176
4   2   2    131    248
5   3   7    87    425
6   4   5    162    91
7   5   3    115    344
8   1   4    89    221
9   4   5    52    72
10   5   4    190    475
11   1   3    40    352
12   3   3    62    431
13   4   2    192    1
14   1   4    190    458
15   3   4    13    19
16   7   4    31    447
17   12   7    37    224
18   7   4    5    338
19   6   2    123    389
20   9   7    103    428
21   15   3    184    84
22   14   5    42    480
23   20   5    160    489
24   22   5    79    168
25   14   2    123    9
26   22   5    183    366
27   4   2    163    136
28   26   2    127    221
29   18   6    30    74
30   14   2    155    77
31   23   3    70    452
32   10   7    178    300
33   24   3    130    410
34   20   6    83    372
35   16   4    21    124
36   12   6    174    77
37   35   4    171    236
38   1   4    145    233
39   3   6    185    323
40   37   7    161    5
41   30   4    198    414
42   17   7    85    384
43   1   4    104    492
44   36   2    199    92
45   7   6    69    266
46   28   4    63    453
47   23   5    73    121
48   38   4    11    245
49   39   4    117    247
50   6   2    53    337
51   2   6    142    325
52   33   4    63    40
53   14   3    178    481
54   13   7    134    401
55   18   7    180    415
56   11   4    146    494
57   5   4    19    302
58   27   5    167    279
59   34   7    146    329
60   54   4    60    425
