1   0   6    7    15
2   1   3    124    230
3   1   6    198    62
4   1   2    125    493
5   2   3    18    98
6   2   4    19    137
7   4   2    121    24
8   6   3    189    104
9   6   6    131    272
10   8   2    50    95
11   5   6    134    16
12   2   5    3    211
13   2   4    138    70
14   11   5    75    171
15   6   4    46    275
16   5   5    92    31
17   1   7    116    38
18   14   7    32    259
19   11   6    97    311
20   16   4    74    192
21   5   2    96    82
22   2   6    79    477
23   21   2    141    425
24   21   2    118    277
25   3   4    21    303
26   17   3    23    331
27   19   4    139    245
28   1   2    139    174
29   22   3    12    470
30   25   6    63    249
31   3   5    124    306
32   6   6    45    369
33   19   7    20    340
34   19   7    129    461
35   22   2    36    459
36   20   3    60    83
37   33   6    20    1
38   19   3    106    73
39   6   4    10    252
40   6   2    53    109
41   2   5    64    364
42   26   2    52    90
43   30   5    47    75
44   27   5    14    233
45   12   4    182    410
46   38   2    105    186
47   18   4    182    126
48   29   3    132    399
49   2   4    180    261
50   45   2    90    398
51   20   4    179    12
52   7   7    149    39
53   13   6    150    103
54   2   4    153    87
55   38   5    98    112
56   52   2    37    241
57   17   7    68    316
58   40   2    97    423
59   43   4    45    495
60   27   3    18    431
