1   0   6    7    5
2   1   5    159    91
3   1   4    64    423
4   1   6    58    172
5   3   6    16    360
6   4   7    29    110
7   2   3    178    415
8   2   6    34    332
9   7   3    133    265
10   4   7    102    196
11   4   4    195    84
12   2   4    117    51
13   10   6    21    498
14   12   3    60    49
15   10   6    185    426
16   14   2    189    273
17   11   3    58    123
18   1   6    38    430
19   7   3    101    467
20   2   2    129    84
21   4   5    30    485
22   10   2    7    3
23   16   7    61    357
24   12   3    116    345
25   13   3    59    303
26   13   6    58    260
27   21   4    119    443
28   6   3    97    297
29   14   6    170    276
30   26   4    81    10
31   7   3    148    441
32   2   6    108    50
33   11   2    140    443
34   2   2    66    206
35   6   5    173    403
36   16   2    75    71
37   27   2    196    356
38   14   6    144    219
39   8   2    160    59
40   28   3    11    165
41   36   4    27    407
42   30   3    55    99
43   22   5    52    83
44   36   6    87    497
45   38   5    120    366
46   34   2    194    13
47   40   6    51    8
48   34   6    16    112
49   34   3    167    125
50   23   2    102    496
51   38   5    90    162
52   50   5    80    273
53   50   4    101    466
54   44   6    39    454
55   24   3    20    211
56   36   7    144    360
57   10   7    182    169
58   24   5    189    473
59   52   3    15    247
60   48   6    27    149
