1   0   6    4    34
2   1   7    105    164
3   1   3    197    252
4   2   2    137    112
5   1   4    199    65
6   1   2    109    492
7   2   2    137    141
8   5   3    56    490
9   6   4    142    158
10   8   5    164    263
11   7   6    152    96
12   5   6    184    442
13   2   5    153    323
14   7   3    122    340
15   5   2    130    247
16   11   4    7    480
17   6   4    119    241
18   12   2    57    100
19   17   7    84    123
20   8   2    79    263
21   19   3    135    312
22   7   7    151    348
23   15   4    95    183
24   2   2    115    454
25   23   3    125    280
26   22   4    191    380
27   20   7    136    424
28   20   6    128    301
29   18   3    133    384
30   20   7    163    298
31   6   5    79    338
32   6   3    191    299
33   27   7    117    257
34   5   4    12    174
35   9   4    163    452
36   34   2    112    119
37   29   2    119    400
38   3   4    78    359
39   26   5    118    111
40   36   5    146    42
41   37   7    6    268
42   25   7    68    424
43   30   4    95    330
44   14   7    81    327
45   6   7    142    292
46   39   3    134    359
47   31   3    156    201
48   3   7    97    198
49   33   2    166    312
50   34   7    153    376
51   5   5    2    269
52   38   3    55    14
53   24   3    191    124
54   21   6    43    349
55   28   5    44    469
56   39   4    5    472
57   53   2    89    356
58   4   7    106    260
59   42   7    69    427
60   2   4    156    253
