1   0   2    23    29
2   1   4    173    441
3   1   5    106    429
4   2   2    100    346
5   2   7    98    182
6   1   5    73    353
7   2   2    91    86
8   1   3    103    335
9   2   4    156    27
10   6   4    25    229
11   2   7    136    158
12   1   4    104    115
13   1   6    53    193
14   6   7    153    180
15   3   3    6    46
16   10   3    102    410
17   3   2    129    198
18   1   2    37    21
19   11   2    24    306
20   18   2    4    190
21   4   7    159    193
22   3   7    23    235
23   16   2    104    229
24   13   5    17    54
25   16   4    150    85
26   17   7    160    94
27   7   7    161    381
28   23   2    11    249
29   13   5    108    360
30   13   7    183    341
31   15   7    176    6
32   19   2    68    77
33   10   5    160    265
34   27   6    127    417
35   28   5    143    234
36   13   5    138    113
37   23   2    181    149
38   34   6    163    136
39   20   4    135    423
40   23   5    76    54
41   7   6    146    110
42   40   6    152    418
43   35   2    158    230
44   7   5    169    240
45   24   7    96    464
46   16   4    135    47
47   8   2    16    483
48   44   5    41    339
49   14   6    59    274
50   13   7    180    405
51   39   5    93    439
52   26   4    93    204
53   46   2    176    117
54   41   6    107    160
55   43   3    40    391
56   54   7    113    448
57   2   7    39    229
58   39   2    30    343
59   35   3    35    179
60   3   3    74    424
