1   0   5    27    12
2   1   3    123    172
3   1   6    188    97
4   1   6    12    206
5   2   3    124    186
6   1   7    53    457
7   4   3    189    81
8   2   7    86    369
9   5   6    88    303
10   2   5    110    334
11   8   2    197    298
12   3   4    114    386
13   4   5    161    180
14   3   4    188    299
15   9   4    92    364
16   14   4    146    201
17   12   6    159    478
18   4   3    10    137
19   7   6    136    383
20   2   2    63    233
21   10   5    148    420
22   9   4    153    482
23   12   3    9    356
24   14   6    14    487
25   10   2    79    483
26   5   4    77    366
27   23   4    125    129
28   4   6    68    450
29   9   7    10    91
30   2   6    162    164
31   7   5    67    431
32   3   3    60    237
33   5   3    30    448
34   14   6    138    405
35   6   7    48    492
36   5   7    36    327
37   34   2    168    211
38   15   5    69    31
39   12   7    172    349
40   4   3    1    49
41   9   5    177    480
42   39   3    133    92
43   33   7    118    289
44   26   6    103    368
45   22   2    181    459
46   27   6    124    206
47   1   4    13    480
48   37   5    63    149
49   14   2    133    33
50   43   6    72    99
51   39   6    154    79
52   33   7    41    15
53   37   5    159    387
54   11   7    139    266
55   5   2    76    244
56   30   3    67    173
57   39   2    26    357
58   1   2    84    354
59   12   2    174    488
60   55   4    94    211
