1   0   6    16    12
2   1   3    176    286
3   1   2    169    485
4   1   4    26    206
5   3   7    157    345
6   2   6    147    233
7   1   2    127    353
8   6   5    80    421
9   1   4    134    8
10   3   5    173    323
11   4   2    49    47
12   5   4    158    32
13   3   3    64    397
14   9   3    111    198
15   8   7    96    50
16   13   6    198    34
17   1   3    189    434
18   4   5    138    141
19   7   2    35    405
20   16   7    42    291
21   3   3    48    92
22   10   3    188    236
23   7   3    82    90
24   15   3    169    161
25   11   3    65    482
26   14   5    81    129
27   24   3    33    290
28   10   6    157    270
29   5   5    102    213
30   25   5    181    333
31   27   2    184    315
32   29   4    170    150
33   9   5    72    145
34   4   3    166    336
35   5   3    22    257
36   19   2    53    336
37   28   6    73    227
38   30   7    95    25
39   9   4    40    110
40   33   6    100    175
41   5   6    63    305
42   26   4    53    486
43   8   4    6    177
44   10   5    78    59
45   19   3    149    357
46   25   2    86    399
47   13   6    19    293
48   2   5    163    143
49   31   7    74    356
50   43   2    44    1
51   22   4    62    439
52   3   4    81    396
53   18   3    165    196
54   16   3    6    118
55   25   7    38    281
56   50   5    126    304
57   11   2    85    43
58   4   4    196    480
59   5   4    20    104
60   23   7    147    323
61   15   7    170    493
62   44   7    62    353
63   24   7    41    254
64   31   2    60    118
65   51   4    87    274
66   64   7    82    24
67   60   4    77    271
68   10   3    36    234
69   34   3    151    207
70   8   7    181    54
71   33   7    8    35
72   64   3    41    66
73   66   7    85    19
74   68   5    144    432
75   46   6    146    76
76   64   7    18    168
77   42   6    91    298
78   63   7    33    230
79   8   5    184    267
80   17   6    49    322
81   74   7    59    17
82   17   5    17    304
83   11   6    32    339
84   25   7    107    74
85   43   7    183    95
86   37   4    127    333
87   73   3    80    345
88   14   7    139    6
89   62   2    178    419
90   18   2    123    158
91   11   7    107    286
92   20   2    116    235
93   5   2    10    91
94   24   6    57    1
95   80   7    146    21
96   6   2    177    113
97   24   5    103    352
98   12   4    76    80
99   61   5    46    91
100   71   6    172    63
101   77   5    102    299
102   90   5    135    104
103   5   6    186    109
104   17   7    121    399
105   55   5    75    211
106   92   5    144    84
107   67   7    53    444
108   22   5    149    2
109   37   7    22    293
110   59   5    105    165
111   55   3    52    400
112   13   4    40    140
113   50   4    13    250
114   15   5    162    244
115   17   7    140    395
116   80   3    190    213
117   61   2    9    142
118   92   6    20    315
119   7   7    89    89
120   81   4    50    314
121   101   5    193    317
122   102   3    143    233
123   90   3    190    408
124   96   5    115    19
125   99   5    75    15
126   7   6    92    172
127   100   6    138    335
128   12   6    176    396
129   43   3    97    227
130   56   5    160    289
131   98   6    164    354
132   122   3    66    275
133   29   4    10    471
134   5   4    92    482
135   108   5    88    218
136   106   3    132    398
137   114   5    18    64
138   66   2    138    233
139   3   5    120    225
140   67   4    110    307
141   135   4    34    430
142   140   6    170    233
143   128   7    59    432
144   87   2    101    95
145   81   3    1    379
146   41   4    113    207
147   3   7    188    144
148   43   7    18    370
149   22   3    94    290
150   101   3    107    414
151   55   3    188    27
152   63   6    87    149
153   151   5    145    442
154   93   5    9    67
155   35   6    126    494
156   147   7    115    6
157   54   4    93    425
158   11   3    185    485
159   133   2    125    328
160   37   7    156    43
161   60   2    33    476
162   41   7    29    202
163   143   7    67    56
164   152   5    164    412
165   6   7    169    323
166   74   5    166    465
167   52   7    134    497
168   120   7    99    142
169   106   4    140    360
170   98   4    85    426
171   16   5    63    215
172   37   5    196    319
173   144   5    70    73
174   71   4    108    2
175   29   6    100    222
176   133   4    199    95
177   138   7    159    443
178   140   2    101    443
179   91   2    67    368
180   53   3    42    291
181   104   3    183    168
182   134   4    35    270
183   164   3    49    276
184   172   2    75    436
185   32   5    24    363
186   184   2    95    169
187   133   2    167    214
188   20   6    167    275
189   18   3    18    275
190   22   4    65    167
191   143   2    57    206
192   97   2    65    167
193   43   3    35    255
194   14   2    129    92
195   6   7    170    47
196   122   5    9    457
197   97   4    193    110
198   92   5    51    428
199   14   3    19    200
200   84   7    48    113
201   125   4    85    68
202   109   4    30    307
203   21   2    105    433
204   186   4    139    390
205   2   3    77    364
206   192   7    93    488
207   136   6    14    414
208   49   5    69    276
209   31   7    141    235
210   127   2    167    212
211   54   7    188    456
212   137   4    124    60
213   67   6    154    333
214   9   5    132    282
215   94   5    49    119
216   22   6    156    234
217   66   3    190    133
218   28   2    56    200
219   123   7    160    470
220   141   2    151    236
221   147   2    4    246
222   145   6    35    30
223   165   6    101    350
224   21   7    76    172
225   177   5    73    16
226   158   7    52    129
227   62   3    34    271
228   75   2    122    53
229   153   3    101    191
230   37   5    14    474
231   127   5    66    105
232   34   6    100    189
233   78   6    116    351
234   74   7    5    253
235   45   5    185    495
236   111   7    117    451
237   51   3    193    181
238   151   7    118    330
239   121   4    47    141
240   129   7    33    453
241   68   4    85    405
242   126   2    83    243
243   36   2    184    288
244   233   7    102    152
245   51   5    184    355
246   47   6    125    197
247   73   7    104    294
248   14   6    110    173
249   223   7    24    375
250   229   4    110    472
251   27   2    199    187
252   110   6    170    492
253   186   2    94    346
254   126   7    85    121
255   154   6    165    200
256   146   7    68    468
257   65   4    71    323
258   84   3    3    216
259   175   3    110    125
260   156   3    69    378
261   40   6    138    67
262   197   2    92    309
263   146   4    3    192
264   196   7    54    473
265   157   7    171    184
266   128   3    141    170
267   129   2    65    420
268   175   5    95    175
269   179   7    139    310
270   232   2    17    434
271   238   6    134    15
272   77   5    62    282
273   174   7    44    140
274   34   2    142    295
275   3   3    47    430
276   259   7    144    51
277   106   4    173    323
278   173   5    25    471
279   242   6    84    57
280   167   3    116    399
281   128   5    21    184
282   88   5    23    279
283   7   4    135    349
284   109   7    75    186
285   182   7    94    324
286   266   6    116    64
287   99   6    43    39
288   156   5    50    341
289   239   2    187    319
290   36   4    78    436
291   164   2    42    71
292   196   4    130    447
293   107   4    192    122
294   211   5    147    123
295   189   7    34    155
296   92   2    33    413
297   186   5    58    170
298   124   7    72    111
299   254   4    100    201
300   223   3    4    126
301   150   5    165    396
302   59   2    30    54
303   18   5    144    165
304   116   5    91    401
305   44   6    122    83
306   122   6    83    498
307   245   4    180    471
308   221   6    170    232
309   165   7    97    414
310   245   5    151    10
311   245   6    173    153
312   254   2    72    437
313   190   2    196    424
314   140   7    189    474
315   74   3    117    396
316   211   3    173    174
317   11   7    49    158
318   263   7    148    222
319   141   2    181    497
320   127   6    91    155
321   262   5    109    15
322   258   2    37    252
323   95   3    135    309
324   122   6    163    79
325   223   4    41    427
326   194   6    68    77
327   194   4    129    336
328   326   5    62    442
329   65   7    90    349
330   55   5    157    414
331   17   2    192    72
332   318   4    114    329
333   162   3    61    344
334   61   7    143    254
335   167   4    114    98
336   2   3    136    406
337   279   4    130    219
338   280   5    164    39
339   303   2    80    128
340   233   4    42    224
341   269   6    117    434
342   336   6    132    100
343   83   7    150    203
344   68   3    82    281
345   78   4    173    118
346   209   3    176    270
347   124   7    49    380
348   16   7    145    449
349   203   3    124    18
350   243   4    71    194
351   134   2    184    202
352   203   6    104    229
353   269   3    118    35
354   268   2    199    156
355   269   5    197    295
356   249   3    57    179
357   293   2    168    302
358   193   4    109    211
359   357   2    120    123
360   20   4    177    266
361   269   3    135    268
362   54   7    107    192
363   50   2    199    362
364   17   5    63    410
365   59   6    105    221
366   71   4    25    121
367   232   6    90    217
368   185   5    25    446
369   14   3    23    215
370   115   6    153    193
371   288   3    54    139
372   323   6    60    477
373   265   4    87    47
374   276   5    163    11
375   28   3    97    152
376   315   2    108    241
377   221   6    97    155
378   127   5    178    264
379   232   4    35    97
380   301   4    178    217
381   208   3    197    123
382   355   5    91    93
383   361   4    115    232
384   286   5    79    115
385   195   5    141    320
386   361   2    98    154
387   204   3    161    403
388   283   3    147    370
389   5   6    65    163
390   383   4    117    40
391   57   7    91    330
392   196   6    19    213
393   243   2    11    17
394   312   2    144    181
395   82   3    82    261
396   270   3    116    230
397   190   7    135    63
398   296   7    34    456
399   234   4    85    486
400   71   5    113    122
401   125   6    178    384
402   25   7    78    394
403   183   4    149    418
404   322   6    181    100
405   240   7    53    326
406   311   4    168    113
407   227   7    113    419
408   198   2    181    185
409   28   3    44    266
410   371   6    86    493
411   83   2    196    18
412   150   4    196    399
413   350   7    12    231
414   308   5    16    178
415   87   2    111    148
416   17   6    68    158
417   200   6    73    136
418   287   7    58    424
419   379   7    147    387
420   28   4    100    86
421   37   3    113    211
422   240   7    134    143
423   157   7    173    229
424   377   4    83    493
425   309   3    159    167
426   231   7    110    458
427   52   7    62    6
428   292   3    23    37
429   1   5    3    210
430   221   7    125    333
431   401   6    100    464
432   389   2    166    176
433   250   4    114    97
434   117   6    21    29
435   262   2    179    386
436   61   6    156    445
437   309   6    71    208
438   332   3    87    315
439   103   6    99    301
440   9   4    11    252
441   193   3    195    108
442   429   4    185    437
443   420   2    148    51
444   279   2    48    379
445   317   5    69    333
446   273   2    160    193
447   159   6    128    222
448   156   7    184    480
449   416   4    16    206
450   86   4    80    191
451   114   5    70    295
452   126   7    24    294
453   260   3    103    430
454   290   5    45    282
455   333   4    22    359
456   84   6    126    320
457   238   4    46    410
458   321   2    133    262
459   432   4    77    344
460   414   4    32    130
461   403   4    168    268
462   209   7    174    402
463   359   7    130    331
464   428   3    152    437
465   231   3    29    452
466   454   6    133    32
467   418   5    114    87
468   395   2    79    383
469   3   2    111    425
470   269   5    162    147
471   66   6    23    393
472   50   5    132    214
473   464   2    169    478
474   169   2    124    411
475   281   4    9    266
476   286   5    116    65
477   286   5    130    59
478   210   6    75    365
479   190   5    162    38
480   16   2    182    165
481   163   5    92    388
482   320   3    124    339
483   367   7    26    157
484   478   5    112    388
485   376   4    159    220
486   246   7    182    321
487   167   6    153    416
488   171   4    176    138
489   380   7    131    492
490   259   2    168    467
491   146   2    161    131
492   476   3    173    461
493   296   4    68    470
494   484   2    1    169
495   342   6    53    479
496   166   7    164    177
497   7   2    179    42
498   216   4    105    362
499   12   2    159    65
500   103   3    16    198
501   445   5    115    312
502   247   3    80    244
503   501   6    22    258
504   8   5    150    341
505   465   4    72    222
506   342   2    160    423
507   287   5    130    388
508   434   4    118    7
509   228   6    52    303
510   39   5    173    488
511   384   6    121    315
512   130   4    141    310
