1   0   2    1    46
2   1   4    53    465
3   1   3    1    367
4   2   4    60    469
5   2   4    88    406
6   4   3    50    124
7   2   5    154    414
8   4   2    66    201
9   7   5    184    393
10   7   2    159    217
11   1   7    26    433
12   2   2    8    74
13   11   2    139    352
14   5   6    15    355
15   3   6    55    412
16   14   7    124    289
17   11   6    96    278
18   4   5    191    170
19   12   7    19    253
20   11   7    5    243
21   4   5    160    93
22   14   7    142    9
23   1   6    4    51
24   17   6    62    265
25   13   2    122    183
26   6   3    173    205
27   12   5    71    68
28   21   5    166    71
29   12   3    37    55
30   6   4    135    447
31   1   3    91    121
32   13   7    121    272
33   20   3    98    194
34   4   3    187    80
35   12   2    199    442
36   8   3    11    171
37   28   2    54    448
38   12   2    131    226
39   37   5    63    114
40   37   7    88    417
41   13   2    22    343
42   25   3    148    296
43   39   4    15    390
44   33   4    102    444
45   43   4    94    324
46   10   6    21    395
47   11   5    105    464
48   24   2    166    226
49   23   6    109    491
50   11   6    168    195
51   48   4    167    366
52   17   5    45    146
53   12   5    77    2
54   12   5    104    225
55   16   7    138    259
56   6   3    150    199
57   8   3    181    447
58   15   6    11    440
59   49   6    183    56
60   53   4    120    24
61   39   6    58    360
62   11   2    1    99
63   56   3    131    123
64   42   4    94    345
65   63   4    37    328
66   64   5    143    269
67   45   4    44    198
68   39   4    136    5
69   29   5    39    47
70   12   7    140    267
71   56   6    39    230
72   20   5    145    181
73   34   4    138    157
74   6   4    27    72
75   46   5    116    482
76   5   2    23    79
77   15   4    109    398
78   58   6    138    409
79   68   5    157    334
80   53   3    156    155
81   69   3    31    435
82   29   7    178    370
83   9   7    108    425
84   21   5    41    441
85   41   3    31    153
86   77   4    54    167
87   85   7    161    267
88   44   6    52    103
89   57   2    121    114
90   69   7    181    398
91   70   6    66    27
92   29   2    169    29
93   81   3    165    351
94   44   4    141    366
95   87   7    4    21
96   91   2    129    404
97   86   5    31    422
98   25   6    134    468
99   79   7    73    400
100   44   3    124    370
101   72   3    5    132
102   51   2    160    292
103   15   5    92    291
104   42   4    112    138
105   69   3    25    191
106   33   5    175    439
107   99   6    144    439
108   31   6    59    106
109   18   7    157    280
110   107   3    36    192
111   25   3    116    490
112   34   5    72    248
113   65   7    51    268
114   72   4    171    368
115   54   6    87    477
116   111   3    135    462
117   99   5    62    301
118   37   2    67    82
119   63   3    29    348
120   73   5    181    484
121   61   3    120    63
122   89   6    28    437
123   35   4    135    36
124   45   6    12    495
125   47   5    54    35
126   27   4    100    359
127   42   3    159    360
128   49   6    84    105
129   55   2    193    24
130   87   6    199    277
131   63   3    150    185
132   19   5    6    78
133   126   2    154    267
134   68   6    84    250
135   76   7    162    78
136   41   7    130    83
137   15   5    21    100
138   97   5    35    1
139   17   5    61    424
140   81   5    142    433
141   133   6    90    102
142   107   3    155    253
143   19   4    84    181
144   119   5    13    237
145   102   5    145    303
146   136   4    170    485
147   137   6    6    62
148   2   2    170    466
149   2   4    120    139
150   63   7    161    120
151   104   3    85    14
152   44   3    4    313
153   102   2    66    253
154   29   4    29    141
155   5   7    82    256
156   125   2    180    355
157   98   3    126    405
158   69   5    11    475
159   36   3    8    5
160   56   2    178    262
161   94   6    97    66
162   36   3    107    148
163   2   7    127    454
164   156   2    50    45
165   134   7    115    12
166   97   2    35    457
167   37   4    1    407
168   84   7    127    204
169   48   7    5    397
170   138   6    110    280
171   132   7    108    261
172   167   5    109    154
173   33   5    172    475
174   105   3    179    27
175   86   3    174    60
176   86   5    173    494
177   69   2    165    223
178   51   2    18    387
179   34   6    166    455
180   96   4    23    347
181   166   2    153    213
182   75   4    31    270
183   100   7    142    264
184   152   6    109    340
185   20   4    95    352
186   150   6    53    24
187   33   6    155    305
188   30   5    79    324
189   149   2    100    228
190   107   6    191    153
191   80   7    6    2
192   9   3    38    487
193   2   2    5    131
194   107   5    13    493
195   137   5    192    305
196   22   3    24    247
197   70   4    107    482
198   8   7    178    388
199   36   4    18    439
200   72   6    57    436
201   163   2    190    325
202   130   5    149    310
203   58   5    4    461
204   88   3    96    319
205   65   2    169    69
206   134   5    181    227
207   135   3    3    321
208   172   7    104    378
209   203   3    130    479
210   170   7    73    7
211   43   3    24    475
212   60   6    112    495
213   39   6    95    229
214   117   5    192    405
215   163   3    47    111
216   188   3    181    126
217   195   3    52    460
218   6   7    180    344
219   1   6    31    384
220   97   5    18    351
221   23   5    127    460
222   87   6    71    275
223   52   4    5    147
224   70   7    4    48
225   71   6    2    52
226   168   6    85    285
227   99   3    74    346
228   154   7    188    314
229   45   5    145    399
230   219   3    46    467
231   91   4    24    29
232   204   5    106    275
233   65   5    9    30
234   22   5    184    296
235   192   4    194    265
236   56   6    91    411
237   39   5    137    148
238   120   4    36    167
239   237   2    23    420
240   126   3    192    209
241   208   2    171    21
242   52   2    35    400
243   157   7    91    179
244   8   6    155    133
245   77   7    21    253
246   128   4    90    36
247   16   4    14    127
248   205   7    110    127
249   241   3    15    356
250   76   4    148    329
251   182   6    51    438
252   141   2    132    147
253   139   7    165    487
254   87   7    93    201
255   105   2    44    483
256   191   7    99    242
257   163   2    184    251
258   93   7    133    305
259   32   4    193    326
260   184   5    64    343
261   198   4    27    407
262   49   2    130    289
263   179   6    97    181
264   121   7    43    221
265   175   4    43    244
266   96   2    151    312
267   202   5    88    262
268   60   4    181    211
269   237   3    176    115
270   26   7    151    63
271   36   4    146    146
272   31   7    25    81
273   226   2    16    55
274   270   7    51    246
275   158   5    144    212
276   251   3    95    93
277   37   7    147    223
278   55   2    94    37
279   249   6    145    284
280   246   4    62    430
281   176   2    189    272
282   189   3    98    389
283   84   6    104    20
284   102   2    130    72
285   81   3    45    161
286   11   6    10    489
287   104   7    30    300
288   180   6    23    309
289   231   7    79    271
290   247   2    183    194
291   76   3    69    202
292   6   4    149    455
293   99   2    155    401
294   290   5    115    200
295   39   6    111    61
296   7   6    41    233
297   280   3    123    231
298   39   6    196    390
299   223   3    162    95
300   44   7    164    158
301   75   7    134    470
302   17   5    162    336
303   45   7    59    244
304   247   7    160    12
305   275   3    117    206
306   96   5    67    456
307   201   5    99    265
308   95   5    101    153
309   174   6    117    465
310   243   3    58    429
311   56   4    185    251
312   104   6    80    397
313   100   4    187    162
314   261   2    170    196
315   294   4    71    382
316   93   5    147    253
317   9   7    146    13
318   12   3    154    301
319   217   7    2    452
320   48   6    33    57
321   63   6    79    207
322   26   3    40    477
323   40   3    82    158
324   9   2    131    105
325   42   4    144    391
326   186   7    103    360
327   65   4    177    320
328   249   4    8    314
329   221   4    40    203
330   234   4    164    320
331   268   4    48    250
332   27   3    151    153
333   227   4    21    161
334   238   6    131    31
335   112   5    147    420
336   282   6    66    47
337   134   4    156    472
338   13   7    173    185
339   257   2    60    126
340   23   2    71    117
341   142   6    183    120
342   137   5    146    367
343   4   2    92    343
344   147   5    194    104
345   109   4    78    454
346   304   3    12    260
347   57   6    162    462
348   79   5    115    288
349   40   3    125    152
350   180   4    40    6
351   330   2    38    118
352   71   4    6    102
353   172   6    189    389
354   286   5    128    248
355   55   5    111    351
356   204   7    26    346
357   221   4    197    20
358   266   4    188    161
359   81   5    171    146
360   316   4    23    376
361   176   4    108    184
362   160   5    35    263
363   4   6    168    142
364   27   7    62    296
365   273   3    25    124
366   228   6    103    265
367   30   6    160    156
368   276   6    194    79
369   107   4    142    232
370   77   7    197    378
371   11   3    80    210
372   118   2    3    160
373   272   4    153    105
374   70   4    47    205
375   148   3    185    187
376   195   3    129    116
377   192   2    74    287
378   222   6    98    279
379   247   5    77    90
380   298   6    162    75
381   291   7    79    361
382   239   6    189    224
383   214   7    142    207
384   275   4    142    119
385   2   3    92    147
386   205   2    150    462
387   77   3    158    392
388   123   4    45    497
389   336   3    124    428
390   284   7    167    465
391   186   5    140    114
392   289   2    113    385
393   267   6    59    175
394   12   3    146    461
395   33   4    63    388
396   6   4    144    488
397   131   5    125    105
398   292   5    75    239
399   272   4    146    311
400   250   6    52    398
401   127   5    18    149
402   209   4    59    165
403   40   7    63    54
404   276   2    33    249
405   70   3    81    14
406   176   2    161    376
407   277   5    2    400
408   180   7    54    74
409   17   7    151    127
410   126   4    156    197
411   402   2    76    355
412   1   4    114    127
413   127   7    40    50
414   243   2    87    46
415   165   4    155    127
416   116   7    145    328
417   308   4    129    411
418   94   2    55    270
419   152   4    70    91
420   240   7    138    229
421   340   2    94    65
422   301   5    39    21
423   204   3    154    424
424   308   6    104    297
425   230   3    37    189
426   176   5    36    38
427   360   2    38    155
428   25   3    41    494
429   110   6    184    58
430   115   7    10    293
431   93   3    29    353
432   156   5    165    229
433   62   2    127    122
434   55   5    98    181
435   298   7    76    46
436   390   6    37    162
437   176   5    184    410
438   304   7    184    322
439   55   2    142    481
440   217   7    117    281
441   102   3    116    410
442   219   3    63    239
443   296   7    115    476
444   257   7    88    245
445   288   7    61    75
446   401   7    91    286
447   441   7    83    163
448   25   7    82    297
449   17   2    43    329
450   137   4    55    366
451   14   7    8    89
452   20   5    192    93
453   302   5    122    102
454   274   6    28    176
455   132   6    173    192
456   424   3    50    456
457   321   6    87    91
458   319   7    37    217
459   361   2    150    431
460   238   4    115    280
461   126   7    133    26
462   404   7    84    50
463   1   6    142    329
464   139   4    171    281
465   391   7    65    474
466   70   6    180    404
467   296   7    134    402
468   429   6    30    481
469   161   5    18    466
470   406   6    135    84
471   172   3    165    454
472   97   7    72    468
473   34   5    116    414
474   334   5    165    115
475   102   5    128    152
476   257   4    47    61
477   84   5    72    144
478   359   7    4    35
479   268   3    56    9
480   335   2    12    326
481   320   2    198    43
482   257   2    145    70
483   434   7    184    278
484   474   6    124    352
485   350   2    159    334
486   81   4    24    373
487   390   3    123    140
488   324   5    87    188
489   345   5    56    494
490   285   5    127    30
491   348   3    178    319
492   261   2    91    181
493   92   2    115    83
494   20   6    48    135
495   414   7    110    373
496   2   6    1    137
497   419   6    46    209
498   234   6    75    69
499   340   2    96    112
500   21   3    149    198
501   59   6    165    442
502   345   4    77    426
503   45   4    150    487
504   24   3    48    37
505   148   6    182    437
506   15   3    57    90
507   482   5    60    492
508   490   2    83    62
509   345   4    62    430
510   69   7    155    278
511   132   2    146    300
512   490   6    139    332
