1   0   6    23    43
2   1   2    154    327
3   1   6    6    125
4   2   2    32    242
5   2   2    122    21
6   1   4    138    29
7   5   2    137    402
8   1   7    19    98
9   2   4    122    402
10   7   6    104    121
11   2   6    131    161
12   2   6    106    313
13   4   5    109    50
14   11   2    48    175
15   4   7    27    91
16   5   6    156    198
17   1   3    73    78
18   10   6    194    489
19   17   3    156    315
20   15   3    196    100
21   12   2    95    275
22   10   7    162    428
23   13   3    184    362
24   7   7    93    77
25   21   7    165    78
26   23   4    10    5
27   5   4    176    444
28   4   5    172    75
29   17   6    76    344
30   21   7    68    220
31   8   4    28    310
32   26   3    153    136
33   12   4    90    120
34   2   3    70    410
35   32   4    102    322
36   34   2    24    130
37   8   2    185    233
38   10   7    147    313
39   24   6    84    203
40   9   6    192    32
41   37   3    198    441
42   2   4    56    383
43   14   7    22    164
44   36   3    110    417
45   11   5    7    58
46   20   7    82    494
47   27   6    12    313
48   37   5    169    328
49   37   2    75    417
50   14   7    45    43
51   30   2    164    373
52   12   5    177    119
53   20   3    196    277
54   3   3    8    126
55   21   2    54    42
56   16   6    88    256
57   20   6    85    101
58   27   7    190    248
59   26   4    140    27
60   10   7    68    333
61   41   3    106    63
62   34   2    93    352
63   29   7    113    463
64   31   5    103    239
65   45   5    156    100
66   46   6    30    284
67   29   6    148    66
68   42   4    118    398
69   41   5    191    367
70   12   4    88    349
71   52   6    16    457
72   21   5    128    217
73   45   2    12    451
74   12   4    21    182
75   64   5    98    122
76   28   5    96    333
77   74   7    98    484
78   66   2    104    400
79   44   3    14    71
80   77   7    165    42
81   26   6    7    164
82   39   7    48    451
83   74   3    183    384
84   54   3    187    387
85   23   7    58    200
86   67   4    150    31
87   83   5    34    300
88   49   4    79    156
89   27   7    71    33
90   17   6    59    167
91   45   3    9    214
92   90   4    38    444
93   18   2    14    461
94   89   7    175    78
95   11   6    49    321
96   32   6    47    302
97   30   2    146    168
98   55   3    154    435
99   50   5    70    245
100   47   3    24    57
101   99   2    29    118
102   5   4    12    441
103   73   2    43    248
104   89   6    172    398
105   65   4    70    47
106   70   5    66    296
107   1   2    106    156
108   60   7    93    489
109   36   7    13    302
110   40   6    153    284
111   12   7    194    498
112   30   7    83    110
113   39   2    82    164
114   103   2    167    363
115   105   5    39    36
116   107   7    103    179
117   56   7    170    363
118   100   6    197    139
119   76   3    150    306
120   106   2    89    221
121   116   2    64    19
122   31   2    9    142
123   83   4    188    185
124   52   3    62    477
125   40   5    44    317
126   50   5    2    128
127   65   6    140    142
128   104   6    72    7
129   39   3    123    294
130   4   5    86    46
131   74   6    140    103
132   39   2    175    363
133   87   4    104    57
134   74   4    169    234
135   106   6    98    20
136   21   3    179    496
137   95   3    199    186
138   27   2    128    208
139   32   5    157    36
140   68   2    39    487
141   106   5    197    103
142   99   3    116    165
143   6   2    136    199
144   12   5    119    46
145   40   5    192    384
146   2   6    101    210
147   141   4    8    419
148   27   6    43    46
149   144   3    165    434
150   128   2    177    465
151   122   4    88    313
152   14   6    23    364
153   99   2    160    271
154   104   2    13    193
155   76   6    191    257
156   100   2    43    87
157   36   6    150    311
158   18   2    177    131
159   8   2    95    450
160   54   4    154    359
161   107   5    49    384
162   43   2    108    365
163   94   3    195    199
164   152   2    85    63
165   109   4    101    363
166   139   3    82    384
167   38   7    64    327
168   52   3    159    19
169   33   4    187    54
170   65   3    37    34
171   45   7    4    39
172   159   5    170    337
173   78   7    167    361
174   148   7    81    152
175   147   2    79    258
176   61   2    109    377
177   32   4    35    123
178   83   7    147    321
179   78   2    18    353
180   133   5    31    395
181   116   3    64    498
182   93   2    118    377
183   168   4    50    247
184   88   3    155    436
185   14   2    8    242
186   93   7    137    293
187   106   3    128    450
188   84   5    123    480
189   15   6    72    26
190   175   4    159    399
191   174   6    60    214
192   12   2    113    201
193   132   6    83    5
194   39   5    92    245
195   38   2    164    195
196   141   4    156    498
197   77   6    1    185
198   14   5    15    202
199   172   3    106    245
200   120   4    105    322
201   140   2    66    415
202   177   7    104    206
203   96   6    89    62
204   50   3    106    480
205   75   5    199    397
206   170   4    176    306
207   83   2    138    200
208   144   5    197    294
209   141   6    187    219
210   116   5    34    476
211   187   6    168    287
212   159   4    107    18
213   66   2    144    298
214   47   3    69    160
215   10   4    88    493
216   52   7    76    253
217   159   3    132    139
218   85   7    181    257
219   185   3    191    65
220   26   6    109    315
221   144   3    61    203
222   186   5    190    200
223   130   7    186    295
224   170   2    35    50
225   40   4    26    9
226   57   7    158    357
227   103   2    135    313
228   223   6    195    418
229   83   7    191    449
230   12   2    128    103
231   223   5    30    27
232   85   4    80    20
233   58   2    172    101
234   186   4    45    408
235   120   6    63    275
236   27   3    173    46
237   82   5    3    320
238   95   5    142    222
239   36   4    44    307
240   168   3    114    228
241   12   7    23    374
242   153   6    24    299
243   114   6    40    212
244   3   4    134    161
245   46   3    79    100
246   179   6    14    381
247   209   2    170    485
248   186   5    42    35
249   69   4    163    287
250   141   2    97    436
251   148   3    192    434
252   242   6    196    452
253   180   2    132    275
254   138   6    126    476
255   185   2    63    389
256   172   5    181    222
257   178   4    196    433
258   173   3    46    329
259   243   7    14    70
260   198   3    187    245
261   217   4    89    464
262   192   4    83    107
263   134   6    39    376
264   67   5    146    126
265   102   6    86    163
266   204   6    139    66
267   5   6    128    254
268   196   6    94    98
269   93   5    87    115
270   126   7    154    491
271   240   4    81    35
272   68   6    151    330
273   97   7    179    383
274   40   6    179    255
275   153   3    180    347
276   272   4    115    408
277   202   7    168    329
278   44   3    175    465
279   229   6    21    373
280   22   5    10    113
281   258   7    144    244
282   18   2    198    412
283   160   4    46    485
284   66   5    171    149
285   243   6    177    50
286   36   5    14    176
287   28   6    185    24
288   162   3    184    272
289   253   7    4    343
290   221   7    104    100
291   33   5    173    91
292   229   3    180    38
293   198   3    47    109
294   221   3    181    383
295   130   5    5    455
296   267   2    33    193
297   84   7    118    247
298   229   7    40    224
299   8   7    66    409
300   233   5    193    80
301   278   6    198    168
302   179   6    27    361
303   215   2    190    495
304   173   5    135    450
305   201   6    92    212
306   270   7    129    205
307   296   7    142    160
308   120   7    132    181
309   271   4    174    283
310   63   2    14    365
311   228   6    24    79
312   229   4    21    236
313   197   4    44    171
314   276   5    121    20
315   292   3    58    267
316   174   7    113    252
317   74   3    19    240
318   109   7    146    217
319   102   6    52    89
320   286   4    11    226
321   177   6    189    93
322   320   6    10    395
323   131   5    83    306
324   107   7    93    106
325   116   2    67    263
326   80   7    151    133
327   3   5    57    425
328   21   5    190    422
329   181   2    128    134
330   93   6    197    406
331   236   7    160    177
332   281   4    53    421
333   68   5    169    133
334   207   5    31    211
335   196   7    121    36
336   146   2    121    67
337   307   6    56    257
338   192   2    16    11
339   154   3    197    435
340   247   4    162    5
341   191   7    44    58
342   256   6    138    88
343   227   4    36    416
344   121   4    3    129
345   102   4    59    314
346   211   7    103    47
347   32   4    25    288
348   209   7    37    460
349   201   4    189    249
350   227   4    6    439
351   12   3    69    209
352   154   4    33    201
353   49   2    115    482
354   197   2    56    414
355   148   5    37    491
356   131   4    199    114
357   118   2    166    473
358   57   5    86    441
359   60   4    49    83
360   147   6    181    178
361   17   2    188    422
362   325   5    121    203
363   248   6    157    212
364   307   5    117    451
365   88   6    129    88
366   341   3    152    484
367   358   2    117    430
368   98   2    142    39
369   16   3    30    280
370   274   3    45    98
371   345   5    9    142
372   84   7    158    156
373   55   5    1    205
374   297   6    38    125
375   123   4    80    57
376   360   4    172    197
377   235   4    61    54
378   140   2    145    408
379   193   4    12    456
380   323   3    180    192
381   82   2    56    180
382   206   6    112    19
383   161   2    181    60
384   237   5    184    342
385   228   7    60    23
386   145   2    182    495
387   30   3    65    376
388   150   3    183    226
389   234   2    106    487
390   85   3    36    2
391   107   6    70    258
392   134   4    180    143
393   116   3    48    76
394   179   2    27    378
395   359   7    124    420
396   145   5    110    390
397   20   2    136    499
398   282   3    47    51
399   28   6    35    103
400   323   7    98    38
401   16   5    63    499
402   331   3    12    27
403   59   4    21    399
404   34   4    164    180
405   245   4    125    123
406   339   5    189    124
407   322   3    33    7
408   113   2    120    238
409   149   6    54    53
410   86   5    65    154
411   380   2    101    308
412   26   3    137    201
413   168   4    107    447
414   78   6    134    252
415   251   7    43    479
416   149   5    42    35
417   209   3    39    407
418   301   3    131    147
419   363   7    87    194
420   304   6    178    187
421   264   5    137    122
422   45   5    173    81
423   92   2    50    154
424   380   5    122    2
425   284   5    132    188
426   339   6    166    20
427   94   2    47    94
428   134   3    23    63
429   273   4    37    204
430   405   3    8    228
431   351   3    18    287
432   391   7    119    18
433   363   7    139    173
434   124   2    30    302
435   1   2    144    6
436   296   7    150    280
437   104   5    117    97
438   388   2    40    440
439   355   3    41    342
440   372   2    120    285
441   147   7    120    96
442   308   6    54    323
443   126   3    87    10
444   344   3    149    448
445   40   3    59    343
446   256   6    33    206
447   294   5    111    72
448   308   2    154    344
449   169   2    90    466
450   241   4    60    237
451   327   6    185    433
452   137   4    30    491
453   192   7    194    234
454   74   5    174    370
455   296   4    176    428
456   74   6    54    90
457   72   7    99    348
458   116   2    87    12
459   194   2    168    359
460   429   6    63    448
461   220   2    189    326
462   244   5    27    483
463   139   6    192    4
464   311   5    187    375
465   460   6    129    330
466   26   3    163    172
467   408   6    28    336
468   151   4    70    364
469   51   4    76    477
470   347   3    158    141
471   10   6    75    233
472   254   4    118    392
473   32   2    168    152
474   450   3    131    56
475   7   6    60    127
476   10   3    65    244
477   375   4    62    118
478   64   6    119    310
479   235   2    177    330
480   439   7    36    76
481   10   7    161    344
482   405   2    41    465
483   76   6    72    360
484   308   7    177    52
485   268   7    65    51
486   79   3    84    61
487   417   5    10    296
488   353   6    3    259
489   431   5    189    449
490   391   6    40    439
491   67   7    87    36
492   75   7    166    128
493   213   4    59    11
494   212   2    135    340
495   488   5    17    496
496   376   4    74    349
497   468   6    55    86
498   328   7    49    481
499   284   3    123    84
500   180   5    167    450
501   239   3    185    94
502   422   2    187    92
503   7   7    122    119
504   169   6    79    16
505   409   2    125    388
506   187   5    138    197
507   176   7    122    116
508   106   5    157    179
509   327   3    89    251
510   74   5    68    104
511   394   7    193    297
512   507   6    144    25
