1   0   3    17    40
2   1   6    155    142
3   1   5    126    321
4   2   7    192    10
5   3   4    55    400
6   3   2    34    442
7   1   7    96    27
8   2   5    142    246
9   5   6    161    68
10   8   2    54    50
11   6   6    65    190
12   6   6    196    376
13   1   2    97    264
14   9   5    130    172
15   9   5    197    295
16   3   2    119    464
17   15   3    136    443
18   14   4    51    432
19   17   2    108    212
20   3   6    168    90
21   13   6    150    321
22   1   4    31    145
23   8   4    38    405
24   18   5    17    288
25   3   6    78    440
26   12   4    26    224
27   6   3    121    463
28   5   6    94    284
29   2   4    114    257
30   9   5    71    375
31   14   7    93    230
32   6   6    23    80
33   28   5    124    298
34   8   2    177    447
35   10   4    147    88
36   5   4    173    89
37   10   3    150    56
38   15   2    191    28
39   25   4    107    76
40   26   3    15    17
41   33   7    166    439
42   34   7    188    341
43   19   4    127    327
44   4   2    6    75
45   32   6    23    16
46   37   5    12    208
47   36   5    17    17
48   32   7    77    316
49   42   6    194    123
50   47   2    40    29
51   15   6    91    88
52   8   6    85    132
53   1   2    157    430
54   19   6    74    232
55   13   6    41    280
56   52   7    27    414
57   27   3    182    85
58   10   6    186    319
59   32   5    99    26
60   2   7    42    217
61   20   7    63    320
62   46   4    158    421
63   32   7    136    7
64   61   7    97    426
65   47   4    13    361
66   2   5    145    16
67   54   6    54    331
68   25   3    84    177
69   19   7    34    433
70   47   5    64    348
71   24   3    115    145
72   28   7    173    54
73   22   3    170    80
74   48   4    143    296
75   7   7    98    331
76   24   3    163    220
77   11   7    87    234
78   73   3    132    117
79   66   6    122    468
80   25   2    142    112
81   57   5    156    339
82   56   5    115    210
83   75   2    188    88
84   28   6    81    414
85   52   4    169    46
86   18   6    175    306
87   44   4    19    100
88   42   4    125    334
89   72   2    150    206
90   18   6    81    387
91   29   4    146    114
92   34   4    76    54
93   74   7    97    208
94   84   2    149    71
95   77   7    70    105
96   56   6    48    204
97   63   5    117    26
98   73   6    15    430
99   24   7    71    61
100   81   4    155    409
101   60   6    63    205
102   76   3    1    100
103   57   2    93    390
104   99   4    168    496
105   55   5    81    172
106   21   2    154    384
107   8   3    111    488
108   52   3    37    294
109   74   5    115    463
110   52   6    20    7
111   109   6    58    265
112   2   4    98    109
113   54   6    157    319
114   78   4    40    481
115   16   4    7    75
116   42   5    154    250
117   27   5    82    24
118   58   3    157    80
119   104   5    103    66
120   42   5    21    409
121   70   5    89    490
122   42   2    18    362
123   73   5    38    113
124   58   5    88    187
125   72   4    99    255
126   97   2    5    285
127   59   5    114    360
128   34   4    75    57
129   40   6    155    36
130   10   7    131    281
131   7   3    125    487
132   96   2    178    476
133   93   2    9    350
134   28   7    126    288
135   33   6    19    413
136   36   4    132    429
137   9   2    148    6
138   66   4    1    159
139   22   3    73    278
140   93   6    146    433
141   114   4    186    46
142   100   4    192    460
143   86   4    177    298
144   99   3    28    199
145   30   2    13    281
146   89   6    20    468
147   117   5    28    270
148   18   6    32    325
149   46   6    17    312
150   126   5    89    139
151   136   2    21    249
152   24   6    188    12
153   103   7    87    405
154   99   5    144    476
155   98   3    38    438
156   48   4    28    211
157   131   6    75    394
158   5   4    156    467
159   79   3    124    424
160   146   6    188    209
161   13   7    161    67
162   122   7    42    439
163   38   5    111    330
164   94   2    178    228
165   108   2    133    280
166   104   3    58    73
167   98   7    18    422
168   94   2    21    275
169   19   5    51    63
170   80   7    31    387
171   38   4    45    243
172   16   7    83    461
173   19   2    47    178
174   46   5    81    257
175   67   4    142    466
176   138   7    127    60
177   61   4    83    3
178   111   3    76    306
179   127   3    88    243
180   83   2    78    129
181   27   2    31    299
182   160   4    95    106
183   16   7    81    422
184   8   4    158    205
185   52   7    55    85
186   39   5    23    4
187   26   7    158    231
188   47   7    110    289
189   60   7    191    105
190   129   5    115    131
191   56   4    189    475
192   43   2    124    212
193   66   2    148    194
194   2   6    145    127
195   20   7    73    302
196   42   6    85    65
197   90   5    149    432
198   115   3    5    32
199   40   7    67    198
200   2   5    113    119
201   145   5    89    331
202   126   3    3    235
203   100   2    132    65
204   63   6    16    77
205   137   4    98    236
206   92   6    24    279
207   68   3    168    392
208   34   6    29    307
209   153   7    140    202
210   94   2    101    3
211   112   7    158    161
212   151   2    197    291
213   122   4    106    111
214   112   3    73    3
215   130   7    190    189
216   67   6    12    10
217   189   7    9    57
218   79   3    191    357
219   47   5    152    162
220   124   2    44    478
221   41   7    91    37
222   214   7    148    224
223   206   4    106    209
224   181   4    183    341
225   33   7    42    489
226   124   3    87    196
227   67   6    119    69
228   90   3    74    115
229   45   3    87    447
230   180   7    18    124
231   91   3    97    181
232   76   6    108    254
233   169   3    84    332
234   192   6    120    123
235   217   2    198    69
236   14   7    110    148
237   151   7    186    482
238   63   2    158    89
239   188   3    196    284
240   106   3    64    244
241   183   6    37    26
242   173   3    129    486
243   88   6    5    126
244   201   4    148    444
245   6   7    108    38
246   34   7    185    148
247   30   5    43    457
248   161   5    52    112
249   211   7    60    229
250   94   6    111    89
251   20   3    52    196
252   178   7    10    244
253   17   5    75    98
254   137   4    193    235
255   223   4    127    481
256   58   2    105    284
257   35   4    88    270
258   174   4    11    137
259   231   7    149    115
260   192   7    76    300
261   246   4    147    25
262   254   3    177    287
263   171   3    170    410
264   113   6    11    181
265   25   3    12    381
266   176   6    158    264
267   172   7    189    159
268   12   5    21    25
269   235   3    84    306
270   45   6    46    42
271   246   6    98    493
272   65   4    149    364
273   52   7    46    120
274   79   4    170    311
275   238   7    93    153
276   127   6    25    315
277   131   5    34    284
278   65   4    169    405
279   149   7    87    71
280   255   6    85    163
281   20   5    118    73
282   46   3    104    271
283   98   2    128    202
284   131   7    104    67
285   109   5    100    471
286   98   2    197    202
287   271   3    135    38
288   117   4    126    210
289   80   5    176    45
290   187   4    36    406
291   188   4    90    301
292   9   3    143    53
293   60   2    17    389
294   182   6    166    229
295   289   2    62    188
296   79   4    16    394
297   223   7    62    372
298   116   7    26    365
299   263   5    125    52
300   182   2    117    270
301   89   2    72    250
302   138   7    198    422
303   62   3    99    123
304   290   7    15    380
305   137   2    101    34
306   132   2    72    199
307   77   2    128    424
308   291   3    27    10
309   260   4    81    229
310   35   7    136    159
311   269   4    171    414
312   65   3    79    178
313   15   6    155    238
314   53   2    10    213
315   35   6    133    487
316   187   5    99    20
317   83   3    74    285
318   292   2    104    472
319   18   2    196    150
320   75   4    191    274
321   273   3    169    23
322   235   2    190    40
323   181   3    96    174
324   54   3    94    161
325   206   6    169    323
326   91   4    41    166
327   90   2    4    354
328   119   6    146    307
329   290   5    185    270
330   221   4    192    221
331   172   5    123    136
332   129   7    135    135
333   33   3    100    480
334   173   4    195    405
335   144   5    128    292
336   86   4    45    447
337   311   4    154    390
338   289   6    110    372
339   178   4    123    384
340   37   6    8    12
341   30   5    11    337
342   233   7    83    437
343   302   6    58    418
344   45   4    16    414
345   98   3    197    361
346   244   4    127    355
347   135   3    103    234
348   192   4    41    363
349   313   6    73    14
350   265   7    35    466
351   37   4    98    55
352   17   7    141    97
353   127   2    127    104
354   123   5    187    381
355   228   7    169    305
356   91   5    121    239
357   5   3    52    189
358   251   2    42    420
359   89   7    111    497
360   58   3    140    65
361   344   3    103    397
362   166   5    15    4
363   285   6    51    275
364   26   6    37    238
365   237   4    58    98
366   69   7    174    235
367   94   7    166    133
368   41   3    149    90
369   358   7    1    450
370   361   4    178    259
371   147   2    163    301
372   328   3    108    82
373   255   5    71    167
374   305   3    56    390
375   98   6    163    285
376   291   4    78    168
377   6   2    77    22
378   350   4    89    449
379   200   5    74    127
380   89   3    65    63
381   259   6    195    23
382   136   5    153    433
383   307   6    61    55
384   370   7    136    240
385   243   5    159    243
386   208   3    191    78
387   25   6    28    439
388   106   3    84    427
389   110   4    66    378
390   214   5    156    180
391   83   2    146    174
392   230   7    195    17
393   41   7    72    316
394   44   7    149    72
395   361   4    114    66
396   228   5    6    362
397   120   3    119    327
398   264   2    107    489
399   260   3    29    201
400   134   5    188    377
401   242   3    96    188
402   98   6    188    261
403   46   3    40    471
404   120   3    177    416
405   91   7    82    399
406   170   3    69    483
407   132   3    35    293
408   336   6    157    97
409   40   4    8    467
410   294   7    48    355
411   108   7    1    431
412   306   6    98    469
413   169   3    66    356
414   27   4    56    382
415   326   5    163    375
416   349   7    134    410
417   415   4    16    100
418   149   6    158    447
419   219   4    4    369
420   310   2    118    115
421   71   5    47    97
422   224   7    13    434
423   130   5    140    367
424   68   4    140    149
425   200   4    107    446
426   423   5    3    33
427   69   4    17    142
428   196   6    6    200
429   422   5    119    74
430   426   2    177    35
431   404   7    92    92
432   284   2    61    21
433   76   5    18    204
434   385   4    95    171
435   350   7    97    295
436   343   5    110    266
437   82   5    188    329
438   421   4    94    103
439   201   5    80    370
440   280   2    138    439
441   217   2    107    331
442   114   7    125    125
443   225   6    56    338
444   224   7    132    230
445   154   7    48    433
446   261   7    55    65
447   350   6    78    124
448   173   4    44    27
449   438   4    30    449
450   402   5    47    47
451   206   3    11    108
452   19   5    63    52
453   162   7    27    165
454   69   3    155    276
455   270   6    64    355
456   192   4    156    165
457   83   6    112    476
458   425   2    64    269
459   340   2    101    251
460   313   3    156    102
461   81   7    68    146
462   207   2    70    275
463   82   3    183    33
464   221   3    94    452
465   30   4    100    14
466   234   5    40    66
467   151   7    120    28
468   216   6    150    370
469   138   4    93    484
470   235   2    191    160
471   374   3    171    264
472   429   2    50    36
473   380   2    138    363
474   17   7    49    172
475   149   6    21    250
476   344   2    14    319
477   17   6    38    281
478   357   5    142    275
479   126   2    161    291
480   104   4    168    221
481   176   4    120    103
482   128   6    62    360
483   67   2    107    119
484   481   7    97    248
485   326   3    154    104
486   447   3    165    250
487   163   5    99    124
488   21   2    121    125
489   178   6    56    389
490   40   6    188    418
491   244   2    118    498
492   125   6    21    343
493   323   2    19    237
494   396   7    96    345
495   208   5    131    299
496   26   4    31    299
497   325   2    1    399
498   466   5    40    347
499   349   6    181    497
500   143   2    153    206
501   442   7    75    331
502   25   5    144    125
503   465   7    153    457
504   38   2    148    192
505   144   7    138    146
506   233   6    157    11
507   215   2    110    32
508   45   5    46    461
509   392   3    2    240
510   57   6    95    450
511   210   5    145    286
512   319   2    8    351
