1   0   5    20    42
2   1   3    53    409
3   1   6    34    490
4   1   6    105    32
5   3   6    159    281
6   3   7    11    369
7   3   4    136    480
8   6   4    84    123
9   1   2    118    438
10   4   7    124    96
11   1   2    70    403
12   5   6    6    94
13   1   6    44    262
14   8   3    141    182
15   1   2    63    83
16   8   3    81    373
17   5   6    182    415
18   11   5    47    216
19   13   7    197    44
20   4   5    96    51
21   9   5    55    125
22   8   4    105    387
23   18   3    59    332
24   11   5    113    439
25   3   6    135    65
26   5   3    194    430
27   1   4    85    482
28   9   2    128    412
29   9   2    19    420
30   12   3    89    103
31   20   4    77    369
32   12   3    113    254
33   29   6    169    217
34   27   3    59    489
35   6   4    152    223
36   16   6    126    404
37   9   7    149    414
38   21   2    176    159
39   26   5    4    412
40   33   5    88    409
41   37   3    118    195
42   16   3    180    77
43   4   6    94    232
44   16   7    58    229
45   37   3    1    453
46   32   5    184    275
47   18   2    46    363
48   9   4    79    419
49   9   5    100    415
50   21   5    107    393
51   16   4    108    333
52   45   2    136    438
53   45   4    185    310
54   10   3    36    360
55   13   5    25    118
56   21   4    123    455
57   48   5    182    115
58   35   7    160    122
59   10   6    176    207
60   23   3    38    112
61   20   4    82    471
62   10   6    91    235
63   36   7    182    341
64   23   6    56    214
65   23   2    137    153
66   52   5    8    289
67   55   4    68    359
68   5   3    66    129
69   46   3    93    46
70   68   3    88    282
71   65   2    114    29
72   7   2    178    448
73   48   6    172    278
74   55   6    92    95
75   57   7    40    288
76   30   3    190    485
77   25   5    154    265
78   36   3    195    204
79   14   7    70    298
80   60   6    156    337
81   12   2    186    392
82   17   5    194    488
83   65   6    117    51
84   43   5    135    231
85   2   4    101    427
86   31   7    79    376
87   50   2    72    185
88   34   7    30    322
89   82   4    107    377
90   49   5    101    166
91   87   4    50    335
92   44   4    12    316
93   20   3    54    305
94   44   6    14    256
95   38   6    5    238
96   77   6    115    432
97   3   2    100    21
98   6   7    112    226
99   96   2    53    481
100   54   4    118    192
101   42   2    168    345
102   11   2    150    317
103   27   5    138    198
104   90   3    15    208
105   22   2    19    473
106   14   5    23    318
107   23   5    158    23
108   29   3    179    128
109   7   7    51    496
110   94   7    80    309
111   90   4    141    392
112   108   6    19    259
113   47   2    5    301
114   81   4    24    111
115   66   7    41    75
116   66   7    105    374
117   98   2    92    331
118   18   4    105    305
119   4   6    69    256
120   7   2    90    138
121   93   7    140    142
122   12   2    185    88
123   96   3    189    211
124   49   5    190    451
125   6   3    169    9
126   21   7    85    191
127   34   2    187    297
128   89   7    33    430
129   71   2    136    104
130   104   5    196    125
131   111   4    144    436
132   109   3    65    34
133   25   2    81    459
134   26   5    128    327
135   41   6    119    393
136   99   5    29    207
137   103   3    115    80
138   98   4    154    481
139   121   3    61    72
140   130   6    75    446
141   130   7    111    10
142   78   6    41    310
143   12   3    84    153
144   13   4    170    446
145   90   2    84    473
146   5   7    9    191
147   130   2    85    116
148   33   5    55    372
149   87   7    143    182
150   90   6    93    118
151   68   4    14    192
152   139   7    54    196
153   89   7    120    134
154   56   2    196    105
155   81   2    139    171
156   52   3    114    412
157   78   5    184    214
158   64   3    55    39
159   75   2    50    441
160   97   4    54    471
161   146   3    24    422
162   146   2    185    423
163   29   4    126    190
164   66   5    158    164
165   157   6    150    368
166   63   5    4    223
167   112   5    112    262
168   145   4    106    310
169   159   3    70    479
170   126   3    197    224
171   137   6    122    142
172   15   3    36    82
173   129   2    81    377
174   171   7    34    202
175   93   2    96    492
176   81   6    148    337
177   63   2    103    21
178   54   3    84    407
179   5   6    138    235
180   105   6    83    270
181   160   7    116    151
182   46   7    122    278
183   11   4    68    16
184   99   7    92    323
185   64   6    159    288
186   172   7    123    489
187   139   6    117    303
188   123   5    10    300
189   63   7    160    39
190   182   3    140    194
191   114   7    80    132
192   81   3    152    431
193   96   7    129    227
194   60   3    59    294
195   63   4    103    363
196   111   6    87    397
197   148   6    117    74
198   82   7    184    481
199   134   2    163    437
200   137   4    135    376
201   179   4    165    471
202   77   5    148    44
203   144   6    119    348
204   38   2    81    362
205   165   4    16    489
206   73   7    28    486
207   2   5    196    157
208   167   2    182    15
209   33   3    79    376
210   78   4    105    99
211   84   5    91    30
212   62   2    121    467
213   182   5    150    298
214   68   4    133    425
215   166   4    181    381
216   206   4    175    377
217   171   6    133    368
218   192   2    22    131
219   102   5    12    60
220   85   6    58    195
221   134   7    92    403
222   199   6    88    362
223   169   4    22    429
224   95   3    15    215
225   171   5    41    317
226   88   5    105    174
227   29   5    174    231
228   45   6    174    34
229   9   7    184    371
230   152   6    172    345
231   75   5    51    194
232   178   5    132    135
233   80   2    13    315
234   78   2    80    388
235   109   7    106    385
236   126   2    40    443
237   72   6    143    153
238   102   5    118    13
239   137   6    3    194
240   134   4    157    380
241   85   6    80    308
242   139   5    165    185
243   32   6    197    275
244   126   4    63    370
245   187   6    192    129
246   77   4    161    102
247   172   5    121    256
248   142   4    172    230
249   29   4    9    83
250   108   7    27    308
251   194   4    32    401
252   153   5    126    334
253   232   4    45    353
254   84   3    64    496
255   206   2    11    131
256   75   6    181    445
257   150   4    62    396
258   50   4    25    119
259   33   7    14    344
260   40   4    106    360
261   72   3    152    343
262   260   2    161    414
263   75   7    126    403
264   98   6    13    137
265   101   5    10    375
266   187   4    57    412
267   119   4    82    496
268   42   2    172    387
269   89   7    145    40
270   223   5    130    266
271   95   6    64    356
272   58   3    195    150
273   15   7    87    396
274   52   4    23    396
275   209   7    180    58
276   50   3    151    72
277   75   5    12    165
278   127   7    40    176
279   248   5    66    411
280   222   4    140    120
281   81   4    56    477
282   24   2    150    26
283   108   7    111    160
284   38   3    191    496
285   139   3    35    217
286   188   7    148    136
287   42   5    196    472
288   121   3    56    493
289   244   2    139    407
290   119   6    21    92
291   96   5    109    342
292   254   2    98    183
293   260   6    126    340
294   154   3    106    4
295   4   6    88    436
296   100   5    23    486
297   166   7    193    102
298   246   4    8    349
299   234   6    11    269
300   217   2    35    137
301   21   7    132    397
302   164   3    154    299
303   279   5    31    46
304   154   3    19    60
305   171   6    50    28
306   199   7    22    256
307   161   3    77    165
308   301   6    101    181
309   33   6    172    79
310   173   2    21    425
311   209   5    183    185
312   206   2    28    227
313   174   4    92    119
314   234   4    49    276
315   168   4    68    126
316   284   4    79    310
317   181   3    52    472
318   197   7    54    106
319   100   5    4    40
320   294   3    76    238
321   178   6    154    142
322   246   5    96    177
323   165   6    192    169
324   99   2    133    118
325   66   5    128    300
326   11   7    175    451
327   51   3    137    112
328   129   3    127    113
329   306   2    104    199
330   258   4    167    10
331   190   6    167    126
332   157   5    149    58
333   143   7    136    430
334   185   4    6    285
335   34   4    105    408
336   152   6    7    122
337   7   6    9    111
338   266   5    153    195
339   191   5    158    161
340   99   4    130    253
341   31   3    82    325
342   331   5    89    293
343   72   7    178    228
344   9   3    41    425
345   19   5    103    441
346   254   6    139    184
347   71   5    136    404
348   193   5    136    79
349   119   3    68    471
350   296   3    188    5
351   136   7    18    437
352   238   7    152    461
353   152   7    114    283
354   308   7    149    447
355   8   5    142    11
356   19   7    26    284
357   126   7    52    417
358   240   2    57    136
359   267   4    60    450
360   188   5    21    206
361   349   5    53    271
362   38   3    126    345
363   322   5    153    191
364   232   7    26    312
365   266   6    187    330
366   282   7    4    180
367   74   5    96    314
368   257   4    170    469
369   246   4    134    373
370   90   2    16    5
371   113   6    75    213
372   177   3    83    117
373   147   4    199    39
374   76   3    54    261
375   287   6    162    198
376   294   4    48    131
377   320   3    194    285
378   251   2    170    499
379   155   2    10    29
380   360   3    182    165
381   102   5    52    169
382   198   5    13    284
383   206   2    132    321
384   10   7    122    142
385   133   2    29    361
386   110   7    92    243
387   210   5    70    20
388   60   4    101    295
389   12   7    139    343
390   361   3    187    19
391   211   7    117    215
392   340   5    61    34
393   50   2    183    196
394   61   4    70    419
395   20   6    65    354
396   304   5    35    411
397   57   2    163    313
398   111   6    127    401
399   308   4    76    190
400   82   7    171    204
401   79   5    70    474
402   97   5    190    141
403   26   5    61    118
404   158   7    63    238
405   328   4    131    40
406   111   7    60    316
407   58   6    28    234
408   317   7    149    4
409   270   6    156    104
410   243   7    72    387
411   235   5    99    433
412   13   6    1    415
413   16   2    103    142
414   24   5    71    321
415   204   7    134    476
416   96   3    33    423
417   97   5    139    390
418   389   4    43    254
419   363   6    67    113
420   323   4    102    72
421   244   4    94    348
422   413   3    71    324
423   29   7    199    212
424   209   3    70    153
425   18   4    171    233
426   207   4    22    164
427   148   4    192    360
428   84   7    13    333
429   204   6    110    379
430   345   7    97    59
431   19   5    62    175
432   385   2    31    409
433   286   6    11    222
434   270   5    136    237
435   38   4    138    112
436   71   5    150    412
437   167   2    133    155
438   278   4    7    213
439   329   3    113    446
440   394   3    63    178
441   134   5    115    442
442   193   7    193    204
443   72   3    175    297
444   277   4    94    255
445   305   7    187    24
446   432   5    113    214
447   5   5    52    271
448   379   2    41    312
449   35   7    67    189
450   250   6    16    467
451   271   7    4    69
452   1   3    155    17
453   130   3    12    191
454   431   4    2    15
455   49   3    77    125
456   207   2    180    363
457   304   3    192    380
458   344   2    102    110
459   406   3    114    285
460   431   6    77    224
461   443   3    189    365
462   146   2    139    181
463   135   4    30    401
464   193   4    4    199
465   21   7    99    498
466   148   7    3    302
467   100   4    154    285
468   156   6    70    20
469   465   6    183    11
470   161   4    87    288
471   392   6    186    323
472   328   5    91    113
473   274   3    110    475
474   428   5    52    3
475   108   4    171    12
476   43   5    71    424
477   78   2    124    182
478   359   4    101    383
479   165   6    23    357
480   309   2    46    382
481   2   4    156    71
482   472   4    132    246
483   407   3    124    471
484   303   4    19    98
485   261   5    7    382
486   81   2    176    76
487   174   6    191    298
488   166   4    38    300
489   270   2    118    2
490   329   4    101    388
491   400   7    31    182
492   92   4    130    217
493   12   6    130    483
494   151   4    86    216
495   8   2    191    86
496   16   2    65    98
497   162   3    67    64
498   236   7    6    1
499   303   7    72    85
500   435   6    186    261
501   22   4    38    51
502   393   5    34    95
503   470   7    154    188
504   173   4    145    33
505   132   2    115    72
506   225   4    33    244
507   316   5    112    257
508   201   7    133    402
509   267   4    148    457
510   465   5    128    136
511   29   3    177    300
512   472   7    153    446
