1   0   7    28    36
2   1   7    196    259
3   1   4    152    333
4   1   5    114    249
5   2   7    191    162
6   4   4    188    163
7   4   3    160    415
8   5   6    21    279
9   2   6    118    416
10   6   4    154    190
11   8   5    79    289
12   8   4    181    421
13   3   5    179    63
14   4   6    63    285
15   5   4    79    225
16   2   2    56    433
17   4   7    27    56
18   13   2    190    415
19   15   4    176    250
20   6   6    168    442
21   18   5    8    55
22   5   6    151    100
23   1   5    167    106
24   8   5    100    482
25   2   6    161    210
26   1   4    5    53
27   10   6    44    99
28   24   3    72    35
29   5   4    99    48
30   18   4    94    199
31   22   4    51    295
32   27   4    25    261
33   1   3    47    364
34   1   7    171    204
35   7   4    77    103
36   19   4    8    308
37   30   3    50    52
38   13   7    105    286
39   16   2    78    323
40   19   3    27    401
41   30   6    31    102
42   23   5    196    457
43   1   2    73    205
44   41   6    44    225
45   13   7    135    241
46   39   2    165    338
47   2   4    9    304
48   8   3    171    189
49   23   7    26    332
50   29   6    157    166
51   14   7    101    317
52   4   6    4    410
53   7   2    26    62
54   37   6    171    251
55   4   5    139    22
56   1   5    2    487
57   37   6    168    494
58   12   6    170    20
59   11   3    73    444
60   53   2    194    328
61   7   3    160    89
62   14   6    183    461
63   57   7    58    482
64   39   6    85    273
65   41   7    140    344
66   51   2    137    350
67   14   4    11    258
68   1   4    62    269
69   9   7    85    55
70   67   7    137    166
71   32   5    50    465
72   38   6    72    218
73   39   6    181    299
74   21   6    89    54
75   60   3    90    146
76   61   6    81    466
77   9   5    23    467
78   12   6    51    113
79   25   5    131    60
80   57   4    57    79
81   40   3    199    194
82   61   2    184    110
83   34   3    41    284
84   36   2    78    270
85   46   6    185    463
86   64   4    6    176
87   13   3    129    102
88   69   3    26    9
89   69   7    12    388
90   43   7    54    277
91   84   5    26    240
92   30   6    176    138
93   71   2    61    444
94   40   2    158    266
95   75   3    183    19
96   28   2    63    268
97   1   6    159    357
98   6   3    82    186
99   65   7    139    47
100   66   6    41    86
101   98   2    134    464
102   23   5    158    232
103   22   3    101    312
104   24   5    102    362
105   49   7    15    350
106   99   6    150    15
107   23   4    143    272
108   45   7    86    241
109   102   5    107    432
110   52   7    187    152
111   27   5    74    289
112   72   2    48    84
113   30   2    32    388
114   18   4    131    211
115   88   5    35    321
116   64   2    38    458
117   77   3    161    97
118   74   5    178    122
119   80   4    9    323
120   27   6    146    476
121   96   4    167    96
122   7   6    50    13
123   14   5    71    159
124   33   4    141    244
125   106   6    160    29
126   94   4    45    248
127   125   2    121    497
128   68   2    5    495
129   5   3    44    402
130   36   7    154    53
131   16   3    64    258
132   16   2    113    25
133   108   4    17    391
134   102   5    11    395
135   34   3    143    326
136   69   2    190    280
137   1   2    13    25
138   20   2    89    161
139   81   2    167    261
140   95   5    148    224
141   58   5    33    357
142   38   3    137    22
143   59   5    172    202
144   47   7    181    430
145   113   2    191    278
146   73   3    133    155
147   20   7    137    156
148   83   2    89    260
149   70   4    114    352
150   122   2    73    485
151   65   4    55    20
152   85   5    138    359
153   95   4    11    308
154   36   4    180    477
155   107   2    70    430
156   35   7    171    391
157   148   5    186    253
158   20   3    127    410
159   84   2    36    394
160   66   7    105    87
161   66   2    100    219
162   143   4    169    339
163   78   2    186    311
164   122   7    87    126
165   41   4    112    163
166   151   2    58    290
167   43   7    90    298
168   93   7    169    163
169   44   7    96    233
170   15   6    154    370
171   131   4    157    304
172   142   6    192    340
173   109   5    132    447
174   125   6    26    242
175   94   6    38    454
176   10   4    132    127
177   166   4    49    117
178   136   2    160    39
179   19   4    114    124
180   164   2    147    157
181   69   6    114    335
182   160   3    83    390
183   136   2    159    63
184   84   7    198    20
185   81   3    171    314
186   116   6    26    28
187   61   5    151    394
188   60   3    121    97
189   174   4    153    171
190   92   4    78    201
191   98   5    161    439
192   134   2    31    272
193   145   4    74    203
194   21   4    189    392
195   38   2    180    93
196   11   7    83    127
197   11   5    143    430
198   109   4    107    28
199   192   3    79    21
200   182   4    68    16
201   87   2    100    11
202   185   3    16    442
203   125   6    153    323
204   99   6    143    15
205   47   6    110    249
206   129   4    185    480
207   204   4    7    262
208   119   6    26    16
209   140   4    163    203
210   141   7    196    438
211   154   3    147    416
212   30   5    70    246
213   18   3    84    450
214   175   3    127    421
215   95   4    144    231
216   11   2    70    58
217   39   5    188    62
218   138   6    188    90
219   45   7    68    486
220   208   3    83    370
221   219   5    166    484
222   205   2    146    284
223   108   3    108    17
224   176   6    144    166
225   17   2    123    448
226   164   6    89    100
227   8   2    55    177
228   223   2    112    457
229   160   2    75    261
230   20   2    74    410
231   16   7    72    147
232   1   6    7    291
233   203   7    122    127
234   101   6    177    472
235   201   4    151    465
236   22   2    154    339
237   215   6    158    345
238   11   5    80    88
239   130   4    189    464
240   108   3    29    70
241   87   7    41    292
242   237   5    68    313
243   218   6    28    197
244   99   5    63    168
245   89   3    103    161
246   105   2    80    427
247   172   4    103    186
248   66   6    31    53
249   121   7    194    412
250   138   4    188    495
251   113   6    151    403
252   187   5    175    98
253   183   2    82    366
254   124   4    18    79
255   134   2    64    455
256   147   4    125    195
257   207   2    15    340
258   118   3    139    33
259   23   7    14    424
260   57   2    191    339
261   236   6    89    387
262   247   2    114    490
263   245   5    198    181
264   61   7    48    492
265   111   5    14    262
266   258   6    51    93
267   37   7    21    169
268   181   5    123    272
269   8   7    85    100
270   161   3    20    281
271   167   3    36    100
272   244   6    184    181
273   155   4    150    409
274   12   4    37    449
275   245   4    152    148
276   203   3    96    94
277   124   3    130    436
278   104   4    141    330
279   74   6    103    139
280   238   4    38    387
281   1   5    4    201
282   197   5    40    131
283   265   5    29    315
284   48   5    177    119
285   210   2    196    253
286   79   5    160    90
287   92   3    101    19
288   265   2    13    144
289   22   6    60    194
290   131   3    73    204
291   129   5    154    321
292   237   4    194    352
293   25   4    4    135
294   78   4    131    269
295   197   6    74    175
296   182   6    154    249
297   156   3    115    282
298   43   6    122    362
299   250   2    91    445
300   248   5    81    183
301   94   4    152    437
302   92   7    84    230
303   213   7    171    212
304   86   3    17    300
305   138   6    138    208
306   263   6    162    315
307   238   4    136    449
308   219   3    2    48
309   205   7    10    212
310   148   5    122    149
311   44   5    27    144
312   178   5    53    343
313   247   6    47    392
314   167   3    117    111
315   280   2    191    25
316   27   4    156    93
317   221   5    67    295
318   196   6    102    204
319   26   3    192    328
320   195   2    26    15
321   281   4    102    78
322   159   4    180    489
323   299   2    83    492
324   292   7    127    21
325   182   2    107    107
326   162   3    162    173
327   28   5    109    75
328   321   6    115    211
329   73   3    181    453
330   269   6    17    411
331   155   3    85    379
332   120   6    68    70
333   95   6    21    13
334   251   3    196    201
335   38   7    65    316
336   192   4    161    192
337   152   4    143    24
338   63   2    128    453
339   77   5    43    472
340   102   4    24    202
341   250   3    9    140
342   182   2    47    349
343   283   3    89    439
344   291   6    6    447
345   88   7    109    181
346   245   3    43    129
347   3   6    68    288
348   187   3    164    363
349   112   7    8    342
350   324   7    159    241
351   169   4    93    45
352   30   5    180    437
353   247   3    48    6
354   174   7    2    273
355   206   7    157    411
356   280   5    63    459
357   133   2    92    355
358   24   5    63    185
359   325   2    159    281
360   72   7    76    230
361   114   5    44    436
362   11   5    15    356
363   53   4    149    91
364   276   4    182    239
365   4   5    188    214
366   124   2    132    355
367   206   5    9    54
368   113   3    152    139
369   68   5    49    107
370   53   5    2    45
371   243   3    66    261
372   307   6    45    257
373   21   4    86    321
374   168   6    129    27
375   56   4    12    176
376   187   7    33    131
377   104   4    88    99
378   374   3    38    114
379   332   6    13    37
380   325   7    81    220
381   307   6    179    27
382   343   4    125    185
383   48   5    45    360
384   293   4    154    263
385   260   2    12    455
386   353   6    163    193
387   167   7    7    245
388   279   7    188    281
389   113   4    135    474
390   195   7    121    84
391   42   3    45    376
392   366   6    107    308
393   387   4    8    202
394   147   5    47    63
395   215   4    11    310
396   182   6    164    485
397   368   3    44    330
398   378   2    43    84
399   144   6    156    380
400   86   5    77    341
401   140   7    29    322
402   13   3    57    499
403   310   4    41    38
404   77   5    74    71
405   55   4    153    334
406   149   4    53    10
407   378   4    66    126
408   335   5    3    459
409   124   6    38    254
410   248   6    95    173
411   289   6    115    152
412   327   5    115    39
413   252   5    50    87
414   278   5    15    49
415   64   2    173    251
416   400   6    117    365
417   355   2    119    317
418   180   3    5    69
419   316   2    24    230
420   376   3    77    196
421   366   4    40    222
422   395   4    50    262
423   337   6    3    254
424   272   2    19    231
425   249   3    23    427
426   395   4    73    209
427   138   5    157    440
428   344   2    128    223
429   246   4    121    499
430   31   3    10    208
431   87   6    126    17
432   83   4    127    490
433   197   5    114    370
434   117   2    126    340
435   410   7    13    285
436   21   6    191    17
437   88   5    150    124
438   134   5    124    100
439   294   4    198    325
440   225   3    188    134
441   251   2    80    263
442   267   6    162    216
443   439   6    170    213
444   61   3    167    74
445   341   4    39    180
446   213   4    139    125
447   412   6    33    416
448   319   6    30    414
449   103   6    155    307
450   263   3    43    345
451   169   2    68    128
452   145   3    162    44
453   246   2    64    160
454   226   7    135    248
455   379   6    105    376
456   58   2    109    439
457   202   7    112    67
458   410   7    42    298
459   271   5    188    152
460   102   5    2    450
461   362   7    161    450
462   252   5    189    260
463   374   2    28    125
464   89   5    106    283
465   234   3    133    306
466   371   5    116    143
467   101   2    48    429
468   191   4    162    400
469   266   7    196    214
470   239   5    53    64
471   466   6    102    480
472   285   2    131    96
473   140   3    38    303
474   120   6    129    47
475   367   6    167    77
476   354   7    191    244
477   215   3    183    57
478   430   7    192    4
479   169   5    136    244
480   312   6    166    454
481   406   5    188    396
482   6   3    131    388
483   8   2    45    58
484   16   2    142    168
485   192   6    35    309
486   415   5    26    176
487   58   2    156    269
488   477   2    36    121
489   65   6    190    409
490   22   4    62    124
491   392   4    60    421
492   7   2    9    139
493   177   4    116    152
494   171   5    42    143
495   224   7    97    374
496   167   7    153    4
497   411   7    139    129
498   423   7    37    119
499   36   7    141    119
500   101   2    122    374
501   304   3    37    485
502   456   6    113    74
503   48   4    77    438
504   1   5    75    395
505   257   2    77    417
506   287   4    40    256
507   152   6    6    118
508   428   4    149    309
509   16   7    68    296
510   19   2    89    304
511   3   4    191    242
512   427   2    44    483
