1   0   3    29    3
2   1   6    193    255
3   1   2    12    72
4   1   4    79    179
5   2   2    8    87
6   3   5    181    422
7   5   4    25    6
8   3   4    92    374
9   3   2    125    411
10   3   5    153    448
11   1   2    126    228
12   7   7    148    242
13   3   6    51    182
14   9   3    141    377
15   7   7    77    379
16   9   3    80    99
17   4   3    119    164
18   7   6    38    388
19   4   3    124    484
20   6   3    147    400
21   10   7    120    126
22   19   5    49    394
23   21   6    173    335
24   6   4    134    176
25   4   3    104    440
26   3   7    33    152
27   20   4    25    172
28   20   2    148    184
29   20   6    75    392
30   12   5    82    199
31   10   7    2    169
32   29   3    77    46
33   12   7    77    140
34   3   5    181    436
35   9   4    92    447
36   7   6    60    38
37   6   5    137    281
38   1   4    53    282
39   1   2    36    416
40   11   6    78    498
41   20   4    175    56
42   21   4    9    296
43   4   3    16    255
44   37   2    79    330
45   1   2    121    399
46   35   5    183    213
47   36   7    171    24
48   10   3    56    124
49   16   6    182    352
50   34   4    117    110
51   32   2    83    323
52   43   6    68    409
53   13   4    165    481
54   45   5    108    453
55   9   5    21    43
56   11   7    45    228
57   47   6    164    466
58   12   5    39    6
59   46   2    103    212
60   4   7    143    83
61   19   7    191    320
62   22   2    102    313
63   4   7    91    217
64   57   3    97    126
65   44   7    193    48
66   63   2    75    199
67   14   6    60    34
68   9   7    170    330
69   32   5    43    432
70   38   7    6    241
71   7   5    27    143
72   57   7    140    431
73   30   6    162    286
74   47   5    96    465
75   43   5    30    276
76   35   6    86    220
77   24   7    73    285
78   53   5    142    352
79   9   2    149    118
80   53   4    168    477
81   42   4    193    37
82   50   2    5    416
83   50   5    138    403
84   53   2    130    459
85   37   4    76    232
86   73   6    132    445
87   25   4    32    84
88   2   3    16    459
89   54   5    79    364
90   14   6    5    271
91   58   2    181    161
92   30   7    180    266
93   30   3    157    242
94   2   7    67    333
95   84   2    199    495
96   35   2    8    442
97   57   2    74    428
98   59   2    102    161
99   25   5    48    493
100   18   3    118    128
101   44   4    95    162
102   78   3    53    161
103   21   6    148    386
104   45   6    180    22
105   53   6    27    391
106   64   3    155    389
107   7   7    174    299
108   40   2    104    63
109   49   6    106    345
110   69   2    185    376
111   4   5    194    72
112   83   3    5    383
113   6   2    49    113
114   97   4    147    99
115   59   3    13    177
116   35   7    56    34
117   47   6    125    190
118   116   4    156    310
119   21   4    45    148
120   78   3    195    144
121   60   5    172    148
122   48   3    25    492
123   49   3    22    55
124   14   4    93    251
125   75   3    25    329
126   31   2    103    60
127   100   3    189    32
128   51   3    94    230
129   116   4    84    392
130   100   2    191    495
131   50   4    116    344
132   95   2    46    385
133   19   6    77    449
134   1   6    140    321
135   63   5    147    144
136   81   7    166    491
137   61   3    9    90
138   124   6    110    29
139   68   7    81    334
140   63   4    43    369
141   70   7    30    210
142   45   4    138    437
143   74   6    161    490
144   16   7    121    89
145   87   2    73    466
146   15   3    95    449
147   97   6    78    330
148   72   2    164    1
149   38   6    54    499
150   70   7    24    105
151   61   3    111    310
152   71   3    160    343
153   96   6    190    69
154   142   7    90    122
155   86   4    152    445
156   32   2    167    15
157   138   6    101    233
158   11   6    42    351
159   13   6    85    384
160   112   7    8    1
161   104   4    97    196
162   85   5    180    230
163   161   6    189    464
164   15   7    158    365
165   145   6    183    226
166   131   6    116    78
167   92   4    35    429
168   162   4    145    211
169   4   7    56    285
170   28   6    149    191
171   87   3    191    467
172   100   7    126    308
173   96   2    99    456
174   152   6    100    233
175   149   7    41    144
176   40   7    175    353
177   67   5    69    340
178   2   2    30    476
179   164   3    132    265
180   172   7    114    109
181   132   2    57    461
182   26   5    179    283
183   121   7    95    445
184   18   7    14    427
185   98   7    105    192
186   131   2    191    486
187   107   3    77    299
188   2   4    190    481
189   60   5    62    142
190   19   4    111    108
191   120   3    92    109
192   156   5    162    339
193   14   7    65    484
194   85   5    137    138
195   85   2    143    194
196   151   6    142    249
197   82   5    98    382
198   108   3    186    469
199   196   5    80    19
200   57   6    163    344
201   62   2    73    293
202   159   7    79    225
203   107   4    57    63
204   156   2    71    22
205   81   6    6    409
206   108   5    83    178
207   12   4    26    272
208   140   7    37    261
209   61   2    187    357
210   74   6    175    481
211   147   6    182    58
212   202   5    43    193
213   45   6    187    122
214   108   2    182    254
215   41   5    174    3
216   17   4    68    265
217   167   7    103    268
218   208   6    171    373
219   116   7    70    132
220   116   6    35    253
221   89   4    44    33
222   46   6    122    61
223   33   3    127    438
224   203   6    11    479
225   120   3    34    389
226   135   6    197    68
227   57   7    103    208
228   108   4    10    359
229   31   4    151    18
230   221   7    14    66
231   55   3    89    107
232   78   7    70    53
233   76   3    19    450
234   56   7    189    389
235   1   7    70    42
236   187   2    59    352
237   184   4    124    287
238   2   4    71    401
239   125   7    140    495
240   152   2    60    38
241   206   5    113    29
242   82   7    147    254
243   72   6    143    405
244   161   4    73    128
245   243   3    9    124
246   110   3    156    103
247   210   5    63    126
248   120   3    157    51
249   166   2    77    214
250   102   3    199    323
251   202   6    51    26
252   135   4    178    391
253   166   6    37    406
254   193   2    81    118
255   71   5    143    196
256   127   6    5    50
257   181   3    42    104
258   57   6    123    275
259   45   7    164    231
260   153   5    70    474
261   108   7    86    238
262   100   7    65    467
263   172   5    173    188
264   76   5    77    175
265   80   4    188    498
266   57   2    14    59
267   60   5    82    442
268   117   5    11    487
269   63   6    105    110
270   247   7    112    68
271   65   2    161    19
272   116   5    108    50
273   152   6    165    58
274   88   4    73    199
275   145   7    107    195
276   108   2    33    471
277   98   3    90    427
278   16   6    86    55
279   96   7    159    214
280   226   7    129    235
281   269   7    150    77
282   275   6    119    77
283   262   7    140    14
284   108   6    64    491
285   115   7    118    288
286   266   5    113    64
287   210   2    97    349
288   184   2    147    84
289   235   4    154    477
290   50   5    10    482
291   95   7    45    265
292   161   3    62    354
293   286   5    15    431
294   67   5    188    416
295   127   5    116    248
296   53   4    148    104
297   197   7    36    173
298   249   2    18    496
299   65   4    111    176
300   107   4    92    60
301   7   6    178    445
302   23   2    91    224
303   18   3    81    13
304   248   7    53    418
305   157   6    103    219
306   64   3    151    453
307   200   6    10    410
308   285   4    91    351
309   54   3    44    432
310   133   7    181    425
311   217   4    154    477
312   76   5    55    223
313   93   7    121    25
314   39   6    165    14
315   216   2    119    344
316   175   3    123    319
317   1   7    30    245
318   70   4    127    374
319   204   6    89    183
320   169   4    23    411
321   293   6    44    131
322   197   6    168    408
323   40   5    86    230
324   9   7    2    205
325   205   3    192    252
326   60   2    130    181
327   145   3    114    164
328   195   3    106    457
329   110   3    172    392
330   28   3    189    332
331   274   3    169    150
332   270   7    5    102
333   153   4    123    113
334   129   2    169    369
335   263   2    20    457
336   204   4    158    38
337   168   3    141    151
338   111   7    122    476
339   13   6    107    444
340   200   4    160    339
341   27   5    96    371
342   313   3    134    55
343   244   4    77    45
344   181   6    15    329
345   178   3    157    104
346   343   7    195    462
347   97   4    17    214
348   122   2    87    136
349   211   5    115    171
350   48   6    37    369
351   46   2    133    230
352   143   5    73    255
353   195   5    11    188
354   53   3    69    338
355   23   3    105    495
356   212   2    34    355
357   283   7    173    356
358   242   7    33    232
359   21   4    186    316
360   236   4    23    304
361   260   7    38    168
362   199   4    48    174
363   85   4    128    201
364   223   2    8    326
365   255   3    156    150
366   280   4    58    485
367   219   6    199    67
368   294   2    185    308
369   91   2    182    329
370   279   7    123    197
371   5   4    32    256
372   165   6    192    17
373   295   5    112    308
374   292   4    114    51
375   130   6    84    86
376   295   2    100    428
377   172   3    168    351
378   370   4    24    442
379   32   5    120    346
380   264   5    45    428
381   201   5    67    105
382   15   2    191    244
383   194   6    25    29
384   194   5    82    329
385   360   4    138    492
386   366   6    133    181
387   177   6    159    68
388   299   4    166    180
389   17   7    128    215
390   219   2    171    103
391   75   2    131    412
392   26   7    33    373
393   161   3    11    106
394   126   2    32    486
395   86   2    26    346
396   189   6    116    284
397   183   5    183    263
398   259   7    93    401
399   359   7    132    249
400   213   4    186    217
401   200   4    117    236
402   390   3    31    443
403   66   2    5    232
404   81   3    52    52
405   247   6    57    314
406   119   4    99    434
407   169   2    177    38
408   127   7    169    171
409   68   3    61    303
410   4   5    76    214
411   201   6    140    173
412   35   3    13    413
413   7   2    61    390
414   256   3    101    338
415   74   4    61    220
416   89   4    50    50
417   304   3    73    274
418   277   3    4    270
419   252   7    112    422
420   50   6    162    258
421   254   4    146    311
422   220   7    39    141
423   56   7    115    403
424   87   7    117    243
425   59   3    54    411
426   64   6    17    200
427   54   5    186    164
428   342   5    66    107
429   61   3    116    412
430   56   6    60    354
431   393   6    121    128
432   366   3    20    95
433   114   4    79    82
434   98   3    146    382
435   210   5    36    435
436   10   3    28    490
437   255   7    46    467
438   286   3    147    277
439   217   2    151    140
440   272   6    197    243
441   347   2    136    161
442   176   3    98    127
443   416   7    154    476
444   92   3    117    38
445   391   3    155    29
446   365   7    84    356
447   255   4    132    132
448   126   4    48    33
449   252   7    87    395
450   264   5    8    418
451   304   7    98    325
452   352   7    181    470
453   163   7    46    274
454   109   6    182    482
455   300   4    123    109
456   212   7    105    323
457   314   7    38    429
458   263   2    47    5
459   308   5    129    231
460   29   3    170    332
461   258   2    170    140
462   192   4    109    73
463   339   4    141    105
464   313   6    169    184
465   231   4    124    278
466   425   4    122    150
467   131   3    114    28
468   28   6    21    307
469   177   6    108    337
470   436   4    168    395
471   213   5    153    304
472   260   7    154    175
473   372   6    174    122
474   348   2    76    209
475   96   2    48    205
476   350   2    177    65
477   343   2    186    371
478   177   7    24    54
479   455   7    146    476
480   404   6    156    209
481   284   5    24    175
482   251   2    24    239
483   473   5    163    92
484   473   3    104    217
485   341   3    189    108
486   205   6    23    435
487   420   7    72    258
488   72   5    108    477
489   455   6    63    447
490   406   3    38    92
491   469   7    75    365
492   366   2    62    109
493   4   4    39    155
494   463   6    143    89
495   44   5    132    205
496   341   2    89    64
497   109   2    42    7
498   3   7    115    73
499   184   7    82    19
500   236   5    179    130
501   62   7    72    212
502   311   4    101    339
503   208   2    197    274
504   431   3    129    347
505   163   3    87    255
506   171   6    153    32
507   49   4    188    464
508   45   6    118    26
509   482   2    20    463
510   90   3    57    294
511   454   4    162    143
512   283   5    157    457
