1   0   3    12    35
2   1   4    36    475
3   1   4    166    435
4   1   3    132    17
5   3   6    37    357
6   1   2    168    342
7   1   4    117    74
8   5   2    30    219
9   7   5    9    380
10   6   5    127    299
11   8   4    82    17
12   7   2    176    169
13   6   3    159    20
14   3   4    167    189
15   1   5    103    447
16   7   5    23    195
17   7   6    169    88
18   4   4    112    33
19   1   6    39    400
20   7   6    171    394
21   1   6    89    433
22   12   4    91    378
23   11   5    89    5
24   17   5    17    145
25   16   7    80    490
26   23   6    142    329
27   19   6    158    45
28   19   3    85    166
29   4   3    41    281
30   28   4    167    238
31   1   6    103    304
32   11   2    149    133
33   10   5    162    467
34   26   7    119    204
35   6   4    165    479
36   2   5    164    270
37   4   3    43    439
38   36   3    18    459
39   36   2    170    53
40   32   2    24    181
41   31   3    169    412
42   15   3    12    335
43   27   6    93    348
44   40   3    50    419
45   35   6    143    278
46   3   7    118    455
47   2   3    82    146
48   4   3    101    103
49   11   6    161    7
50   45   7    193    389
51   46   5    105    99
52   41   7    133    203
53   2   2    86    65
54   15   6    22    144
55   40   7    74    429
56   6   7    69    106
57   39   2    119    10
58   5   5    136    170
59   17   7    55    384
60   47   4    182    178
61   4   2    120    296
62   41   4    102    226
63   23   5    77    338
64   56   5    192    490
65   7   7    8    184
66   64   2    55    278
67   45   3    152    187
68   1   4    151    235
69   53   2    193    270
70   57   3    52    153
71   8   6    102    100
72   11   3    28    121
73   17   3    152    161
74   68   4    192    182
75   9   3    3    350
76   19   6    83    56
77   63   2    145    147
78   8   7    38    230
79   66   5    78    83
80   74   5    104    155
81   63   3    11    379
82   62   6    97    108
83   59   5    54    314
84   81   3    96    386
85   45   4    34    354
86   58   4    43    484
87   77   5    150    9
88   81   6    27    226
89   75   6    78    385
90   35   5    188    140
91   43   5    24    90
92   19   3    147    37
93   40   4    60    254
94   32   3    173    293
95   23   2    74    163
96   76   6    6    297
97   43   6    96    5
98   39   4    152    144
99   91   3    93    59
100   31   5    3    381
101   34   2    111    168
102   14   4    148    123
103   81   7    24    476
104   14   5    130    332
105   102   6    156    47
106   74   5    7    253
107   3   5    178    163
108   59   3    136    237
109   20   5    92    346
110   68   5    181    9
111   28   6    157    348
112   66   5    162    91
113   22   5    69    341
114   51   5    51    461
115   45   4    191    269
116   107   2    132    418
117   59   4    71    231
118   115   3    79    453
119   25   2    28    133
120   55   3    143    191
121   10   2    25    159
122   14   5    124    101
123   95   3    33    335
124   38   6    2    89
125   39   2    5    114
126   68   6    97    180
127   84   2    107    482
128   19   2    42    289
129   55   2    189    78
130   57   3    43    354
131   127   3    195    218
132   26   3    146    208
133   8   5    177    375
134   45   4    163    242
135   54   3    5    270
136   117   3    144    401
137   83   2    140    425
138   75   2    113    46
139   94   5    157    126
140   9   3    24    478
141   35   7    158    434
142   110   6    27    240
143   111   4    174    4
144   125   2    126    117
145   90   7    34    32
146   60   3    162    241
147   35   5    125    308
148   31   7    150    161
149   20   6    104    337
150   92   5    64    94
151   75   2    14    411
152   3   3    169    170
153   41   7    142    420
154   147   7    174    345
155   30   3    156    306
156   27   7    63    467
157   101   2    186    342
158   102   7    170    391
159   94   2    14    343
160   12   3    110    413
161   78   6    65    288
162   117   3    107    332
163   115   2    189    359
164   100   2    170    464
165   77   3    132    107
166   32   5    137    477
167   80   2    18    246
168   68   4    65    80
169   16   2    22    481
170   46   7    79    396
171   167   6    104    394
172   4   5    48    108
173   168   7    41    442
174   50   4    34    286
175   82   5    56    412
176   168   3    125    227
177   26   4    36    58
178   85   2    137    308
179   71   2    108    194
180   54   7    30    387
181   33   4    108    184
182   6   5    18    177
183   14   3    5    113
184   174   2    95    42
185   50   2    52    242
186   167   7    78    486
187   157   7    119    437
188   61   4    18    370
189   35   7    151    109
190   14   5    56    221
191   171   3    44    162
192   59   6    94    339
193   174   5    102    10
194   129   4    131    278
195   177   5    169    30
196   138   7    67    40
197   30   4    74    259
198   157   6    76    2
199   99   3    126    261
200   112   4    129    479
201   118   3    79    131
202   43   7    55    359
203   21   4    189    204
204   60   2    67    76
205   70   7    93    494
206   179   7    172    184
207   159   2    76    163
208   38   6    112    248
209   3   6    126    33
210   80   4    126    162
211   60   5    110    292
212   15   7    80    306
213   27   2    187    375
214   94   6    107    194
215   27   4    167    312
216   6   5    2    324
217   214   6    172    408
218   150   7    96    353
219   119   5    115    37
220   213   3    111    316
221   54   5    170    5
222   101   3    105    59
223   190   5    58    299
224   101   7    174    348
225   162   7    79    311
226   115   5    88    140
227   138   7    148    78
228   207   4    145    35
229   199   3    87    99
230   6   4    167    33
231   143   5    7    289
232   165   3    94    322
233   196   2    72    269
234   206   6    159    199
235   19   6    149    372
236   6   6    138    319
237   180   3    24    256
238   61   3    140    416
239   229   4    1    332
240   58   3    10    395
241   155   4    88    394
242   64   4    199    300
243   175   2    154    92
244   7   2    107    182
245   185   2    164    147
246   144   2    120    275
247   127   2    181    142
248   218   4    49    285
249   67   6    154    462
250   120   5    107    482
251   100   6    96    290
252   61   6    129    476
253   172   5    112    430
254   5   5    134    478
255   115   4    19    60
256   43   7    86    451
257   176   7    127    128
258   255   5    159    48
259   229   5    170    396
260   153   2    51    143
261   219   5    35    293
262   162   5    7    132
263   58   3    128    273
264   38   3    4    70
265   179   4    69    244
266   241   5    2    196
267   191   7    41    45
268   219   4    146    39
269   85   5    198    137
270   37   2    32    16
271   121   4    188    208
272   162   5    180    220
273   6   2    64    457
274   232   4    10    381
275   48   5    140    204
276   191   6    162    386
277   172   6    79    75
278   92   2    192    392
279   110   3    105    187
280   158   3    62    36
281   55   7    174    19
282   10   2    34    391
283   143   6    170    316
284   249   3    5    197
285   109   3    180    86
286   13   2    66    207
287   32   4    123    350
288   28   2    13    468
289   225   5    39    13
290   163   5    163    354
291   1   6    14    36
292   229   4    164    244
293   21   2    6    275
294   57   7    22    269
295   35   6    34    55
296   290   7    76    121
297   64   5    177    347
298   72   3    66    326
299   178   7    71    146
300   277   4    108    445
301   58   4    132    124
302   250   2    28    126
303   145   5    111    472
304   26   7    81    393
305   290   6    47    160
306   200   6    6    73
307   75   4    22    161
308   158   4    79    199
309   301   4    25    15
310   9   2    88    48
311   77   5    57    292
312   182   4    42    344
313   304   2    189    98
314   207   4    55    286
315   219   6    71    439
316   254   5    86    155
317   276   3    136    73
318   118   4    154    452
319   125   4    133    207
320   167   3    109    87
321   120   4    106    386
322   251   7    23    266
323   267   4    158    350
324   77   7    84    217
325   185   2    141    251
326   184   5    185    58
327   218   6    112    74
328   316   5    189    7
329   253   3    163    300
330   132   7    11    330
331   178   4    57    21
332   165   7    161    190
333   191   4    78    10
334   9   5    131    477
335   1   7    192    298
336   334   2    22    179
337   198   6    77    419
338   54   7    122    164
339   269   7    8    203
340   261   5    182    140
341   147   3    189    99
342   252   4    29    122
343   127   3    17    188
344   254   7    94    58
345   196   5    85    400
346   127   5    58    257
347   125   7    105    434
348   310   2    67    112
349   20   2    31    162
350   233   2    35    314
351   110   4    30    249
352   173   2    36    65
353   200   2    52    433
354   287   3    33    104
355   168   6    77    221
356   285   3    171    243
357   353   2    125    381
358   168   3    153    19
359   316   7    119    257
360   357   4    158    331
361   231   3    165    359
362   182   4    21    91
363   275   6    184    384
364   75   7    38    2
365   242   3    97    16
366   236   7    102    328
367   136   6    24    336
368   76   2    175    4
369   227   2    158    229
370   367   4    66    435
371   264   3    116    380
372   269   6    59    461
373   356   4    149    414
374   347   4    29    280
375   289   7    62    237
376   273   5    156    146
377   169   6    129    489
378   8   4    72    360
379   303   2    164    377
380   232   6    5    162
381   73   6    174    336
382   101   3    154    187
383   24   2    158    318
384   224   3    85    340
385   382   2    52    77
386   150   5    171    135
387   67   2    117    183
388   11   4    188    73
389   190   2    54    483
390   99   4    38    321
391   72   7    79    103
392   32   6    13    184
393   382   5    121    196
394   119   7    76    187
395   333   4    183    62
396   290   7    32    73
397   125   4    198    310
398   146   5    111    155
399   372   7    53    17
400   329   4    95    481
401   245   5    153    107
402   346   2    178    143
403   45   2    29    479
404   131   7    32    228
405   354   6    178    334
406   123   4    15    371
407   59   5    52    478
408   208   6    48    82
409   143   2    164    38
410   56   6    110    486
411   320   6    24    17
412   345   3    138    269
413   326   5    44    453
414   116   2    84    332
415   205   6    26    335
416   31   3    176    455
417   237   4    193    323
418   239   6    144    225
419   399   5    105    169
420   156   5    1    413
421   14   6    119    435
422   131   7    110    76
423   267   7    189    87
424   149   2    97    252
425   166   3    128    234
426   225   5    81    430
427   79   5    24    172
428   90   4    33    445
429   227   3    165    259
430   185   2    80    153
431   400   3    147    295
432   321   5    44    388
433   362   4    36    243
434   286   3    111    165
435   343   3    186    181
436   426   4    130    101
437   37   2    32    401
438   167   5    78    324
439   151   5    13    119
440   102   3    16    388
441   202   5    101    349
442   148   5    172    372
443   165   5    13    489
444   223   4    142    309
445   273   4    179    6
446   317   3    49    468
447   19   5    117    131
448   438   5    122    234
449   434   2    10    316
450   189   6    9    357
451   2   5    121    383
452   368   5    17    491
453   431   6    92    415
454   306   6    25    2
455   390   5    97    442
456   29   5    101    227
457   19   2    21    139
458   58   2    141    466
459   290   4    78    332
460   409   5    120    328
461   444   6    121    388
462   421   7    133    418
463   191   3    153    378
464   213   4    33    413
465   224   7    76    314
466   71   7    149    68
467   374   2    51    386
468   199   7    4    116
469   74   4    10    464
470   403   7    144    397
471   60   2    134    249
472   406   5    198    237
473   237   3    142    399
474   438   6    116    201
475   166   7    12    133
476   352   7    108    462
477   63   2    41    5
478   301   4    5    165
479   300   5    94    494
480   201   5    96    78
481   263   4    39    377
482   274   7    19    296
483   64   4    170    450
484   154   5    164    387
485   450   3    53    179
486   352   7    151    198
487   285   3    97    242
488   48   7    167    172
489   41   5    126    40
490   350   7    70    267
491   122   7    174    142
492   481   7    63    32
493   77   4    78    172
494   72   3    19    343
495   56   3    11    196
496   463   7    79    410
497   261   3    113    102
498   329   4    86    441
499   404   7    3    485
500   90   6    9    295
501   244   5    67    407
502   298   3    110    144
503   181   6    12    380
504   445   6    82    380
505   454   6    88    329
506   428   6    4    346
507   209   5    48    261
508   165   3    167    162
509   507   3    16    74
510   235   4    59    199
511   402   7    107    336
512   383   4    87    104
