1   0   6    15    23
2   1   3    119    414
3   1   7    185    345
4   1   7    55    411
5   3   3    146    392
6   2   5    139    265
7   3   4    46    357
8   3   2    133    327
9   7   4    192    110
10   8   6    143    305
11   1   7    21    169
12   8   6    5    147
13   3   6    39    321
14   8   6    18    233
15   8   7    144    462
16   11   4    129    26
17   15   4    79    10
18   3   6    141    21
19   10   5    38    405
20   15   5    184    40
21   19   2    88    244
22   20   2    185    286
23   4   2    139    204
24   15   7    61    488
25   13   3    32    291
26   20   7    147    204
27   19   7    114    187
28   20   6    157    440
29   25   5    104    260
30   22   6    58    172
31   23   2    64    78
32   7   2    149    139
33   29   4    65    381
34   22   6    148    205
35   26   4    96    287
36   18   7    102    381
37   26   7    125    71
38   5   4    46    242
39   30   5    43    307
40   31   7    110    79
41   15   7    89    45
42   31   7    51    77
43   7   4    89    91
44   3   2    63    240
45   28   7    48    72
46   36   2    131    274
47   5   5    30    56
48   36   7    79    355
49   21   6    124    181
50   43   2    168    318
51   23   5    85    213
52   42   2    99    488
53   46   5    40    65
54   15   7    92    149
55   12   6    26    136
56   29   6    151    10
57   50   3    115    233
58   12   2    170    158
59   35   5    173    56
60   19   6    91    108
61   58   3    59    289
62   58   2    70    93
63   29   4    81    39
64   8   6    193    351
65   22   5    7    476
66   14   7    11    308
67   40   3    133    433
68   49   5    188    248
69   43   5    169    372
70   56   3    28    318
71   27   5    110    258
72   54   7    63    405
73   40   5    64    381
74   71   7    149    145
75   20   3    152    403
76   50   4    70    131
77   7   2    23    222
78   73   4    160    441
79   1   4    5    15
80   57   3    6    272
81   59   3    3    495
82   17   6    122    391
83   16   3    172    292
84   81   7    63    112
85   53   7    70    180
86   67   3    32    53
87   59   4    100    121
88   6   6    72    294
89   19   7    106    215
90   44   7    176    499
91   69   5    17    426
92   38   4    132    361
93   80   6    70    33
94   52   5    79    9
95   59   2    194    51
96   22   4    163    370
97   75   2    81    175
98   72   6    66    153
99   24   3    82    97
100   13   3    61    41
101   78   4    17    116
102   27   7    167    414
103   57   3    71    391
104   45   5    143    284
105   81   7    44    171
106   60   3    187    66
107   82   5    52    53
108   42   3    197    114
109   95   3    180    329
110   82   7    83    21
111   73   4    23    99
112   89   4    61    69
113   8   4    123    216
114   73   3    124    122
115   80   6    98    371
116   66   2    173    176
117   92   6    44    145
118   115   2    192    169
119   55   2    80    81
120   16   4    190    151
121   87   7    184    235
122   16   2    50    83
123   64   7    33    314
124   36   6    139    397
125   35   6    140    439
126   9   4    179    83
127   100   3    112    470
128   42   6    42    453
129   3   3    135    319
130   23   2    10    109
131   124   3    179    41
132   93   5    96    390
133   87   3    151    312
134   14   5    57    464
135   17   4    10    277
136   97   2    114    459
137   55   7    162    395
138   22   5    64    205
139   21   4    155    494
140   135   2    150    188
141   54   7    133    122
142   101   3    159    404
143   16   5    117    431
144   50   5    1    115
145   48   3    188    235
146   97   3    94    49
147   45   5    90    221
148   49   2    158    304
149   30   5    30    10
150   45   7    101    85
151   23   5    131    105
152   56   4    155    330
153   72   4    34    311
154   46   6    104    347
155   89   6    186    56
156   56   6    75    464
157   96   4    32    239
158   106   2    173    49
159   70   7    39    258
160   39   2    118    153
161   99   5    133    454
162   88   4    39    236
163   95   2    146    50
164   131   6    77    283
165   92   7    161    452
166   92   5    35    349
167   117   7    27    39
168   128   3    179    239
169   105   3    104    340
170   159   3    47    146
171   73   2    13    94
172   18   7    4    395
173   94   7    125    343
174   152   4    66    92
175   87   2    118    141
176   118   4    24    454
177   24   5    145    398
178   103   4    104    203
179   131   3    35    196
180   158   5    128    197
181   73   6    55    34
182   32   3    98    124
183   140   5    87    192
184   106   4    63    273
185   128   3    92    334
186   29   2    7    265
187   59   3    43    10
188   176   6    111    352
189   94   2    18    334
190   61   4    93    174
191   26   6    50    62
192   183   7    2    77
193   6   4    98    36
194   54   3    188    279
195   27   4    85    339
196   66   4    139    414
197   167   2    120    104
198   88   2    94    350
199   196   7    106    454
200   186   3    50    436
201   176   6    158    298
202   118   5    79    219
203   148   3    33    66
204   66   3    39    207
205   48   4    141    410
206   146   4    84    191
207   61   3    39    215
208   118   4    119    219
209   183   7    197    277
210   39   4    145    478
211   46   6    192    426
212   55   2    71    125
213   79   6    158    295
214   157   7    92    37
215   34   4    143    382
216   24   4    38    141
217   33   5    49    469
218   95   4    2    334
219   102   7    54    320
220   16   6    80    209
221   151   5    12    366
222   64   7    21    186
223   86   4    55    145
224   64   2    13    354
225   179   2    190    219
226   44   6    48    188
227   113   5    183    329
228   18   3    84    487
229   24   2    87    429
230   150   6    132    370
231   185   6    143    293
232   106   6    146    415
233   24   6    82    170
234   231   6    113    332
235   179   4    159    316
236   218   2    184    471
237   214   3    81    492
238   27   3    180    426
239   4   4    53    326
240   158   6    101    178
241   170   2    183    128
242   88   4    188    114
243   218   5    36    108
244   16   4    74    227
245   34   6    100    407
246   221   7    180    468
247   151   6    85    79
248   198   5    195    249
249   98   4    40    78
250   97   6    131    318
251   235   4    79    441
252   58   5    176    351
253   124   4    10    477
254   78   4    103    91
255   229   5    37    58
256   238   2    31    124
257   149   6    131    220
258   165   7    12    416
259   158   7    145    476
260   54   5    176    451
261   219   2    39    44
262   127   4    84    319
263   138   7    85    105
264   147   7    82    140
265   230   5    106    324
266   47   2    40    166
267   38   5    1    329
268   71   2    169    144
269   56   2    26    175
270   4   6    17    137
271   41   2    192    292
272   1   7    180    304
273   227   2    168    217
274   189   4    101    327
275   75   3    9    420
276   271   6    14    489
277   174   5    37    169
278   128   6    46    471
279   72   6    128    465
280   1   5    32    355
281   193   4    175    451
282   256   6    155    117
283   124   5    155    413
284   117   6    84    11
285   84   2    94    199
286   145   5    127    412
287   86   3    156    42
288   12   7    82    335
289   120   4    146    249
290   243   6    76    399
291   165   5    131    142
292   213   5    188    352
293   161   6    48    443
294   78   2    72    342
295   5   5    58    224
296   14   4    10    364
297   70   3    82    448
298   63   6    30    459
299   53   7    32    381
300   281   2    78    96
301   130   6    80    397
302   70   4    91    156
303   287   3    180    172
304   101   7    59    427
305   68   6    49    23
306   28   6    77    61
307   217   7    87    420
308   256   4    185    419
309   81   6    146    16
310   107   5    132    186
311   76   3    49    355
312   192   3    167    323
313   241   6    181    441
314   33   3    21    148
315   238   5    182    466
316   241   4    118    74
317   107   2    120    140
318   130   6    55    154
319   86   5    146    72
320   120   6    175    56
321   198   7    17    215
322   136   6    167    141
323   191   2    90    224
324   206   7    148    426
325   22   3    185    391
326   255   2    46    395
327   46   2    95    365
328   325   7    50    458
329   287   7    93    54
330   100   3    35    246
331   87   5    79    33
332   283   2    88    206
333   81   6    188    406
334   236   2    20    40
335   248   6    27    40
336   105   6    48    337
337   36   4    65    103
338   61   4    130    59
339   49   6    21    454
340   46   3    149    69
341   160   2    65    320
342   265   2    121    92
343   42   3    186    2
344   271   7    9    331
345   338   7    27    170
346   51   6    115    474
347   148   5    117    17
348   301   5    72    218
349   209   5    89    461
350   254   7    160    42
351   344   3    40    26
352   175   3    163    498
353   210   5    59    419
354   36   7    100    61
355   123   2    99    25
356   324   2    192    249
357   143   6    48    277
358   219   4    7    333
359   196   2    44    370
360   328   3    172    292
361   241   4    143    22
362   338   2    87    33
363   316   4    173    385
364   307   5    85    262
365   204   5    74    417
366   174   7    175    221
367   116   4    43    346
368   214   2    27    328
369   317   7    46    92
370   331   5    94    430
371   340   2    96    76
372   249   5    21    221
373   267   4    7    401
374   179   5    70    283
375   373   6    135    319
376   46   7    153    110
377   368   3    107    345
378   331   2    75    405
379   166   3    182    428
380   278   4    171    111
381   358   6    17    481
382   334   2    54    446
383   229   2    113    238
384   217   5    136    219
385   310   4    83    279
386   244   3    57    322
387   261   4    4    245
388   148   4    17    231
389   300   3    137    190
390   311   4    197    67
391   308   7    81    470
392   374   5    45    220
393   356   5    24    70
394   255   3    183    294
395   233   3    186    440
396   221   6    28    55
397   98   4    106    206
398   238   7    110    225
399   375   6    53    93
400   360   4    18    201
401   153   5    162    222
402   392   5    40    284
403   332   2    130    116
404   35   6    66    155
405   401   3    35    468
406   71   7    134    241
407   266   3    65    211
408   205   7    25    347
409   272   2    7    170
410   292   3    14    419
411   336   3    194    256
412   69   2    5    461
413   92   2    23    77
414   400   6    183    110
415   350   5    73    390
416   147   3    171    139
417   57   4    157    88
418   338   7    71    143
419   144   5    57    69
420   252   5    4    83
421   332   6    76    202
422   408   3    166    425
423   101   5    187    31
424   340   4    80    385
425   136   7    180    361
426   288   2    91    457
427   224   4    147    485
428   378   2    33    9
429   149   7    111    207
430   299   5    73    493
431   348   7    77    347
432   307   4    39    468
433   221   6    81    354
434   25   5    4    147
435   432   2    61    442
436   251   4    133    71
437   102   6    26    128
438   129   4    7    278
439   337   6    147    241
440   85   5    100    395
441   431   7    116    410
442   415   7    95    327
443   70   2    141    9
444   374   3    60    313
445   88   5    159    173
446   122   2    2    282
447   41   3    133    151
448   20   4    158    159
449   256   7    95    87
450   57   7    94    251
451   338   2    69    366
452   173   5    8    393
453   2   3    15    120
454   310   6    153    492
455   63   6    37    467
456   66   6    166    372
457   108   4    3    62
458   73   5    184    298
459   18   6    155    178
460   290   2    169    211
461   56   3    7    304
462   145   7    186    465
463   322   5    167    36
464   270   5    26    57
465   294   7    137    17
466   429   2    8    291
467   164   3    128    22
468   393   2    165    444
469   420   5    106    49
470   3   6    79    229
471   139   5    48    333
472   132   4    136    480
473   456   2    140    49
474   353   4    69    107
475   407   4    160    495
476   334   5    126    243
477   380   6    67    50
478   86   3    87    491
479   261   4    66    34
480   223   4    68    24
481   183   6    100    379
482   367   3    143    498
483   259   4    161    286
484   272   3    70    228
485   57   5    12    407
486   216   4    25    152
487   460   6    15    307
488   181   5    116    98
489   43   2    189    198
490   305   7    171    418
491   340   5    46    103
492   338   4    47    244
493   193   3    20    174
494   16   7    1    202
495   217   5    19    315
496   236   7    171    363
497   299   6    70    384
498   462   4    121    425
499   326   5    51    460
500   391   5    41    232
501   405   5    59    14
502   190   6    89    229
503   140   3    20    172
504   252   5    150    133
505   222   5    10    140
506   219   3    57    134
507   39   5    111    283
508   210   5    79    246
509   252   3    38    388
510   333   4    108    334
511   481   2    58    368
512   296   3    197    403
