1   0   4    17    12
2   1   3    111    434
3   1   3    80    152
4   2   3    43    247
5   3   4    99    447
6   1   4    42    243
7   1   4    187    483
8   4   6    187    151
9   2   6    178    275
10   5   6    155    451
11   8   7    43    96
12   6   3    28    176
13   6   2    5    398
14   11   7    171    124
15   6   5    81    15
16   1   4    41    33
17   5   3    123    65
18   1   2    132    78
19   7   2    15    54
20   9   2    171    150
21   11   4    123    332
22   7   4    90    276
23   5   4    8    405
24   8   5    39    231
25   7   3    43    129
26   8   4    185    72
27   22   6    126    219
28   2   3    178    499
29   18   7    98    381
30   15   3    23    368
31   21   2    50    424
32   7   7    69    127
33   1   6    178    158
34   4   4    60    189
35   3   2    59    228
36   8   6    183    413
37   18   4    111    459
38   36   6    171    137
39   7   4    167    355
40   9   7    67    209
41   12   2    65    203
42   35   6    106    476
43   36   5    165    432
44   28   5    184    153
45   18   6    65    277
46   15   2    94    44
47   33   7    89    15
48   8   6    162    406
49   23   5    90    477
50   40   7    191    409
51   17   2    67    37
52   39   7    70    21
53   6   5    4    249
54   49   2    153    165
55   24   6    74    146
56   23   7    88    129
57   28   3    19    119
58   41   3    90    179
59   15   2    16    469
60   48   4    128    324
61   23   2    46    385
62   9   7    96    453
63   42   4    9    344
64   15   2    49    12
65   6   7    145    248
66   34   3    101    462
67   39   6    12    80
68   14   3    72    25
69   56   2    44    256
70   27   2    31    113
71   7   7    32    209
72   37   7    92    48
73   46   4    25    252
74   38   7    34    254
75   52   6    31    129
76   3   6    51    104
77   29   2    121    215
78   26   7    131    377
79   35   6    95    56
80   38   4    172    383
81   66   4    75    106
82   36   4    175    370
83   9   7    147    389
84   24   5    5    303
85   71   5    80    179
86   15   6    35    182
87   41   7    76    6
88   71   5    136    325
89   73   3    52    467
90   33   5    50    194
91   89   7    90    130
92   72   7    86    420
93   35   5    178    231
94   67   4    46    89
95   40   3    95    244
96   59   3    189    117
97   79   5    126    428
98   72   7    137    490
99   79   7    59    240
100   67   2    45    368
101   40   7    95    184
102   33   5    164    486
103   98   7    26    96
104   45   2    62    350
105   100   3    176    305
106   78   3    41    470
107   55   2    165    268
108   97   2    15    78
109   78   2    144    40
110   103   3    59    129
111   40   2    6    412
112   42   4    6    347
113   58   3    116    444
114   17   5    41    430
115   22   3    65    490
116   102   3    135    342
117   62   7    177    90
118   54   7    12    371
119   71   6    182    268
120   45   6    32    327
121   50   2    20    245
122   19   6    47    70
123   10   5    120    245
124   105   5    37    105
125   13   6    9    206
126   114   2    23    92
127   6   4    46    395
128   40   5    51    319
129   33   7    20    228
130   106   5    151    373
131   57   6    161    147
132   125   3    116    162
133   111   2    149    47
134   90   4    112    100
135   14   4    67    39
136   58   3    146    209
137   122   6    3    329
138   15   6    198    45
139   116   2    193    129
140   1   7    178    139
141   15   3    112    135
142   95   5    191    182
143   33   2    81    232
144   112   6    41    431
145   21   3    166    377
146   135   4    49    252
147   34   4    116    470
148   83   2    108    332
149   10   6    42    373
150   61   3    33    153
151   60   5    159    153
152   31   7    115    291
153   135   4    147    307
154   63   2    29    476
155   144   5    64    423
156   3   4    76    325
157   86   3    41    459
158   48   7    179    297
159   18   4    146    99
160   101   2    50    463
161   80   5    58    296
162   35   5    195    14
163   27   4    123    265
164   85   5    37    119
165   149   2    24    3
166   39   6    75    12
167   123   5    77    173
168   144   7    164    327
169   166   5    73    367
170   123   7    51    1
171   166   5    115    386
172   93   3    168    365
173   64   5    76    127
174   82   4    177    403
175   117   6    141    196
176   121   5    160    244
177   52   7    102    407
178   114   4    57    432
179   144   4    152    39
180   135   7    85    168
181   79   2    40    179
182   27   5    146    126
183   103   5    64    368
184   77   7    15    487
185   84   6    190    87
186   11   4    85    23
187   38   7    14    54
188   126   2    180    66
189   90   2    58    166
190   170   4    3    126
191   152   7    195    20
192   169   5    38    447
193   3   3    6    264
194   69   5    109    228
195   160   4    53    270
196   57   3    14    317
197   157   5    153    21
198   59   7    163    332
199   180   2    85    288
200   70   4    183    348
201   127   5    31    233
202   1   4    135    152
203   111   6    151    327
204   197   5    21    94
205   25   2    128    18
206   83   2    114    453
207   64   2    33    473
208   7   7    101    34
209   151   4    158    229
210   13   3    81    127
211   190   6    73    488
212   79   6    163    448
213   137   3    159    345
214   189   6    162    405
215   67   3    65    292
216   173   6    148    424
217   15   2    43    240
218   106   5    113    286
219   152   2    194    391
220   77   5    25    362
221   27   3    2    1
222   103   2    80    134
223   98   3    6    278
224   66   7    128    392
225   201   4    120    161
226   39   6    197    443
227   47   4    41    456
228   148   2    102    122
229   83   5    45    431
230   127   3    95    72
231   72   6    8    126
232   12   4    85    306
233   154   7    55    70
234   51   2    88    408
235   70   2    188    428
236   18   6    5    108
237   69   5    184    459
238   189   5    123    397
239   92   3    95    2
240   81   7    8    168
241   185   4    186    224
242   170   2    65    209
243   105   4    164    445
244   159   6    51    277
245   235   3    188    445
246   150   3    129    399
247   6   5    143    408
248   108   5    95    203
249   221   6    173    2
250   138   6    144    154
251   65   5    119    346
252   206   2    139    1
253   228   2    75    326
254   62   4    29    327
255   247   5    28    220
256   153   7    77    201
257   210   6    169    349
258   115   3    34    128
259   31   4    6    121
260   84   6    53    494
261   209   2    84    82
262   48   7    52    280
263   131   2    120    222
264   178   4    27    464
265   80   4    35    397
266   73   5    107    345
267   63   7    88    499
268   185   6    84    495
269   22   4    74    61
270   92   4    65    249
271   239   5    8    248
272   235   2    130    251
273   238   3    132    105
274   262   7    58    365
275   255   2    12    155
276   198   4    192    430
277   18   5    14    249
278   167   7    118    229
279   89   2    170    97
280   23   7    63    153
281   123   3    94    54
282   165   6    190    448
283   227   2    72    451
284   95   6    174    30
285   159   4    159    25
286   189   4    134    481
287   123   6    56    323
288   205   2    142    23
289   92   4    31    420
290   156   2    13    165
291   283   7    128    413
292   235   6    114    36
293   1   6    17    181
294   66   3    190    347
295   160   4    106    352
296   5   4    16    417
297   156   6    37    144
298   171   3    14    220
299   57   6    175    342
300   222   3    128    179
301   30   4    172    123
302   194   3    77    239
303   94   5    96    257
304   71   7    39    212
305   26   4    196    81
306   216   6    56    112
307   18   6    81    175
308   121   3    165    468
309   231   3    51    20
310   170   4    39    325
311   201   6    91    34
312   163   4    67    392
313   15   5    190    424
314   115   5    127    292
315   1   5    56    432
316   196   5    158    312
317   259   3    35    151
318   296   4    176    300
319   144   3    25    413
320   145   6    66    244
321   67   7    141    382
322   37   2    65    253
323   267   6    11    458
324   92   3    8    156
325   166   7    121    124
326   61   4    46    290
327   24   6    11    370
328   155   3    21    177
329   312   5    135    113
330   273   5    5    67
331   32   6    118    220
332   44   7    126    431
333   238   7    184    250
334   181   4    20    296
335   319   5    152    456
336   172   4    170    315
337   95   7    43    378
338   8   4    12    405
339   113   3    99    199
340   257   6    138    104
341   339   5    142    361
342   225   7    7    63
343   224   6    60    442
344   215   3    105    273
345   234   5    42    376
346   123   5    123    265
347   197   4    32    327
348   41   7    97    29
349   291   7    16    439
350   24   4    19    89
351   83   2    103    415
352   261   6    14    126
353   229   3    139    395
354   299   5    134    327
355   184   4    165    481
356   260   5    129    326
357   244   2    17    42
358   236   5    130    36
359   99   3    117    349
360   169   6    143    89
361   119   6    27    239
362   125   3    198    58
363   282   3    193    38
364   346   4    103    390
365   68   6    134    114
366   15   6    38    128
367   224   3    169    392
368   228   5    169    488
369   85   4    178    243
370   217   6    135    373
371   24   4    158    258
372   241   7    23    278
373   4   6    140    242
374   144   4    40    360
375   103   5    69    97
376   53   2    125    5
377   84   2    178    26
378   71   4    42    335
379   7   4    93    439
380   4   5    155    428
381   343   7    167    458
382   295   6    3    231
383   170   5    60    238
384   27   6    174    220
385   63   6    57    324
386   238   6    25    142
387   193   2    145    479
388   107   4    188    33
389   273   6    167    274
390   112   4    109    110
391   19   5    58    457
392   141   6    169    409
393   143   6    198    389
394   298   4    125    186
395   116   6    190    81
396   87   6    49    311
397   330   6    24    150
398   384   2    64    67
399   177   5    51    275
400   328   4    84    106
401   362   5    1    299
402   344   3    2    176
403   58   2    12    41
404   223   2    100    255
405   296   6    192    381
406   61   5    162    278
407   147   7    22    299
408   30   3    126    181
409   343   3    106    240
410   306   7    175    334
411   384   6    160    498
412   238   2    190    453
413   143   7    59    350
414   373   5    8    424
415   232   3    28    88
416   25   4    50    125
417   389   7    96    449
418   75   4    127    45
419   226   5    116    153
420   72   4    126    264
421   164   5    184    107
422   63   6    26    139
423   139   5    12    393
424   366   3    180    353
425   389   5    188    396
426   177   3    171    496
427   63   5    55    70
428   154   4    118    9
429   218   6    114    82
430   99   3    72    387
431   313   2    105    169
432   335   6    54    349
433   6   2    193    227
434   73   2    128    41
435   256   3    170    169
436   333   4    8    43
437   353   2    116    353
438   246   5    143    223
439   297   7    18    176
440   416   4    106    107
441   160   7    64    34
442   43   6    69    400
443   31   7    195    54
444   40   5    82    69
445   412   5    122    139
446   428   5    25    354
447   355   3    106    385
448   132   4    2    67
449   365   6    113    333
450   215   7    103    28
451   38   5    183    38
452   107   4    31    29
453   6   7    20    182
454   71   4    45    33
455   236   5    191    387
456   411   6    43    442
457   426   2    62    54
458   91   3    160    30
459   272   2    140    246
460   180   7    1    178
461   343   5    60    52
462   345   4    18    467
463   192   6    143    301
464   226   7    129    83
465   60   4    188    254
466   123   2    72    2
467   249   4    150    437
468   270   4    7    386
469   398   2    170    150
470   200   7    24    104
471   109   3    82    371
472   144   2    92    359
473   112   7    183    466
474   417   5    120    183
475   85   2    103    488
476   32   6    124    142
477   1   3    63    407
478   118   3    186    74
479   349   6    63    432
480   251   2    88    279
481   14   2    26    236
482   352   6    44    43
483   339   5    102    331
484   451   6    17    36
485   292   5    122    324
486   107   7    67    50
487   232   2    61    148
488   433   4    168    170
489   241   2    197    417
490   441   4    21    422
491   168   6    157    413
492   395   3    43    332
493   280   4    82    382
494   438   7    120    153
495   389   2    114    355
496   74   4    97    469
497   445   2    129    168
498   237   3    161    337
499   66   3    180    118
500   346   3    103    279
501   161   4    68    375
502   472   5    75    496
503   5   3    143    22
504   206   7    33    447
505   415   3    155    1
506   257   6    53    167
507   459   3    18    115
508   23   7    130    263
509   44   3    72    163
510   112   5    195    261
511   460   2    38    44
512   181   6    146    131
