1   0   3    19    45
2   1   7    43    484
3   1   2    5    30
4   1   5    1    402
5   1   7    93    289
6   3   7    47    188
7   1   2    119    287
8   5   3    146    84
9   6   4    170    15
10   1   3    183    60
11   1   6    87    226
12   1   6    133    233
13   3   3    185    19
14   12   6    62    370
15   6   6    88    449
16   4   2    3    360
17   14   7    99    163
18   14   5    81    445
19   12   4    54    346
20   16   5    50    449
21   7   3    195    134
22   14   5    81    6
23   18   3    147    445
24   9   6    83    226
25   11   6    186    239
26   6   3    33    369
27   4   3    175    386
28   18   5    116    363
29   12   4    82    304
30   17   6    184    433
31   17   4    112    117
32   7   7    114    380
33   22   2    147    189
34   1   2    11    206
35   32   3    1    367
36   10   4    83    179
37   18   3    11    94
38   34   7    66    331
39   15   2    25    133
40   7   5    47    445
41   34   7    48    30
42   1   7    94    315
43   19   4    36    303
44   28   4    138    204
45   5   5    98    311
46   12   3    101    360
47   14   2    67    89
48   40   2    143    291
49   37   6    147    292
50   5   5    109    152
51   2   5    114    412
52   20   5    1    286
53   9   4    144    427
54   17   4    156    17
55   6   2    173    375
56   41   7    104    196
57   19   6    43    274
58   15   6    168    200
59   14   7    142    30
60   46   5    94    434
61   16   6    21    99
62   36   2    117    423
63   13   4    55    487
64   24   7    99    442
65   18   5    188    45
66   35   4    119    369
67   43   5    161    4
68   50   3    119    170
69   44   4    136    497
70   14   6    43    319
71   45   3    43    185
72   25   3    181    185
73   68   6    3    421
74   47   4    155    396
75   68   6    173    359
76   53   5    21    27
77   63   5    53    418
78   58   4    126    228
79   35   4    45    119
80   29   6    171    188
81   53   6    159    478
82   31   5    98    59
83   59   3    79    488
84   28   5    78    302
85   2   4    51    144
86   5   3    10    142
87   34   7    147    307
88   23   7    61    94
89   29   7    185    47
90   58   4    104    256
91   48   3    1    161
92   87   6    66    153
93   81   3    64    223
94   80   4    157    415
95   11   4    174    440
96   92   2    72    227
97   27   2    118    434
98   78   3    188    156
99   26   6    166    88
100   95   5    131    378
101   18   3    14    100
102   49   4    135    99
103   88   6    39    440
104   84   4    4    164
105   20   3    1    115
106   91   2    111    494
107   102   2    142    79
108   53   4    176    325
109   105   7    85    4
110   60   3    189    273
111   66   7    98    352
112   52   5    40    499
113   98   4    98    471
114   106   3    23    342
115   5   4    108    331
116   72   7    62    391
117   46   4    53    173
118   22   5    56    417
119   24   2    112    457
120   50   5    174    414
121   10   4    130    243
122   50   3    108    418
123   73   6    18    433
124   100   6    72    310
125   117   7    18    171
126   3   7    53    14
127   10   2    106    69
128   18   2    46    483
129   65   6    187    223
130   100   2    56    63
131   36   2    36    469
132   108   5    20    169
133   24   4    179    249
134   62   4    143    217
135   4   6    81    367
136   71   7    80    483
137   68   7    78    301
138   108   2    133    252
139   114   3    97    475
140   60   3    16    216
141   44   3    37    168
142   33   7    61    136
143   112   4    19    447
144   38   7    133    297
145   133   2    36    143
146   49   2    189    218
147   11   7    35    165
148   67   7    4    94
149   99   5    77    451
150   119   6    176    360
151   149   7    100    475
152   39   5    177    420
153   100   3    173    299
154   133   6    87    38
155   134   3    168    349
156   38   3    40    367
157   78   2    99    327
158   28   7    22    164
159   3   7    188    432
160   64   2    10    269
161   2   7    113    275
162   90   2    138    330
163   133   3    55    64
164   101   2    28    74
165   142   6    87    450
166   99   4    130    37
167   155   6    26    252
168   13   4    41    164
169   117   4    106    496
170   83   6    168    411
171   132   7    87    412
172   29   7    85    229
173   98   5    102    420
174   118   6    107    493
175   59   2    130    150
176   102   3    134    427
177   159   5    185    192
178   167   6    165    97
179   152   4    184    382
180   146   4    85    358
181   77   2    113    237
182   19   3    69    12
183   35   4    38    404
184   175   2    167    204
185   174   7    55    57
186   132   7    75    259
187   45   3    192    389
188   151   3    132    419
189   98   2    106    8
190   57   4    85    193
191   140   4    44    210
192   14   4    120    153
193   45   5    191    186
194   44   3    167    270
195   24   4    122    120
196   142   5    63    95
197   53   5    18    185
198   84   7    62    51
199   92   2    119    228
200   79   6    37    140
201   191   3    163    123
202   138   7    92    29
203   170   4    159    463
204   142   4    17    382
205   68   3    186    350
206   23   7    109    131
207   199   3    91    376
208   133   6    187    93
209   52   7    129    333
210   8   6    131    15
211   20   4    63    387
212   84   6    125    188
213   125   7    71    79
214   115   7    20    420
215   67   4    22    428
216   28   7    19    353
217   207   2    35    90
218   155   7    197    53
219   11   4    161    83
220   213   7    36    415
221   162   3    157    490
222   73   2    107    284
223   119   6    32    239
224   71   7    86    497
225   222   7    123    310
226   105   5    71    211
227   89   2    53    437
228   41   4    53    498
229   209   2    84    58
230   202   2    60    427
231   5   4    14    450
232   181   3    118    198
233   118   6    7    468
234   110   6    59    213
235   144   5    99    181
236   31   7    130    348
237   145   5    158    449
238   106   3    61    445
239   234   5    171    471
240   154   5    47    222
241   217   4    178    487
242   228   5    180    437
243   239   6    55    317
244   142   7    199    31
245   51   5    133    250
246   208   7    141    279
247   17   6    126    141
248   97   5    115    197
249   136   7    146    360
250   80   5    186    481
251   41   4    83    250
252   106   7    43    339
253   108   5    65    291
254   183   4    70    290
255   103   5    116    470
256   173   2    195    54
257   220   5    143    487
258   158   6    37    187
259   29   3    191    278
260   177   2    81    482
261   134   5    72    423
262   46   2    79    28
263   52   7    3    120
264   165   2    91    5
265   71   3    134    191
266   203   7    8    87
267   184   4    14    399
268   132   2    123    338
269   235   3    129    120
270   62   4    143    102
271   242   5    15    277
272   217   4    62    266
273   234   2    194    387
274   130   5    96    127
275   208   5    91    455
276   86   3    6    7
277   170   4    96    225
278   31   6    54    90
279   276   3    8    224
280   132   7    70    253
281   86   4    51    321
282   148   2    183    151
283   198   6    7    270
284   266   7    165    108
285   62   7    79    145
286   206   4    67    366
287   24   2    26    33
288   59   4    75    60
289   70   2    135    195
290   119   7    152    266
291   276   4    51    69
292   102   4    17    297
293   93   2    86    384
294   281   5    75    314
295   180   3    168    415
296   20   7    121    55
297   141   5    191    94
298   67   5    54    93
299   237   4    110    167
300   199   5    94    193
301   149   6    11    233
302   119   4    23    303
303   64   5    163    472
304   200   6    168    302
305   20   2    173    338
306   128   4    143    411
307   56   6    160    130
308   255   6    62    52
309   166   6    21    251
310   256   7    7    56
311   218   6    156    191
312   236   5    198    118
313   157   4    122    366
314   172   5    53    69
315   39   5    194    238
316   267   3    137    344
317   132   5    104    309
318   280   2    15    70
319   174   6    7    490
320   277   5    49    444
321   181   2    27    62
322   67   3    118    35
323   259   2    88    117
324   61   2    30    156
325   111   7    145    479
326   278   2    52    230
327   112   2    132    334
328   162   2    63    259
329   294   7    99    448
330   116   2    153    117
331   283   7    141    17
332   236   7    182    169
333   201   7    197    338
334   242   6    169    351
335   196   6    77    124
336   115   7    118    337
337   8   7    55    446
338   157   7    1    97
339   38   2    96    58
340   107   6    108    404
341   87   3    108    52
342   169   6    99    78
343   339   7    115    45
344   93   3    149    98
345   73   2    129    434
346   26   5    104    454
347   179   7    120    390
348   178   6    189    15
349   154   6    95    406
350   7   7    31    497
351   80   2    69    158
352   309   3    41    380
353   303   5    192    246
354   322   6    15    84
355   152   5    166    361
356   93   6    1    7
357   257   6    65    370
358   349   4    59    18
359   36   6    133    175
360   101   2    106    90
361   272   5    144    78
362   51   6    27    148
363   272   4    56    363
364   34   6    58    94
365   252   2    109    10
366   79   2    88    32
367   264   3    112    18
368   289   7    174    194
369   207   5    18    12
370   175   3    169    390
371   133   4    109    79
372   111   6    1    374
373   182   3    61    79
374   148   6    152    205
375   60   6    135    297
376   153   6    161    372
377   31   4    51    470
378   259   7    111    147
379   296   2    191    261
380   223   6    145    136
381   56   4    147    218
382   172   3    74    148
383   269   4    123    434
384   159   2    184    190
385   236   3    64    331
386   338   3    93    220
387   76   3    37    363
388   178   6    2    74
389   306   4    79    448
390   139   6    31    171
391   128   7    45    497
392   389   5    39    59
393   136   3    3    166
394   72   7    31    217
395   146   3    21    113
396   207   5    2    3
397   46   6    95    268
398   294   5    88    267
399   397   7    88    450
400   114   4    79    110
401   335   6    155    161
402   159   2    191    56
403   136   3    48    341
404   285   6    101    270
405   263   5    128    72
406   342   2    193    317
407   282   3    177    195
408   46   6    123    405
409   262   6    4    215
410   78   5    128    377
411   308   3    76    436
412   240   7    172    174
413   9   4    153    86
414   81   4    155    405
415   320   7    186    293
416   245   6    134    174
417   26   3    97    165
418   299   5    29    438
419   160   7    60    330
420   29   5    170    287
421   362   2    186    155
422   72   3    149    236
423   250   7    148    445
424   7   4    22    44
425   393   6    100    82
426   165   2    123    370
427   223   5    160    161
428   414   7    137    131
429   379   2    32    224
430   193   4    35    263
431   232   3    36    122
432   118   3    8    89
433   408   7    92    330
434   9   3    52    184
435   30   4    82    390
436   34   4    172    274
437   335   2    132    97
438   252   6    183    488
439   282   2    120    212
440   346   7    156    60
441   293   2    158    101
442   235   7    60    298
443   373   7    88    369
444   97   5    194    198
445   304   7    147    220
446   389   4    30    41
447   40   6    48    3
448   178   7    66    349
449   213   3    172    17
450   34   7    168    86
451   20   7    55    223
452   301   4    73    445
453   343   7    87    335
454   112   4    81    34
455   328   6    115    169
456   293   5    114    315
457   195   5    92    90
458   408   2    131    225
459   364   7    62    245
460   283   7    49    465
461   205   7    48    174
462   225   7    65    83
463   110   4    122    95
464   47   6    164    55
465   241   7    43    267
466   332   4    191    364
467   286   4    126    399
468   138   7    19    166
469   254   4    130    325
470   67   3    96    308
471   311   7    52    238
472   94   7    139    494
473   310   2    121    46
474   20   5    60    371
475   20   5    147    327
476   255   4    130    469
477   86   5    2    304
478   386   7    110    276
479   149   6    2    173
480   288   2    3    264
481   127   6    32    385
482   451   3    32    421
483   470   5    142    327
484   374   6    75    347
485   410   2    58    117
486   126   6    75    369
487   223   3    22    267
488   274   6    104    118
489   278   5    56    311
490   212   4    150    290
491   115   7    153    334
492   23   4    197    17
493   301   7    141    14
494   240   3    85    92
495   110   2    30    84
496   78   3    86    485
497   389   5    26    61
498   180   5    80    413
499   41   5    50    450
500   85   6    118    103
501   393   3    11    132
502   4   2    93    497
503   264   2    67    271
504   268   7    21    475
505   48   5    77    391
506   146   2    162    253
507   410   3    66    453
508   466   4    183    240
509   337   6    169    281
510   197   3    54    88
511   491   4    35    145
512   393   7    176    70
