1   0   3    24    6
2   1   5    62    339
3   1   5    121    233
4   1   7    107    220
5   2   5    6    153
6   3   5    60    11
7   4   5    4    80
8   5   7    78    360
9   4   3    128    402
10   4   3    95    145
11   5   4    43    105
12   6   2    85    133
13   3   5    171    213
14   10   4    24    491
15   3   3    135    55
16   5   2    75    187
17   7   6    61    183
18   4   6    174    120
19   13   7    39    121
20   8   2    178    349
21   16   7    150    474
22   13   4    18    19
23   6   2    25    105
24   9   3    66    56
25   15   2    9    454
26   19   3    74    269
27   7   2    167    304
28   18   7    56    47
29   6   5    131    428
30   10   6    43    418
31   25   3    29    355
32   26   2    17    464
33   3   5    179    349
34   23   3    36    257
35   28   3    57    354
36   6   2    136    382
37   4   3    46    199
38   33   5    160    371
39   24   5    20    5
40   11   2    181    149
41   7   6    18    50
42   19   2    159    387
43   4   7    42    325
44   8   3    152    337
45   22   3    133    191
46   44   3    14    328
47   28   2    83    469
48   17   5    37    261
49   39   2    79    9
50   11   6    54    405
51   29   2    27    395
52   16   4    147    396
53   50   6    15    283
54   31   2    1    104
55   31   5    167    413
56   19   6    115    95
57   45   5    23    88
58   39   5    189    362
59   21   2    141    244
60   47   7    22    167
61   10   6    155    290
62   49   3    190    364
63   31   5    41    132
64   37   7    146    13
65   37   3    70    479
66   30   3    165    290
67   17   6    144    27
68   23   4    32    12
69   36   2    143    51
70   11   5    155    92
71   61   6    154    313
72   54   6    180    187
73   27   5    29    377
74   47   4    144    51
75   43   7    68    413
76   12   5    164    495
77   12   5    89    281
78   41   3    197    245
79   20   7    114    348
80   72   2    85    41
81   51   5    176    432
82   30   2    53    88
83   5   4    33    48
84   80   6    63    185
85   26   3    100    458
86   26   7    180    34
87   13   4    19    419
88   40   4    8    282
89   59   2    156    98
90   14   6    40    354
91   62   2    143    27
92   90   6    196    427
93   88   4    173    469
94   56   4    2    388
95   93   7    22    159
96   46   4    94    189
97   8   2    171    266
98   23   4    45    326
99   35   2    102    211
100   63   7    180    164
101   64   5    162    193
102   58   7    134    184
103   78   2    115    315
104   64   2    176    292
105   80   2    107    232
106   33   5    141    136
107   60   6    118    331
108   87   7    141    374
109   103   2    8    286
110   71   7    59    279
111   81   7    111    131
112   58   7    27    420
113   7   5    195    364
114   18   2    182    247
115   94   5    191    199
116   107   6    96    171
117   60   3    197    181
118   42   5    85    209
119   22   3    194    495
120   24   6    115    476
121   68   5    13    66
122   33   3    122    58
123   101   6    186    349
124   67   7    154    379
125   86   7    93    141
126   24   7    13    357
127   103   5    135    162
128   86   7    162    134
129   77   5    79    108
130   111   3    94    447
131   124   2    169    137
132   89   6    102    381
133   16   5    42    190
134   56   2    28    383
135   125   4    124    229
136   67   2    57    54
137   11   6    61    252
138   20   5    86    26
139   51   7    23    161
140   88   3    162    100
141   46   3    20    64
142   114   2    8    492
143   109   2    147    230
144   39   6    120    106
145   40   5    125    435
146   141   7    137    457
147   111   3    184    305
148   41   6    158    214
149   59   6    156    211
150   136   3    113    39
151   80   2    28    437
152   44   7    75    37
153   150   6    114    483
154   75   3    74    396
155   68   7    181    238
156   127   3    157    272
157   99   6    172    272
158   18   7    126    493
159   55   4    166    225
160   64   7    47    344
161   101   5    110    440
162   113   7    11    103
163   149   5    129    99
164   161   2    11    55
165   2   7    97    299
166   149   7    84    90
167   124   6    9    342
168   105   5    78    177
169   46   7    42    134
170   103   7    84    163
171   11   6    69    23
172   102   2    86    437
173   93   3    189    19
174   14   2    129    251
175   171   7    31    275
176   52   3    180    244
177   55   7    116    73
178   81   4    90    455
179   7   3    133    384
180   93   7    96    106
181   157   2    192    492
182   15   5    29    165
183   116   2    131    90
184   54   6    141    127
185   115   7    94    479
186   22   5    164    118
187   39   7    113    52
188   49   7    43    141
189   118   7    163    72
190   161   6    194    384
191   9   4    147    46
192   138   4    1    302
193   107   4    62    447
194   87   7    179    231
195   28   7    188    312
196   175   7    170    100
197   55   2    87    231
198   28   4    141    114
199   89   5    160    148
200   102   4    142    22
201   9   4    184    450
202   86   4    142    350
203   129   6    182    322
204   139   6    189    345
205   70   5    177    269
206   81   2    1    27
207   55   7    159    285
208   60   3    143    464
209   120   7    76    132
210   3   5    124    243
211   171   7    161    130
212   154   3    20    67
213   68   5    191    468
214   3   2    54    76
215   151   6    121    22
216   72   3    17    198
217   157   5    60    363
218   107   5    108    1
219   103   6    27    98
220   22   6    128    126
221   28   3    92    339
222   21   7    72    142
223   200   5    127    490
224   17   3    197    496
225   18   4    186    268
226   118   2    62    221
227   203   3    112    14
228   203   5    92    43
229   17   7    171    362
230   48   3    193    22
231   78   6    42    403
232   34   7    150    364
233   129   7    78    261
234   21   6    54    410
235   46   2    16    185
236   53   7    22    150
237   96   7    118    339
238   187   4    142    143
239   148   4    152    440
240   139   6    5    7
241   201   2    21    477
242   27   4    54    297
243   77   2    117    219
244   171   2    48    391
245   112   5    98    388
246   15   6    28    463
247   54   4    192    200
248   182   7    177    443
249   243   3    4    201
250   209   4    188    216
251   103   6    148    158
252   5   5    5    392
253   245   6    132    242
254   179   2    161    222
255   46   7    70    128
256   33   3    178    458
257   103   3    100    102
258   77   4    193    82
259   225   3    126    432
260   198   2    25    458
261   97   7    44    381
262   229   2    173    245
263   74   5    44    270
264   41   5    107    87
265   231   4    192    175
266   238   4    42    342
267   138   3    160    255
268   191   5    92    126
269   60   7    115    63
270   77   3    34    215
271   154   4    198    342
272   144   5    144    1
273   111   5    154    140
274   108   7    105    264
275   141   4    195    260
276   23   5    2    58
277   59   6    169    124
278   106   7    54    137
279   51   2    39    450
280   192   5    137    411
281   79   6    86    29
282   258   5    125    32
283   254   3    123    197
284   9   6    41    460
285   74   2    186    17
286   212   2    110    126
287   22   2    173    4
288   281   2    174    223
289   185   4    80    479
290   192   2    128    339
291   77   2    179    450
292   64   2    27    216
293   212   2    166    126
294   30   2    14    384
295   213   6    52    271
296   148   4    149    445
297   231   5    129    264
298   260   3    11    141
299   199   2    2    107
300   212   2    180    253
301   247   6    68    410
302   124   3    28    449
303   79   5    170    198
304   169   2    4    473
305   211   5    94    242
306   252   2    27    352
307   194   5    38    123
308   277   2    129    22
309   182   6    155    490
310   212   3    70    450
311   303   6    97    281
312   129   4    123    104
313   247   2    128    250
314   187   5    108    28
315   156   2    199    226
316   304   7    123    284
317   154   7    172    51
318   201   6    30    423
319   267   3    79    242
320   242   5    186    240
321   143   7    73    2
322   191   6    108    116
323   77   7    102    324
324   225   2    30    149
325   234   7    48    4
326   65   4    78    465
327   233   7    181    8
328   114   4    106    481
329   285   6    70    102
330   13   2    190    90
331   164   4    143    115
332   14   7    119    246
333   192   5    152    219
334   207   3    158    452
335   134   2    92    282
336   167   5    73    127
337   1   6    151    381
338   41   3    166    390
339   87   4    137    38
340   261   5    162    472
341   57   7    110    280
342   219   6    103    401
343   63   7    26    96
344   187   6    162    451
345   139   5    95    60
346   237   6    199    66
347   27   7    31    477
348   279   2    190    285
349   156   3    70    291
350   86   4    87    114
351   9   6    18    221
352   203   2    188    124
353   101   6    24    167
354   348   2    74    379
355   190   5    28    196
356   318   2    156    304
357   143   2    92    296
358   149   4    164    221
359   68   5    9    146
360   144   5    121    99
361   345   2    38    366
362   16   4    130    391
363   77   4    138    440
364   181   5    152    466
365   331   4    36    233
366   69   2    168    227
367   74   2    7    339
368   150   2    33    124
369   11   2    92    398
370   170   4    95    475
371   252   5    167    135
372   182   3    83    165
373   318   7    27    342
374   371   3    159    100
375   175   4    57    32
376   22   4    82    64
377   293   5    133    499
378   272   2    17    106
379   87   7    188    121
380   79   3    71    324
381   116   7    112    458
382   265   7    152    225
383   350   4    115    368
384   88   5    155    448
385   281   6    54    324
386   20   3    1    487
387   299   4    154    417
388   379   3    190    379
389   124   7    55    277
390   52   5    158    40
391   45   2    108    260
392   372   2    6    390
393   290   6    20    316
394   63   4    13    169
395   218   3    86    210
396   336   6    15    323
397   273   5    138    431
398   313   6    129    430
399   222   3    66    195
400   277   7    70    445
401   297   4    112    78
402   234   2    13    363
403   119   2    128    53
404   373   4    184    169
405   71   7    118    349
406   6   7    19    381
407   308   3    41    383
408   325   2    52    367
409   345   3    138    286
410   66   5    59    124
411   361   6    76    399
412   243   3    189    412
413   127   5    197    326
414   52   2    49    128
415   326   2    38    377
416   194   5    109    343
417   73   3    10    300
418   203   4    159    341
419   8   5    62    378
420   159   3    47    176
421   220   2    162    434
422   86   4    141    378
423   385   7    157    378
424   336   7    3    281
425   352   6    77    8
426   106   4    150    401
427   59   7    65    250
428   158   4    127    93
429   232   4    147    487
430   94   3    138    350
431   344   6    183    13
432   7   2    23    27
433   398   4    133    148
434   113   5    6    198
435   124   5    8    363
436   219   3    62    238
437   16   4    184    160
438   366   2    138    170
439   8   2    65    328
440   394   7    1    154
441   346   5    20    166
442   132   5    117    14
443   223   5    175    18
444   407   6    92    485
445   243   7    171    323
446   70   3    118    223
447   126   2    164    245
448   81   7    55    439
449   279   6    169    337
450   300   2    86    225
451   258   2    174    242
452   231   2    115    91
453   374   7    73    433
454   123   3    170    359
455   334   6    176    451
456   380   6    137    180
457   251   3    102    82
458   370   5    126    299
459   364   2    59    373
460   247   2    54    352
461   442   7    85    105
462   180   3    119    364
463   355   5    193    311
464   270   4    53    381
465   177   2    185    165
466   149   2    21    134
467   338   2    124    193
468   450   2    121    295
469   312   3    8    130
470   413   2    194    247
471   132   7    154    333
472   321   5    107    159
473   275   3    152    95
474   337   5    129    371
475   17   6    158    226
476   156   5    11    218
477   455   2    16    259
478   379   5    36    270
479   26   2    197    105
480   243   7    39    386
481   93   4    97    49
482   189   6    181    385
483   113   6    88    315
484   196   3    58    26
485   272   7    90    114
486   152   4    89    309
487   314   6    184    16
488   369   2    106    405
489   197   2    47    137
490   77   7    5    424
491   39   6    31    167
492   328   2    176    95
493   292   2    53    89
494   342   7    157    169
495   436   7    54    266
496   101   6    113    473
497   368   4    14    446
498   433   3    158    129
499   318   6    73    85
500   455   5    68    249
501   337   2    115    3
502   319   7    117    272
503   151   3    17    200
504   306   7    17    348
505   242   5    143    161
506   286   3    139    12
507   31   6    47    373
508   460   7    15    309
509   93   4    163    134
510   63   2    96    350
511   377   5    54    271
512   447   7    112    315
