1   0   4    21    41
2   1   7    16    343
3   1   7    28    121
4   2   5    135    429
5   2   7    95    299
6   3   6    100    127
7   1   5    63    475
8   5   3    45    132
9   2   3    168    357
10   3   6    16    170
11   7   3    133    415
12   9   4    67    370
13   7   3    12    354
14   11   6    25    76
15   1   6    122    288
16   7   3    136    136
17   13   7    76    136
18   13   4    142    286
19   2   2    165    424
20   8   4    16    6
21   4   4    156    158
22   17   6    53    26
23   10   2    152    24
24   18   7    187    290
25   22   5    192    152
26   8   5    7    457
27   8   7    81    431
28   23   2    85    324
29   20   7    67    236
30   20   2    128    66
31   21   6    97    463
32   24   2    60    271
33   15   7    56    72
34   25   7    23    345
35   9   4    183    454
36   15   4    95    168
37   31   4    65    421
38   16   5    35    191
39   31   2    68    322
40   8   7    191    51
41   10   4    99    105
42   10   7    44    92
43   3   2    194    368
44   11   5    77    444
45   17   4    104    499
46   8   3    190    64
47   1   7    83    302
48   9   6    38    224
49   5   4    83    35
50   8   3    162    131
51   46   5    37    384
52   30   2    46    466
53   46   7    135    463
54   23   6    78    470
55   6   3    9    471
56   17   2    85    272
57   16   4    197    114
58   42   6    180    469
59   55   7    111    485
60   2   4    163    304
61   40   6    55    141
62   37   7    115    293
63   3   5    126    481
64   32   2    96    217
65   59   5    179    228
66   30   5    156    480
67   61   4    36    372
68   57   2    126    327
69   48   2    87    350
70   59   7    53    327
71   34   3    170    354
72   20   3    12    72
73   42   5    123    497
74   48   2    65    350
75   14   7    199    275
76   32   7    65    139
77   65   3    19    463
78   28   5    87    49
79   31   6    118    403
80   6   5    113    167
81   1   5    157    240
82   72   4    141    90
83   47   3    197    168
84   65   3    121    439
85   26   7    8    401
86   82   7    167    461
87   7   3    7    393
88   53   4    171    144
89   81   3    195    378
90   86   3    122    229
91   64   2    22    385
92   51   2    83    55
93   38   3    84    364
94   13   2    37    431
95   14   7    23    81
96   24   7    145    83
97   66   4    180    30
98   63   3    74    309
99   24   6    62    226
100   42   3    120    19
101   30   6    26    385
102   98   2    190    397
103   51   6    2    313
104   59   7    178    189
105   14   4    60    108
106   40   2    81    157
107   10   5    54    373
108   39   7    176    317
109   42   2    2    262
110   48   6    83    265
111   104   5    7    17
112   62   5    105    87
113   25   7    91    3
114   77   2    101    469
115   42   2    7    71
116   110   3    185    325
117   93   7    175    152
118   3   7    186    376
119   41   7    91    106
120   25   7    125    17
121   95   3    9    193
122   80   7    46    216
123   51   2    166    200
124   63   4    89    184
125   37   4    36    424
126   106   2    45    350
127   81   3    52    488
128   90   4    20    362
129   122   5    187    250
130   62   6    122    250
131   23   4    183    397
132   32   3    84    410
133   53   2    109    331
134   99   5    139    411
135   80   6    30    390
136   119   2    100    315
137   34   7    157    180
138   69   7    51    405
139   131   7    93    153
140   89   7    20    105
141   17   7    141    463
142   128   2    52    130
143   110   5    155    90
144   19   4    38    101
145   70   3    102    485
146   2   5    127    3
147   41   5    82    331
148   9   6    151    370
149   119   2    14    140
150   36   2    71    292
151   61   7    166    433
152   104   4    163    80
153   96   3    167    251
154   58   3    148    3
155   49   2    42    220
156   14   2    89    14
157   66   3    108    400
158   118   3    161    166
159   68   7    71    270
160   114   3    166    387
161   137   2    38    358
162   52   7    87    71
163   125   5    115    254
164   99   7    119    152
165   52   3    78    432
166   6   3    71    52
167   70   4    128    450
168   156   6    62    383
169   148   5    27    63
170   7   4    59    273
171   135   5    35    86
172   1   4    160    48
173   119   6    66    498
174   114   5    52    345
175   83   3    175    209
176   21   6    188    235
177   105   2    170    304
178   49   6    133    6
179   102   5    121    97
180   3   5    125    442
181   47   7    166    313
182   99   4    52    413
183   29   2    73    235
184   166   2    140    468
185   144   5    59    426
186   23   7    183    47
187   114   6    135    125
188   95   4    86    78
189   43   5    114    107
190   118   5    172    414
191   21   3    83    307
192   11   3    73    347
193   5   5    195    78
194   46   6    51    122
195   10   7    70    190
196   2   3    187    460
197   78   4    86    372
198   10   7    91    427
199   8   7    133    249
200   132   4    177    100
201   114   6    39    4
202   179   2    75    469
203   157   4    94    62
204   22   6    53    58
205   144   7    178    66
206   203   3    149    67
207   92   7    51    365
208   40   3    5    178
209   13   6    192    299
210   16   5    130    450
211   69   7    139    360
212   36   7    58    213
213   137   2    24    183
214   11   2    169    152
215   39   3    198    177
216   49   6    3    199
217   26   7    98    284
218   81   2    150    19
219   156   5    199    489
220   184   5    153    67
221   81   5    128    421
222   77   4    109    416
223   12   5    157    201
224   192   7    111    466
225   32   5    100    102
226   29   4    35    23
227   200   4    130    230
228   108   2    93    432
229   132   7    122    333
230   89   6    71    268
231   6   3    122    138
232   149   3    194    49
233   43   4    80    428
234   183   7    28    66
235   186   4    166    338
236   36   6    165    310
237   235   3    191    121
238   226   6    178    119
239   160   2    142    244
240   9   6    161    267
241   177   3    69    271
242   64   4    99    256
243   54   6    86    499
244   214   4    53    303
245   213   5    169    91
246   210   7    150    245
247   145   4    37    115
248   84   4    172    202
249   236   5    98    375
250   138   2    65    46
251   202   5    73    331
252   74   3    3    350
253   127   6    187    318
254   243   4    58    204
255   207   2    188    323
256   106   2    180    438
257   14   7    93    436
258   117   3    95    136
259   32   2    134    254
260   192   4    19    131
261   256   7    147    138
262   258   3    81    247
263   108   5    92    333
264   22   7    90    353
265   131   4    182    8
266   18   2    174    196
267   263   5    151    397
268   170   2    33    476
269   189   7    66    285
270   101   5    126    44
271   75   3    63    193
272   131   5    134    396
273   269   3    80    37
274   81   4    139    344
275   76   5    162    30
276   89   4    68    104
277   269   5    10    228
278   33   5    53    462
279   243   2    198    380
280   96   3    100    81
281   182   3    115    27
282   90   3    23    158
283   22   7    64    316
284   186   5    95    124
285   141   4    147    214
286   106   3    122    245
287   242   4    31    119
288   74   6    46    395
289   212   3    112    140
290   147   3    131    25
291   92   5    44    60
292   69   5    67    40
293   207   6    17    292
294   117   3    69    480
295   100   5    18    397
296   284   2    5    422
297   130   5    29    386
298   212   4    125    407
299   188   6    60    241
300   127   2    176    21
301   52   4    47    116
302   165   6    12    163
303   194   5    92    297
304   125   5    152    438
305   241   2    58    15
306   128   5    48    149
307   302   4    82    217
308   131   2    66    441
309   274   4    34    162
310   200   7    138    355
311   51   7    79    63
312   140   4    114    412
313   118   6    64    454
314   156   3    84    321
315   42   2    44    493
316   175   6    85    138
317   69   6    22    113
318   284   4    154    157
319   196   2    13    352
320   181   6    117    304
321   105   7    62    156
322   123   2    39    493
323   306   5    128    11
324   236   2    196    2
325   268   5    193    442
326   83   6    166    187
327   109   6    97    354
328   204   5    198    355
329   188   5    93    250
330   311   4    115    72
331   100   2    109    232
332   35   4    170    171
333   248   7    140    136
334   149   6    80    128
335   119   7    15    9
336   240   2    161    374
337   328   2    14    275
338   173   3    125    304
339   55   5    109    134
340   278   4    95    3
341   305   6    198    98
342   275   3    80    46
343   292   2    112    425
344   303   2    20    398
345   4   3    190    263
346   210   6    169    50
347   7   4    62    272
348   155   7    165    260
349   172   3    145    419
350   238   5    54    357
351   107   7    130    408
352   311   2    93    337
353   6   4    90    11
354   121   7    155    334
355   139   2    7    135
356   256   7    88    297
357   190   7    17    272
358   204   2    85    119
359   326   5    197    78
360   165   2    76    268
361   89   2    125    200
362   246   7    65    168
363   117   4    51    251
364   57   6    157    140
365   80   6    167    2
366   132   2    153    198
367   243   4    60    492
368   332   5    192    237
369   41   5    129    271
370   37   5    128    398
371   215   2    89    235
372   260   7    99    104
373   11   2    109    460
374   274   5    51    51
375   184   3    33    72
376   78   7    57    379
377   175   3    112    382
378   172   5    5    208
379   252   3    141    428
380   298   4    60    32
381   28   2    131    203
382   22   3    2    450
383   151   5    111    481
384   311   2    123    382
385   242   6    155    397
386   225   7    165    258
387   271   5    64    432
388   138   2    61    187
389   159   3    67    209
390   336   7    27    21
391   127   5    17    35
392   131   3    21    196
393   258   3    2    80
394   327   6    155    30
395   282   2    43    498
396   6   5    84    366
397   92   3    18    153
398   376   6    124    486
399   99   6    163    370
400   57   7    179    74
401   90   7    140    451
402   237   7    74    269
403   214   7    51    28
404   200   3    128    191
405   386   5    150    352
406   374   5    62    339
407   187   3    47    392
408   361   2    9    80
409   27   3    28    291
410   175   6    161    119
411   343   5    6    262
412   98   5    167    136
413   149   6    103    430
414   149   3    183    168
415   258   7    160    204
416   209   7    175    21
417   372   4    5    470
418   265   2    61    497
419   264   2    68    251
420   286   6    120    222
421   68   4    68    483
422   21   7    33    109
423   171   7    54    486
424   274   7    58    374
425   351   7    179    11
426   177   5    167    105
427   191   6    161    380
428   282   3    105    426
429   159   5    26    39
430   348   7    172    131
431   372   4    122    225
432   50   6    54    240
433   374   7    40    291
434   161   6    130    482
435   379   5    30    497
436   420   3    146    53
437   101   7    29    171
438   10   4    117    328
439   395   7    102    27
440   309   3    116    89
441   286   6    11    187
442   193   6    9    72
443   272   6    150    184
444   167   7    120    489
445   152   5    94    326
446   430   5    13    258
447   226   7    181    29
448   89   6    34    169
449   350   3    110    117
450   214   2    99    131
451   276   6    36    270
452   99   2    71    460
453   451   5    169    160
454   271   3    151    370
455   307   4    176    223
456   237   4    37    319
457   338   3    48    340
458   241   6    23    489
459   410   2    190    128
460   23   7    188    428
461   348   6    90    483
462   393   5    41    180
463   149   2    36    458
464   316   5    39    390
465   431   5    88    198
466   358   3    145    437
467   151   2    5    369
468   327   4    40    177
469   85   4    145    59
470   390   5    159    95
471   348   4    79    253
472   192   6    103    138
473   429   5    10    43
474   181   2    56    163
475   101   3    38    484
476   128   7    51    439
477   457   2    105    101
478   110   4    53    99
479   377   5    29    250
480   106   5    75    284
481   319   2    59    322
482   21   3    125    209
483   363   7    2    485
484   328   7    197    277
485   226   6    153    232
486   148   5    51    474
487   245   7    191    174
488   426   5    186    147
489   356   5    35    18
490   430   2    127    101
491   223   2    106    253
492   133   4    89    392
493   383   5    118    309
494   305   2    191    131
495   246   4    119    138
496   274   2    116    114
497   290   3    197    19
498   382   4    35    281
499   7   6    181    214
500   103   2    168    420
501   229   5    168    225
502   435   5    115    91
503   3   4    88    22
504   62   5    176    130
505   254   3    58    299
506   467   6    16    286
507   344   6    66    238
508   488   7    71    145
509   408   4    107    237
510   302   3    159    304
511   295   4    120    27
512   474   3    166    385
