1   0   7    17    27
2   1   4    101    462
3   1   4    95    406
4   2   3    48    370
5   3   4    158    402
6   1   2    8    61
7   1   6    36    452
8   1   4    33    158
9   7   7    159    395
10   7   7    7    281
11   6   2    97    267
12   6   4    69    223
13   2   2    171    491
14   12   2    17    257
15   9   3    35    78
16   14   3    22    210
17   11   3    161    278
18   11   4    198    194
19   4   2    104    264
20   13   4    30    5
21   10   5    43    54
22   19   7    86    372
23   16   2    180    412
24   9   3    188    372
25   5   2    60    245
26   5   7    90    407
27   18   4    120    229
28   4   5    143    207
29   22   3    86    25
30   16   2    31    412
31   9   7    128    106
32   8   5    24    297
33   6   5    101    83
34   4   6    137    68
35   21   4    122    486
36   12   4    111    197
37   16   6    77    305
38   3   3    89    172
39   20   2    153    437
40   3   5    8    328
41   17   5    150    274
42   20   6    84    23
43   21   2    159    210
44   16   6    98    196
45   10   4    10    15
46   37   3    154    97
47   23   2    188    359
48   23   6    36    376
49   33   7    111    186
50   19   3    11    335
51   43   2    158    67
52   47   3    186    409
53   27   6    69    431
54   28   7    145    351
55   50   4    91    9
56   14   7    171    258
57   44   5    29    215
58   22   4    192    205
59   48   2    143    345
60   21   6    59    452
61   43   5    159    442
62   7   4    63    21
63   33   4    133    465
64   51   3    14    393
65   24   2    166    304
66   64   7    4    22
67   57   3    150    403
68   40   5    162    54
69   59   4    79    246
70   4   6    7    66
71   38   5    21    188
72   10   6    132    211
73   28   3    2    73
74   24   7    37    483
75   22   3    116    62
76   71   2    134    42
77   42   2    81    76
78   53   6    79    408
79   1   5    189    57
80   41   4    8    234
81   5   6    179    377
82   9   6    80    277
83   74   5    143    382
84   19   5    37    137
85   27   6    114    403
86   22   3    37    56
87   35   5    140    117
88   43   5    48    392
89   21   4    60    412
90   60   3    39    357
91   33   3    147    31
92   49   4    76    485
93   2   5    137    355
94   58   2    107    424
95   17   4    44    353
96   27   2    130    286
97   22   3    131    488
98   63   5    62    239
99   19   4    68    58
100   88   3    125    336
101   2   2    124    492
102   100   3    134    176
103   6   4    21    471
104   4   3    35    4
105   79   4    180    206
106   51   2    173    362
107   89   4    108    107
108   39   3    61    186
109   98   5    1    240
110   63   2    3    250
111   22   7    48    288
112   61   6    24    5
113   5   5    45    381
114   69   2    149    259
115   104   6    85    15
116   53   4    105    458
117   29   7    105    345
118   110   7    168    414
119   85   2    188    221
120   102   7    32    388
121   33   2    33    394
122   43   4    146    453
123   84   2    70    186
124   34   2    79    46
125   21   4    183    130
126   75   4    104    179
127   14   3    94    34
128   20   3    95    14
129   24   2    191    423
130   84   2    121    41
131   126   6    65    236
132   118   6    160    390
133   97   7    153    386
134   39   2    56    121
135   104   5    12    266
136   51   6    31    146
137   5   6    113    465
138   116   3    103    377
139   49   6    133    134
140   135   5    25    87
141   35   6    96    166
142   7   2    76    410
143   91   7    119    33
144   33   5    87    58
145   79   3    28    107
146   101   6    139    314
147   142   7    60    413
148   57   2    39    499
149   71   2    192    172
150   66   5    184    176
151   143   5    24    405
152   30   7    9    296
153   119   5    58    432
154   18   6    15    269
155   100   4    193    138
156   108   4    120    453
157   105   5    197    383
158   27   5    79    365
159   49   5    48    395
160   128   6    43    169
161   72   2    150    227
162   64   4    88    294
163   128   2    84    425
164   38   7    76    288
165   59   6    170    67
166   49   6    172    393
167   69   7    161    310
168   63   7    17    426
169   156   6    62    162
170   19   5    27    411
171   118   4    178    18
172   162   4    61    269
173   24   3    69    204
174   20   4    182    365
175   100   7    99    455
176   6   4    11    101
177   57   6    111    105
178   21   5    170    120
179   177   3    12    279
180   106   7    160    61
181   133   6    169    288
182   77   5    24    447
183   118   3    152    328
184   161   7    151    158
185   106   5    98    333
186   178   3    102    453
187   177   2    179    415
188   170   2    29    113
189   146   2    188    141
190   35   5    9    340
191   7   3    144    303
192   157   5    37    146
193   180   7    53    414
194   46   6    22    72
195   187   4    119    268
196   33   2    59    316
197   140   3    140    296
198   83   5    151    100
199   90   4    156    85
200   92   5    74    185
201   80   6    144    307
202   150   4    184    431
203   60   3    142    443
204   58   4    161    467
205   49   6    56    80
206   73   3    180    238
207   155   6    75    377
208   58   3    78    306
209   175   3    197    396
210   145   3    45    191
211   144   7    29    344
212   202   7    73    132
213   106   6    45    310
214   32   5    160    172
215   27   6    187    246
216   17   2    158    347
217   185   3    156    119
218   38   2    44    175
219   215   4    77    146
220   196   6    137    163
221   83   2    151    97
222   200   6    84    456
223   9   2    25    198
224   195   3    154    142
225   169   5    160    462
226   167   7    20    174
227   11   5    2    68
228   211   7    146    333
229   111   5    148    69
230   176   7    60    499
231   2   4    52    330
232   148   2    77    289
233   110   6    72    383
234   135   4    32    478
235   15   3    110    197
236   43   4    192    384
237   58   4    8    367
238   227   2    86    281
239   88   4    104    295
240   48   2    83    498
241   9   2    147    5
242   157   5    186    433
243   171   5    126    337
244   236   6    135    6
245   177   2    61    384
246   192   2    73    186
247   216   6    85    217
248   232   7    147    63
249   69   3    46    287
250   37   3    62    402
251   182   5    199    104
252   201   3    154    14
253   73   6    118    392
254   138   4    176    186
255   217   5    131    88
256   153   7    157    242
257   54   7    179    25
258   100   3    37    286
259   44   3    10    271
260   155   7    1    146
261   49   5    193    195
262   139   5    20    473
263   171   5    128    17
264   190   6    68    335
265   61   5    82    135
266   264   6    121    76
267   33   5    21    20
268   30   3    185    284
269   54   5    48    170
270   229   5    76    435
271   22   5    94    153
272   235   4    59    282
273   1   4    160    30
274   149   3    74    82
275   78   4    174    121
276   105   5    13    285
277   219   3    183    452
278   166   5    144    439
279   35   6    4    99
280   206   7    189    99
281   117   7    12    112
282   135   5    180    446
283   223   3    157    434
284   49   5    159    136
285   150   6    64    150
286   57   3    113    455
287   281   2    97    416
288   178   4    137    16
289   255   2    194    307
290   102   4    141    228
291   221   5    96    280
292   289   7    197    476
293   168   3    67    486
294   169   4    142    68
295   84   4    194    206
296   110   4    8    102
297   183   7    62    407
298   47   3    185    167
299   24   3    181    383
300   149   7    81    171
301   45   2    12    395
302   87   7    186    367
303   66   2    50    186
304   229   6    70    476
305   193   6    12    473
306   114   2    127    229
307   3   3    21    376
308   24   7    52    87
309   231   7    22    429
310   223   3    128    57
311   113   3    120    3
312   67   4    199    23
313   111   2    92    249
314   157   2    85    301
315   180   5    7    331
316   260   3    173    14
317   218   3    138    390
318   250   7    118    178
319   239   7    152    264
320   184   4    160    331
321   236   7    21    286
322   62   4    141    467
323   225   5    70    480
324   92   6    156    355
325   173   4    13    234
326   297   4    69    276
327   260   2    97    431
328   321   5    6    434
329   153   2    190    355
330   132   7    169    318
331   150   4    43    55
332   247   7    182    5
333   196   6    198    341
334   283   2    74    337
335   267   7    193    431
336   72   2    79    476
337   150   7    87    322
338   306   6    159    181
339   55   3    5    164
340   202   4    159    341
341   25   7    115    142
342   18   7    125    15
343   250   7    31    378
344   324   3    93    201
345   172   5    137    452
346   65   4    99    441
347   239   7    145    436
348   254   2    181    140
349   151   4    57    9
350   170   7    10    429
351   195   3    198    57
352   196   7    175    64
353   41   2    100    14
354   343   2    73    149
355   3   5    64    303
356   57   3    119    286
357   324   4    59    128
358   326   3    14    154
359   188   6    90    232
360   51   2    153    146
361   154   3    70    75
362   102   2    153    141
363   22   3    4    225
364   229   7    56    319
365   136   2    148    426
366   204   3    196    128
367   44   4    159    391
368   125   3    172    445
369   230   2    152    367
370   107   3    32    424
371   301   3    169    50
372   318   2    127    335
373   174   2    19    82
374   319   5    68    406
375   143   4    185    106
376   125   5    39    186
377   2   5    8    335
378   329   3    93    414
379   48   5    12    290
380   197   7    172    27
381   124   7    180    238
382   190   3    182    74
383   191   5    16    107
384   269   3    5    78
385   89   5    143    385
386   353   6    63    358
387   308   6    20    88
388   95   2    197    290
389   315   4    22    269
390   349   2    106    422
391   317   3    152    384
392   230   6    80    47
393   366   2    112    292
394   380   7    161    14
395   127   7    82    82
396   52   4    56    390
397   388   5    132    250
398   254   2    195    127
399   144   4    185    492
400   81   4    82    188
401   66   6    108    58
402   273   6    199    133
403   369   3    90    493
404   3   2    165    152
405   62   2    88    498
406   388   4    192    286
407   36   7    132    297
408   51   5    46    395
409   258   7    197    373
410   340   2    26    297
411   186   7    106    132
412   264   6    22    11
413   216   7    47    203
414   145   3    79    33
415   193   4    87    372
416   11   5    109    259
417   216   4    41    370
418   246   7    193    155
419   161   2    184    162
420   222   4    187    235
421   41   6    103    233
422   119   3    83    412
423   416   4    91    167
424   295   3    84    130
425   13   4    110    10
426   235   7    179    108
427   81   6    54    142
428   271   2    174    491
429   409   2    121    42
430   42   5    4    324
431   146   6    83    381
432   45   6    53    334
433   99   2    24    224
434   57   3    93    242
435   47   7    126    249
436   400   7    57    492
437   232   7    1    482
438   411   4    56    150
439   193   2    195    234
440   76   2    32    407
441   206   5    69    224
442   157   5    51    149
443   416   4    173    103
444   142   5    173    73
445   97   6    34    388
446   335   2    131    61
447   124   2    107    257
448   393   7    71    156
449   126   6    166    188
450   6   6    114    43
451   153   5    144    413
452   207   2    137    358
453   125   6    171    481
454   193   3    113    168
455   42   2    160    402
456   337   6    115    189
457   228   4    43    361
458   44   7    121    362
459   273   3    23    311
460   58   5    167    154
461   450   2    63    91
462   400   3    64    272
463   152   4    197    94
464   121   5    75    95
465   354   3    113    115
466   64   4    21    311
467   237   5    90    138
468   185   6    76    257
469   440   4    132    183
470   99   2    8    443
471   452   4    184    275
472   15   2    92    472
473   181   2    169    12
474   120   3    132    258
475   320   7    10    47
476   312   2    26    497
477   12   5    166    323
478   114   7    190    93
479   316   3    39    346
480   376   5    126    210
481   432   4    26    468
482   86   3    124    279
483   130   2    37    56
484   432   7    188    85
485   148   5    145    139
486   166   7    115    297
487   264   3    144    209
488   326   4    145    341
489   145   4    5    331
490   283   6    31    224
491   265   5    24    405
492   171   2    88    171
493   138   5    46    43
494   420   7    190    487
495   133   6    16    361
496   289   7    181    28
497   426   7    83    156
498   399   2    51    365
499   229   5    23    241
500   438   6    183    166
501   208   4    184    221
502   174   2    7    64
503   152   2    67    190
504   432   6    168    436
505   440   4    36    347
506   365   3    112    387
507   435   6    48    231
508   96   5    138    170
509   167   7    183    17
510   198   7    188    177
511   203   6    180    187
512   3   4    102    157
