1   0   3    10    8
2   1   3    151    333
3   1   2    82    350
4   2   5    176    461
5   2   4    134    3
6   1   7    106    277
7   4   6    149    366
8   3   4    173    13
9   6   4    113    404
10   2   5    152    199
11   7   3    160    162
12   1   7    19    290
13   3   2    36    357
14   1   7    2    403
15   10   6    129    361
16   5   7    33    213
17   6   6    183    15
18   1   3    2    179
19   17   5    195    474
20   15   6    184    203
21   4   4    155    85
22   20   4    49    395
23   15   5    119    207
24   21   6    101    490
25   18   2    144    321
26   18   4    68    219
27   13   6    5    239
28   19   5    193    128
29   8   2    110    332
30   1   7    153    157
31   7   6    106    391
32   1   6    26    269
33   11   6    17    151
34   10   7    162    415
35   8   7    64    282
36   33   7    151    201
37   3   5    171    234
38   15   4    137    276
39   36   4    188    244
40   26   5    178    463
41   16   4    43    148
42   6   7    135    172
43   13   2    131    454
44   42   4    83    183
45   29   6    187    194
46   3   6    134    356
47   2   6    33    151
48   8   4    146    7
49   47   7    56    126
50   6   3    189    144
51   14   7    108    296
52   28   5    123    428
53   21   2    100    496
54   4   6    34    318
55   6   4    75    355
56   35   4    47    442
57   5   4    69    407
58   7   4    32    159
59   57   6    120    58
60   43   7    95    395
61   49   3    56    418
62   3   3    92    147
63   7   5    65    421
64   48   6    40    482
65   21   3    63    49
66   59   6    133    240
67   11   4    140    101
68   62   5    174    144
69   67   6    116    34
70   55   4    185    320
71   23   4    34    175
72   51   5    174    86
73   40   5    3    162
74   42   7    153    298
75   69   6    119    373
76   21   6    191    262
77   74   2    161    240
78   65   7    1    43
79   48   3    42    420
80   51   6    100    274
81   55   5    120    463
82   50   6    116    37
83   5   6    169    408
84   34   5    197    443
85   37   7    131    46
86   3   7    39    150
87   77   3    119    62
88   55   2    68    156
89   62   7    100    193
90   37   4    66    34
91   65   6    89    424
92   49   5    20    236
93   27   7    165    70
94   52   7    134    280
95   20   4    70    131
96   37   2    74    243
97   67   2    32    222
98   54   4    50    376
99   44   5    162    36
100   86   3    62    382
101   51   2    103    62
102   46   2    33    372
103   54   6    17    431
104   2   3    13    28
105   78   4    11    307
106   37   7    192    23
107   87   7    72    6
108   80   2    176    473
109   41   7    31    79
110   41   5    28    76
111   57   3    52    416
112   52   6    9    487
113   64   5    129    8
114   109   2    42    448
115   34   5    7    439
116   15   4    184    297
117   38   5    121    130
118   89   6    116    380
119   41   2    65    17
120   91   2    24    291
121   41   7    180    457
122   14   5    176    10
123   80   5    21    55
124   68   6    90    156
125   116   7    115    404
126   4   4    110    270
127   49   5    175    425
128   88   4    186    304
129   3   7    38    81
130   82   6    165    201
131   3   7    7    4
132   100   4    6    257
133   74   2    52    102
134   1   7    115    302
135   51   4    149    121
136   37   6    4    476
137   3   6    9    19
138   21   5    159    156
139   10   7    181    302
140   130   7    150    132
141   130   2    4    197
142   71   5    176    409
143   91   4    164    153
144   23   4    126    400
145   27   2    42    269
146   98   7    126    403
147   57   2    100    189
148   13   6    14    441
149   25   6    75    311
150   11   6    196    363
151   10   2    100    30
152   105   2    163    396
153   48   2    80    492
154   147   5    20    93
155   70   4    41    74
156   6   3    48    9
157   20   4    73    476
158   108   7    34    97
159   5   3    127    268
160   45   5    198    213
161   32   6    3    384
162   80   3    112    366
163   153   6    173    281
164   74   4    100    178
165   31   4    144    63
166   1   2    183    212
167   156   5    113    286
168   26   2    3    18
169   27   6    57    443
170   162   2    192    278
171   138   7    1    438
172   48   4    196    252
173   61   4    186    380
174   172   7    95    327
175   129   6    180    371
176   100   3    34    462
177   134   5    104    448
178   172   3    102    302
179   7   4    31    386
180   73   5    164    365
181   150   4    143    105
182   36   4    66    124
183   147   6    160    289
184   172   6    19    299
185   125   3    172    284
186   119   6    70    55
187   136   6    163    387
188   78   6    6    26
189   4   5    107    342
190   34   6    56    131
191   53   2    141    35
192   21   6    53    183
193   129   5    29    419
194   78   4    65    475
195   113   6    181    224
196   74   6    76    188
197   39   5    46    331
198   145   6    75    43
199   139   3    10    244
200   106   2    35    100
201   87   7    90    487
202   160   4    189    209
203   191   4    49    343
204   154   7    118    212
205   18   2    112    496
206   58   7    2    12
207   61   6    146    380
208   33   6    143    15
209   69   7    98    184
210   129   4    128    287
211   192   4    7    167
212   19   6    54    118
213   18   7    37    275
214   71   7    149    200
215   94   4    16    70
216   158   4    36    296
217   198   2    113    436
218   36   4    115    57
219   98   6    87    33
220   191   2    117    453
221   4   7    77    61
222   111   6    95    406
223   140   2    71    57
224   127   6    108    342
225   168   3    75    191
226   126   3    154    231
227   63   2    190    87
228   25   5    126    427
229   80   3    73    39
230   127   3    155    336
231   84   2    117    371
232   74   3    68    342
233   135   5    70    111
234   41   2    157    68
235   225   4    58    429
236   4   6    59    415
237   118   3    160    406
238   173   5    135    287
239   131   3    161    182
240   151   6    106    231
241   88   5    2    131
242   123   6    157    469
243   108   3    13    301
244   135   2    67    169
245   97   6    168    301
246   232   4    116    493
247   199   6    18    329
248   220   2    195    310
249   98   2    169    252
250   223   2    174    35
251   204   7    35    476
252   192   3    90    418
253   185   5    24    175
254   200   3    191    264
255   100   4    36    278
256   100   7    143    235
257   178   4    52    26
258   232   4    79    154
259   46   7    129    255
260   180   2    193    108
261   51   5    181    83
262   222   2    42    360
263   11   4    84    328
264   237   2    21    311
265   99   4    151    473
266   91   6    190    467
267   71   3    43    9
268   129   4    23    355
269   4   7    93    317
270   107   5    38    467
271   155   4    170    200
272   33   3    111    348
273   32   2    75    491
274   241   2    154    305
275   167   7    138    290
276   166   5    130    361
277   221   3    20    4
278   266   3    67    473
279   127   3    123    209
280   215   4    179    249
281   185   6    134    491
282   198   2    38    309
283   247   6    194    176
284   267   6    107    364
285   223   6    56    78
286   65   7    63    183
287   24   6    34    116
288   187   4    114    379
289   140   6    141    153
290   240   6    81    457
291   172   5    174    480
292   267   6    74    296
293   254   7    193    176
294   208   7    144    319
295   193   7    14    53
296   264   5    13    23
297   70   2    104    37
298   80   4    123    133
299   142   3    82    446
300   186   2    126    181
301   195   7    190    161
302   37   4    164    20
303   211   3    113    213
304   224   4    21    169
305   78   3    6    439
306   173   7    178    467
307   228   7    196    121
308   209   6    179    31
309   172   6    32    144
310   184   3    70    385
311   104   3    157    19
312   122   6    19    486
313   71   5    56    69
314   72   5    194    82
315   170   2    124    44
316   266   7    5    374
317   281   2    183    249
318   45   4    10    186
319   175   2    188    40
320   318   3    143    308
321   59   4    138    262
322   68   5    125    349
323   120   5    53    407
324   110   7    178    148
325   74   7    40    330
326   195   5    11    58
327   170   3    6    326
328   318   7    109    60
329   289   7    31    240
330   89   2    121    446
331   21   4    150    476
332   218   6    41    120
333   39   2    61    409
334   149   2    11    310
335   42   7    139    14
336   115   2    126    201
337   33   6    150    144
338   164   3    189    210
339   316   7    131    401
340   327   4    190    64
341   8   5    95    101
342   151   4    92    336
343   96   5    36    132
344   335   5    78    39
345   246   7    37    317
346   341   5    136    478
347   249   3    11    69
348   320   4    177    73
349   327   6    16    466
350   266   4    86    491
351   156   6    20    388
352   229   4    156    334
353   244   3    173    196
354   140   5    136    371
355   27   4    182    189
356   96   4    118    209
357   123   4    115    442
358   73   2    98    90
359   300   5    9    370
360   272   6    193    184
361   199   6    87    444
362   206   2    151    476
363   291   7    148    169
364   337   3    105    445
365   283   3    126    488
366   170   4    102    47
367   165   3    29    112
368   128   2    20    246
369   238   5    48    282
370   22   3    172    497
371   137   4    4    471
372   17   7    166    43
373   357   2    132    289
374   315   5    196    226
375   123   2    135    344
376   330   5    112    343
377   334   7    86    253
378   233   6    53    151
379   216   2    154    486
380   226   2    57    219
381   201   7    99    191
382   47   6    128    275
383   203   4    90    463
384   336   6    142    190
385   115   4    11    157
386   11   2    71    6
387   280   7    134    12
388   288   2    10    33
389   238   2    50    466
390   36   6    95    448
391   362   2    31    497
392   323   3    59    495
393   12   4    151    182
394   201   7    32    374
395   263   3    169    77
396   66   3    113    52
397   136   6    42    206
398   216   2    177    84
399   22   5    186    348
400   332   7    116    427
401   70   5    101    384
402   179   4    112    284
403   351   3    47    447
404   300   7    72    163
405   184   7    26    49
406   261   4    37    2
407   138   6    67    88
408   292   6    160    486
409   200   7    45    28
410   31   7    194    334
411   196   2    4    85
412   84   7    36    495
413   72   4    1    125
414   238   7    173    166
415   347   7    57    254
416   221   5    172    464
417   173   7    178    195
418   320   4    22    67
419   145   4    79    445
420   303   2    150    216
421   349   2    138    40
422   148   3    176    489
423   139   2    83    494
424   263   2    105    280
425   370   6    83    166
426   292   4    27    2
427   355   4    97    287
428   34   4    199    462
429   268   3    121    252
430   170   4    138    411
431   198   6    55    334
432   65   3    147    116
433   202   4    162    285
434   111   2    181    290
435   105   4    175    123
436   25   2    148    491
437   89   3    167    170
438   91   6    19    126
439   244   3    23    489
440   363   7    140    106
441   402   6    143    87
442   106   4    33    239
443   232   7    114    252
444   362   5    41    340
445   73   2    68    217
446   442   6    115    493
447   117   4    8    425
448   370   4    191    372
449   196   3    98    313
450   5   3    186    451
451   265   4    156    431
452   341   4    29    61
453   246   4    180    181
454   61   2    122    226
455   214   2    82    185
456   261   7    174    211
457   98   5    128    88
458   92   7    95    82
459   293   2    145    72
460   390   6    105    120
461   111   5    156    213
462   323   4    12    335
463   84   6    83    368
464   87   7    3    260
465   75   4    30    440
466   297   6    3    167
467   324   7    72    259
468   185   7    85    158
469   433   7    130    469
470   360   7    164    277
471   189   6    156    332
472   284   4    140    268
473   14   4    71    225
474   284   5    8    175
475   468   7    127    357
476   401   2    43    274
477   54   4    197    82
478   404   7    90    33
479   202   3    113    325
480   90   4    6    493
481   24   5    65    221
482   44   6    22    347
483   437   5    174    237
484   317   4    114    70
485   232   6    46    184
486   377   2    39    448
487   156   4    31    179
488   143   2    94    433
489   163   5    157    473
490   157   6    69    406
491   33   3    154    237
492   71   4    161    456
493   448   5    141    152
494   7   2    17    197
495   340   7    55    419
496   9   3    2    404
497   194   3    114    325
498   102   7    86    430
499   161   5    189    354
500   172   4    103    46
501   475   7    46    116
502   441   3    122    133
503   143   6    153    407
504   218   6    44    390
505   305   3    137    129
506   345   7    175    276
507   198   3    45    403
508   78   4    143    292
509   206   2    117    30
510   369   4    186    111
511   349   7    186    137
512   303   4    11    359
