1   0   6    23    33
2   1   4    139    97
3   1   7    178    428
4   2   3    197    279
5   1   2    90    136
6   3   7    170    350
7   4   4    18    150
8   1   5    145    102
9   7   7    179    181
10   7   4    165    344
11   7   5    171    240
12   1   5    31    470
13   6   2    20    106
14   8   4    156    182
15   6   5    12    341
16   7   5    193    12
17   10   2    12    392
18   9   2    144    231
19   17   7    105    162
20   5   7    55    216
21   2   4    121    319
22   20   6    46    359
23   12   6    77    434
24   1   4    5    472
25   18   4    99    493
26   11   3    102    17
27   16   7    114    119
28   15   5    37    374
29   16   3    14    79
30   26   7    68    358
31   12   3    36    356
32   27   7    22    279
33   3   3    29    315
34   13   5    101    67
35   17   6    153    93
36   12   2    87    310
37   32   2    14    378
38   4   7    130    156
39   19   7    170    407
40   1   5    112    252
41   3   2    119    214
42   35   2    139    139
43   34   3    122    225
44   39   7    148    155
45   33   6    96    431
46   37   7    155    431
47   8   4    147    7
48   33   6    91    359
49   28   4    94    208
50   28   7    160    405
51   43   6    141    301
52   43   5    142    21
53   12   7    104    58
54   30   5    25    53
55   10   6    85    294
56   25   2    168    105
57   7   3    181    417
58   22   7    68    173
59   30   6    109    122
60   45   3    149    205
61   52   2    104    395
62   38   3    43    320
63   8   6    82    424
64   30   7    40    18
65   45   2    70    344
66   38   3    108    345
67   48   4    111    379
68   23   7    99    1
69   64   3    170    387
70   39   4    179    393
71   20   3    18    224
72   49   3    123    130
73   61   2    64    296
74   51   4    38    470
75   40   4    26    63
76   46   7    74    418
77   4   5    157    41
78   37   4    124    146
79   63   5    101    416
80   14   3    143    171
81   52   3    108    270
82   42   6    104    431
83   11   6    58    429
84   25   7    13    410
85   34   4    31    34
86   29   7    88    162
87   11   4    25    174
88   71   5    141    443
89   53   7    9    93
90   79   7    176    351
91   34   7    6    173
92   13   3    45    307
93   66   3    184    332
94   59   3    11    272
95   40   4    189    172
96   59   6    112    224
97   36   6    11    181
98   21   3    123    487
99   52   6    115    428
100   69   7    93    108
101   27   6    40    414
102   78   7    180    53
103   73   5    118    310
104   2   7    169    185
105   66   4    135    169
106   58   6    3    322
107   78   4    184    314
108   97   4    101    333
109   77   5    13    321
110   70   6    172    189
111   77   4    46    207
112   93   5    46    326
113   34   5    45    70
114   67   6    29    473
115   42   3    15    24
116   83   2    36    184
117   65   4    161    87
118   34   6    134    324
119   44   2    147    135
120   81   2    29    188
121   107   5    101    166
122   13   2    95    239
123   66   7    186    190
124   24   3    92    481
125   6   7    115    424
126   100   4    150    176
127   1   5    191    368
128   53   4    164    268
129   115   6    113    222
130   85   5    89    26
131   17   5    185    187
132   38   3    58    448
133   13   5    70    110
134   102   3    187    84
135   4   4    4    321
136   69   2    110    481
137   82   5    50    277
138   40   7    181    147
139   90   4    127    166
140   48   5    48    459
141   54   3    196    202
142   20   2    136    6
143   39   4    99    480
144   1   3    45    337
145   97   5    183    86
146   92   5    2    208
147   78   4    125    426
148   91   4    55    189
149   23   6    85    81
150   122   3    94    200
151   135   2    197    430
152   29   6    45    316
153   66   4    63    185
154   85   5    180    120
155   63   3    181    152
156   23   7    142    449
157   148   7    138    358
158   134   2    134    39
159   99   7    110    406
160   91   3    49    182
161   75   2    19    27
162   150   3    114    119
163   130   4    42    276
164   113   6    49    172
165   125   4    153    244
166   154   5    123    174
167   153   5    104    145
168   94   7    65    492
169   58   6    161    122
170   94   5    47    250
171   122   5    92    419
172   98   7    178    457
173   130   7    22    431
174   26   7    94    196
175   151   5    41    385
176   115   7    20    352
177   1   6    162    307
178   160   4    28    356
179   30   2    9    6
180   56   5    112    115
181   132   2    63    358
182   4   3    12    46
183   85   7    127    263
184   173   3    26    363
185   101   6    140    482
186   2   4    88    187
187   112   2    56    415
188   41   6    41    351
189   160   6    198    407
190   110   2    96    4
191   44   7    1    383
192   40   6    65    391
193   104   6    135    267
194   188   2    74    223
195   45   7    66    189
196   4   6    86    395
197   144   3    17    413
198   176   4    165    276
199   23   6    74    104
200   162   7    11    364
201   119   6    30    457
202   6   6    11    345
203   54   2    19    363
204   28   4    191    174
205   57   4    145    439
206   200   4    7    5
207   69   2    125    358
208   206   7    108    41
209   155   3    112    324
210   55   7    43    167
211   98   2    66    427
212   185   5    36    259
213   127   3    74    214
214   139   3    183    484
215   13   7    70    10
216   131   6    152    396
217   147   7    80    243
218   169   3    90    444
219   159   2    30    86
220   180   5    160    124
221   134   4    30    457
222   63   6    164    243
223   101   2    20    252
224   15   6    195    377
225   118   6    163    297
226   10   3    48    13
227   31   5    33    411
228   164   5    91    18
229   197   6    32    438
230   172   2    182    251
231   170   4    126    438
232   180   7    70    306
233   163   2    48    161
234   183   6    102    316
235   62   6    63    481
236   192   5    54    415
237   165   3    131    448
238   111   6    145    36
239   14   2    31    478
240   90   7    112    254
241   211   6    90    74
242   192   4    38    351
243   4   3    116    288
244   97   4    90    344
245   175   3    19    416
246   147   3    102    334
247   241   6    150    206
248   84   6    79    379
249   117   5    107    155
250   115   3    34    315
251   40   7    1    169
252   167   7    111    250
253   101   3    188    229
254   44   3    61    205
255   201   7    192    199
256   166   3    186    395
257   222   3    32    147
258   166   6    78    440
259   173   2    44    116
260   71   4    163    173
261   10   7    93    271
262   183   6    117    78
263   87   2    106    252
264   258   4    167    108
265   188   4    118    366
266   39   4    123    477
267   180   3    45    256
268   192   2    92    289
269   123   2    147    246
270   239   3    75    76
271   148   2    22    228
272   233   5    49    170
273   104   5    98    34
274   218   2    139    136
275   157   6    49    65
276   23   2    80    158
277   243   2    8    388
278   44   4    96    475
279   153   6    93    111
280   277   3    32    47
281   271   7    131    41
282   261   5    76    131
283   271   4    60    363
284   277   4    52    482
285   214   7    9    348
286   271   2    22    362
287   97   5    152    221
288   128   3    10    79
289   23   3    178    167
290   188   7    39    20
291   145   2    144    194
292   139   2    164    497
293   19   5    9    142
294   127   7    12    1
295   193   5    16    369
296   170   3    85    19
297   249   4    138    495
298   158   7    76    444
299   288   3    22    14
300   67   5    111    71
301   200   3    56    124
302   199   2    122    53
303   103   7    38    364
304   86   5    75    392
305   291   6    184    74
306   277   5    11    23
307   244   4    194    100
308   152   2    131    490
309   81   7    24    38
310   44   7    103    10
311   90   2    53    361
312   44   5    31    371
313   137   5    162    149
314   5   6    11    119
315   188   7    193    358
316   146   5    59    320
317   85   5    189    142
318   101   7    193    5
319   181   4    145    118
320   133   4    179    158
321   134   2    35    77
322   176   7    188    64
323   297   6    27    323
324   1   6    199    122
325   56   7    126    152
326   140   2    50    130
327   179   7    47    496
328   67   4    41    396
329   166   5    20    283
330   224   7    84    229
331   27   2    60    432
332   129   7    103    211
333   144   3    102    366
334   221   7    103    393
335   15   2    85    122
336   303   6    69    310
337   145   4    106    493
338   196   5    23    290
339   95   7    18    185
340   134   7    3    387
341   140   6    2    492
342   187   5    90    259
343   204   6    107    408
344   280   2    53    153
345   290   4    107    44
346   110   6    82    174
347   16   2    111    333
348   92   3    157    370
349   6   7    122    9
350   346   7    108    374
351   200   7    5    226
352   91   5    26    100
353   161   7    76    2
354   331   7    26    255
355   196   5    20    87
356   236   2    57    18
357   13   2    150    111
358   266   3    126    250
359   195   5    77    97
360   119   4    180    244
361   276   3    3    212
362   165   4    162    125
363   335   5    182    182
364   178   6    45    254
365   302   6    78    214
366   117   3    197    66
367   39   3    28    328
368   211   7    136    280
369   333   7    122    289
370   202   4    159    134
371   259   6    110    41
372   188   4    127    441
373   264   5    41    417
374   310   5    165    122
375   226   7    53    461
376   67   5    114    143
377   286   4    82    463
378   80   6    16    421
379   156   3    66    148
380   318   4    148    159
381   53   6    70    473
382   280   6    8    31
383   177   5    65    95
384   277   5    33    14
385   328   6    132    372
386   32   3    2    91
387   150   5    66    462
388   319   5    22    199
389   267   5    169    263
390   387   3    3    71
391   154   6    15    485
392   33   3    147    421
393   214   2    77    246
394   314   7    67    88
395   372   4    93    350
396   362   3    122    355
397   307   5    188    14
398   203   5    143    129
399   15   5    51    431
400   181   5    47    217
401   223   7    142    192
402   149   2    67    296
403   321   4    119    268
404   316   4    48    36
405   185   5    1    234
406   164   6    93    346
407   146   2    47    306
408   90   3    130    232
409   26   7    9    452
410   226   2    132    428
411   281   3    145    200
412   381   7    153    392
413   101   3    164    210
414   122   5    128    293
415   336   6    138    108
416   211   3    93    181
417   342   3    70    384
418   200   7    103    110
419   8   4    106    87
420   11   3    132    105
421   172   7    90    184
422   318   2    187    333
423   41   3    29    162
424   385   4    114    242
425   125   5    14    119
426   2   7    20    409
427   424   2    194    212
428   72   5    110    128
429   201   2    187    393
430   385   5    16    477
431   24   7    41    276
432   310   7    62    374
433   415   6    150    34
434   273   4    44    466
435   427   2    67    61
436   70   6    158    436
437   131   3    155    124
438   281   5    151    423
439   228   7    147    330
440   63   7    110    64
441   336   4    91    382
442   383   5    136    66
443   216   7    18    58
444   379   7    69    368
445   61   7    119    99
446   169   4    96    263
447   326   5    155    439
448   152   7    130    463
449   111   6    69    467
450   204   5    69    282
451   432   5    34    186
452   88   4    156    7
453   254   6    60    477
454   376   5    164    246
455   80   3    53    173
456   321   4    150    456
457   432   4    76    90
458   26   2    103    116
459   380   2    54    28
460   28   5    135    367
461   208   2    142    94
462   269   6    52    498
463   441   4    164    435
464   286   6    152    163
465   130   5    135    236
466   3   5    23    380
467   307   6    109    488
468   316   5    13    187
469   141   6    192    8
470   139   2    173    90
471   125   3    106    22
472   49   4    11    44
473   419   6    197    275
474   389   5    6    224
475   388   2    185    291
476   420   6    121    247
477   82   4    21    162
478   295   4    88    409
479   340   2    25    360
480   329   3    1    199
481   79   7    118    439
482   2   2    113    373
483   287   7    87    359
484   160   7    6    320
485   481   2    97    386
486   100   7    45    222
487   90   3    122    254
488   115   3    159    498
489   197   4    61    34
490   361   6    89    188
491   8   4    26    306
492   31   3    97    443
493   16   4    44    76
494   408   7    17    180
495   434   5    45    301
496   19   7    5    84
497   458   4    3    142
498   459   5    88    255
499   312   5    180    415
500   400   5    15    481
501   334   4    43    466
502   391   4    86    273
503   1   2    72    370
504   394   3    98    274
505   87   5    64    112
506   10   6    146    354
507   347   5    98    311
508   352   7    153    463
509   319   2    181    15
510   308   4    106    209
511   369   5    145    6
512   240   5    160    453
