1   0   3    77    4
2   1   4    107    390
3   1   5    114    311
4   2   4    69    384
5   3   7    126    478
6   1   3    171    338
7   1   4    9    171
8   1   6    34    157
9   1   7    172    85
10   8   5    99    212
11   4   4    25    481
12   5   4    2    305
13   5   7    64    491
14   1   4    192    132
15   13   4    106    54
16   1   4    130    38
17   3   2    118    424
18   8   3    111    155
19   13   5    22    430
20   16   6    164    25
21   10   2    10    56
22   11   5    138    479
23   19   4    132    322
24   5   4    127    66
25   2   5    85    237
26   3   7    104    126
27   10   3    169    152
28   14   6    124    247
29   3   2    183    437
30   13   7    182    11
31   21   4    110    165
32   3   4    127    321
33   19   4    57    414
34   19   7    157    460
35   4   7    64    282
36   16   7    42    306
37   5   2    83    13
38   19   6    8    127
39   36   7    49    467
40   34   5    42    384
41   23   3    104    83
42   16   3    77    382
43   33   2    64    262
44   41   5    107    420
45   10   2    119    120
46   19   5    24    302
47   15   6    178    298
48   25   5    28    241
49   44   7    174    419
50   31   6    136    249
51   1   4    67    239
52   36   3    182    182
53   8   3    192    415
54   45   7    63    297
55   2   5    84    364
56   23   6    137    445
57   6   7    101    73
58   47   3    56    366
59   55   4    133    12
60   43   3    11    131
61   43   7    66    340
62   33   5    150    404
63   7   6    54    15
64   31   2    108    263
65   49   2    41    369
66   63   3    101    9
67   6   7    36    394
68   55   5    117    120
69   5   2    43    250
70   10   6    30    28
71   10   4    7    112
72   14   2    1    95
73   10   3    146    146
74   21   4    87    238
75   15   4    36    26
76   44   4    52    261
77   25   3    163    62
78   36   7    44    303
79   39   5    148    158
80   28   2    32    342
81   61   2    93    193
82   15   2    116    114
83   12   4    191    313
84   11   3    145    225
85   82   5    72    85
86   49   7    176    388
87   75   7    12    79
88   79   5    32    419
89   62   6    24    146
90   5   4    55    474
91   18   4    114    103
92   23   4    21    289
93   77   3    64    469
94   37   5    85    434
95   5   6    94    42
96   87   5    89    435
97   84   7    87    499
98   68   4    199    497
99   25   6    101    141
100   97   7    93    10
101   40   3    48    191
102   86   5    160    292
103   54   3    119    216
104   99   7    118    352
105   86   6    44    312
106   103   5    80    253
107   4   5    177    373
108   34   4    61    484
109   87   6    102    353
110   14   6    105    267
111   50   4    6    3
112   80   4    7    466
113   2   5    90    379
114   70   7    1    5
115   71   4    122    166
116   36   7    180    360
117   1   7    42    149
118   77   3    192    58
119   110   7    83    379
120   110   5    96    62
121   108   2    163    259
122   22   5    49    43
123   64   6    192    334
124   107   4    8    75
125   20   4    13    84
126   18   2    164    317
127   86   4    85    455
128   53   5    14    121
129   14   6    98    488
130   13   2    38    238
131   86   5    38    234
132   30   5    150    113
133   71   2    91    154
134   19   5    19    371
135   121   4    88    373
136   1   4    103    483
137   104   3    160    160
138   102   2    112    71
139   94   5    192    172
140   85   3    74    401
141   57   6    34    34
142   36   7    37    133
143   18   5    194    453
144   98   7    148    424
145   43   7    3    106
146   36   4    15    207
147   98   6    150    403
148   42   3    51    233
149   79   3    189    237
150   104   5    12    130
151   99   4    37    26
152   36   6    182    188
153   135   5    130    336
154   44   6    121    131
155   55   6    126    315
156   150   6    39    280
157   70   4    175    469
158   6   6    17    493
159   95   4    38    21
160   116   6    134    125
161   119   4    119    406
162   145   2    124    413
163   157   2    141    117
164   53   5    104    383
165   157   7    188    16
166   160   2    103    167
167   22   4    166    107
168   129   4    17    219
169   140   5    81    83
170   22   3    188    228
171   100   5    61    471
172   23   4    4    309
173   97   3    41    283
174   16   6    3    287
175   61   5    142    408
176   162   5    24    89
177   66   7    192    65
178   86   6    124    197
179   164   5    35    110
180   27   6    199    364
181   177   5    161    52
182   176   5    74    210
183   167   2    151    427
184   59   4    199    171
185   24   3    106    129
186   22   3    142    408
187   140   5    96    429
188   144   3    63    408
189   29   6    110    195
190   176   4    24    266
191   181   5    89    107
192   179   3    187    207
193   141   5    183    136
194   47   7    106    147
195   39   2    32    165
196   34   2    45    282
197   69   5    185    398
198   68   5    195    135
199   115   4    35    169
200   124   3    105    126
201   68   5    53    237
202   1   5    83    297
203   44   3    137    192
204   16   5    145    189
205   109   5    49    393
206   103   5    6    287
207   153   7    25    393
208   17   5    124    208
209   44   3    50    186
210   195   7    51    389
211   165   3    9    166
212   54   6    44    430
213   125   2    65    387
214   110   2    185    297
215   67   5    5    298
216   33   7    135    1
217   85   7    93    67
218   69   5    168    116
219   155   6    57    367
220   42   2    158    368
221   194   4    122    490
222   169   6    31    37
223   107   7    8    464
224   143   6    94    170
225   50   6    120    120
226   192   3    47    210
227   151   7    113    92
228   52   2    93    451
229   37   7    136    188
230   100   2    94    371
231   86   7    105    111
232   162   6    71    408
233   49   2    32    105
234   196   6    104    432
235   136   5    24    99
236   28   6    191    479
237   144   3    99    66
238   20   7    79    146
239   95   3    146    13
240   73   2    126    465
241   116   6    164    258
242   238   7    93    378
243   229   5    14    482
244   58   5    41    396
245   74   3    27    237
246   35   2    52    189
247   193   6    158    15
248   94   6    98    226
249   171   2    124    166
250   48   7    107    96
251   24   5    5    308
252   155   7    139    287
253   181   5    34    18
254   124   5    114    282
255   102   3    66    495
256   20   6    134    314
257   167   3    64    148
258   33   7    162    212
259   65   2    137    314
260   66   6    152    136
261   68   7    84    2
262   217   3    82    73
263   124   2    67    288
264   147   4    34    403
265   157   3    105    41
266   145   2    59    426
267   87   2    184    304
268   39   7    12    378
269   267   7    189    493
270   75   7    117    156
271   159   3    22    373
272   56   2    101    84
273   267   6    94    286
274   72   2    167    231
275   191   3    121    359
276   5   7    51    478
277   89   2    151    126
278   233   3    118    295
279   38   3    118    314
280   154   2    45    173
281   276   2    5    110
282   150   7    149    41
283   11   4    178    357
284   170   5    191    27
285   280   2    163    306
286   175   2    192    289
287   191   2    111    427
288   153   6    69    480
289   285   7    196    417
290   111   3    14    292
291   75   3    193    267
292   156   2    60    245
293   14   3    175    131
294   28   7    167    37
295   82   7    68    406
296   70   2    175    43
297   65   5    149    344
298   182   4    80    322
299   7   4    162    266
300   241   5    170    224
301   233   4    69    427
302   206   6    132    405
303   198   7    80    40
304   230   4    113    328
305   13   6    33    188
306   151   2    89    452
307   73   6    192    249
308   122   5    198    473
309   285   7    58    331
310   189   7    70    118
311   113   5    26    442
312   58   2    58    26
313   74   4    186    181
314   127   6    174    7
315   2   5    178    412
316   278   5    108    478
317   25   2    48    99
318   80   3    25    324
319   83   6    34    445
320   105   5    115    334
321   7   6    8    391
322   168   4    95    283
323   250   7    161    187
324   281   7    59    323
325   222   4    55    401
326   292   5    100    276
327   308   7    153    121
328   63   4    168    391
329   326   3    112    113
330   156   2    131    446
331   169   4    174    379
332   168   5    191    201
333   284   4    108    12
334   317   2    24    48
335   144   3    55    10
336   30   7    117    183
337   145   3    196    262
338   336   6    99    195
339   196   7    188    115
340   219   2    99    353
341   195   5    179    488
342   273   6    64    3
343   326   7    113    246
344   75   4    30    194
345   269   6    156    456
346   155   7    199    358
347   212   5    99    308
348   106   5    50    448
349   71   4    178    390
350   294   6    165    277
351   10   4    50    1
352   287   5    56    408
353   138   5    76    308
354   198   4    24    483
355   239   3    175    12
356   9   7    80    20
357   110   4    133    373
358   11   7    156    266
359   348   3    107    75
360   223   5    22    74
361   267   3    88    311
362   212   7    180    98
363   47   5    169    447
364   216   3    90    458
365   190   3    3    56
366   7   5    187    491
367   235   6    107    329
368   204   4    79    265
369   323   6    62    421
370   192   6    140    74
371   239   7    124    159
372   162   7    49    381
373   151   3    15    425
374   76   2    156    79
375   249   7    16    55
376   1   3    42    311
377   99   3    99    258
378   236   4    134    218
379   351   4    90    238
380   204   4    115    308
381   281   4    188    90
382   315   6    117    431
383   353   4    39    325
384   331   3    77    90
385   182   3    64    17
386   309   5    42    106
387   143   5    37    142
388   66   4    156    488
389   194   7    25    437
390   116   5    31    128
391   107   7    156    95
392   187   7    179    187
393   153   3    53    186
394   216   2    176    181
395   334   2    166    374
396   291   4    36    220
397   278   7    26    172
398   37   6    67    227
399   159   7    191    87
400   209   4    19    185
401   385   3    101    412
402   162   3    163    460
403   84   4    191    165
404   174   6    112    28
405   397   5    65    97
406   234   7    4    162
407   35   6    3    33
408   315   2    90    132
409   186   6    45    131
410   71   7    109    208
411   222   7    93    404
412   35   2    74    32
413   211   6    141    470
414   250   2    64    321
415   93   2    51    469
416   125   5    24    341
417   325   7    7    240
418   31   3    62    56
419   239   5    167    50
420   164   6    18    205
421   32   7    95    38
422   268   4    114    257
423   156   3    64    308
424   386   4    39    51
425   118   2    95    29
426   228   6    56    334
427   329   7    26    243
428   116   2    10    121
429   396   5    156    388
430   416   6    110    58
431   60   6    169    173
432   392   4    165    221
433   59   6    106    36
434   190   4    119    194
435   361   7    189    308
436   88   3    155    444
437   393   7    105    44
438   40   7    69    324
439   30   5    98    319
440   193   2    148    112
441   26   3    41    370
442   46   4    58    495
443   338   4    43    39
444   46   5    118    221
445   215   3    175    25
446   335   7    24    414
447   407   6    160    88
448   376   7    131    463
449   157   3    107    403
450   422   6    102    406
451   337   7    189    335
452   21   2    90    355
453   381   7    59    309
454   439   3    80    17
455   375   2    130    358
456   231   3    25    234
457   196   2    35    453
458   12   7    63    2
459   131   5    72    498
460   98   6    40    192
461   413   3    97    341
462   63   6    70    254
463   219   4    148    352
464   424   5    67    244
465   218   7    143    414
466   283   7    15    271
467   245   3    177    199
468   174   7    145    22
469   152   6    155    38
470   381   6    56    183
471   84   3    15    220
472   83   4    109    255
473   204   4    187    102
474   194   4    20    407
475   78   2    193    423
476   30   6    2    342
477   184   7    198    391
478   146   6    26    259
479   268   7    20    350
480   307   5    175    16
481   245   4    181    206
482   406   3    191    470
483   118   2    25    394
484   333   5    91    492
485   55   6    69    334
486   35   4    75    353
487   129   6    93    457
488   62   7    148    57
489   310   4    79    491
490   234   7    107    208
491   218   6    69    419
492   50   5    47    279
493   337   3    34    11
494   56   2    95    479
495   157   2    141    7
496   352   3    86    229
497   447   4    141    353
498   321   4    183    402
499   474   6    80    115
500   420   6    7    447
501   137   6    177    497
502   473   2    161    205
503   473   2    56    480
504   147   4    18    374
505   179   5    42    462
506   439   2    67    478
507   446   7    75    224
508   10   2    30    220
509   402   2    4    145
510   117   4    78    57
511   46   7    25    202
512   271   4    127    99
513   365   6    181    396
514   365   5    145    260
