1   0   5    37    114
2   1   7    149    324
3   1   4    150    16
4   2   6    104    27
5   2   5    188    117
6   2   5    152    430
7   2   6    88    249
8   6   3    66    376
9   6   4    65    73
10   5   7    81    353
11   3   3    32    453
12   6   6    173    54
13   7   3    28    9
14   9   3    158    236
15   8   3    96    331
16   1   7    152    463
17   15   2    195    220
18   8   3    62    176
19   1   7    45    155
20   15   3    88    244
21   11   3    170    229
22   9   5    1    352
23   13   3    100    50
24   5   3    148    297
25   5   4    9    448
26   11   3    108    240
27   11   7    33    102
28   14   4    176    13
29   17   4    65    17
30   2   2    89    277
31   28   6    102    173
32   11   3    155    270
33   28   5    70    478
34   29   5    175    493
35   19   4    28    454
36   15   7    171    470
37   24   3    180    436
38   26   7    17    235
39   24   7    10    124
40   3   5    92    156
41   1   7    33    380
42   25   3    152    324
43   7   4    161    456
44   8   4    191    225
45   2   6    168    475
46   36   5    192    227
47   19   4    36    459
48   35   7    113    76
49   46   3    49    31
50   9   4    135    343
51   37   6    193    207
52   45   7    199    438
53   13   7    83    182
54   4   3    158    101
55   30   4    184    232
56   54   2    128    81
57   13   7    97    81
58   22   7    21    167
59   22   4    24    360
60   30   3    122    85
61   8   3    85    415
62   10   6    34    130
63   42   3    14    157
64   36   3    49    451
65   39   3    186    299
66   23   2    111    295
67   26   4    6    124
68   59   7    130    148
69   3   3    81    331
70   44   2    159    300
71   37   6    111    347
72   24   7    40    140
73   3   7    163    240
74   6   5    130    460
75   64   7    28    495
76   20   3    57    137
77   49   7    197    77
78   3   5    90    379
79   1   3    21    456
80   24   5    110    234
81   65   2    91    138
82   22   3    103    292
83   49   4    87    391
84   73   6    28    402
85   25   7    33    361
86   67   7    107    167
87   57   3    34    158
88   36   5    139    343
89   55   3    121    248
90   23   2    106    345
91   66   2    88    177
92   58   5    69    336
93   5   2    163    455
94   66   7    113    98
95   5   5    92    334
96   89   4    140    218
97   8   4    57    382
98   75   5    28    217
99   38   6    49    33
100   2   2    99    40
101   44   5    151    494
102   21   3    75    67
103   8   3    126    49
104   63   7    17    4
105   38   6    78    359
106   16   5    43    65
107   21   4    26    358
108   81   2    80    246
109   19   5    133    194
110   47   7    13    94
111   29   2    85    393
112   6   5    67    85
113   60   3    158    148
114   37   4    166    248
115   4   4    178    149
116   16   5    167    23
117   7   5    10    128
118   54   4    168    32
119   75   4    68    487
120   8   5    108    404
121   6   7    125    273
122   1   4    80    463
123   28   5    29    345
124   83   3    137    249
125   90   6    22    438
126   5   2    123    364
127   110   3    58    392
128   35   6    66    258
129   19   5    191    414
130   37   2    155    183
131   40   7    1    32
132   38   7    37    247
133   23   7    116    204
134   30   2    100    320
135   27   3    51    369
136   102   3    193    224
137   56   2    127    463
138   55   4    166    111
139   54   2    170    388
140   31   3    88    211
141   66   2    160    383
142   137   5    36    129
143   69   2    61    411
144   42   4    168    51
145   129   7    110    492
146   96   5    20    457
147   112   5    35    288
148   81   7    79    19
149   65   6    76    437
150   3   5    99    462
151   45   5    176    491
152   52   4    142    249
153   110   3    156    289
154   30   6    31    491
155   96   5    131    29
156   148   7    148    370
157   85   2    164    304
158   116   3    31    343
159   3   2    188    402
160   47   7    167    481
161   129   5    25    422
162   16   2    118    375
163   46   6    151    178
164   44   6    127    432
165   151   7    67    444
166   57   6    70    164
167   8   5    117    344
168   152   7    61    258
169   100   2    95    397
170   17   7    75    439
171   141   6    53    305
172   77   7    84    464
173   152   2    164    468
174   1   6    40    118
175   57   2    66    365
176   112   2    65    132
177   48   6    39    213
178   96   6    75    453
179   21   4    34    488
180   90   5    127    120
181   143   4    171    388
182   89   5    149    148
183   125   5    158    494
184   94   3    140    132
185   126   3    165    330
186   152   6    116    40
187   163   2    87    311
188   52   3    19    115
189   57   3    111    393
190   103   7    154    371
191   105   2    80    446
192   154   3    5    124
193   182   4    3    263
194   74   3    88    17
195   51   5    63    146
196   179   7    155    422
197   97   3    28    8
198   130   3    188    409
199   162   4    182    371
200   191   3    54    99
201   110   2    119    160
202   23   4    178    126
203   39   4    85    75
204   76   3    166    33
205   139   2    191    453
206   121   4    176    74
207   189   6    181    340
208   133   6    188    447
209   3   4    104    345
210   93   7    191    452
211   59   4    192    488
212   188   6    99    235
213   202   5    173    169
214   85   4    103    29
215   143   6    67    417
216   99   7    14    65
217   13   3    113    67
218   204   3    125    203
219   55   7    182    340
220   101   4    14    15
221   176   3    16    414
222   46   3    19    82
223   88   3    178    233
224   125   4    146    497
225   113   2    109    30
226   77   2    45    152
227   40   7    113    82
228   86   4    45    180
229   28   4    180    89
230   184   6    149    310
231   31   7    115    15
232   131   4    9    142
233   181   4    173    296
234   151   6    124    169
235   122   2    72    290
236   127   5    47    448
237   65   2    158    102
238   163   6    170    497
239   57   3    169    460
240   168   6    19    225
241   40   7    69    362
242   32   4    135    53
243   129   2    22    26
244   189   6    102    28
245   14   6    136    27
246   140   6    68    199
247   172   3    169    174
248   186   5    170    318
249   101   3    12    203
250   29   6    124    460
251   87   2    89    117
252   204   6    82    58
253   74   4    67    293
254   13   7    187    194
255   103   6    45    250
256   138   6    151    383
257   61   5    168    13
258   183   5    182    224
259   84   7    22    343
260   202   3    197    440
261   35   4    97    11
262   195   5    175    63
263   36   3    144    447
264   150   4    118    460
265   94   6    162    305
266   116   2    43    192
267   3   5    83    321
268   57   7    155    326
269   212   3    15    10
270   250   5    56    35
271   269   6    173    442
272   169   2    74    58
273   154   4    109    38
274   167   5    165    447
275   127   3    14    107
276   123   4    21    286
277   198   7    180    463
278   196   7    192    471
279   244   2    21    183
280   86   7    141    350
281   117   2    6    13
282   173   7    47    249
283   159   5    127    248
284   7   3    29    224
285   71   6    89    364
286   196   6    184    447
287   73   6    91    231
288   52   2    174    35
289   33   4    126    187
290   246   5    159    355
291   256   6    171    154
292   152   5    146    303
293   291   3    12    216
294   159   4    15    132
295   46   5    103    95
296   70   2    184    358
297   105   2    114    107
298   138   5    34    354
299   65   5    165    18
300   195   6    66    220
301   137   7    127    362
302   2   4    39    464
303   46   2    6    220
304   219   3    38    41
305   47   6    118    483
306   228   4    85    96
307   46   7    81    428
308   129   3    35    400
309   65   5    183    78
310   306   7    156    181
311   15   2    169    294
312   8   6    46    257
313   101   3    44    424
314   194   6    51    318
315   251   4    90    428
316   251   6    84    97
317   117   5    186    488
318   121   6    173    119
319   244   3    175    157
320   317   6    164    369
321   15   5    151    319
322   126   3    50    429
323   51   5    115    342
324   176   2    125    307
325   95   4    197    285
326   92   4    149    200
327   124   6    118    302
328   317   7    53    181
329   91   7    131    153
330   315   4    48    108
331   100   4    163    350
332   277   5    41    342
333   129   5    173    217
334   271   7    140    224
335   121   3    90    298
336   275   2    3    187
337   103   3    10    379
338   316   7    128    244
339   82   7    173    260
340   313   6    48    267
341   305   6    163    447
342   258   4    42    326
343   294   5    20    436
344   267   6    108    272
345   72   3    33    359
346   80   2    82    297
347   322   7    14    118
348   246   5    96    257
349   189   4    173    423
350   180   3    53    439
351   343   5    178    406
352   142   2    100    441
353   101   4    72    175
354   247   2    10    38
355   332   5    193    155
356   215   6    145    352
357   270   2    26    451
358   93   6    163    228
359   237   7    136    257
360   86   6    175    277
361   49   3    25    381
362   204   4    199    330
363   225   3    57    362
364   245   5    116    72
365   185   3    24    223
366   224   3    123    129
367   245   6    27    384
368   44   4    27    33
369   228   7    140    34
370   212   3    73    378
371   7   2    69    70
372   354   5    81    31
373   201   5    120    231
374   129   6    130    363
375   112   3    13    403
376   160   6    74    181
377   314   3    114    169
378   238   7    126    362
379   179   3    90    222
380   328   5    161    457
381   190   2    112    141
382   228   4    43    495
383   326   4    60    169
384   355   5    21    346
385   63   4    193    362
386   308   7    176    341
387   40   5    147    140
388   187   5    60    292
389   80   2    133    28
390   30   2    153    452
391   387   6    180    11
392   187   2    169    212
393   357   7    31    229
394   291   3    154    55
395   96   5    151    232
396   309   3    100    265
397   383   4    128    184
398   129   4    21    465
399   34   6    4    487
400   177   3    193    316
401   80   5    51    355
402   221   3    53    352
403   204   7    115    192
404   107   4    154    415
405   9   5    28    341
406   193   5    87    21
407   252   2    134    497
408   271   6    66    205
409   48   2    31    433
410   162   2    11    217
411   63   7    137    358
412   326   2    108    423
413   233   2    10    121
414   100   4    184    376
415   63   7    184    77
416   256   5    62    495
417   244   2    150    459
418   411   4    63    496
419   207   2    150    165
420   49   6    1    4
421   136   6    190    382
422   199   5    113    329
423   305   6    4    374
424   164   6    107    250
425   347   2    148    229
426   297   3    181    200
427   187   7    139    81
428   200   5    177    479
429   56   5    19    281
430   251   2    57    493
431   357   2    124    236
432   399   6    35    120
433   271   5    2    486
434   281   3    21    489
435   313   4    118    354
436   164   2    98    194
437   20   7    60    497
438   196   2    124    11
439   285   3    42    467
440   192   2    195    348
441   191   4    64    225
442   379   5    25    102
443   394   4    139    15
444   351   5    146    17
445   442   3    120    464
446   109   7    113    31
447   307   2    36    397
448   393   6    83    97
449   231   7    110    249
450   17   4    67    333
451   370   4    124    195
452   148   5    180    21
453   27   6    81    445
454   404   7    87    475
455   136   6    127    349
456   85   2    81    353
457   439   4    25    180
458   99   2    119    60
459   313   4    126    73
460   440   7    45    150
461   217   6    156    27
462   198   3    153    212
463   12   3    105    100
464   402   3    160    127
465   6   4    89    69
466   203   7    136    207
467   423   5    23    92
468   11   3    169    146
469   293   3    140    427
470   454   6    17    393
471   325   3    113    310
472   53   2    165    472
473   63   3    18    448
474   19   5    17    459
475   424   3    116    61
476   429   5    196    141
477   286   4    25    422
478   117   5    150    425
479   147   6    99    328
480   61   7    185    195
481   60   7    60    416
482   265   4    61    498
483   99   6    167    422
484   64   6    109    233
485   184   3    21    298
486   51   5    119    237
487   372   6    39    253
488   260   7    71    206
489   247   5    100    154
490   242   3    118    283
491   177   4    86    28
492   487   3    19    446
493   270   3    67    229
494   59   7    49    386
495   302   4    71    440
496   374   6    6    317
497   396   2    61    229
498   46   3    99    74
499   340   4    170    83
500   358   5    99    44
501   387   4    196    162
502   380   5    137    274
503   45   3    32    379
504   122   5    121    115
505   483   4    24    109
506   411   4    199    395
507   399   7    44    219
508   89   6    29    197
509   66   3    127    404
510   316   7    75    480
511   40   7    11    32
512   265   4    35    373
513   45   6    127    285
514   447   7    180    192
515   128   2    56    366
516   155   6    147    106
517   423   5    194    422
518   320   3    170    86
519   13   4    68    327
520   149   3    108    260
521   1   3    111    429
522   219   3    63    291
523   132   7    42    432
524   212   6    18    79
525   357   5    125    76
526   189   6    47    36
527   199   3    103    150
528   207   6    178    347
529   515   3    153    145
530   117   5    168    226
531   111   4    63    243
532   189   3    106    337
533   381   5    74    423
534   346   3    110    279
535   213   3    156    112
536   414   5    112    460
537   1   6    110    190
538   501   2    185    391
539   308   2    34    108
540   156   5    90    456
541   191   2    6    389
542   144   7    67    224
543   439   2    56    373
544   55   6    186    444
545   471   3    24    46
546   534   2    35    332
547   89   5    23    113
548   463   7    196    412
549   444   3    68    114
550   199   5    95    440
551   175   5    163    163
552   282   3    110    214
553   130   3    172    286
554   512   5    2    412
555   26   4    22    456
556   4   2    123    127
557   500   2    163    211
558   330   7    147    368
559   156   5    36    159
560   149   4    140    419
561   35   6    112    391
562   457   5    78    92
563   517   2    184    267
564   369   5    98    69
565   499   3    61    444
566   181   2    191    347
567   448   5    71    229
568   408   2    116    83
569   303   6    128    113
570   97   3    143    222
571   520   4    140    411
572   280   6    124    253
573   336   2    193    112
574   467   4    115    361
575   142   4    144    333
576   567   3    68    128
577   359   3    46    153
578   363   4    74    434
579   183   6    74    87
580   551   7    27    423
581   415   2    114    327
582   242   4    143    396
583   114   6    12    299
584   490   3    38    214
585   214   5    55    142
586   111   7    153    28
587   311   7    81    235
588   429   5    91    383
589   431   3    43    199
590   154   3    114    311
591   235   2    163    300
592   345   2    70    445
593   186   4    171    255
594   122   5    133    57
595   396   7    182    384
596   345   5    21    224
597   320   5    147    218
598   135   7    17    436
599   316   3    133    475
600   489   3    62    264
601   112   7    57    82
602   303   4    15    476
603   31   6    96    432
604   78   2    141    242
605   425   4    71    142
606   604   4    93    102
607   122   3    73    190
608   489   4    194    301
609   577   6    150    66
610   373   3    20    133
611   517   3    114    103
612   478   2    17    297
613   380   6    182    59
614   391   5    175    362
615   114   2    18    55
616   107   4    51    130
617   151   5    61    467
618   87   3    114    205
619   105   5    44    110
620   182   2    7    125
621   580   6    110    412
622   570   7    94    130
623   123   7    12    481
624   147   4    29    304
625   464   4    101    477
626   461   6    42    399
627   614   5    160    415
628   462   7    34    482
629   536   4    77    115
630   171   7    124    89
631   430   7    43    269
632   140   5    27    354
633   625   2    152    470
634   436   3    62    24
635   530   7    15    251
636   49   2    131    49
637   606   3    174    153
638   305   2    18    181
639   26   5    77    357
640   182   2    155    421
641   87   5    12    357
642   231   5    63    164
643   593   4    39    151
644   523   6    65    328
645   176   5    20    405
646   424   5    29    435
647   128   4    88    23
648   120   2    179    477
649   615   5    95    40
650   152   4    88    230
651   159   6    80    162
652   363   5    137    96
653   492   7    90    373
654   17   7    176    499
655   508   3    4    230
656   439   4    130    145
657   467   2    166    447
658   188   3    10    175
659   72   7    191    326
660   397   5    34    19
661   504   2    175    485
662   52   5    55    179
663   497   2    132    402
664   328   7    169    380
665   629   7    42    77
666   175   4    54    235
667   653   5    104    362
668   527   3    182    374
669   316   7    24    239
670   587   4    2    162
671   220   6    36    430
672   112   5    158    42
673   640   3    141    404
674   188   7    133    89
675   568   7    133    479
676   10   6    158    414
677   3   2    126    407
678   299   6    118    457
679   671   7    162    283
680   127   4    150    306
681   353   7    40    306
682   319   7    174    100
683   613   5    2    7
684   488   2    139    109
685   641   3    113    418
686   546   7    185    485
687   287   6    97    236
688   645   6    33    403
689   53   3    18    180
690   350   5    187    315
691   42   7    159    230
692   282   4    52    98
693   594   3    103    180
694   497   3    174    210
695   361   6    68    1
696   117   6    175    228
697   672   7    69    225
698   117   2    38    48
699   136   6    191    276
700   290   6    120    192
701   660   7    27    408
702   114   5    126    319
703   207   5    134    495
704   302   2    187    228
705   496   6    95    489
706   643   7    110    359
707   374   5    36    285
708   264   6    96    288
709   631   6    144    9
710   315   2    119    185
711   81   4    127    421
712   191   4    57    477
713   10   5    70    350
714   146   7    169    56
715   309   4    5    301
716   476   4    15    305
717   364   3    134    155
718   484   5    107    192
719   28   5    83    208
720   168   5    78    179
721   511   3    151    66
722   119   3    132    303
723   617   4    96    267
724   609   4    107    270
725   21   5    193    294
726   240   5    25    253
727   390   6    60    151
728   84   6    104    277
729   203   5    127    115
730   157   2    36    66
731   661   5    1    475
732   618   2    127    190
733   436   3    44    422
734   168   3    80    105
735   578   5    72    205
736   511   4    21    297
737   418   4    164    482
738   293   3    29    153
739   114   6    118    65
740   333   4    72    404
741   82   4    187    84
742   286   3    130    53
743   40   3    63    139
744   630   7    105    415
745   132   7    110    290
746   86   4    146    192
747   86   5    138    494
748   576   3    3    92
749   101   2    49    454
750   316   3    149    306
751   36   2    7    58
752   582   4    106    281
753   190   2    90    67
754   205   5    16    81
755   154   2    170    410
756   514   6    71    215
757   697   5    58    90
758   9   3    74    347
759   178   4    46    435
760   265   4    188    442
761   499   7    188    336
762   286   2    165    269
763   66   5    188    193
764   513   5    49    51
765   169   3    58    343
766   425   3    11    409
767   322   7    172    369
768   592   3    167    491
