1   0   7    29    176
2   1   5    152    334
3   1   2    8    77
4   1   3    187    473
5   1   2    145    230
6   4   2    144    266
7   5   4    94    430
8   3   3    99    86
9   3   7    30    385
10   3   4    20    123
11   9   4    68    305
12   5   2    60    122
13   11   2    62    334
14   5   4    77    331
15   12   6    145    385
16   4   4    51    198
17   3   3    17    322
18   14   4    26    195
19   4   6    138    313
20   12   2    91    180
21   6   5    9    146
22   14   3    32    420
23   4   5    46    413
24   6   6    26    324
25   15   4    24    13
26   23   4    129    12
27   20   7    159    468
28   24   5    14    439
29   14   6    25    198
30   14   6    81    90
31   16   4    167    410
32   19   7    143    195
33   29   4    187    19
34   21   4    65    313
35   21   7    41    270
36   30   7    177    43
37   14   7    179    367
38   34   6    48    378
39   29   4    107    34
40   36   2    161    373
41   33   7    187    260
42   26   2    183    190
43   41   6    182    498
44   38   3    192    319
45   10   4    39    373
46   31   4    96    85
47   21   2    159    113
48   41   3    183    184
49   39   7    96    350
50   28   6    23    184
51   41   7    62    97
52   2   7    16    461
53   12   3    156    417
54   25   4    162    286
55   17   5    161    461
56   27   5    193    188
57   27   4    191    447
58   32   2    97    471
59   50   4    111    296
60   48   3    144    369
61   24   5    136    327
62   31   2    128    245
63   58   3    153    36
64   62   3    94    100
65   45   4    124    41
66   31   3    89    133
67   17   7    7    356
68   2   6    48    201
69   36   5    171    342
70   14   4    48    90
71   30   5    105    490
72   51   3    161    27
73   61   2    130    111
74   14   6    32    80
75   26   5    118    217
76   4   6    19    23
77   20   6    34    354
78   39   4    96    178
79   76   3    66    56
80   31   6    131    135
81   32   4    152    428
82   11   4    144    325
83   47   7    187    183
84   66   2    194    436
85   15   5    148    429
86   84   4    173    154
87   60   5    140    105
88   38   7    167    369
89   42   5    37    330
90   28   7    56    298
91   74   2    34    345
92   61   7    11    445
93   84   7    141    441
94   92   5    101    48
95   92   4    106    452
96   32   5    37    474
97   81   6    48    13
98   8   7    120    442
99   3   6    176    198
100   30   5    54    453
101   84   3    193    384
102   25   5    184    417
103   88   5    73    104
104   23   7    149    14
105   94   4    198    283
106   77   5    190    160
107   38   5    102    104
108   15   4    102    161
109   42   2    189    178
110   100   2    65    449
111   8   3    29    474
112   33   2    197    238
113   79   6    126    295
114   48   3    50    199
115   62   2    73    3
116   7   7    57    215
117   14   7    60    468
118   8   7    195    182
119   74   5    191    47
120   28   3    198    334
121   74   6    25    173
122   6   6    96    194
123   12   2    105    149
124   79   3    5    286
125   83   2    62    189
126   14   7    13    134
127   25   6    41    243
128   40   4    9    269
129   45   6    113    258
130   17   5    162    237
131   97   6    82    185
132   72   7    101    12
133   120   3    119    298
134   89   6    48    38
135   105   4    111    264
136   37   5    190    338
137   77   5    150    458
138   91   5    185    383
139   69   6    3    142
140   74   4    79    163
141   85   7    34    158
142   106   4    93    18
143   141   4    102    73
144   46   7    196    223
145   103   6    126    184
146   140   6    14    412
147   89   3    38    61
148   118   2    159    380
149   106   7    131    148
150   14   2    194    297
151   80   7    82    89
152   5   5    38    433
153   88   7    106    227
154   70   3    92    45
155   37   6    87    159
156   11   3    29    291
157   42   6    90    84
158   69   4    101    66
159   87   4    18    26
160   40   4    141    424
161   23   2    162    46
162   144   5    72    244
163   36   7    122    159
164   157   5    99    85
165   80   7    124    375
166   18   3    137    367
167   98   2    9    435
168   63   4    191    236
169   72   4    92    350
170   66   4    79    60
171   55   7    153    415
172   113   5    136    448
173   156   6    141    151
174   16   5    130    175
175   136   6    42    303
176   37   3    63    351
177   175   3    110    334
178   97   3    95    252
179   161   7    132    391
180   95   4    167    161
181   88   7    18    266
182   20   2    9    116
183   53   3    98    163
184   11   3    96    331
185   142   5    126    356
186   142   5    63    411
187   135   6    91    497
188   161   2    119    493
189   119   3    62    341
190   180   2    32    254
191   54   3    133    158
192   112   6    65    442
193   33   5    75    320
194   48   3    180    155
195   78   2    130    286
196   38   2    177    422
197   115   5    108    73
198   117   6    51    376
199   23   2    199    257
200   88   6    23    314
201   55   3    21    109
202   196   3    75    469
203   161   6    130    124
204   202   3    132    170
205   96   3    190    197
206   36   2    52    230
207   76   5    42    257
208   69   2    52    193
209   194   2    165    416
210   176   7    177    295
211   204   7    157    93
212   102   7    197    189
213   169   4    137    409
214   177   6    169    103
215   198   2    105    301
216   145   5    7    103
217   64   2    47    477
218   35   7    105    58
219   27   5    168    163
220   3   5    181    259
221   186   3    4    207
222   24   4    73    143
223   215   7    113    406
224   177   7    63    230
225   171   7    171    365
226   206   3    195    197
227   68   7    154    432
228   215   4    8    394
229   72   3    99    81
230   88   2    117    92
231   70   6    167    450
232   143   3    176    112
233   198   7    26    461
234   229   6    173    475
235   190   6    64    172
236   85   4    6    446
237   199   6    133    449
238   111   7    172    428
239   149   4    16    19
240   188   7    152    351
241   206   6    64    252
242   81   2    136    415
243   110   4    60    264
244   63   4    199    239
245   118   4    5    170
246   151   3    154    122
247   29   2    128    86
248   29   6    56    146
249   132   5    53    375
250   41   7    179    257
251   27   3    182    210
252   82   6    47    399
253   116   5    179    395
254   173   6    126    352
255   134   5    69    398
256   98   2    178    351
257   177   4    35    118
258   74   4    156    266
259   82   7    128    194
260   221   6    65    314
261   145   7    98    312
262   17   7    190    245
263   36   4    181    135
264   165   4    14    97
265   119   3    41    134
266   230   3    56    60
267   254   4    104    108
268   87   7    149    467
269   234   3    29    386
270   115   2    107    10
271   247   7    193    240
272   210   3    127    250
273   148   5    38    230
274   57   5    18    343
275   213   6    62    285
276   250   5    77    447
277   17   3    154    299
278   54   7    135    239
279   118   5    149    139
280   73   2    24    308
281   207   4    95    447
282   246   4    191    96
283   10   5    169    33
284   101   3    89    57
285   37   2    134    81
286   151   5    163    458
287   244   6    63    361
288   129   2    160    421
289   157   6    55    30
290   233   6    60    123
291   126   2    165    232
292   257   3    170    245
293   91   5    163    390
294   229   2    45    143
295   16   6    13    498
296   215   6    74    406
297   267   2    103    410
298   190   7    13    67
299   25   3    75    147
300   130   2    129    211
301   158   4    143    314
302   178   2    24    25
303   123   3    168    43
304   49   4    67    288
305   270   3    24    120
306   69   7    186    228
307   73   6    26    237
308   117   3    34    356
309   223   6    59    342
310   99   6    53    385
311   114   4    29    440
312   217   5    177    60
313   267   3    123    199
314   67   6    155    351
315   104   2    177    475
316   50   2    188    324
317   305   5    155    75
318   200   7    114    325
319   25   4    188    85
320   61   4    70    241
321   72   3    111    299
322   69   3    88    91
323   236   3    7    286
324   272   7    50    75
325   20   3    73    360
326   179   5    56    8
327   225   3    122    202
328   111   5    36    361
329   161   2    14    20
330   174   3    41    245
331   183   2    82    40
332   178   4    120    306
333   105   2    112    390
334   278   6    48    88
335   107   2    43    19
336   98   2    10    278
337   69   3    159    469
338   303   5    91    339
339   100   3    149    213
340   332   3    29    409
341   99   5    48    401
342   327   6    165    111
343   305   5    131    184
344   214   3    99    453
345   202   5    118    61
346   341   7    171    83
347   107   2    51    373
348   56   2    160    23
349   180   7    86    310
350   57   6    15    462
351   174   4    99    420
352   200   2    25    490
353   184   7    105    419
354   6   7    33    421
355   106   2    53    440
356   71   5    185    385
357   26   4    100    102
358   168   2    174    376
359   60   7    116    107
360   206   7    138    348
361   150   2    11    64
362   226   3    49    489
363   186   3    26    174
364   131   6    40    123
365   203   4    120    462
366   120   4    175    474
367   298   5    2    35
368   242   5    158    268
369   198   4    55    363
370   58   5    186    426
371   359   6    173    336
372   134   5    47    171
373   273   4    99    280
374   227   7    40    245
375   245   6    81    183
376   210   5    193    278
377   12   3    79    394
378   146   3    82    355
379   111   7    44    225
380   118   7    17    489
381   30   6    170    303
382   30   6    4    100
383   264   6    33    257
384   380   7    9    20
385   29   4    121    330
386   98   2    172    167
387   205   3    140    228
388   357   4    135    249
389   241   7    182    255
390   85   2    75    253
391   122   3    165    190
392   253   4    141    435
393   51   5    47    56
394   96   7    55    281
395   142   6    60    187
396   185   2    29    102
397   99   6    99    385
398   357   3    125    288
399   303   5    123    322
400   42   6    189    354
401   363   4    152    491
402   151   2    100    187
403   329   5    88    308
404   189   4    167    162
405   62   7    60    48
406   197   2    76    151
407   242   5    101    21
408   184   2    149    80
409   224   5    97    165
410   293   3    83    379
411   135   4    30    351
412   359   3    48    441
413   67   4    22    57
414   126   2    189    349
415   150   4    190    354
416   223   5    21    100
417   271   6    122    164
418   270   2    25    246
419   232   2    112    431
420   54   4    157    352
421   362   7    8    187
422   340   6    185    263
423   260   5    7    143
424   369   3    54    399
425   307   4    116    177
426   239   5    15    21
427   212   5    97    381
428   301   2    175    19
429   154   4    125    90
430   313   3    158    270
431   231   2    15    71
432   226   2    191    294
433   239   6    12    395
434   116   7    36    26
435   48   5    105    484
436   70   7    181    151
437   419   3    30    479
438   271   2    169    145
439   376   2    116    245
440   108   3    73    420
441   246   3    177    185
442   222   4    121    34
443   181   2    68    64
444   361   7    121    422
445   316   6    26    170
446   196   2    40    216
447   194   3    27    402
448   173   6    161    263
449   25   5    131    130
450   95   3    123    464
451   337   6    21    415
452   154   6    167    312
453   241   2    130    129
454   160   3    134    475
455   93   6    33    150
456   410   7    55    478
457   313   7    104    481
458   311   3    147    455
459   264   4    114    203
460   368   2    85    132
461   455   6    22    334
462   443   7    41    448
463   24   6    86    102
464   268   6    10    52
465   297   2    49    51
466   142   4    117    460
467   135   6    94    165
468   279   3    87    29
469   100   3    61    239
470   440   5    123    289
471   347   5    169    294
472   341   6    6    329
473   32   3    76    222
474   366   5    46    28
475   203   3    147    342
476   207   4    137    190
477   126   4    193    202
478   243   7    23    258
479   61   4    103    361
480   263   6    185    392
481   141   5    81    74
482   443   6    111    213
483   462   2    7    102
484   32   5    174    47
485   155   3    54    283
486   385   6    149    403
487   219   6    118    409
488   321   2    18    207
489   213   7    45    198
490   8   2    44    290
491   150   6    61    398
492   51   5    130    269
493   317   5    58    403
494   288   7    107    322
495   402   6    60    116
496   81   5    51    268
497   141   3    82    97
498   205   6    54    321
499   328   4    183    394
500   360   4    9    81
501   464   4    28    281
502   269   6    178    155
503   25   6    143    382
504   122   3    43    252
505   257   3    77    120
506   400   3    64    162
507   482   3    98    244
508   244   3    157    118
509   401   7    108    403
510   36   7    99    235
511   177   4    50    140
512   92   2    93    336
513   454   5    123    204
514   95   3    196    36
515   202   5    171    40
516   457   6    168    237
517   497   3    117    65
518   283   4    192    108
519   128   5    89    224
520   472   6    76    229
521   342   4    78    401
522   278   3    29    352
523   413   4    132    22
524   61   3    64    8
525   395   2    132    156
526   468   4    190    175
527   162   6    6    410
528   407   2    89    245
529   203   6    75    271
530   504   4    53    27
531   312   5    143    337
532   157   5    110    163
533   300   5    168    351
534   418   2    74    458
535   406   6    46    404
536   87   6    102    243
537   220   4    99    109
538   335   3    160    63
539   242   7    31    433
540   427   7    53    243
541   273   6    141    277
542   383   6    117    197
543   44   7    109    91
544   74   5    112    73
545   342   7    149    32
546   447   6    45    298
547   365   7    90    39
548   269   7    81    283
549   484   4    184    346
550   343   2    1    203
551   57   7    26    115
552   355   4    145    47
553   59   5    168    397
554   492   7    24    233
555   455   7    199    120
556   547   5    116    159
557   72   5    49    308
558   518   5    109    39
559   304   7    189    192
560   42   3    1    121
561   116   7    189    219
562   229   7    84    148
563   273   4    187    388
564   488   3    110    88
565   488   3    195    329
566   549   2    13    119
567   564   3    57    358
568   184   2    189    396
569   465   3    185    71
570   149   2    114    343
571   297   6    7    448
572   299   3    124    8
573   292   3    179    480
574   298   4    107    488
575   305   4    164    360
576   429   2    38    40
577   419   6    91    468
578   545   7    122    334
579   415   6    149    466
580   416   2    155    425
581   204   2    109    27
582   358   6    70    403
583   497   6    17    365
584   215   2    105    390
585   154   5    76    159
586   489   7    28    206
587   566   3    76    87
588   120   7    199    280
589   47   4    70    133
590   359   3    48    108
591   565   2    185    29
592   67   3    44    316
593   317   5    2    337
594   541   2    181    268
595   301   3    101    51
596   474   6    130    90
597   569   4    28    201
598   314   2    120    357
599   115   2    39    36
600   8   5    87    153
601   189   3    131    192
602   222   4    49    29
603   211   6    34    161
604   59   3    147    403
605   385   2    75    499
606   371   2    53    447
607   271   6    79    399
608   564   4    163    124
609   288   7    4    226
610   21   4    174    264
611   548   6    70    429
612   364   3    121    285
613   248   5    146    260
614   392   2    40    479
615   30   3    195    203
616   78   2    148    457
617   484   5    192    431
618   194   3    72    166
619   478   7    173    231
620   301   3    36    102
621   135   7    177    97
622   382   7    6    98
623   119   2    21    55
624   25   4    41    296
625   554   3    108    345
626   39   6    46    120
627   448   4    73    329
628   22   3    192    337
629   304   6    121    104
630   172   5    51    58
631   55   6    199    122
632   257   3    136    334
633   196   5    70    388
634   332   6    127    381
635   179   5    36    101
636   397   7    111    165
637   395   4    178    400
638   594   3    141    394
639   68   7    186    92
640   19   7    155    449
641   37   7    112    418
642   540   7    19    138
643   140   7    179    202
644   495   3    55    191
645   221   5    101    421
646   397   2    132    68
647   634   3    180    249
648   87   6    3    115
649   331   5    104    254
650   265   2    54    357
651   439   7    2    99
652   581   2    152    292
653   245   7    69    379
654   70   3    168    207
655   516   4    50    394
656   361   6    48    372
657   100   2    70    287
658   487   3    172    321
659   115   7    121    338
660   226   6    47    128
661   270   5    104    345
662   9   5    154    446
663   466   3    52    244
664   384   6    99    66
665   549   3    199    371
666   181   7    186    293
667   600   3    75    268
668   48   7    108    182
669   619   5    30    193
670   615   2    46    410
671   302   4    162    18
672   244   3    122    384
673   127   7    138    380
674   387   5    141    73
675   388   4    160    209
676   474   4    199    387
677   319   7    34    268
678   422   6    1    409
679   87   2    78    469
680   54   4    118    223
681   228   3    168    319
682   451   5    152    223
683   190   5    39    362
684   498   5    13    382
685   127   2    108    286
686   540   5    94    409
687   609   6    172    95
688   334   4    163    19
689   295   2    5    4
690   131   6    130    494
691   521   6    27    373
692   152   3    168    491
693   105   6    14    145
694   317   3    33    4
695   91   2    163    220
696   599   2    86    333
697   537   7    4    30
698   554   3    40    376
699   74   6    1    193
700   84   2    63    84
701   231   2    122    28
702   170   4    74    299
703   641   4    124    485
704   579   7    108    155
705   318   3    49    246
706   155   5    77    153
707   189   6    111    236
708   575   4    171    224
709   415   6    131    197
710   575   2    154    429
711   122   6    30    284
712   570   2    65    489
713   362   2    128    320
714   187   5    73    82
715   515   2    159    99
716   643   6    76    112
717   92   7    124    400
718   172   5    26    96
719   321   2    52    307
720   235   5    25    82
721   95   6    16    214
722   426   2    1    392
723   475   5    49    92
724   62   7    99    319
725   266   7    132    294
726   597   6    13    184
727   255   4    116    43
728   258   7    153    303
729   456   6    101    484
730   183   3    147    366
731   268   6    45    59
732   398   4    34    343
733   286   5    55    261
734   116   4    162    212
735   218   4    27    212
736   410   4    160    41
737   31   4    149    23
738   491   5    43    431
739   96   4    95    4
740   262   7    144    119
741   52   6    148    107
742   53   5    191    412
743   66   6    56    148
744   363   2    84    298
745   360   6    58    456
746   348   2    160    160
747   165   7    90    224
748   662   5    99    206
749   168   6    85    277
750   80   4    196    470
751   49   3    121    321
752   138   3    50    65
753   269   7    151    76
754   444   5    23    144
755   707   7    74    303
756   55   3    64    67
757   611   4    23    420
758   126   7    137    98
759   479   4    198    294
760   549   4    145    219
761   496   3    80    342
762   536   3    19    346
763   628   3    7    3
764   427   6    175    215
765   56   6    122    370
766   762   6    151    64
767   473   5    135    12
768   365   7    71    174
769   101   2    152    103
770   489   7    86    424
771   375   3    132    137
772   604   4    97    118
773   321   5    13    125
774   56   2    117    488
775   91   5    141    318
776   511   4    100    246
777   393   3    20    27
778   41   3    164    359
779   244   7    53    312
780   26   6    106    53
781   245   4    137    68
782   255   5    7    489
783   689   6    165    285
784   456   4    26    480
785   204   6    20    88
786   605   2    64    291
787   98   6    74    203
788   259   6    99    14
789   782   2    67    319
790   64   4    83    98
791   656   3    21    420
792   505   6    8    494
793   150   5    30    244
794   688   7    3    194
795   126   5    35    372
796   740   3    142    339
797   439   4    89    47
798   633   4    197    238
799   745   2    165    272
800   113   5    69    230
801   291   6    57    102
802   255   7    90    235
803   667   5    157    313
804   643   7    101    312
805   617   7    30    227
806   753   5    84    356
807   9   3    43    190
808   151   4    101    197
809   737   6    21    281
810   164   4    61    321
811   757   3    52    456
812   313   2    108    240
813   442   6    183    368
814   464   7    37    103
815   791   6    106    286
816   139   3    173    371
817   207   3    13    57
818   314   7    194    265
819   478   5    64    350
820   511   3    45    389
821   112   2    150    190
822   143   4    70    259
823   145   7    163    462
824   428   3    43    397
825   102   5    118    288
826   255   5    182    443
827   674   5    107    360
828   771   5    157    323
829   793   5    12    36
830   762   5    122    259
831   820   2    26    351
832   308   7    153    282
833   49   7    197    246
834   456   3    105    263
835   576   5    112    102
836   197   6    138    415
837   63   5    53    304
838   683   7    40    20
839   274   2    94    336
840   460   2    48    373
841   253   4    74    184
842   40   6    80    371
843   246   4    18    101
844   81   6    131    425
845   266   2    140    463
846   354   4    192    15
847   525   6    116    75
848   604   3    199    400
849   752   4    189    353
850   391   5    31    388
851   220   5    52    147
852   598   2    168    315
853   788   3    15    235
854   118   2    158    52
855   800   4    97    418
856   766   2    114    335
857   741   3    71    459
858   643   5    142    415
859   369   6    141    312
860   213   6    56    364
861   533   6    82    188
862   448   7    71    113
863   432   3    56    405
864   627   7    163    466
865   721   7    89    344
866   303   4    19    336
867   764   3    32    170
868   64   2    158    327
869   608   4    25    231
870   236   3    40    96
871   164   7    87    165
872   527   6    172    357
873   495   4    100    229
874   453   7    74    327
875   590   6    132    396
876   537   4    20    162
877   861   7    149    32
878   599   6    123    494
879   62   2    117    495
880   869   4    52    37
881   612   5    131    66
882   539   7    171    235
883   753   2    106    303
884   457   2    19    245
885   590   5    54    24
886   18   3    100    144
