1   0   5    65    385
2   1   5    55    404
3   1   3    128    206
4   2   4    48    252
5   3   2    49    326
6   3   6    103    118
7   1   6    160    260
8   3   7    94    177
9   2   3    122    148
10   8   5    106    315
11   5   3    6    425
12   10   2    175    26
13   8   4    164    124
14   8   5    75    332
15   7   3    53    367
16   11   3    115    7
17   1   7    162    159
18   11   3    196    282
19   9   4    117    52
20   7   2    101    290
21   10   4    197    479
22   7   7    173    459
23   7   5    18    394
24   15   3    170    401
25   2   4    33    253
26   20   2    15    62
27   21   5    48    336
28   24   6    143    430
29   20   6    48    173
30   28   7    146    452
31   10   3    102    20
32   13   5    128    56
33   29   5    83    338
34   8   7    142    207
35   22   7    143    316
36   24   6    179    43
37   2   2    86    397
38   4   2    193    221
39   21   3    34    301
40   9   6    144    242
41   18   3    191    153
42   24   7    123    255
43   20   5    193    192
44   1   6    48    499
45   30   3    54    72
46   28   5    84    268
47   3   2    194    50
48   7   2    50    333
49   14   6    127    318
50   21   2    9    338
51   14   7    148    483
52   30   4    15    101
53   1   2    32    174
54   35   7    1    454
55   37   2    134    135
56   17   2    170    468
57   11   4    178    234
58   4   2    18    209
59   45   5    53    297
60   18   4    18    21
61   41   5    178    341
62   57   6    143    420
63   47   6    142    468
64   47   6    44    256
65   53   2    8    437
66   23   4    141    140
67   26   2    67    26
68   45   5    105    5
69   53   7    173    325
70   62   4    83    186
71   49   2    5    308
72   25   6    110    408
73   12   6    47    6
74   29   6    136    55
75   10   6    168    3
76   21   7    164    482
77   51   6    84    238
78   57   7    140    431
79   10   3    116    287
80   73   4    64    202
81   51   5    154    471
82   50   6    100    24
83   69   7    49    289
84   61   5    14    370
85   35   6    25    155
86   8   5    41    372
87   16   4    173    51
88   84   6    154    427
89   14   6    69    145
90   33   7    32    463
91   79   3    178    34
92   84   3    160    441
93   77   5    13    397
94   82   5    153    148
95   55   2    150    243
96   26   5    153    394
97   82   7    193    216
98   63   2    56    73
99   23   2    89    455
100   88   7    31    442
101   85   2    15    284
102   48   6    54    11
103   75   4    134    205
104   76   7    158    483
105   31   6    60    36
106   15   4    188    295
107   102   3    116    149
108   91   5    35    411
109   28   7    177    421
110   11   3    30    463
111   40   2    158    276
112   104   7    121    374
113   98   7    122    23
114   42   4    10    30
115   89   2    10    68
116   38   4    106    240
117   48   7    117    403
118   92   6    34    222
119   81   6    104    383
120   12   7    159    256
121   65   6    104    214
122   53   7    6    251
123   28   6    148    263
124   39   5    119    52
125   92   5    97    214
126   10   5    14    32
127   98   3    68    206
128   13   5    42    124
129   10   5    133    358
130   69   7    134    161
131   125   2    153    75
132   58   3    22    357
133   30   6    160    121
134   25   3    22    252
135   51   3    59    347
136   91   2    19    135
137   22   3    3    211
138   13   2    191    51
139   37   4    135    358
140   116   5    63    85
141   129   2    78    398
142   87   3    176    450
143   105   5    88    497
144   19   5    184    181
145   95   3    120    182
146   140   7    72    138
147   141   3    129    496
148   13   2    59    107
149   44   4    196    10
150   38   4    43    180
151   132   4    161    342
152   84   2    182    42
153   49   7    103    320
154   37   7    30    175
155   122   5    26    141
156   55   5    171    381
157   10   5    143    294
158   36   6    90    222
159   113   2    127    17
160   7   7    62    276
161   21   3    40    174
162   37   2    3    321
163   155   5    78    111
164   107   6    86    145
165   124   6    198    143
166   117   2    165    223
167   91   4    73    405
168   58   3    120    290
169   35   2    147    362
170   113   6    17    330
171   165   7    176    215
172   80   5    32    313
173   73   7    1    486
174   158   6    71    488
175   8   2    26    314
176   36   2    135    94
177   28   6    72    452
178   67   6    177    377
179   32   7    87    82
180   49   4    166    190
181   29   7    94    454
182   39   4    158    191
183   146   4    88    19
184   167   2    21    479
185   75   2    156    276
186   171   3    114    380
187   138   6    98    314
188   125   3    90    386
189   65   2    18    371
190   86   3    167    9
191   92   7    101    415
192   62   6    114    128
193   36   6    134    25
194   145   4    143    197
195   36   5    51    437
196   111   5    142    202
197   188   2    91    92
198   182   6    188    395
199   158   5    197    431
200   32   4    185    360
201   180   7    183    66
202   106   4    157    314
203   15   6    66    429
204   154   2    2    314
205   86   4    6    290
206   127   2    32    40
207   125   7    42    284
208   136   4    63    3
209   13   5    11    283
210   140   5    187    302
211   14   6    30    278
212   15   4    187    321
213   141   6    187    347
214   163   6    79    299
215   56   5    110    42
216   168   4    190    321
217   32   2    66    125
218   152   6    171    210
219   203   3    13    189
220   150   7    76    248
221   133   2    148    22
222   123   3    19    39
223   173   4    153    115
224   5   5    199    437
225   22   6    151    342
226   217   5    178    10
227   173   7    50    326
228   48   3    52    361
229   45   4    1    300
230   46   2    35    379
231   112   2    55    11
232   8   5    31    166
233   150   6    133    154
234   218   6    96    82
235   199   4    146    51
236   230   5    158    175
237   30   7    186    468
238   29   2    161    46
239   110   5    35    385
240   124   4    27    182
241   22   4    38    450
242   144   2    189    270
243   61   5    148    205
244   89   7    90    17
245   228   4    118    188
246   139   6    4    66
247   168   2    125    383
248   40   6    120    193
249   79   5    113    9
250   76   4    38    89
251   154   5    157    202
252   167   4    134    296
253   155   7    12    192
254   154   4    30    147
255   192   6    156    186
256   37   6    96    157
257   175   2    12    224
258   237   2    109    144
259   171   7    1    311
260   147   4    72    79
261   190   2    138    241
262   113   2    133    477
263   182   3    76    334
264   51   7    187    337
265   209   6    137    314
266   239   7    124    81
267   115   5    175    474
268   172   5    98    74
269   85   2    131    115
270   31   6    172    197
271   177   6    120    181
272   32   6    153    470
273   29   3    152    494
274   133   7    5    316
275   93   7    66    129
276   67   6    50    271
277   17   5    69    404
278   114   3    120    108
279   57   6    197    196
280   33   3    75    103
281   171   3    22    445
282   215   7    19    175
283   56   6    128    96
284   81   7    116    282
285   188   6    65    11
286   64   2    104    405
287   207   4    143    342
288   266   6    83    208
289   105   5    84    15
290   247   3    61    122
291   5   6    48    360
292   178   7    117    292
293   220   3    32    63
294   154   5    11    194
295   240   4    42    151
296   113   3    193    435
297   30   7    196    8
298   84   5    60    334
299   158   2    35    125
300   109   7    44    318
301   293   6    161    162
302   93   2    146    298
303   6   4    147    467
304   224   5    122    112
305   4   3    22    130
306   150   2    198    339
307   174   7    71    299
308   143   4    116    375
309   5   6    29    124
310   58   3    60    257
311   271   5    105    374
312   49   5    162    435
313   61   6    198    410
314   123   4    109    166
315   138   4    174    231
316   279   7    123    409
317   53   5    51    90
318   289   3    72    93
319   125   4    180    497
320   178   6    114    341
321   29   7    189    350
322   258   5    130    486
323   286   4    169    302
324   224   4    2    475
325   239   7    59    53
326   173   7    98    20
327   49   7    53    346
328   47   3    2    338
329   287   3    46    139
330   31   2    187    94
331   38   2    63    359
332   230   2    92    461
333   60   6    78    492
334   92   4    42    237
335   183   5    109    53
336   191   6    173    259
337   160   3    10    313
338   174   5    56    134
339   103   2    5    360
340   17   4    108    426
341   172   3    189    258
342   269   2    20    484
343   190   5    42    47
344   32   6    183    223
345   26   6    50    286
346   115   6    183    141
347   186   3    181    373
348   298   2    70    463
349   158   5    188    316
350   317   6    157    270
351   18   2    83    29
352   21   4    57    320
353   83   5    157    45
354   325   5    74    469
355   111   7    8    176
356   263   4    73    273
357   124   2    138    447
358   283   2    170    32
359   229   6    192    261
360   205   2    13    143
361   331   7    111    323
362   211   5    192    95
363   289   5    131    174
364   30   6    63    299
365   114   5    169    284
366   290   4    150    366
367   195   7    107    39
368   365   6    129    337
369   265   7    104    274
370   344   7    71    19
371   306   4    85    248
372   30   4    70    257
373   175   7    146    481
374   206   4    21    139
375   351   2    53    303
376   204   2    144    20
377   309   5    169    20
378   147   4    124    1
379   149   3    72    14
380   304   4    15    148
381   247   7    135    229
382   306   5    75    284
383   209   6    48    351
384   107   2    170    236
385   133   5    169    441
386   204   4    83    16
387   17   4    187    276
388   287   2    128    455
389   367   2    177    163
390   155   3    37    253
391   145   3    160    328
392   98   6    13    450
393   42   2    114    74
394   24   5    36    23
395   85   5    178    168
396   158   2    65    357
397   386   7    151    356
398   221   7    172    451
399   151   4    2    424
400   215   7    34    210
401   247   6    148    384
402   173   3    38    284
403   355   6    62    182
404   29   6    56    254
405   282   4    116    406
406   275   7    20    245
407   356   2    7    280
408   14   4    158    306
409   252   6    162    74
410   361   4    147    133
411   113   5    35    281
412   204   2    67    377
413   37   3    24    212
414   325   2    195    290
415   252   7    118    254
416   320   4    38    368
417   201   2    103    475
418   252   6    121    423
419   164   4    14    105
420   355   7    130    184
421   365   5    96    298
422   268   6    170    235
423   108   2    23    38
424   14   7    150    323
425   254   5    148    88
426   200   2    134    366
427   343   7    165    267
428   255   5    99    112
429   121   4    171    120
430   379   3    100    122
431   21   6    146    367
432   114   2    47    352
433   228   5    114    168
434   45   3    3    330
435   255   6    21    61
436   100   6    39    116
437   103   4    104    370
438   410   6    35    175
439   28   2    36    485
440   397   2    116    234
441   391   2    68    222
442   404   4    67    279
443   308   7    22    340
444   188   3    4    423
445   19   4    153    334
446   389   4    17    153
447   426   3    158    256
448   382   2    83    443
449   295   3    189    88
450   16   6    49    488
451   286   3    17    394
452   331   5    80    471
453   95   4    34    251
454   247   5    136    436
455   44   5    45    419
456   409   2    108    154
457   261   7    70    123
458   141   6    13    163
459   442   7    58    193
460   19   3    153    472
461   360   7    77    210
462   319   3    15    474
463   443   4    11    402
464   147   4    139    261
465   318   3    149    23
466   280   6    55    106
467   358   7    70    153
468   241   6    32    433
469   176   3    47    43
470   157   6    196    139
471   390   4    119    315
472   253   4    111    388
473   179   4    29    243
474   353   2    144    50
475   384   2    43    343
476   375   2    77    94
477   68   3    105    369
478   344   4    171    335
479   279   6    151    169
480   339   2    70    39
481   16   3    66    78
482   260   6    168    67
483   59   4    58    385
484   151   7    164    494
485   446   4    187    366
486   395   2    112    51
487   84   3    78    64
488   433   2    24    257
489   99   4    49    249
490   147   4    111    234
491   343   5    63    386
492   393   2    195    288
493   430   3    62    202
494   132   2    3    255
495   378   3    109    59
496   256   3    68    379
497   405   7    31    481
498   465   4    78    120
499   464   6    156    349
500   69   7    78    90
501   296   7    9    21
502   492   2    164    297
503   36   7    169    97
504   256   4    97    258
505   367   4    160    152
506   113   2    175    263
507   452   7    48    110
508   465   7    42    124
509   204   3    15    353
510   104   4    138    382
511   158   4    152    300
512   467   6    121    164
513   401   3    134    430
514   7   5    34    205
515   211   5    101    80
516   260   5    132    369
517   132   6    191    203
518   60   7    89    55
519   147   3    71    222
520   218   4    4    401
521   263   5    98    455
522   124   4    194    371
523   373   3    49    488
524   453   7    11    490
525   247   5    167    487
526   57   2    43    53
527   444   7    51    130
528   420   2    63    289
529   380   2    74    91
530   403   2    9    97
531   316   5    43    89
532   303   4    67    453
533   516   4    10    197
534   413   5    186    329
535   444   2    7    459
536   227   2    152    39
537   508   4    26    341
538   13   2    143    441
539   359   3    48    400
540   444   3    110    431
541   291   2    43    91
542   315   3    35    430
543   308   5    89    355
544   316   5    143    267
545   517   2    25    413
546   161   4    10    447
547   230   7    63    253
548   347   6    51    34
549   223   7    98    47
550   270   6    106    140
551   269   5    26    5
552   33   7    10    297
553   64   2    80    133
554   320   6    51    266
555   120   4    159    104
556   257   6    179    395
557   281   2    123    257
558   86   2    49    111
559   411   2    55    450
560   456   4    24    354
561   36   7    114    241
562   206   7    114    191
563   225   5    23    392
564   515   2    23    19
565   476   3    48    162
566   307   4    61    95
567   88   7    140    61
568   282   6    186    314
569   17   4    13    49
570   34   3    10    177
571   529   4    140    256
572   177   7    151    379
573   32   4    189    175
574   311   2    116    279
575   426   5    116    196
576   48   2    34    409
577   112   4    181    63
578   458   2    175    430
579   346   4    114    470
580   154   4    4    416
581   186   3    57    447
582   500   5    83    70
583   60   2    142    55
584   437   7    172    138
585   483   6    93    461
586   118   3    4    399
587   102   7    59    77
588   474   6    189    265
589   550   6    64    476
590   534   3    74    60
591   134   7    158    208
592   38   7    72    420
593   260   6    22    389
594   572   5    32    394
595   307   6    21    107
596   141   2    55    205
597   558   6    98    155
598   6   3    138    132
599   539   5    46    286
600   403   4    160    123
601   512   7    177    153
602   171   2    96    153
603   549   6    159    54
604   63   7    98    471
605   321   7    2    343
606   69   5    19    312
607   150   3    149    238
608   592   4    166    389
609   313   7    188    141
610   203   6    84    73
611   441   6    164    364
612   467   6    28    8
613   12   4    198    154
614   448   6    43    356
615   215   4    38    245
616   179   2    160    149
617   106   3    101    386
618   228   4    164    203
619   323   7    101    428
620   597   3    64    290
621   308   4    158    496
622   527   3    146    358
623   599   6    60    64
624   614   3    95    113
625   529   2    2    286
626   429   3    199    328
627   145   5    85    286
628   270   3    16    431
629   232   5    127    253
630   81   6    135    401
631   113   3    93    290
632   7   5    146    416
633   570   2    175    149
634   222   6    165    173
635   183   6    150    92
636   567   2    80    123
637   50   4    30    481
638   494   2    184    177
639   464   6    148    95
640   546   5    194    144
641   86   2    30    122
642   229   6    150    35
643   633   2    89    202
644   413   3    158    339
645   134   3    49    50
646   562   5    159    54
647   185   6    121    292
648   56   4    109    270
649   568   5    116    158
650   327   4    14    327
651   349   2    58    225
652   44   4    167    453
653   120   3    70    182
654   253   2    102    132
655   576   5    64    423
656   172   3    77    296
657   426   7    193    189
658   188   7    189    209
659   498   3    185    264
660   355   2    64    446
661   612   5    81    239
662   272   4    80    366
663   530   6    181    228
664   68   6    86    69
665   536   2    64    113
666   530   5    39    476
667   54   4    103    211
668   75   2    112    182
669   432   6    195    398
670   403   4    152    390
671   406   3    47    13
672   14   3    25    320
673   602   5    187    462
674   13   4    43    149
675   593   4    40    256
676   389   5    136    307
677   402   4    64    277
678   483   2    46    11
679   8   7    67    164
680   138   3    18    319
681   648   5    39    497
682   232   7    127    67
683   213   7    96    474
684   193   7    117    373
685   289   3    150    45
686   54   7    76    29
687   121   7    165    25
688   139   4    55    67
689   241   5    31    319
690   67   4    156    461
691   384   7    131    233
692   563   6    73    308
693   516   3    28    486
694   634   5    50    173
695   690   2    171    109
696   508   3    191    30
697   639   6    107    227
698   191   7    132    326
699   663   7    114    76
700   540   6    12    426
701   532   7    197    214
702   572   2    87    348
703   260   5    13    69
704   587   6    149    5
705   479   5    131    425
706   305   6    121    10
707   676   3    178    321
708   426   2    10    58
709   91   2    187    345
710   161   5    195    272
711   227   5    56    248
712   16   6    7    314
713   616   2    101    230
714   226   6    159    163
715   83   3    68    435
716   447   5    144    270
717   631   2    33    30
718   63   7    157    48
719   339   6    142    235
720   435   4    168    407
721   396   3    50    431
722   312   4    164    17
723   585   5    13    211
724   527   4    158    254
725   365   7    13    73
726   551   4    67    356
727   600   4    116    249
728   341   5    116    493
729   524   2    57    144
730   560   4    178    257
731   169   3    123    239
732   261   3    13    262
733   185   7    12    163
734   391   5    87    30
735   517   2    38    53
736   470   3    145    282
737   384   6    94    7
738   589   7    120    473
739   75   6    50    27
740   442   4    151    216
741   286   4    28    339
742   24   5    118    109
743   276   4    138    86
744   204   5    79    472
745   219   3    30    331
746   62   6    151    72
747   288   6    24    147
748   695   5    101    419
749   355   2    44    246
750   634   3    48    33
751   667   6    176    74
752   728   6    186    398
753   32   7    7    432
754   49   7    85    404
755   302   7    133    486
756   733   5    113    434
757   540   4    185    237
758   136   6    199    283
759   167   7    40    327
760   408   3    7    151
761   118   7    35    26
762   275   2    48    31
763   100   5    68    393
764   181   7    188    47
765   238   5    64    375
766   504   3    44    147
767   755   6    123    255
768   212   7    185    452
769   157   5    20    413
770   46   5    30    481
771   6   2    138    57
772   464   4    146    24
773   34   2    174    28
774   18   7    189    485
775   38   7    17    207
776   322   4    177    275
777   440   5    155    428
778   576   4    167    207
779   267   5    58    307
780   226   3    9    470
781   210   7    145    20
782   437   4    33    76
783   731   6    82    441
784   102   5    155    23
785   112   6    95    120
786   48   4    23    458
787   360   5    102    184
788   90   7    15    93
789   21   4    19    54
790   609   7    163    360
791   608   2    65    472
792   562   4    130    95
793   165   6    49    231
794   89   4    122    5
795   188   4    111    29
796   778   6    145    97
797   338   2    110    201
798   788   5    108    376
799   207   3    172    151
800   538   6    175    463
801   531   5    115    371
802   796   6    148    297
803   721   2    116    109
804   552   2    58    7
805   245   7    37    362
806   55   4    38    486
807   617   6    149    395
808   34   4    94    493
809   759   3    134    9
810   566   2    100    438
811   107   4    9    97
812   559   4    8    368
813   429   7    22    234
814   266   5    175    150
815   754   6    147    480
816   785   6    125    302
817   609   2    29    58
818   493   3    132    326
819   74   7    20    268
820   50   7    179    227
821   447   2    78    134
822   193   3    50    330
823   164   6    192    52
824   613   3    15    187
825   668   4    64    143
826   474   3    12    25
827   676   6    18    180
828   350   6    146    195
829   518   3    133    461
830   19   4    69    305
831   154   6    97    449
832   826   2    114    170
833   765   6    39    150
834   548   3    125    230
835   511   3    18    309
836   616   5    143    22
837   197   2    77    340
838   829   2    136    106
839   81   7    65    200
840   704   2    59    81
841   71   3    87    187
842   266   7    8    133
843   109   5    66    430
844   801   7    114    379
845   720   6    104    442
846   757   5    63    301
847   823   3    71    294
848   68   2    153    306
849   434   4    162    290
850   389   6    169    322
851   399   5    114    431
852   805   5    69    84
853   623   5    26    65
854   11   4    66    474
855   509   3    183    411
856   609   4    155    284
857   24   5    80    421
858   814   6    3    462
859   337   3    150    166
860   653   2    188    334
861   494   2    134    65
862   603   3    146    466
863   571   6    33    307
864   435   2    108    362
865   383   2    16    363
866   53   2    112    239
867   74   5    109    274
868   157   2    57    96
869   165   5    65    442
870   711   7    123    66
871   794   2    164    177
872   300   3    17    458
873   370   4    77    6
874   346   4    53    201
875   520   3    53    9
876   717   7    170    451
877   137   4    173    249
878   306   5    52    24
879   249   7    5    22
880   601   6    80    51
881   770   6    80    459
882   772   2    76    89
883   572   2    141    301
884   646   6    135    250
885   711   3    64    36
886   491   5    166    34
887   820   2    111    201
888   327   7    28    275
889   847   5    158    334
890   26   3    148    326
891   176   5    121    243
892   484   4    175    13
893   760   7    105    193
894   616   6    63    354
895   859   4    165    248
896   198   5    66    201
897   551   5    64    380
898   335   6    153    177
899   719   6    37    191
900   253   4    190    181
901   899   6    32    258
902   398   6    151    333
903   274   2    54    469
904   43   2    5    415
905   16   2    53    9
906   259   6    16    24
907   433   5    49    214
908   82   4    24    471
909   542   6    180    191
910   156   3    168    188
911   181   7    110    313
912   584   3    48    342
913   252   2    125    25
914   839   5    58    471
915   831   2    160    152
916   634   5    55    66
917   166   5    86    323
918   377   4    65    34
919   800   4    8    365
920   128   7    185    81
921   246   5    20    12
922   497   5    36    173
923   778   7    183    89
924   586   3    114    205
925   662   4    43    325
926   533   2    91    346
927   53   2    29    32
928   852   6    128    97
929   44   7    161    232
930   581   5    56    3
931   754   5    198    448
932   648   6    27    308
933   717   2    27    395
934   88   4    153    310
935   42   6    137    305
936   854   2    71    64
937   260   6    109    37
938   402   4    62    78
939   382   7    78    437
940   750   3    68    360
941   849   6    63    20
942   813   7    137    173
943   53   7    143    370
944   641   3    126    347
945   172   4    5    430
946   251   4    181    466
947   180   2    122    481
948   479   4    194    15
949   303   3    192    6
950   253   7    45    95
951   660   7    76    211
952   827   5    108    365
953   328   3    9    442
954   434   4    33    415
955   87   6    14    269
956   791   6    32    265
957   446   4    44    150
958   168   3    196    486
959   287   7    135    357
960   755   4    11    398
961   481   4    94    59
962   460   7    50    430
963   932   4    129    465
964   875   6    173    110
