1   0   2    22    204
2   1   2    127    184
3   1   3    67    19
4   2   4    127    308
5   2   7    9    185
6   4   2    134    259
7   2   5    120    62
8   6   3    124    106
9   5   7    8    1
10   2   2    138    286
11   7   4    141    2
12   3   2    78    460
13   1   3    52    243
14   8   2    173    398
15   8   5    27    351
16   2   5    12    156
17   3   4    77    319
18   14   2    63    380
19   8   2    22    451
20   15   3    22    441
21   11   6    115    194
22   9   3    152    328
23   7   4    78    282
24   1   3    113    292
25   22   3    109    171
26   3   6    40    436
27   8   2    179    266
28   15   3    18    450
29   1   7    16    350
30   26   2    140    20
31   29   7    179    137
32   23   6    58    314
33   31   2    157    469
34   6   7    85    404
35   15   4    116    311
36   5   5    97    66
37   27   3    93    300
38   19   7    24    157
39   31   7    6    496
40   18   4    134    244
41   33   5    52    128
42   37   7    49    438
43   35   7    104    10
44   33   5    150    14
45   9   6    102    483
46   10   5    157    318
47   12   6    147    388
48   27   7    99    343
49   24   2    12    268
50   40   5    109    485
51   3   3    190    282
52   3   2    63    159
53   41   6    16    420
54   4   2    141    490
55   30   5    173    481
56   45   2    3    204
57   33   6    37    263
58   36   5    58    2
59   20   7    149    154
60   32   7    40    203
61   46   2    140    146
62   37   3    122    63
63   49   3    87    476
64   54   2    49    380
65   12   5    181    181
66   15   7    133    239
67   65   5    195    54
68   55   4    62    170
69   39   6    80    6
70   6   7    44    41
71   68   6    161    488
72   60   5    158    29
73   35   2    89    175
74   60   7    22    420
75   55   7    130    340
76   22   3    165    279
77   21   6    25    13
78   14   5    191    237
79   56   7    136    51
80   45   5    131    112
81   68   5    92    447
82   71   2    112    254
83   39   5    89    124
84   68   4    69    397
85   35   5    98    371
86   41   4    68    364
87   85   6    26    420
88   31   5    11    193
89   35   6    117    3
90   87   4    59    344
91   27   5    69    98
92   21   5    119    273
93   42   2    157    126
94   90   6    126    371
95   27   5    139    99
96   12   4    170    384
97   10   6    70    12
98   85   4    176    3
99   35   3    47    495
100   61   4    195    19
101   45   7    148    276
102   45   4    109    301
103   42   5    174    333
104   59   4    41    481
105   46   3    123    82
106   98   2    1    457
107   68   5    175    246
108   48   2    124    148
109   71   4    119    19
110   101   7    109    293
111   81   6    47    316
112   103   3    8    427
113   7   5    189    270
114   109   7    139    360
115   8   4    143    80
116   81   4    130    254
117   39   6    75    485
118   24   7    118    230
119   56   3    84    329
120   65   7    41    356
121   60   5    120    489
122   63   4    186    89
123   47   6    164    214
124   64   7    57    364
125   102   7    104    51
126   72   4    112    102
127   43   4    113    55
128   28   2    161    494
129   87   7    142    340
130   15   7    120    65
131   30   5    89    223
132   127   6    193    307
133   82   2    181    43
134   83   6    75    223
135   115   4    19    431
136   33   4    191    434
137   61   3    191    454
138   121   5    25    243
139   117   2    98    463
140   21   3    34    165
141   26   7    152    304
142   138   3    12    221
143   43   5    159    52
144   96   5    143    107
145   132   4    16    167
146   126   7    51    13
147   17   4    190    479
148   62   4    84    234
149   126   3    71    233
150   27   4    20    293
151   43   2    182    264
152   140   4    83    365
153   74   6    182    467
154   64   5    158    497
155   94   5    6    281
156   64   2    122    441
157   148   7    88    323
158   134   6    55    205
159   39   4    148    471
160   139   7    127    381
161   32   7    43    142
162   94   4    197    32
163   7   2    135    195
164   146   3    36    478
165   147   4    167    61
166   69   4    173    35
167   67   3    139    202
168   156   4    34    406
169   42   6    1    146
170   41   7    19    236
171   67   2    89    56
172   143   6    131    452
173   46   7    10    160
174   38   6    59    231
175   91   5    169    236
176   100   2    121    409
177   95   3    55    155
178   37   7    147    339
179   51   3    171    11
180   66   6    172    257
181   90   4    8    375
182   163   2    15    122
183   23   2    134    383
184   168   2    11    417
185   177   5    132    343
186   121   2    104    193
187   182   2    195    279
188   117   6    19    346
189   37   2    20    173
190   108   5    132    421
191   85   2    32    460
192   162   2    33    425
193   38   5    157    24
194   145   7    49    204
195   147   7    100    8
196   110   4    26    239
197   181   5    29    488
198   46   2    7    156
199   148   6    151    414
200   186   4    26    204
201   128   5    48    410
202   115   5    113    332
203   85   2    175    182
204   19   7    179    372
205   82   7    18    27
206   131   7    52    443
207   69   3    138    324
208   156   4    112    67
209   181   3    13    465
210   117   3    18    410
211   95   2    168    118
212   187   6    36    97
213   24   4    146    7
214   116   3    123    73
215   69   5    75    15
216   92   4    7    245
217   212   2    126    450
218   57   4    13    478
219   57   4    171    164
220   206   7    54    143
221   193   2    108    329
222   133   3    46    25
223   213   7    12    205
224   7   4    137    313
225   156   5    3    236
226   101   2    3    358
227   193   3    133    256
228   45   5    59    113
229   192   7    173    104
230   90   5    107    437
231   42   4    60    141
232   24   2    185    258
233   201   6    159    357
234   31   6    166    77
235   162   2    163    369
236   188   6    90    406
237   9   4    195    375
238   48   7    130    244
239   130   2    159    470
240   40   2    55    334
241   172   6    121    137
242   117   3    99    283
243   198   2    156    230
244   207   3    8    248
245   53   6    24    410
246   204   5    57    368
247   243   2    61    71
248   181   3    92    104
249   156   5    60    194
250   131   6    99    329
251   165   5    110    489
252   207   3    180    206
253   242   4    39    189
254   220   4    131    422
255   122   4    85    141
256   74   6    19    187
257   228   4    32    330
258   116   5    80    249
259   42   5    177    401
260   11   6    158    110
261   121   7    12    340
262   247   5    13    31
263   188   4    57    178
264   67   7    20    207
265   6   3    7    92
266   47   4    60    126
267   164   4    76    80
268   161   7    159    38
269   50   2    140    250
270   112   6    92    368
271   73   6    193    487
272   32   7    48    317
273   223   6    182    478
274   224   6    192    107
275   165   7    2    317
276   166   2    26    482
277   242   6    99    102
278   96   2    90    95
279   207   3    50    149
280   222   3    51    127
281   142   6    139    379
282   175   5    189    181
283   26   5    11    191
284   209   4    39    249
285   195   7    98    66
286   178   6    192    207
287   249   2    90    165
288   160   2    78    358
289   31   4    182    214
290   83   4    199    319
291   112   3    165    319
292   29   3    135    146
293   223   2    33    204
294   47   4    185    31
295   198   2    115    218
296   192   6    46    253
297   145   4    120    120
298   119   2    48    176
299   294   7    14    422
300   276   2    193    420
301   219   3    62    21
302   80   4    146    471
303   59   5    2    389
304   175   6    178    394
305   53   5    173    107
306   273   4    92    56
307   65   4    181    249
308   111   6    159    265
309   272   3    50    193
310   304   7    143    412
311   191   5    63    4
312   304   2    52    350
313   166   7    85    233
314   48   7    46    147
315   122   6    66    457
316   309   7    10    46
317   32   6    111    449
318   105   5    38    298
319   173   7    109    142
320   262   6    128    114
321   79   5    141    171
322   241   3    198    114
323   95   5    157    383
324   47   2    36    67
325   165   6    16    320
326   97   2    145    263
327   284   2    31    309
328   41   7    175    220
329   289   6    92    497
330   39   4    123    298
331   211   7    35    472
332   76   4    177    103
333   106   5    63    444
334   213   3    17    294
335   17   3    152    381
336   302   6    8    360
337   282   4    55    173
338   268   2    116    206
339   138   3    192    86
340   112   3    7    448
341   34   7    92    259
342   70   7    45    265
343   229   2    86    58
344   251   5    199    497
345   48   7    7    68
346   75   4    190    143
347   68   7    114    184
348   199   3    19    265
349   257   7    85    284
350   291   2    82    386
351   186   7    87    22
352   19   6    54    383
353   184   2    136    142
354   183   7    70    248
355   262   6    154    13
356   150   2    192    163
357   12   2    94    220
358   275   5    23    143
359   346   5    82    485
360   162   3    143    46
361   118   7    84    176
362   262   5    49    286
363   204   4    26    298
364   293   3    24    496
365   259   7    126    282
366   235   2    100    157
367   298   3    80    322
368   259   2    115    498
369   113   5    60    303
370   322   6    43    342
371   277   7    167    105
372   135   7    45    19
373   135   2    127    53
374   181   5    58    375
375   358   2    41    122
376   183   7    164    361
377   367   3    172    351
378   165   7    75    246
379   36   2    167    185
380   106   2    138    304
381   57   3    132    447
382   225   7    167    61
383   377   4    197    150
384   322   5    172    174
385   141   3    161    104
386   293   6    137    96
387   222   7    180    222
388   312   2    76    438
389   263   2    74    55
390   29   3    80    285
391   119   4    158    281
392   102   5    165    44
393   48   5    99    14
394   118   6    185    408
395   352   5    167    473
396   51   3    64    285
397   115   4    23    467
398   296   7    134    361
399   375   7    150    240
400   181   3    68    187
401   348   2    177    144
402   330   3    133    217
403   17   7    151    183
404   151   2    23    460
405   51   5    156    443
406   302   2    115    399
407   49   3    151    115
408   338   3    149    135
409   357   2    83    339
410   96   5    137    168
411   205   4    1    311
412   379   3    24    173
413   87   2    6    77
414   277   5    192    295
415   168   5    19    279
416   174   3    175    249
417   87   2    190    143
418   51   7    13    7
419   62   3    113    357
420   148   3    165    265
421   340   6    117    454
422   289   2    178    421
423   231   3    145    124
424   75   6    57    295
425   98   3    147    192
426   282   3    152    17
427   371   6    55    345
428   58   4    179    454
429   312   7    186    136
430   237   4    89    289
431   344   7    147    8
432   324   3    10    6
433   156   4    183    499
434   153   6    140    208
435   151   7    8    262
436   20   2    127    85
437   90   5    116    79
438   157   2    164    128
439   126   5    172    281
440   405   2    92    462
441   309   7    12    123
442   110   2    184    388
443   400   3    145    488
444   192   2    99    470
445   317   6    41    269
446   347   5    7    226
447   406   4    12    16
448   89   7    75    361
449   66   5    92    265
450   160   2    59    313
451   280   6    1    298
452   448   3    38    433
453   246   3    115    65
454   129   7    137    40
455   417   5    45    206
456   132   7    196    362
457   244   2    9    383
458   182   3    108    172
459   155   5    138    247
460   242   5    198    367
461   102   4    46    175
462   174   2    128    494
463   230   5    8    381
464   435   4    27    271
465   459   7    23    344
466   127   5    55    451
467   143   5    135    272
468   229   7    180    110
469   419   2    152    181
470   169   6    5    307
471   339   7    138    291
472   78   2    100    398
473   355   3    60    393
474   381   6    91    191
475   90   5    195    298
476   465   5    161    401
477   26   5    77    184
478   113   2    189    178
479   290   2    49    269
480   380   5    112    299
481   63   7    9    89
482   218   5    97    75
483   21   6    155    389
484   16   2    56    12
485   397   7    119    434
486   10   2    128    37
487   378   2    135    362
488   154   6    34    78
489   190   4    157    46
490   128   5    160    304
491   26   3    160    248
492   272   2    98    293
493   161   4    68    250
494   34   6    69    253
495   264   5    33    132
496   390   5    118    379
497   199   2    72    215
498   179   3    176    223
499   375   6    190    415
500   276   4    96    81
501   455   7    91    349
502   437   7    54    45
503   289   6    65    443
504   308   3    109    175
505   320   4    169    31
506   202   6    187    151
507   465   3    150    7
508   224   3    178    94
509   373   4    43    86
510   238   7    103    444
511   362   3    177    411
512   199   4    29    125
513   351   4    23    185
514   324   2    150    141
515   219   5    82    291
516   99   4    149    380
517   106   6    94    232
518   56   2    24    13
519   411   6    45    104
520   288   2    79    16
521   264   3    36    359
522   452   6    142    321
523   302   4    2    76
524   345   5    61    400
525   232   5    108    387
526   336   6    72    138
527   123   6    73    313
528   392   3    41    484
529   101   3    193    371
530   372   2    34    308
531   280   2    119    6
532   420   3    82    286
533   263   6    30    215
534   75   2    66    499
535   146   2    110    270
536   447   6    151    120
537   421   4    169    435
538   211   4    2    421
539   213   7    6    52
540   465   3    177    178
541   14   7    21    430
542   184   7    164    381
543   17   4    23    82
544   121   6    4    6
545   22   5    97    25
546   132   6    10    123
547   428   2    117    459
548   67   3    17    247
549   457   7    165    184
550   136   4    108    362
551   96   6    74    213
552   393   6    176    105
553   277   2    197    55
554   95   4    195    258
555   405   2    37    204
556   160   7    10    292
557   274   3    98    11
558   388   6    191    311
559   549   4    125    17
560   306   5    87    277
561   106   5    158    425
562   445   5    127    251
563   220   6    127    404
564   182   3    66    107
565   223   3    173    420
566   232   7    66    427
567   544   3    9    99
568   269   7    148    259
569   345   2    60    457
570   544   7    175    338
571   328   7    192    410
572   115   3    26    492
573   119   7    14    486
574   70   2    39    26
575   558   6    27    233
576   442   6    27    174
577   478   7    165    462
578   493   5    59    398
579   178   6    86    120
580   233   6    111    115
581   311   6    61    1
582   298   5    192    195
583   158   7    137    140
584   430   2    186    56
585   146   7    10    299
586   529   2    51    165
587   458   6    167    416
588   555   7    33    178
589   529   2    73    432
590   141   5    93    404
591   19   6    128    386
592   212   7    10    83
593   152   2    85    255
594   336   4    67    23
595   175   5    140    327
596   579   2    189    76
597   465   3    129    311
598   495   6    16    77
599   6   4    85    172
600   196   2    52    466
601   11   6    24    398
602   91   4    89    277
603   92   5    159    380
604   268   7    23    377
605   80   3    13    470
606   412   2    13    240
607   80   2    62    497
608   222   6    186    135
609   107   4    28    158
610   518   3    70    401
611   54   2    71    335
612   505   4    170    74
613   512   4    92    420
614   599   3    115    371
615   427   7    19    430
616   336   5    109    170
617   597   7    44    447
618   11   6    57    266
619   21   7    126    41
620   182   5    59    423
621   502   7    145    232
622   413   4    32    456
623   212   5    97    265
624   247   4    71    246
625   490   2    176    180
626   591   3    75    18
627   257   7    26    24
628   69   3    38    416
629   286   3    116    369
630   474   6    60    490
631   381   7    126    147
632   576   4    42    304
633   43   5    15    483
634   503   6    178    465
635   577   7    70    353
636   588   7    77    461
637   594   5    98    488
638   636   7    145    141
639   345   2    95    142
640   454   2    42    482
641   142   2    178    223
642   213   6    146    52
643   396   6    106    473
644   206   2    160    497
645   640   6    132    35
646   442   5    157    400
647   373   5    42    62
648   253   5    33    15
649   420   6    9    490
650   494   2    47    52
651   543   5    189    374
652   81   2    24    484
653   529   7    108    33
654   537   2    118    16
655   110   6    59    183
656   416   6    40    94
657   558   2    146    214
658   472   5    186    401
659   458   4    185    21
660   486   3    28    137
661   569   2    76    322
662   179   5    64    314
663   447   4    38    33
664   461   2    13    497
665   50   5    173    208
666   260   6    44    238
667   500   4    167    179
668   303   6    91    255
669   389   2    61    221
670   184   5    132    213
671   322   6    124    419
672   512   3    185    351
673   163   7    113    414
674   413   7    87    36
675   71   3    153    4
676   402   4    130    399
677   489   6    159    437
678   390   6    45    16
679   220   4    92    87
680   639   7    195    228
681   524   4    2    36
682   205   2    177    361
683   131   6    20    329
684   508   4    96    357
685   257   5    68    142
686   378   6    85    12
687   60   5    39    401
688   553   5    24    76
689   597   4    67    74
690   167   4    74    295
691   660   4    94    307
692   543   4    142    160
693   326   7    130    190
694   662   2    100    152
695   235   4    67    335
696   632   4    141    459
697   269   4    118    356
698   281   2    183    301
699   691   3    32    324
700   286   4    150    78
701   198   3    50    415
702   248   5    8    426
703   629   4    175    216
704   471   3    9    164
705   183   7    105    409
706   234   7    42    161
707   346   7    171    71
708   290   3    181    98
709   686   4    192    492
710   588   4    113    424
711   504   3    168    334
712   229   7    132    430
713   357   6    121    140
714   83   4    88    132
715   322   7    160    179
716   541   5    147    2
717   202   4    9    366
718   529   6    60    125
719   220   4    110    383
720   714   3    180    487
721   454   4    15    105
722   711   4    154    12
723   94   7    127    459
724   709   6    52    216
725   100   2    195    235
726   319   2    25    174
727   76   2    109    491
728   498   7    79    465
729   187   2    118    389
730   497   2    78    462
731   604   5    50    473
732   686   3    86    476
733   235   2    83    418
734   343   2    59    335
735   290   2    164    212
736   312   2    85    483
737   145   3    27    107
738   180   5    19    349
739   176   4    143    84
740   128   7    120    147
741   557   3    175    93
742   449   2    122    113
743   328   2    112    266
744   741   4    54    134
745   705   2    37    131
746   242   5    153    420
747   641   5    96    334
748   682   2    35    261
749   241   5    139    62
750   144   2    177    172
751   410   7    120    38
752   338   5    64    78
753   127   2    177    142
754   501   6    167    407
755   582   6    137    465
756   144   7    176    294
757   227   5    170    302
758   506   7    132    340
759   352   2    96    301
760   207   4    48    401
761   397   3    198    13
762   738   3    107    148
763   208   4    76    18
764   336   2    195    205
765   358   3    106    2
766   747   3    32    441
767   567   2    110    265
768   697   2    100    60
769   746   5    23    89
770   24   6    86    369
771   735   7    190    366
772   209   6    71    105
773   336   2    146    170
774   293   2    56    222
775   264   5    135    80
776   675   6    183    422
777   457   3    69    221
778   120   7    46    400
779   770   5    19    351
780   148   6    77    276
781   735   6    133    189
782   299   3    171    275
783   752   4    93    377
784   355   5    95    66
785   161   4    25    175
786   587   2    153    181
787   95   6    170    482
788   217   7    122    425
789   264   6    86    326
790   185   6    72    149
791   617   2    106    425
792   702   5    140    437
793   64   7    1    52
794   256   2    76    165
795   478   4    110    30
796   732   2    186    295
797   705   5    50    203
798   703   4    147    237
799   783   6    56    490
800   38   7    134    62
801   165   2    26    310
802   784   7    8    403
803   299   6    188    283
804   201   4    168    77
805   755   2    29    157
806   794   4    127    482
807   37   5    190    433
808   529   2    87    250
809   593   3    98    109
810   461   6    65    62
811   792   7    165    347
812   122   7    181    398
813   369   4    21    168
814   797   4    139    333
815   750   7    58    283
816   153   7    32    377
817   193   7    22    52
818   17   6    35    454
819   660   6    139    89
