1   0   4    44    314
2   1   3    171    234
3   1   3    58    408
4   2   6    75    21
5   1   5    57    85
6   1   6    12    379
7   2   2    62    237
8   2   7    158    375
9   7   4    137    460
10   8   3    113    388
11   9   2    159    58
12   9   6    191    282
13   6   5    192    405
14   8   7    175    166
15   9   6    198    356
16   9   4    67    69
17   5   2    40    441
18   16   2    197    423
19   5   4    126    457
20   5   6    172    117
21   5   7    146    226
22   9   3    104    89
23   21   6    68    195
24   5   5    120    209
25   2   3    69    477
26   14   5    194    49
27   18   7    185    89
28   2   3    170    291
29   1   6    168    100
30   24   2    135    81
31   21   7    78    452
32   7   7    197    111
33   11   5    138    457
34   19   3    93    113
35   19   6    6    252
36   24   6    39    100
37   27   2    36    493
38   1   7    135    56
39   6   5    78    328
40   7   4    44    108
41   19   3    48    318
42   19   3    40    106
43   34   7    26    333
44   28   6    47    276
45   40   3    52    90
46   3   2    41    40
47   41   6    16    24
48   31   5    189    349
49   1   2    41    347
50   33   6    180    346
51   48   3    86    152
52   26   4    24    108
53   50   3    194    207
54   20   2    149    229
55   49   6    132    309
56   42   3    183    251
57   8   2    147    66
58   33   3    145    38
59   27   5    120    231
60   36   3    46    389
61   50   3    34    405
62   56   6    28    367
63   35   6    125    427
64   18   4    119    345
65   57   4    14    468
66   6   3    13    347
67   2   4    185    113
68   52   3    99    177
69   49   7    16    48
70   4   3    127    446
71   55   6    73    367
72   67   4    162    248
73   69   5    77    371
74   17   3    166    356
75   67   6    68    279
76   32   6    9    328
77   49   7    108    3
78   28   4    91    73
79   61   5    191    247
80   73   2    64    421
81   4   2    31    441
82   31   3    198    344
83   44   5    118    129
84   80   7    46    243
85   25   2    5    365
86   37   4    146    2
87   81   5    45    55
88   8   6    194    470
89   48   4    94    104
90   19   6    75    195
91   54   2    114    151
92   4   4    27    41
93   73   6    145    289
94   42   5    166    234
95   74   3    189    470
96   78   4    128    453
97   45   2    191    195
98   52   4    189    478
99   16   6    168    446
100   53   7    59    381
101   29   7    113    156
102   29   2    173    230
103   100   4    58    220
104   63   7    145    135
105   100   5    127    274
106   29   2    77    252
107   24   4    5    144
108   96   5    96    61
109   40   5    102    87
110   4   2    148    315
111   41   7    176    165
112   9   5    104    147
113   52   4    6    389
114   41   7    111    498
115   14   3    89    177
116   59   4    72    98
117   78   4    93    456
118   83   5    95    63
119   60   4    37    226
120   40   5    100    444
121   119   5    122    499
122   20   5    171    240
123   110   4    28    59
124   65   6    33    386
125   56   2    4    388
126   40   6    150    464
127   69   5    46    149
128   119   6    23    81
129   27   7    124    97
130   115   7    74    436
131   33   6    87    243
132   115   7    124    236
133   72   3    113    438
134   18   5    195    167
135   89   6    145    401
136   75   2    179    283
137   66   6    19    457
138   6   5    72    298
139   28   7    41    97
140   119   3    33    359
141   21   5    127    112
142   133   6    81    228
143   85   7    138    386
144   67   5    198    224
145   137   5    99    253
146   125   7    105    452
147   125   7    134    56
148   124   2    167    287
149   119   4    88    90
150   33   7    83    311
151   25   3    188    103
152   118   5    198    117
153   30   5    109    397
154   43   7    101    45
155   147   7    86    436
156   104   4    16    60
157   118   7    118    246
158   135   7    5    176
159   130   6    137    80
160   72   3    2    474
161   68   5    156    415
162   46   6    26    218
163   23   6    120    64
164   31   7    22    462
165   69   3    159    460
166   138   4    61    259
167   83   7    158    22
168   57   2    130    295
169   109   6    196    84
170   51   3    114    427
171   42   7    143    20
172   27   4    114    49
173   47   5    26    65
174   128   2    20    301
175   115   3    138    463
176   98   2    69    291
177   162   7    106    48
178   86   5    171    85
179   132   7    175    457
180   20   7    159    407
181   13   4    40    335
182   19   3    2    158
183   60   7    33    147
184   134   7    85    14
185   52   6    99    428
186   38   2    17    114
187   143   7    16    247
188   65   5    35    140
189   170   7    8    243
190   51   3    43    372
191   103   7    3    175
192   13   2    135    191
193   49   7    94    252
194   55   6    60    228
195   167   3    186    169
196   83   3    18    374
197   10   7    118    393
198   165   2    189    15
199   163   4    132    159
200   176   3    101    448
201   100   6    152    128
202   67   7    198    345
203   16   6    30    285
204   114   5    2    155
205   78   6    122    495
206   201   5    81    107
207   133   7    167    56
208   47   5    22    473
209   148   6    113    458
210   150   3    37    488
211   200   5    44    410
212   31   2    171    243
213   26   7    82    498
214   79   2    24    298
215   141   7    148    73
216   10   6    118    343
217   35   2    103    493
218   213   3    169    277
219   48   6    107    338
220   175   6    116    115
221   110   5    130    68
222   110   3    141    287
223   216   4    29    68
224   55   2    114    246
225   202   4    101    40
226   36   7    147    237
227   157   6    70    382
228   45   3    4    286
229   151   7    161    204
230   215   4    140    463
231   75   4    46    344
232   37   6    69    467
233   22   4    70    135
234   4   3    63    300
235   9   7    104    414
236   115   6    14    127
237   218   2    149    441
238   117   3    168    317
239   209   5    133    419
240   145   2    168    140
241   139   3    51    404
242   61   4    21    376
243   21   2    13    22
244   99   2    191    401
245   211   6    186    421
246   215   3    134    243
247   80   7    141    169
248   42   3    105    227
249   223   6    161    270
250   119   7    162    482
251   9   2    182    279
252   227   7    20    76
253   86   6    66    150
254   196   2    44    114
255   129   2    106    281
256   236   3    131    434
257   28   3    31    397
258   131   2    57    410
259   12   3    127    375
260   133   4    157    53
261   53   7    61    322
262   18   4    99    93
263   210   4    132    418
264   236   5    59    478
265   205   5    126    433
266   81   5    197    413
267   260   5    7    282
268   54   2    176    455
269   91   7    148    368
270   102   4    111    223
271   142   7    120    457
272   67   3    112    121
273   195   5    82    232
274   43   6    13    91
275   108   4    93    50
276   62   5    112    79
277   216   5    97    40
278   216   5    8    143
279   162   6    64    341
280   179   7    33    497
281   195   2    137    354
282   204   4    71    337
283   172   4    109    474
284   193   6    40    155
285   269   7    69    384
286   154   2    136    89
287   138   6    165    251
288   202   4    51    172
289   30   7    40    314
290   60   3    117    208
291   196   3    22    474
292   155   3    105    42
293   171   4    81    194
294   85   5    150    357
295   116   7    85    126
296   104   3    196    6
297   187   2    122    235
298   241   7    178    299
299   294   7    33    434
300   242   7    6    424
301   243   7    190    222
302   97   2    182    317
303   163   4    80    210
304   222   5    55    150
305   172   2    24    354
306   185   2    30    11
307   234   7    6    139
308   149   2    110    270
309   117   6    130    338
310   229   5    42    464
311   226   4    170    240
312   112   4    145    178
313   63   3    95    91
314   272   6    156    101
315   113   7    46    102
316   79   3    2    172
317   43   2    15    114
318   22   6    74    74
319   224   7    17    99
320   162   6    13    171
321   102   5    145    71
322   236   2    152    212
323   300   6    88    36
324   84   7    142    470
325   245   6    164    364
326   141   4    51    142
327   107   2    95    384
328   155   6    102    203
329   317   4    163    202
330   153   5    79    304
331   21   5    154    67
332   279   4    179    120
333   191   6    81    366
334   46   3    185    361
335   209   5    96    177
336   58   6    47    304
337   39   2    37    14
338   275   7    90    227
339   292   6    9    495
340   9   3    1    134
341   112   6    163    231
342   119   4    59    464
343   56   4    99    290
344   13   7    51    472
345   63   4    54    321
346   154   3    177    382
347   319   6    103    273
348   330   4    178    396
349   195   7    102    106
350   284   2    92    439
351   85   3    14    190
352   188   3    150    455
353   275   2    9    105
354   125   2    145    19
355   161   3    98    110
356   104   2    135    388
357   62   5    18    13
358   260   4    130    461
359   326   6    64    4
360   116   3    186    36
361   295   6    198    296
362   46   7    90    496
363   273   4    5    456
364   213   3    118    348
365   92   2    73    373
366   357   6    121    121
367   291   6    62    328
368   60   4    176    145
369   348   3    150    371
370   245   7    82    451
371   180   2    92    328
372   106   2    189    53
373   163   7    9    435
374   190   2    40    228
375   114   3    181    485
376   182   5    145    298
377   88   7    145    160
378   188   6    22    129
379   320   3    93    317
380   110   5    173    81
381   154   3    165    461
382   110   6    12    352
383   73   6    178    453
384   38   7    131    27
385   191   2    170    306
386   130   6    199    20
387   90   6    189    307
388   82   3    180    138
389   382   6    140    385
390   133   7    74    164
391   322   2    100    470
392   221   5    15    21
393   35   5    31    74
394   90   5    16    18
395   202   7    168    396
396   188   3    73    411
397   25   5    90    250
398   316   7    18    4
399   328   5    41    91
400   79   7    198    459
401   265   4    10    354
402   218   4    179    68
403   250   5    136    355
404   375   6    54    183
405   112   7    128    324
406   241   4    85    424
407   127   5    80    493
408   105   7    165    366
409   255   2    97    200
410   319   3    5    275
411   343   7    19    133
412   121   2    4    356
413   220   3    147    277
414   77   6    34    243
415   349   4    73    21
416   63   2    128    289
417   285   4    99    172
418   245   7    104    203
419   12   5    10    213
420   50   2    177    154
421   321   5    143    488
422   145   4    151    227
423   238   5    197    299
424   396   7    16    272
425   123   6    150    159
426   74   2    35    40
427   376   5    69    215
428   256   7    16    411
429   94   6    104    266
430   7   3    32    445
431   279   3    164    418
432   33   7    10    59
433   380   7    60    130
434   118   5    164    485
435   206   5    150    235
436   397   7    77    308
437   191   6    37    244
438   272   7    117    161
439   65   4    3    125
440   216   6    36    9
441   62   5    79    143
442   389   7    94    145
443   312   3    132    21
444   317   4    65    209
445   379   7    179    357
446   64   6    132    51
447   393   6    175    174
448   422   2    52    263
449   164   7    22    460
450   227   4    10    403
451   241   4    16    257
452   408   3    45    246
453   99   2    25    451
454   317   6    30    244
455   316   7    196    136
456   84   5    144    71
457   205   4    27    40
458   317   6    165    251
459   59   2    154    403
460   197   7    127    378
461   207   2    160    171
462   24   6    80    365
463   449   2    96    318
464   344   6    13    291
465   253   3    196    314
466   77   5    74    226
467   75   7    17    33
468   413   3    59    434
469   243   4    32    397
470   37   4    107    296
471   78   6    118    446
472   428   6    136    83
473   265   6    35    197
474   188   6    109    145
475   444   3    122    246
476   1   4    96    76
477   461   4    48    60
478   71   5    115    265
479   3   5    108    100
480   398   3    124    116
481   116   6    12    465
482   421   7    168    186
483   250   7    47    111
484   367   3    91    364
485   206   7    136    310
486   121   3    152    332
487   311   6    126    219
488   370   2    39    136
489   457   5    167    122
490   125   7    112    164
491   168   5    168    38
492   357   3    3    134
493   179   4    73    452
494   166   7    86    73
495   169   7    135    201
496   367   5    16    242
497   476   3    134    371
498   261   7    71    313
499   109   6    75    426
500   10   6    45    49
501   188   3    197    402
502   275   3    47    433
503   498   6    184    104
504   68   2    40    102
505   126   4    31    446
506   24   2    77    234
507   310   6    119    468
508   467   7    144    161
509   223   5    192    353
510   188   7    65    354
511   237   7    113    133
512   460   6    164    465
513   288   4    118    112
514   15   3    51    193
515   456   7    63    363
516   258   3    162    388
517   341   6    75    273
518   326   6    129    365
519   437   5    153    115
520   310   7    11    117
521   507   7    18    149
522   497   7    13    384
523   218   7    189    78
524   186   6    45    96
525   319   4    40    197
526   39   2    54    234
527   112   3    7    183
528   192   2    76    335
529   12   6    189    246
530   164   7    85    455
531   303   6    52    171
532   443   2    179    223
533   3   6    196    436
534   235   2    69    370
535   116   6    105    160
536   107   4    162    86
537   498   3    77    258
538   390   6    115    294
539   85   7    133    427
540   158   6    161    391
541   69   6    124    378
542   87   4    149    310
543   233   2    37    458
544   264   3    14    308
545   235   5    48    134
546   513   2    55    170
547   385   2    94    211
548   291   7    42    371
549   367   2    136    307
550   199   7    76    437
551   199   3    24    2
552   391   3    141    104
553   6   7    155    423
554   414   3    35    398
555   23   2    66    118
556   173   3    115    249
557   375   3    183    283
558   45   3    93    360
559   203   6    84    142
560   412   4    159    365
561   258   7    28    143
562   220   3    61    421
563   333   6    31    61
564   273   5    160    495
565   263   2    19    495
566   440   2    43    128
567   358   6    96    109
568   231   2    7    376
569   276   3    190    364
570   63   4    51    489
571   165   3    97    68
572   167   2    199    282
573   220   5    38    369
574   491   2    192    117
575   369   4    82    180
576   11   6    7    55
577   350   5    41    323
578   258   7    143    66
579   201   4    71    269
580   332   2    80    54
581   9   3    114    319
582   486   2    164    309
583   539   6    69    465
584   441   2    130    261
585   439   6    68    418
586   354   3    110    116
587   569   6    66    312
588   547   5    58    347
589   191   7    16    224
590   262   3    169    336
591   533   7    114    62
592   280   2    9    347
593   351   5    25    69
594   133   4    120    395
595   124   6    143    231
596   210   2    188    488
597   314   4    136    11
598   266   6    30    325
599   272   3    30    492
600   579   4    137    393
601   205   3    67    86
602   194   6    41    273
603   326   6    38    161
604   126   6    181    341
605   565   2    91    389
606   313   2    83    33
607   173   3    116    477
608   200   3    20    424
609   499   2    144    100
610   158   6    180    412
611   153   7    56    159
612   544   5    147    223
613   46   3    78    72
614   199   3    60    335
615   134   2    64    234
616   492   6    99    460
617   588   4    59    213
618   259   2    147    224
619   325   7    140    259
620   381   2    139    165
621   278   4    113    3
622   217   4    188    287
623   495   6    17    458
624   143   6    173    342
625   568   5    159    115
626   614   5    173    489
627   289   5    16    16
628   132   3    111    334
629   212   6    138    129
630   387   3    120    499
631   147   2    54    205
632   198   7    30    72
633   426   5    10    482
634   113   4    69    433
635   163   5    146    123
636   506   3    130    383
637   187   3    126    353
638   496   2    109    340
639   234   2    98    418
640   98   4    103    149
641   217   7    16    471
642   370   6    10    220
643   371   3    150    382
644   417   6    8    355
645   196   3    11    112
646   80   3    151    61
647   16   4    77    386
648   469   6    157    278
649   552   5    98    64
650   441   7    194    254
651   265   3    23    39
652   490   5    7    70
653   581   3    152    153
654   581   6    160    140
655   530   7    104    269
656   263   5    39    247
657   54   5    65    490
658   37   2    83    449
659   254   2    63    197
660   230   2    39    175
661   540   7    74    253
662   536   4    33    39
663   644   4    192    335
664   330   6    163    480
665   351   7    134    260
666   457   6    20    36
667   312   7    133    37
668   616   5    142    447
669   511   6    30    78
670   154   3    120    474
671   350   3    22    45
672   230   2    62    33
