1   0   2    32    339
2   1   3    119    475
3   1   3    96    82
4   2   3    10    30
5   2   7    107    284
6   1   6    30    172
7   3   3    32    412
8   1   2    3    73
9   6   6    111    60
10   7   7    62    336
11   7   5    76    81
12   1   6    23    33
13   9   2    40    428
14   11   6    82    28
15   4   5    158    214
16   13   6    29    177
17   13   4    48    134
18   14   2    28    108
19   12   7    181    310
20   4   5    43    196
21   8   5    134    434
22   4   6    95    244
23   3   7    2    458
24   12   4    176    26
25   20   5    76    119
26   16   5    31    96
27   10   3    54    209
28   25   4    98    326
29   14   6    32    71
30   19   7    94    310
31   20   7    180    215
32   30   3    40    64
33   27   5    114    134
34   14   4    18    207
35   1   6    11    199
36   16   3    184    454
37   19   2    195    211
38   36   3    179    348
39   36   6    93    291
40   26   3    88    407
41   12   7    94    395
42   32   6    35    154
43   18   4    138    175
44   4   3    40    74
45   37   5    96    164
46   13   4    155    213
47   22   3    81    173
48   41   5    87    357
49   28   2    14    59
50   9   4    37    405
51   24   2    16    151
52   34   5    155    374
53   11   3    20    187
54   42   2    163    19
55   14   7    149    111
56   15   4    151    429
57   44   3    116    392
58   22   6    197    164
59   3   5    15    254
60   21   2    116    3
61   8   3    36    28
62   44   2    165    447
63   55   6    58    26
64   49   4    99    287
65   11   4    67    259
66   3   5    175    179
67   16   7    176    271
68   36   2    188    45
69   9   4    30    272
70   37   3    39    314
71   60   7    26    360
72   44   2    194    264
73   10   6    146    374
74   31   2    85    321
75   73   4    32    455
76   32   3    154    325
77   63   5    155    151
78   23   3    13    375
79   44   4    115    390
80   44   5    132    274
81   44   5    92    231
82   22   2    4    22
83   34   5    17    283
84   18   3    32    112
85   21   5    24    70
86   65   4    185    55
87   66   4    103    69
88   61   6    22    211
89   42   3    181    58
90   81   2    12    428
91   84   7    178    89
92   25   2    10    413
93   65   5    72    429
94   38   7    62    161
95   23   2    109    109
96   53   4    53    462
97   37   5    58    306
98   9   7    121    55
99   33   4    103    241
100   31   3    81    171
101   65   5    71    212
102   13   6    133    389
103   96   5    42    476
104   31   6    111    11
105   102   7    33    495
106   37   3    129    265
107   20   7    88    143
108   105   6    8    334
109   95   6    31    80
110   19   6    137    171
111   74   5    131    244
112   81   7    54    27
113   39   4    92    375
114   28   4    67    277
115   93   5    194    16
116   104   5    142    266
117   88   2    146    84
118   11   7    105    106
119   58   2    179    284
120   96   2    126    304
121   111   3    46    233
122   58   5    15    51
123   50   6    98    157
124   29   4    181    81
125   51   2    65    287
126   47   2    151    136
127   21   2    44    79
128   67   3    34    237
129   112   4    30    348
130   40   4    81    12
131   41   2    193    121
132   27   5    191    352
133   66   5    18    268
134   111   7    22    99
135   100   6    128    337
136   18   7    159    497
137   56   3    188    2
138   44   7    34    482
139   125   4    186    304
140   112   4    87    458
141   125   3    31    450
142   105   5    81    95
143   35   6    95    390
144   91   3    116    459
145   81   5    32    122
146   45   5    198    180
147   110   4    123    198
148   126   7    12    233
149   55   3    69    254
150   77   2    63    405
151   86   2    108    238
152   98   5    175    161
153   34   6    165    111
154   137   4    30    4
155   17   4    94    154
156   92   4    119    119
157   21   3    189    248
158   110   2    199    420
159   10   5    105    114
160   75   6    64    488
161   131   6    47    364
162   159   5    182    30
163   118   4    40    127
164   27   5    148    161
165   161   2    163    325
166   38   5    15    337
167   140   4    186    305
168   154   3    78    47
169   152   4    105    109
170   96   6    2    495
171   55   7    58    434
172   99   6    157    415
173   4   5    197    266
174   5   3    99    239
175   74   2    171    419
176   92   6    76    168
177   118   5    77    283
178   126   2    64    384
179   33   3    58    288
180   154   3    10    469
181   51   6    192    145
182   36   4    11    310
183   20   4    184    55
184   45   7    94    265
185   79   6    83    442
186   117   6    174    364
187   58   5    53    264
188   186   7    77    359
189   33   5    16    220
190   29   6    162    84
191   126   3    192    129
192   32   3    123    355
193   50   7    145    321
194   128   5    86    486
195   90   6    179    433
196   100   4    171    483
197   43   5    59    423
198   14   6    165    328
199   174   6    94    54
200   40   4    188    192
201   176   3    21    221
202   179   2    137    206
203   12   3    193    165
204   154   7    170    392
205   67   5    125    243
206   45   4    172    127
207   194   2    5    301
208   90   2    9    57
209   189   4    70    231
210   204   2    174    123
211   97   5    37    437
212   56   6    134    65
213   33   3    36    366
214   192   4    9    265
215   48   7    80    448
216   20   7    99    161
217   33   5    122    155
218   196   3    45    484
219   122   3    159    184
220   183   6    92    284
221   12   7    115    195
222   80   2    65    59
223   113   4    74    182
224   169   3    106    313
225   65   5    62    58
226   13   7    7    183
227   146   2    197    30
228   204   7    36    108
229   203   5    78    378
230   8   6    93    359
231   180   5    184    312
232   204   2    175    246
233   13   6    12    342
234   24   4    22    364
235   11   3    172    186
236   221   2    43    450
237   198   2    186    269
238   221   3    75    307
239   165   4    175    383
240   64   3    79    109
241   162   3    124    168
242   206   6    4    26
243   38   5    147    147
244   46   5    84    20
245   230   4    185    343
246   58   6    8    61
247   224   5    169    132
248   184   4    196    344
249   179   4    63    56
250   1   7    176    362
251   165   3    142    486
252   11   7    158    61
253   116   2    82    160
254   249   2    75    69
255   227   4    99    278
256   129   4    184    16
257   144   6    116    351
258   196   2    126    477
259   244   7    20    460
260   141   7    83    76
261   140   7    117    470
262   106   4    156    190
263   96   2    165    74
264   39   4    197    33
265   101   3    36    234
266   14   4    125    475
267   137   2    103    364
268   213   4    197    73
269   189   6    76    27
270   184   7    93    134
271   134   7    62    390
272   162   3    189    386
273   131   5    126    487
274   122   5    106    218
275   234   7    179    260
276   40   7    21    402
277   240   2    43    211
278   10   7    107    444
279   10   4    16    46
280   182   5    148    25
281   224   4    39    240
282   74   3    73    495
283   76   6    51    392
284   34   7    188    143
285   110   5    85    363
286   135   5    122    194
287   63   5    106    97
288   171   3    47    236
289   47   5    52    210
290   113   6    185    364
291   4   3    51    418
292   141   7    93    453
293   217   4    54    472
294   71   4    164    82
295   16   3    152    160
296   195   3    67    126
297   137   2    138    145
298   153   5    62    161
299   289   4    190    214
300   204   2    48    476
301   143   2    1    51
302   80   5    149    145
303   225   4    15    201
304   267   3    21    425
305   46   2    109    38
306   155   4    27    368
307   19   6    144    268
308   63   2    152    299
309   243   3    3    444
310   141   5    105    265
311   226   4    74    343
312   210   7    172    107
313   294   6    32    151
314   287   5    119    35
315   10   3    68    88
316   222   6    17    188
317   36   7    64    40
318   279   3    158    7
319   39   5    36    152
320   39   5    100    10
321   114   4    33    92
322   22   4    176    418
323   128   2    144    181
324   225   5    11    264
325   183   6    68    288
326   112   7    11    3
327   30   4    30    434
328   92   7    129    159
329   53   6    185    338
330   69   2    42    58
331   44   2    106    275
332   262   3    51    171
333   309   6    90    494
334   268   2    175    323
335   181   6    47    376
336   214   4    113    434
337   161   2    171    304
338   230   7    131    128
339   4   2    80    112
340   58   5    36    255
341   255   7    191    228
342   173   7    125    163
343   75   2    187    348
344   157   5    28    474
345   170   4    40    183
346   62   6    91    373
347   69   5    119    109
348   307   5    98    155
349   230   7    96    275
350   111   5    114    475
351   5   3    63    412
352   264   2    36    129
353   97   7    26    74
354   109   6    76    483
355   319   2    30    429
356   176   2    68    149
357   124   2    170    203
358   211   7    7    306
359   233   7    60    440
360   132   4    1    372
361   101   4    115    291
362   264   4    153    276
363   343   2    101    134
364   217   5    198    389
365   58   5    103    320
366   203   5    15    180
367   24   2    86    205
368   1   5    151    159
369   115   3    41    11
370   160   3    121    350
371   279   5    187    80
372   59   7    115    146
373   166   6    8    38
374   132   7    152    97
375   62   4    10    49
376   202   2    22    36
377   78   3    59    203
378   333   4    91    83
379   157   4    197    436
380   204   7    152    52
381   100   6    129    462
382   6   2    85    461
383   125   4    137    164
384   128   5    25    302
385   26   5    131    364
386   328   5    120    66
387   160   7    140    396
388   111   4    85    372
389   31   4    118    434
390   170   2    150    259
391   82   2    48    432
392   323   2    47    159
393   294   7    109    440
394   4   3    144    111
395   354   4    98    260
396   45   7    105    443
397   319   3    168    54
398   356   2    141    333
399   174   3    156    295
400   192   5    85    220
401   233   4    28    475
402   276   2    69    466
403   309   3    29    42
404   227   5    165    482
405   314   6    72    184
406   217   3    32    142
407   58   6    77    159
408   277   5    4    16
409   373   7    95    476
410   377   7    78    430
411   385   3    171    436
412   255   3    37    352
413   10   2    80    281
414   58   5    147    382
415   355   7    133    446
416   193   7    5    225
417   94   6    5    434
418   374   6    64    470
419   243   6    62    62
420   289   3    57    384
421   290   3    130    356
422   419   6    44    167
423   320   7    27    305
424   139   3    68    372
425   294   7    62    105
426   25   2    151    75
427   253   3    182    297
428   346   4    163    29
429   113   7    61    276
430   340   6    8    266
431   237   3    151    262
432   215   7    63    152
433   341   7    154    37
434   370   4    24    116
435   231   7    2    229
436   243   6    183    460
437   2   6    127    36
438   274   4    46    109
439   123   7    36    28
440   324   3    196    412
441   328   2    165    330
442   284   5    190    409
443   23   3    40    490
444   357   7    142    277
445   96   2    186    354
446   259   5    81    209
447   244   5    175    346
448   403   6    118    56
449   443   3    195    2
450   435   6    165    13
451   403   6    164    29
452   189   7    91    87
453   330   3    77    115
454   101   3    145    382
455   174   4    126    291
456   75   3    186    266
457   240   3    7    231
458   282   5    100    364
459   28   3    44    275
460   381   6    43    4
461   111   4    119    266
462   302   2    51    158
463   63   4    75    193
464   119   4    151    106
465   269   2    181    255
466   356   4    120    458
467   1   7    78    466
468   294   4    33    22
469   139   6    93    374
470   345   2    103    467
471   129   3    180    172
472   390   7    78    75
473   127   5    35    21
474   284   5    138    460
475   273   7    195    166
476   212   7    35    32
477   221   5    107    450
478   280   5    74    109
479   80   7    99    20
480   135   7    50    36
481   183   2    107    306
482   327   6    56    274
483   208   2    58    105
484   382   7    189    343
485   91   5    109    121
486   388   2    73    224
487   262   6    85    203
488   470   7    111    180
489   93   4    177    75
490   460   3    29    73
491   72   2    182    27
492   198   5    184    349
493   398   3    126    164
494   102   4    57    379
495   302   2    126    493
496   6   7    165    226
497   198   6    120    163
498   200   4    101    293
499   160   4    162    186
500   462   6    47    412
501   459   6    85    441
502   45   6    41    129
503   247   3    121    115
504   431   3    22    54
505   248   6    35    304
506   235   7    75    115
507   139   2    150    143
508   441   3    9    174
509   87   4    197    36
510   82   3    117    241
511   286   5    90    275
512   245   2    147    253
513   133   2    41    123
514   20   2    13    302
515   146   4    47    338
516   400   3    43    482
517   145   7    103    441
518   257   6    136    392
519   345   3    17    490
520   288   4    21    344
521   13   5    34    479
522   64   7    82    133
523   152   5    127    109
524   333   2    177    71
525   520   7    149    443
526   151   2    74    146
527   261   2    155    184
528   25   6    139    315
529   166   3    119    244
530   37   5    3    103
531   133   6    79    297
532   162   6    101    436
533   71   2    78    89
534   399   2    185    26
535   451   2    17    48
536   111   6    105    96
537   299   3    24    316
538   26   3    37    306
539   138   7    147    58
540   198   2    69    284
541   316   5    159    367
542   454   5    68    137
543   128   3    47    449
544   148   3    56    234
545   29   5    155    433
546   147   7    36    105
547   69   3    46    303
548   422   3    26    329
549   292   6    172    392
550   496   2    136    44
551   272   4    140    193
552   399   5    194    183
553   319   3    169    18
554   224   2    149    93
555   47   2    165    230
556   484   5    112    190
557   293   7    143    9
558   66   4    44    200
559   187   3    50    300
560   333   4    72    276
561   13   4    95    235
562   362   3    174    92
563   548   7    18    84
564   467   3    84    370
565   323   5    66    478
566   396   3    175    60
567   259   2    83    494
568   455   7    161    348
569   217   5    165    3
570   411   2    88    399
571   50   4    53    228
572   465   6    124    483
573   535   3    174    402
574   519   5    177    264
575   564   5    75    484
576   290   2    74    436
577   192   7    111    69
578   202   4    191    70
579   41   7    78    293
580   240   3    199    365
581   334   3    176    108
582   420   5    94    196
583   100   2    131    323
584   32   2    75    248
585   491   5    19    362
586   368   6    71    448
587   340   4    16    156
588   522   7    164    326
589   252   4    93    21
590   137   2    198    8
591   196   2    172    91
592   219   6    10    223
593   555   4    170    233
594   298   7    115    335
595   567   7    91    34
596   177   5    167    140
597   226   2    164    312
598   267   7    57    307
599   246   2    93    290
600   37   4    175    242
601   5   5    5    439
602   321   4    49    78
603   225   5    48    460
604   469   3    25    74
605   369   2    161    358
606   86   7    10    18
607   593   7    64    87
608   572   3    156    301
609   368   7    114    27
610   539   5    100    33
611   34   2    68    278
612   448   4    144    113
613   237   2    46    375
614   112   6    47    69
615   166   2    196    439
616   144   5    131    485
617   37   5    185    18
618   289   7    136    495
619   333   3    42    402
620   334   5    96    152
621   219   3    157    77
622   540   7    68    92
623   183   6    174    464
624   318   2    183    343
625   436   2    7    244
626   346   3    105    72
627   113   5    145    197
628   385   2    190    493
629   300   4    144    143
630   364   5    167    406
631   39   5    92    71
632   14   7    129    231
633   109   5    39    77
634   447   2    70    467
635   329   2    106    79
636   139   7    172    132
637   261   6    51    65
638   258   2    24    420
639   524   2    155    32
640   27   7    84    160
641   414   2    17    469
642   473   4    182    115
643   549   7    58    388
644   399   6    30    108
645   321   7    35    368
646   240   7    67    132
647   225   7    96    85
648   129   2    36    78
649   601   7    59    275
650   306   5    112    368
651   595   7    32    83
652   475   7    133    85
653   11   3    186    206
654   303   3    83    152
655   558   3    24    198
656   326   6    142    473
657   390   6    173    270
658   308   3    123    329
659   245   7    30    343
660   209   4    37    18
661   280   5    136    298
662   407   6    39    137
663   390   3    39    371
664   489   6    161    70
665   480   6    93    452
666   643   4    159    224
667   506   4    35    263
668   293   6    62    87
669   95   6    96    490
670   307   4    51    10
671   557   5    115    126
672   116   7    116    273
673   118   5    61    99
674   148   6    187    381
675   420   3    126    378
676   544   5    77    473
677   630   5    15    155
678   552   3    161    418
679   112   4    186    116
680   255   5    62    140
681   193   7    7    62
682   328   7    122    260
683   554   4    125    271
684   608   7    82    101
685   553   2    145    295
686   344   3    195    13
687   622   6    105    453
688   654   6    88    491
689   581   3    163    499
690   241   7    9    412
691   510   6    8    191
692   50   7    53    333
693   238   5    46    304
694   354   7    29    294
695   450   5    5    174
696   618   2    90    140
697   271   7    45    273
698   406   5    83    91
699   503   4    100    425
700   256   6    191    178
701   177   3    82    336
702   371   2    193    354
703   206   7    184    277
704   274   5    50    203
705   265   3    98    269
706   414   3    107    160
707   417   3    13    223
708   220   6    168    27
709   436   4    83    148
710   447   2    167    152
711   273   4    92    60
712   100   5    139    293
