1   0   4    9    100
2   1   4    86    301
3   1   6    152    405
4   2   7    93    170
5   3   5    164    57
6   4   4    47    438
7   5   3    60    332
8   1   2    112    180
9   6   3    114    410
10   6   6    61    22
11   7   4    128    256
12   2   2    57    445
13   4   6    77    69
14   6   5    128    202
15   9   5    5    39
16   14   4    81    444
17   11   3    74    289
18   8   3    63    293
19   11   7    127    223
20   18   4    137    384
21   12   3    55    405
22   17   6    145    447
23   16   6    175    13
24   5   6    23    359
25   8   5    101    128
26   15   6    139    244
27   9   5    130    12
28   15   7    91    432
29   11   6    149    314
30   15   7    165    297
31   13   4    199    323
32   25   2    83    73
33   11   2    12    395
34   23   6    13    481
35   30   7    174    361
36   11   2    111    210
37   4   3    192    42
38   19   3    182    210
39   7   7    187    368
40   29   4    133    101
41   15   2    109    54
42   29   6    140    402
43   3   5    169    147
44   33   6    2    427
45   3   3    143    92
46   33   5    196    359
47   1   6    5    478
48   46   6    47    37
49   32   3    77    65
50   4   2    57    394
51   15   6    49    66
52   17   3    161    359
53   9   5    71    381
54   13   5    149    111
55   19   5    62    23
56   48   3    156    159
57   12   5    69    174
58   22   5    161    145
59   51   4    153    423
60   33   6    34    445
61   22   2    3    376
62   35   6    199    234
63   47   6    94    162
64   29   5    110    428
65   22   4    55    123
66   35   4    130    149
67   17   6    19    172
68   45   3    25    67
69   39   4    53    289
70   38   6    140    39
71   16   6    91    134
72   39   3    151    165
73   66   7    92    295
74   54   2    174    279
75   35   2    98    158
76   50   5    82    230
77   28   5    144    19
78   18   7    93    485
79   75   6    172    78
80   78   3    159    341
81   15   6    36    344
82   23   4    118    61
83   70   2    67    17
84   15   2    88    372
85   29   5    52    313
86   40   2    161    125
87   53   2    4    35
88   4   3    65    108
89   29   2    59    1
90   71   2    76    238
91   68   7    24    451
92   16   2    184    162
93   79   3    83    347
94   23   6    61    194
95   38   3    11    177
96   21   7    165    254
97   40   4    116    36
98   45   4    39    341
99   56   2    89    149
100   93   5    83    288
101   99   2    165    264
102   89   7    12    138
103   51   3    187    337
104   61   7    145    11
105   57   4    151    305
106   37   7    110    421
107   91   2    117    313
108   17   6    84    104
109   15   2    84    111
110   96   2    127    63
111   84   7    94    128
112   25   4    78    156
113   45   6    137    216
114   96   6    21    234
115   9   6    16    264
116   16   7    66    415
117   11   5    21    112
118   70   4    26    120
119   51   6    188    160
120   31   2    114    117
121   22   6    70    457
122   7   6    152    314
123   43   4    8    204
124   52   2    35    431
125   96   5    99    290
126   40   7    87    196
127   15   7    8    15
128   103   2    72    51
129   40   4    141    437
130   51   5    8    52
131   100   2    14    94
132   51   7    2    230
133   48   4    37    210
134   98   2    31    235
135   120   4    103    346
136   120   2    166    485
137   81   7    194    166
138   117   7    42    90
139   126   2    2    499
140   66   3    73    138
141   5   4    172    53
142   63   2    98    429
143   26   3    137    331
144   45   3    99    148
145   94   7    97    397
146   17   6    64    360
147   66   5    96    68
148   31   3    164    423
149   97   3    1    128
150   6   7    130    429
151   30   4    169    157
152   118   2    25    189
153   74   5    9    172
154   122   6    72    370
155   93   6    166    170
156   136   2    34    207
157   11   7    112    390
158   90   6    174    72
159   46   2    96    116
160   33   4    75    191
161   147   3    113    17
162   97   5    148    258
163   36   4    156    486
164   85   4    114    383
165   79   7    84    141
166   136   6    154    364
167   116   2    46    324
168   95   5    3    285
169   157   5    82    412
170   77   2    111    332
171   5   7    178    475
172   29   4    23    150
173   163   7    27    455
174   13   6    105    224
175   90   7    148    298
176   164   7    155    475
177   93   7    70    265
178   42   2    79    303
179   10   4    101    158
180   153   2    197    405
181   146   6    173    98
182   85   7    105    203
183   163   5    177    3
184   139   3    118    149
185   19   3    116    37
186   98   4    148    460
187   153   6    132    14
188   45   5    187    129
189   92   5    142    8
190   54   7    112    103
191   153   6    65    349
192   104   4    98    261
193   126   6    172    308
194   187   2    187    232
195   169   6    5    283
196   33   3    137    222
197   126   2    103    289
198   184   7    3    324
199   182   4    78    167
200   137   6    106    20
201   167   4    191    389
202   43   5    27    334
203   9   3    149    181
204   144   6    139    358
205   83   2    133    350
206   25   4    68    441
207   56   5    167    329
208   182   5    105    42
209   140   6    148    62
210   50   7    179    193
211   129   7    155    387
212   176   7    193    205
213   151   5    2    142
214   126   7    59    458
215   120   6    126    312
216   54   2    109    149
217   89   6    61    77
218   128   5    56    471
219   3   3    58    325
220   75   2    47    433
221   36   6    94    199
222   164   6    138    384
223   89   4    128    460
224   26   4    189    386
225   10   5    105    111
226   107   7    179    155
227   104   3    99    179
228   159   4    133    93
229   176   7    163    401
230   104   6    55    357
231   174   3    98    415
232   90   2    141    28
233   196   7    79    338
234   137   7    72    312
235   102   2    71    257
236   7   5    108    348
237   122   4    33    132
238   213   7    53    147
239   13   7    12    431
240   154   5    41    478
241   156   4    165    120
242   78   2    47    29
243   152   4    94    37
244   79   2    71    312
245   112   5    45    252
246   47   3    174    67
247   240   2    31    26
248   8   4    47    447
249   192   4    159    421
250   10   5    80    73
251   27   2    41    385
252   222   2    55    88
253   117   6    108    233
254   132   3    15    143
255   97   4    141    241
256   199   3    91    81
257   203   6    160    6
258   126   4    142    279
259   67   2    58    54
260   134   4    98    302
261   10   3    87    350
262   141   2    90    136
263   66   5    86    383
264   239   2    76    487
265   89   3    35    178
266   22   4    95    322
267   76   4    117    213
268   261   2    67    482
269   17   4    191    436
270   71   7    10    15
271   60   3    99    36
272   42   5    117    272
273   235   3    39    184
274   183   5    169    174
275   213   4    177    9
276   183   3    132    62
277   143   2    172    55
278   148   5    65    404
279   98   3    59    304
280   4   5    108    94
281   18   7    51    170
282   157   6    133    180
283   111   7    175    175
284   271   5    92    299
285   51   3    86    198
286   277   6    161    96
287   256   6    157    157
288   6   3    84    309
289   31   5    168    97
290   54   5    49    87
291   194   2    77    344
292   154   3    22    360
293   171   6    7    309
294   166   4    111    472
295   287   3    130    256
296   249   4    121    166
297   197   5    7    160
298   192   3    197    80
299   51   6    3    31
300   20   4    183    233
301   97   4    86    369
302   237   7    197    251
303   199   2    144    414
304   108   6    112    307
305   221   3    28    423
306   107   3    90    493
307   188   4    75    445
308   221   4    148    443
309   162   2    5    359
310   175   3    164    80
311   191   5    61    79
312   46   2    150    26
313   30   2    38    186
314   246   5    82    228
315   8   4    127    480
316   111   6    174    92
317   98   2    103    457
318   26   3    2    342
319   126   4    126    308
320   169   2    157    463
321   312   7    133    166
322   9   2    149    443
323   169   4    92    313
324   61   6    106    321
325   27   6    165    247
326   277   3    82    256
327   259   3    105    391
328   152   3    157    472
329   283   3    139    299
330   127   7    136    303
331   211   2    121    124
332   221   3    141    95
333   320   3    155    176
334   175   6    23    325
335   238   2    51    33
336   138   2    56    14
337   73   3    19    123
338   245   6    116    322
339   108   7    152    233
340   149   2    51    101
341   59   6    4    315
342   112   7    106    37
343   189   7    28    315
344   142   2    159    496
345   140   5    104    107
346   322   2    20    192
347   43   5    96    367
348   241   5    14    265
349   261   2    198    237
350   132   3    95    321
351   26   4    107    499
352   98   7    81    294
353   229   2    10    297
354   129   5    197    299
355   270   4    196    133
356   88   6    98    25
357   148   5    198    219
358   141   2    9    217
359   76   6    32    180
360   76   4    48    463
361   76   3    64    318
362   65   6    175    403
363   188   6    121    489
364   250   3    174    182
365   176   3    43    53
366   102   6    142    74
367   36   6    93    196
368   305   3    12    78
369   213   3    120    356
370   358   7    140    273
371   296   5    97    319
372   191   6    46    84
373   300   5    98    26
374   13   2    52    398
375   46   2    67    363
376   332   3    143    454
377   228   4    114    340
378   234   5    61    249
379   162   3    85    258
380   263   7    178    200
381   232   7    66    254
382   116   2    30    272
383   68   7    113    197
384   123   5    154    447
385   77   5    122    420
386   383   5    158    3
387   6   5    22    147
388   365   7    55    275
389   276   5    92    184
390   100   3    179    236
391   197   4    171    477
392   166   4    180    293
393   61   6    24    458
394   377   3    164    51
395   351   4    184    478
396   218   4    179    70
397   174   7    40    451
398   133   2    90    440
399   292   3    19    405
400   162   6    8    186
401   224   5    129    107
402   93   5    48    187
403   323   6    50    316
404   85   7    43    8
405   47   7    88    158
406   158   2    118    310
407   275   3    109    463
408   362   6    63    132
409   361   5    81    336
410   263   5    14    390
411   175   5    145    141
412   282   4    97    25
413   255   2    121    240
414   75   5    197    236
415   301   5    64    375
416   43   6    181    442
417   257   2    122    204
418   226   3    86    107
419   273   3    194    93
420   227   7    141    63
421   309   3    73    416
422   219   5    54    41
423   24   5    153    235
424   144   3    183    225
425   39   7    108    303
426   365   6    198    245
427   79   5    141    379
428   139   5    98    491
429   395   7    33    497
430   105   5    44    209
431   172   7    101    493
432   291   7    151    315
433   416   5    198    1
434   248   7    10    159
435   423   6    63    229
436   317   4    89    455
437   234   5    144    94
438   297   5    98    260
439   178   6    2    368
440   80   2    102    110
441   267   6    20    8
442   76   6    130    61
443   225   7    16    417
444   186   6    4    458
445   394   2    120    265
446   59   4    59    32
447   4   2    70    132
448   93   4    91    85
449   380   3    124    482
450   118   4    134    87
451   164   3    38    419
452   193   3    78    418
453   256   5    196    237
454   361   2    56    47
455   76   4    52    451
456   105   7    10    129
457   162   5    42    142
458   257   5    41    345
459   354   5    27    45
460   311   4    142    474
461   134   7    198    240
462   131   7    94    334
463   200   2    71    393
464   289   3    175    264
465   129   5    16    332
466   233   4    50    268
467   222   6    112    83
468   447   7    153    264
469   204   4    189    272
470   306   3    153    391
471   237   6    170    246
472   216   6    94    159
473   459   2    110    277
474   165   4    66    23
475   398   3    169    137
476   373   5    133    53
477   457   2    114    398
478   188   4    125    111
479   197   7    11    255
480   433   4    35    371
481   69   4    173    270
482   48   7    117    234
483   111   6    167    460
484   440   4    174    488
485   190   7    173    365
486   122   5    147    89
487   54   6    184    404
488   264   6    121    253
489   254   3    91    61
490   455   2    173    444
491   216   5    54    49
492   228   6    195    385
493   281   5    177    20
494   179   6    152    401
495   404   7    178    87
496   460   5    32    141
497   380   7    105    120
498   438   2    86    166
499   274   6    184    371
500   206   7    8    358
501   340   4    60    381
502   299   2    90    123
503   451   6    123    362
504   300   7    142    116
505   478   6    30    86
506   444   7    138    357
507   98   5    86    315
508   466   7    12    498
509   246   6    33    278
510   355   2    188    468
511   39   4    80    304
512   464   5    41    68
513   304   2    80    454
514   498   6    174    329
515   144   4    147    413
516   369   4    59    68
517   358   2    76    233
518   205   3    114    366
519   280   4    109    14
520   27   3    111    342
521   371   6    46    85
522   367   7    154    279
523   69   7    3    443
524   361   5    123    73
525   94   4    171    67
526   488   5    141    403
527   6   2    158    345
528   48   3    99    377
529   236   2    3    309
530   324   7    53    454
531   212   2    89    360
532   2   7    198    107
533   59   4    5    34
534   502   4    144    5
535   248   5    193    118
536   251   3    191    467
537   87   5    114    51
538   533   5    11    262
539   66   5    140    133
540   211   4    152    19
541   474   3    7    481
542   293   7    176    444
543   492   4    68    79
544   326   4    49    279
545   319   7    43    342
546   23   3    26    435
547   35   7    11    267
548   164   4    176    239
549   231   7    79    235
550   339   5    93    497
551   192   4    4    80
552   329   2    127    86
553   322   3    90    181
554   374   6    18    478
555   16   4    160    148
556   437   3    58    210
557   222   2    58    300
