1   0   5    76    286
2   1   2    64    264
3   1   7    46    12
4   2   4    129    280
5   3   5    164    422
6   4   6    71    29
7   3   4    5    413
8   4   2    93    20
9   5   2    148    411
10   7   7    181    108
11   6   5    188    101
12   8   7    47    92
13   11   6    29    422
14   2   5    177    325
15   12   4    18    201
16   1   3    80    485
17   11   6    99    240
18   14   4    105    7
19   8   5    135    348
20   2   6    92    270
21   4   6    156    289
22   12   4    136    376
23   18   7    194    255
24   11   6    162    283
25   20   2    30    432
26   3   4    43    434
27   15   7    179    426
28   18   5    187    83
29   27   3    158    21
30   22   6    31    482
31   12   3    73    406
32   6   4    94    125
33   12   2    136    429
34   13   4    120    31
35   21   6    112    19
36   12   4    163    315
37   12   6    55    184
38   21   4    75    237
39   12   3    120    304
40   32   7    180    158
41   7   4    199    459
42   9   5    116    188
43   22   2    64    404
44   4   2    12    28
45   5   3    101    178
46   21   2    21    264
47   12   7    17    380
48   29   3    70    99
49   33   6    170    128
50   12   4    181    58
51   13   7    59    33
52   18   4    47    270
53   9   7    152    462
54   28   6    70    150
55   7   5    189    30
56   46   3    66    437
57   53   4    126    432
58   33   2    9    221
59   30   7    158    391
60   42   2    187    33
61   13   3    81    399
62   23   7    88    388
63   18   5    198    470
64   36   5    38    114
65   24   6    64    459
66   42   2    186    361
67   25   3    189    231
68   7   2    115    495
69   27   6    119    211
70   16   6    136    158
71   21   2    3    219
72   4   7    98    289
73   5   4    51    470
74   38   4    110    11
75   55   2    61    492
76   18   4    175    15
77   23   7    57    183
78   41   7    2    343
79   20   7    172    120
80   57   5    62    456
81   10   5    156    126
82   32   5    97    329
83   21   4    27    114
84   71   3    70    86
85   57   3    169    237
86   47   6    102    455
87   59   3    114    80
88   1   2    124    357
89   20   4    76    163
90   37   3    178    337
91   11   7    13    320
92   5   5    160    313
93   74   2    19    47
94   11   5    91    135
95   10   2    199    135
96   31   6    126    195
97   22   4    163    150
98   80   7    166    32
99   93   5    113    62
100   89   3    20    163
101   96   4    160    489
102   2   4    84    378
103   20   2    127    66
104   53   5    119    16
105   7   3    41    237
106   35   7    33    128
107   82   4    134    100
108   88   6    150    362
109   61   2    6    42
110   61   7    183    134
111   30   6    47    339
112   69   5    152    303
113   62   4    169    264
114   9   7    33    480
115   9   5    44    358
116   55   2    46    75
117   41   7    165    106
118   23   5    98    298
119   12   7    185    15
120   19   3    9    196
121   64   5    197    125
122   75   4    59    423
123   23   7    107    16
124   97   3    133    6
125   68   2    125    280
126   68   6    173    42
127   47   5    142    131
128   15   3    2    157
129   94   7    30    226
130   36   7    26    7
131   31   2    69    94
132   18   4    169    442
133   94   4    42    170
134   102   6    90    69
135   86   7    127    382
136   16   7    168    146
137   78   7    32    164
138   19   3    84    50
139   11   2    69    100
140   81   2    44    233
141   113   2    189    285
142   77   5    123    241
143   40   7    63    17
144   81   6    41    384
145   117   7    73    184
146   37   6    121    1
147   12   6    100    380
148   49   3    82    65
149   147   7    199    188
150   132   6    170    228
151   108   4    168    107
152   71   6    71    190
153   13   7    137    488
154   24   7    166    110
155   127   7    61    264
156   21   5    27    408
157   142   7    181    467
158   58   2    85    78
159   14   4    111    60
160   99   4    68    1
161   126   6    164    134
162   117   5    72    374
163   50   7    1    345
164   79   7    80    396
165   28   5    135    189
166   112   7    162    442
167   95   4    170    336
168   105   2    134    224
169   47   6    22    43
170   27   4    31    141
171   36   3    89    112
172   13   2    4    384
173   112   7    128    177
174   103   4    187    145
175   16   3    1    22
176   56   6    190    408
177   62   7    136    165
178   48   4    122    36
179   2   3    199    441
180   132   2    4    3
181   63   6    178    341
182   137   3    145    356
183   80   5    18    454
184   69   6    127    313
185   137   6    187    206
186   63   3    67    47
187   158   6    141    434
188   88   4    16    398
189   3   4    147    2
190   2   4    166    273
191   59   7    194    305
192   116   3    44    83
193   92   5    16    249
194   77   2    77    60
195   14   2    21    291
196   59   6    87    137
197   59   5    20    232
198   156   2    109    174
199   23   4    141    253
200   88   2    76    166
201   168   5    61    10
202   10   2    29    458
203   73   4    151    472
204   27   5    168    87
205   38   2    161    128
206   89   4    1    302
207   171   2    185    96
208   12   2    93    286
209   52   4    63    112
210   193   5    189    485
211   55   5    153    467
212   35   4    196    11
213   138   4    42    383
214   203   7    83    192
215   201   7    85    261
216   138   5    18    367
217   176   5    147    163
218   78   3    106    128
219   51   4    194    290
220   73   2    75    368
221   174   6    182    105
222   206   2    15    486
223   170   5    17    85
224   181   6    153    410
225   48   6    139    285
226   9   7    56    289
227   111   7    159    493
228   126   4    139    122
229   95   7    199    362
230   70   4    191    280
231   110   5    38    125
232   26   2    154    470
233   112   2    53    221
234   72   2    78    428
235   134   2    118    332
236   94   3    44    6
237   21   6    95    442
238   229   3    165    250
239   206   5    116    424
240   101   6    78    145
241   184   4    3    285
242   43   4    181    492
243   227   4    6    204
244   60   7    22    475
245   152   6    181    102
246   206   6    6    105
247   179   2    65    72
248   15   3    170    312
249   128   4    91    111
250   187   5    28    469
251   45   7    192    246
252   189   5    120    105
253   47   2    139    29
254   183   4    108    172
255   34   3    128    79
256   56   2    46    154
257   46   5    20    48
258   236   3    129    127
259   190   2    96    497
260   117   3    105    306
261   25   3    79    177
262   213   5    21    89
263   18   5    123    487
264   10   4    53    365
265   160   4    102    8
266   53   5    37    397
267   184   4    128    463
268   168   7    35    497
269   48   3    68    335
270   181   3    109    198
271   3   4    192    160
272   219   6    16    138
273   108   5    184    110
274   111   5    179    201
275   56   6    199    383
276   135   4    135    367
277   155   7    50    330
278   113   3    187    130
279   183   4    177    307
280   206   5    108    376
281   74   7    99    278
282   189   5    122    429
283   246   2    159    231
284   85   4    155    335
285   68   4    7    264
286   47   4    81    83
287   104   2    111    442
288   138   5    83    408
289   125   2    159    12
290   218   5    106    129
291   208   3    52    160
292   120   7    95    358
293   69   2    80    345
294   259   7    73    425
295   180   2    32    135
296   184   2    19    461
297   60   4    154    4
298   152   4    83    254
299   133   5    34    224
300   163   2    175    147
301   44   2    119    363
302   265   3    5    360
303   253   5    139    52
304   152   2    86    327
305   253   2    17    380
306   118   6    70    397
307   6   6    144    397
308   52   6    188    242
309   240   4    68    346
310   70   6    61    188
311   66   4    24    387
312   283   5    121    170
313   294   3    101    465
314   232   3    133    233
315   215   2    152    405
316   281   4    27    91
317   195   2    198    438
318   223   6    15    135
319   250   5    172    24
320   223   5    147    183
321   80   2    4    61
322   162   3    46    323
323   58   7    187    178
324   194   3    172    28
325   163   5    147    157
326   30   3    187    188
327   151   5    190    181
328   31   3    56    104
329   95   3    37    463
330   92   3    62    458
331   52   7    186    145
332   109   7    192    401
333   36   7    37    453
334   61   5    157    349
335   232   3    192    432
336   320   4    157    14
337   51   5    40    367
338   111   4    102    205
339   144   7    115    330
340   337   3    153    415
341   130   5    21    53
342   257   7    172    412
343   27   6    68    281
344   248   5    47    170
345   179   4    105    126
346   51   2    192    253
347   166   7    144    129
348   330   2    2    470
349   319   6    178    353
350   316   7    131    278
351   96   3    79    345
352   221   3    152    235
353   242   3    82    155
354   160   7    1    231
355   8   6    182    459
356   118   3    48    350
357   184   3    87    288
358   57   2    98    399
359   207   6    77    289
360   108   2    51    376
361   198   3    199    496
362   25   7    167    385
363   155   3    196    6
364   283   7    150    355
365   347   3    158    47
366   122   6    150    327
367   143   5    100    85
368   202   5    134    255
369   158   4    106    38
370   182   6    89    185
371   109   2    75    325
372   130   6    129    209
373   13   4    60    76
374   144   7    45    415
375   14   5    172    2
376   90   6    3    289
377   293   5    102    431
378   58   7    62    266
379   27   5    170    443
380   248   7    21    177
381   347   4    44    177
382   118   4    165    383
383   202   7    187    441
384   119   2    141    279
385   20   7    92    19
386   161   7    72    208
387   127   6    132    480
388   216   2    5    293
389   196   6    93    204
390   63   3    18    180
391   77   7    133    425
392   341   4    182    93
393   165   5    184    432
394   225   7    78    369
395   199   5    78    249
396   374   6    178    466
397   144   7    63    254
398   295   2    74    223
399   324   2    3    173
400   257   6    9    88
401   9   7    188    448
402   270   2    90    150
403   162   7    151    428
404   110   4    176    86
405   339   5    109    77
406   44   6    71    157
407   301   2    96    286
408   272   7    107    453
409   50   3    19    126
410   177   7    13    388
411   81   4    41    278
412   373   7    168    340
413   153   2    64    258
414   213   5    144    356
415   33   5    180    350
416   177   6    172    192
417   88   7    108    127
418   324   4    17    30
419   299   3    139    100
420   342   7    180    257
421   99   7    93    125
422   51   3    177    175
423   165   2    64    63
424   381   3    32    214
425   410   7    29    232
426   336   4    161    95
427   317   6    30    171
428   298   2    118    389
429   257   2    97    111
430   2   6    30    264
431   342   2    139    420
432   242   7    138    168
433   260   7    189    259
434   224   4    129    403
435   348   7    103    191
436   231   7    85    276
437   157   3    20    479
438   385   4    175    146
439   399   4    153    117
440   193   2    182    300
441   299   7    132    113
442   82   5    22    19
443   137   2    172    194
444   282   3    199    144
445   304   4    50    189
446   203   7    195    229
447   291   6    38    82
448   139   7    10    437
449   316   2    30    323
450   313   6    6    255
451   209   5    70    80
452   17   4    112    442
453   267   5    180    21
454   181   4    29    88
455   335   5    10    405
456   134   7    100    478
457   360   7    111    284
458   184   6    68    447
459   455   7    111    477
460   430   2    14    120
461   239   4    19    249
462   337   3    181    44
463   386   4    49    425
464   219   6    44    43
465   379   4    16    476
466   345   7    47    484
467   128   5    60    473
468   10   5    87    293
469   418   4    22    333
470   376   7    98    102
471   262   2    103    270
472   373   2    33    356
473   355   6    110    425
474   358   5    59    349
475   175   3    12    181
476   291   4    123    346
477   121   6    40    267
478   427   7    130    108
479   464   7    157    329
480   433   4    10    403
481   436   7    21    48
482   285   4    153    476
483   416   2    124    245
484   371   6    167    223
485   434   6    108    91
486   266   2    70    368
487   86   5    20    244
488   358   2    168    309
489   353   3    186    394
490   275   2    29    207
491   131   2    196    268
492   415   3    48    22
493   377   7    120    354
494   366   5    131    478
495   416   6    153    366
496   379   2    51    423
497   102   6    141    223
498   291   6    186    417
499   137   4    190    37
500   299   7    81    231
501   487   3    66    380
502   345   3    22    360
503   234   2    75    194
504   461   5    21    461
505   157   2    103    379
506   225   6    139    499
507   47   7    97    416
508   243   4    170    253
509   205   4    70    239
510   94   2    106    153
511   104   3    75    466
512   471   7    155    100
513   419   3    175    180
514   132   3    160    442
515   511   6    72    406
516   342   4    114    67
517   185   6    89    165
518   471   5    36    77
519   93   2    160    395
520   222   7    187    185
521   251   5    190    85
522   55   6    173    497
523   177   7    142    284
524   336   2    116    73
525   201   6    194    81
526   421   6    139    230
527   29   7    116    61
528   152   2    171    28
529   488   5    143    281
530   456   4    121    75
531   163   7    177    415
532   411   7    153    209
533   509   5    134    367
534   394   5    108    492
535   259   5    75    257
536   400   7    11    320
537   65   6    150    3
538   135   5    56    114
539   507   7    66    415
540   327   5    50    453
541   198   4    110    239
542   319   6    76    391
543   51   7    53    90
544   93   6    155    486
545   77   7    11    139
546   347   5    152    392
547   323   6    3    365
548   438   2    15    480
549   428   3    117    369
550   398   4    180    27
551   369   2    193    91
552   142   4    30    220
553   82   2    58    421
554   545   2    180    350
555   102   7    196    132
556   54   4    60    396
557   428   7    44    337
558   34   7    125    292
559   50   2    136    103
560   241   2    102    480
561   225   4    188    151
562   452   5    107    403
563   211   2    121    165
564   349   4    136    86
565   478   3    14    314
566   37   7    121    338
567   470   6    26    153
568   365   4    56    246
569   535   3    131    176
570   67   5    136    361
571   120   6    31    359
572   78   5    191    291
573   255   3    179    42
574   181   7    68    301
575   134   5    110    142
576   252   2    199    466
577   480   3    47    145
578   99   4    93    291
579   98   3    75    146
580   463   6    131    30
581   57   6    91    53
582   286   7    1    336
583   316   4    139    72
584   451   3    87    288
585   493   3    17    272
586   568   5    33    230
587   227   5    116    308
588   548   7    20    429
589   478   6    91    436
590   62   7    151    69
591   322   2    77    31
592   546   6    48    430
593   301   7    172    199
594   27   4    53    103
595   259   6    120    392
596   544   2    164    79
597   411   3    157    397
598   515   4    74    497
599   373   7    86    97
600   533   7    160    470
601   243   2    85    231
602   511   4    188    302
603   183   5    172    182
604   174   6    66    475
605   106   5    50    175
606   131   6    146    97
607   492   5    38    280
608   255   4    82    88
609   553   6    14    50
610   315   6    131    138
611   598   2    103    494
612   238   2    90    152
613   43   2    30    189
614   323   5    134    234
615   58   2    183    133
616   258   4    63    310
617   539   4    134    252
618   288   3    140    251
619   519   3    5    145
620   6   5    54    191
621   56   5    7    182
622   167   6    68    429
623   294   5    146    284
624   450   7    147    206
625   316   3    101    9
626   387   3    34    249
627   223   6    115    337
628   569   3    177    274
629   402   7    120    377
630   402   2    61    437
631   125   6    106    46
632   2   5    143    465
633   614   4    145    207
634   300   2    12    272
635   577   3    143    230
636   91   7    196    129
637   213   4    116    336
638   127   2    7    405
639   566   4    184    268
640   60   4    157    20
641   125   3    21    72
642   131   4    104    450
643   219   4    152    123
644   608   4    58    73
645   97   7    66    247
646   30   7    197    132
647   170   2    143    372
648   577   2    89    320
649   632   2    169    277
650   44   7    109    104
651   214   4    12    160
652   80   3    193    451
653   2   6    82    188
654   479   7    92    109
655   384   6    104    142
656   29   3    39    468
657   204   6    125    230
658   89   2    3    382
659   72   3    146    410
660   407   6    147    157
661   347   3    64    180
662   337   6    83    28
663   170   4    105    65
664   134   4    98    296
665   271   7    137    182
666   514   2    69    348
667   550   6    26    395
668   331   4    84    292
669   192   4    143    89
670   392   5    44    49
671   247   3    9    115
672   300   7    62    289
673   538   5    64    171
674   566   2    177    486
675   299   3    50    241
676   190   3    92    353
677   138   7    74    163
678   424   6    68    236
679   100   4    77    149
680   356   4    141    112
681   200   3    160    44
682   646   7    90    28
683   619   2    175    196
684   286   7    104    394
685   668   6    173    454
686   567   7    49    280
687   338   5    59    57
688   468   5    50    495
689   636   7    24    438
690   149   3    16    494
691   439   3    194    47
692   577   3    114    168
693   236   2    134    165
694   303   2    97    131
695   136   3    181    320
696   91   6    164    289
697   429   6    93    222
698   550   7    21    402
699   435   2    113    344
700   597   3    126    482
