1   0   6    87    407
2   1   3    85    274
3   1   4    69    353
4   2   4    70    483
5   2   6    157    347
6   3   3    104    342
7   2   7    54    103
8   1   3    78    10
9   7   5    171    23
10   5   6    118    425
11   1   2    2    454
12   3   2    111    405
13   10   5    169    179
14   11   4    139    237
15   2   6    70    371
16   7   3    57    226
17   8   3    52    112
18   14   2    87    9
19   6   3    44    271
20   2   3    168    421
21   7   7    3    290
22   8   3    16    116
23   21   5    17    251
24   9   6    186    266
25   18   2    16    249
26   19   2    148    350
27   5   4    53    370
28   17   5    159    83
29   10   7    39    269
30   11   5    153    42
31   25   5    79    158
32   26   5    144    112
33   26   2    184    425
34   31   5    17    329
35   23   3    109    233
36   19   2    76    193
37   15   4    80    114
38   18   2    158    182
39   28   6    115    123
40   34   3    22    373
41   20   2    38    217
42   23   3    167    213
43   13   2    16    382
44   14   6    125    58
45   31   3    96    311
46   39   4    188    43
47   35   5    97    209
48   19   2    168    97
49   14   6    48    37
50   40   2    31    365
51   19   3    60    2
52   42   7    23    179
53   19   6    47    458
54   3   6    57    326
55   38   4    97    347
56   43   4    68    169
57   35   6    140    169
58   31   7    199    383
59   19   5    94    378
60   19   7    25    178
61   20   2    72    448
62   17   5    88    59
63   57   6    131    312
64   9   4    8    362
65   35   4    158    384
66   42   7    126    341
67   62   2    193    166
68   66   4    152    154
69   33   3    194    344
70   62   2    95    194
71   47   3    23    50
72   38   6    96    91
73   67   6    41    198
74   52   4    91    71
75   12   7    149    318
76   16   3    132    72
77   39   6    111    3
78   60   4    124    75
79   60   4    27    333
80   13   6    98    357
81   43   4    20    202
82   40   3    54    419
83   74   3    97    103
84   53   5    191    473
85   1   5    95    452
86   41   4    75    363
87   1   5    77    170
88   14   4    42    436
89   11   4    26    101
90   50   7    168    469
91   83   6    121    334
92   62   5    4    246
93   21   7    50    408
94   48   3    29    436
95   23   6    146    390
96   11   4    65    327
97   73   7    176    334
98   15   3    21    346
99   41   3    73    390
100   95   3    167    401
101   56   5    110    278
102   73   3    142    42
103   75   6    186    358
104   83   7    57    112
105   28   5    2    152
106   6   2    196    429
107   3   3    82    191
108   74   6    49    156
109   63   2    26    400
110   38   4    145    252
111   92   6    28    419
112   25   5    137    406
113   61   3    69    355
114   10   6    73    72
115   14   3    20    119
116   108   3    37    68
117   86   5    70    14
118   44   6    30    99
119   92   3    101    464
120   39   6    88    297
121   57   3    168    248
122   118   4    187    214
123   115   3    97    265
124   87   7    37    22
125   37   3    193    224
126   38   2    171    319
127   78   7    10    341
128   86   7    119    408
129   15   2    151    340
130   43   3    140    156
131   78   4    65    379
132   44   2    67    362
133   112   6    27    368
134   23   2    188    128
135   6   6    22    130
136   36   7    170    203
137   9   5    133    13
138   33   6    21    336
139   93   3    167    474
140   56   2    36    2
141   65   4    93    447
142   1   4    106    17
143   64   4    165    372
144   51   3    183    212
145   34   6    17    157
146   13   6    86    139
147   29   4    125    376
148   34   6    71    259
149   95   6    100    307
150   7   7    68    497
151   6   7    110    193
152   55   4    63    85
153   119   2    130    439
154   11   4    23    224
155   141   5    159    153
156   147   4    80    341
157   61   2    71    470
158   30   6    173    273
159   131   7    110    92
160   83   7    156    283
161   70   6    85    463
162   28   6    65    258
163   97   7    71    19
164   78   5    129    261
165   14   7    121    389
166   130   6    26    363
167   11   2    194    313
168   44   6    84    493
169   88   5    35    84
170   102   6    30    54
171   102   5    105    244
172   48   6    36    9
173   89   7    88    85
174   131   2    2    24
175   44   5    149    459
176   122   4    26    186
177   40   6    87    89
178   81   4    20    201
179   97   7    49    155
180   108   6    62    472
181   93   5    84    173
182   50   6    133    82
183   112   6    178    322
184   139   3    196    210
185   34   6    7    341
186   26   2    120    303
187   24   5    97    187
188   42   3    46    393
189   3   6    21    75
190   25   7    191    342
191   122   2    132    31
192   109   2    79    422
193   110   6    98    389
194   84   5    41    21
195   17   7    161    221
196   89   7    121    446
197   62   3    82    73
198   67   7    56    286
199   42   7    140    171
200   113   6    68    140
201   81   6    152    239
202   191   2    90    170
203   166   2    151    79
204   110   2    134    409
205   40   3    156    122
206   107   7    123    204
207   29   5    140    55
208   105   4    103    316
209   17   4    38    482
210   183   3    70    252
211   130   5    107    331
212   206   3    45    173
213   152   2    78    454
214   46   5    94    423
215   33   3    188    147
216   200   6    122    378
217   120   5    137    56
218   63   3    76    52
219   136   3    116    268
220   142   7    42    4
221   117   2    65    70
222   199   4    24    305
223   165   3    143    204
224   166   6    59    255
225   15   3    173    146
226   103   7    188    454
227   195   6    163    413
228   88   5    195    153
229   24   7    13    55
230   224   3    111    415
231   43   3    101    489
232   70   2    107    40
233   137   5    42    319
234   69   7    70    200
235   206   2    98    49
236   152   5    38    106
237   186   4    111    115
238   128   2    87    206
239   161   5    142    271
240   82   5    125    267
241   202   6    167    215
242   172   3    54    280
243   193   6    121    339
244   34   3    104    125
245   46   2    77    251
246   91   2    16    172
247   27   5    73    97
248   224   3    64    80
249   28   7    182    345
250   83   3    62    435
251   195   6    81    402
252   96   5    93    153
253   11   5    10    333
254   244   7    140    60
255   187   6    177    268
256   78   2    114    112
257   99   4    106    440
258   180   7    138    418
259   215   7    192    291
260   37   5    56    299
261   174   5    54    476
262   215   4    43    384
263   25   7    98    446
264   253   7    160    65
265   260   3    133    46
266   139   7    24    73
267   168   4    115    337
268   118   7    132    294
269   247   5    158    303
270   146   7    37    204
271   1   5    191    149
272   67   4    75    34
273   45   3    180    427
274   238   5    76    123
275   24   5    97    229
276   97   3    135    43
277   101   6    93    39
278   16   3    14    315
279   247   4    103    44
280   51   4    148    431
281   57   6    42    490
282   44   2    46    75
283   248   3    108    164
284   273   5    166    304
285   112   4    38    435
286   18   5    98    68
287   181   3    120    187
288   155   5    2    6
289   19   4    172    315
290   136   7    49    107
291   121   5    82    68
292   65   2    155    354
293   256   2    117    279
294   223   6    181    385
295   69   7    102    416
296   13   2    78    208
297   207   2    19    498
298   17   7    165    369
299   269   6    128    64
300   88   3    63    322
301   160   4    109    428
302   145   2    56    271
303   58   2    169    49
304   114   7    49    461
305   201   5    127    436
306   120   7    138    239
307   10   5    193    176
308   168   3    49    235
309   251   3    28    113
310   38   3    76    228
311   213   7    165    376
312   299   6    121    91
313   215   2    122    1
314   18   7    140    185
315   87   2    79    67
316   198   3    30    19
317   253   4    116    3
318   216   4    182    185
319   303   6    94    149
320   135   5    86    403
321   75   4    26    441
322   46   3    48    115
323   66   4    175    277
324   6   3    176    245
325   122   3    106    270
326   296   3    193    465
327   222   4    64    21
328   114   4    8    219
329   203   7    157    437
330   27   5    80    41
331   245   7    180    60
332   167   3    138    379
333   242   4    135    475
334   9   7    137    455
335   96   7    132    367
336   267   5    94    25
337   172   5    170    83
338   140   7    17    247
339   70   2    163    235
340   50   4    124    364
341   69   5    42    132
342   195   5    36    319
343   223   5    179    240
344   191   3    51    74
345   164   2    197    492
346   126   5    157    482
347   67   2    27    44
348   111   2    71    480
349   27   5    81    292
350   191   5    61    301
351   190   4    143    108
352   135   6    17    305
353   210   6    184    212
354   147   7    148    385
355   93   3    60    401
356   126   3    88    444
357   193   2    171    49
358   206   7    100    61
359   217   5    151    154
360   344   4    143    168
361   220   2    154    133
362   156   4    37    314
363   294   4    52    112
364   125   4    128    360
365   141   3    122    113
366   28   6    199    448
367   180   2    86    340
368   153   2    124    376
369   20   5    51    102
370   56   3    37    106
371   275   7    2    86
372   259   5    23    424
373   342   6    166    92
374   223   7    84    35
375   109   5    127    130
376   174   6    100    289
377   209   6    83    168
378   327   7    61    344
379   368   6    198    50
380   114   6    161    492
381   144   6    126    115
382   246   5    49    103
383   251   2    81    18
384   205   7    190    113
385   90   3    6    67
386   323   4    4    327
387   152   2    2    249
388   357   2    133    439
389   71   7    50    190
390   220   5    55    489
391   210   4    85    294
392   306   6    68    177
393   255   5    76    457
394   88   7    152    281
395   231   6    51    203
396   7   2    43    91
397   106   6    30    43
398   152   2    66    11
399   110   3    179    467
400   3   4    44    137
401   351   7    172    189
402   105   7    189    30
403   365   3    134    47
404   289   5    41    140
405   167   6    84    353
406   21   4    115    471
407   46   7    101    431
408   186   2    135    49
409   396   6    158    7
410   214   3    95    298
411   218   2    120    27
412   288   6    160    372
413   300   5    53    50
414   254   5    102    363
415   188   3    8    351
416   306   7    100    284
417   378   4    4    451
418   208   3    7    323
419   72   7    88    174
420   385   5    101    191
421   197   4    68    143
422   16   3    168    56
423   419   3    22    34
424   346   7    36    351
425   423   2    109    59
426   26   2    85    188
427   419   5    91    218
428   247   6    105    440
429   139   4    36    478
430   356   2    64    125
431   234   6    116    46
432   286   3    147    237
433   273   4    52    454
434   283   6    109    448
435   285   6    25    428
436   275   5    149    473
437   10   6    194    351
438   405   5    196    200
439   247   4    146    497
440   80   6    168    185
441   40   4    122    143
442   73   2    195    388
443   315   3    148    301
444   337   6    171    219
445   418   5    66    171
446   37   4    119    407
447   262   4    126    61
448   243   5    104    372
449   418   3    91    205
450   277   7    43    57
451   235   3    121    359
452   185   3    53    450
453   290   3    122    284
454   398   4    58    148
455   171   4    75    139
456   383   2    36    65
457   144   4    169    390
458   27   6    138    214
459   186   3    141    308
460   376   5    120    178
461   459   3    102    269
462   364   3    151    197
463   368   5    71    423
464   412   5    119    305
465   408   7    13    275
466   406   2    199    332
467   187   3    32    491
468   421   2    6    10
469   387   4    21    90
470   345   3    36    197
471   158   4    137    63
472   274   7    153    111
473   38   4    171    424
474   423   3    10    315
475   222   6    169    90
476   251   4    152    293
477   381   2    54    222
478   343   2    42    332
479   457   6    133    253
480   187   3    158    228
481   167   3    131    248
482   279   2    25    167
483   430   5    96    99
484   286   6    194    283
485   462   5    60    300
486   332   5    166    174
487   99   5    48    103
488   213   4    47    109
489   164   2    137    269
490   415   5    62    418
491   370   4    175    22
492   357   5    188    277
493   65   6    119    67
494   116   2    173    190
495   229   4    97    19
496   17   4    115    158
497   223   5    188    163
498   425   4    64    191
499   97   7    58    101
500   483   2    143    185
501   212   2    68    330
502   186   7    3    339
503   389   2    184    333
504   165   7    19    151
505   295   5    61    148
506   382   4    144    333
507   143   5    88    494
508   13   6    39    166
509   315   2    68    149
510   144   5    31    20
511   466   4    66    149
512   146   3    167    296
513   425   6    134    482
514   117   7    154    495
515   259   6    105    120
516   437   5    106    103
517   109   7    64    403
518   427   6    194    10
519   318   6    172    356
520   375   7    65    97
521   16   4    149    351
522   23   3    52    98
523   459   4    75    480
524   378   2    64    486
525   451   4    134    187
526   167   6    3    323
527   59   4    107    478
528   339   5    5    212
529   385   5    17    189
530   12   3    170    466
531   192   6    78    467
532   385   6    63    450
533   31   7    37    104
534   74   5    79    18
535   500   6    128    329
536   366   7    199    247
537   279   2    117    213
538   527   3    180    34
539   298   4    69    4
540   105   7    20    241
541   72   2    169    175
542   94   2    71    161
543   274   2    26    143
544   116   3    107    145
545   462   4    173    422
546   344   3    116    378
547   173   5    16    316
548   189   4    137    374
549   493   5    26    343
550   379   5    60    104
551   292   5    38    350
552   83   5    81    210
553   487   2    160    115
554   200   6    93    48
555   161   7    137    65
556   202   5    105    297
557   314   2    186    49
558   320   7    6    97
559   540   7    162    434
560   427   5    55    47
561   213   5    30    178
562   72   7    186    19
563   50   3    143    400
564   225   2    176    218
565   384   2    150    175
566   34   3    92    280
567   201   4    42    347
568   99   4    6    447
569   349   2    114    387
570   416   3    143    453
571   115   7    153    336
572   432   2    167    12
573   323   3    81    196
574   79   7    121    495
575   27   6    120    107
576   343   3    132    403
577   323   5    184    270
578   375   7    141    80
579   255   7    156    187
580   176   3    70    65
581   280   4    95    190
582   68   4    1    13
583   109   6    65    26
584   119   3    22    104
585   88   7    181    215
586   337   3    169    314
587   242   4    104    128
588   297   3    12    132
589   577   7    40    364
590   50   6    165    443
591   496   5    131    350
592   467   6    71    353
593   227   3    93    193
594   111   2    50    204
595   465   2    43    471
596   402   3    32    229
597   297   4    90    493
598   312   7    177    240
599   238   3    137    465
600   588   7    19    359
601   446   5    125    402
602   281   3    40    41
603   291   4    149    490
604   392   2    121    487
605   96   3    195    242
606   574   6    139    356
607   7   6    77    397
608   407   2    198    148
609   524   7    16    270
610   94   7    93    205
611   265   5    50    104
612   378   4    9    468
613   510   7    164    395
614   77   2    189    362
615   250   4    36    319
616   210   6    44    12
617   197   7    54    295
618   297   4    27    38
619   536   6    162    121
620   167   5    11    1
621   392   4    90    68
622   544   4    67    197
623   439   6    65    262
624   161   6    111    411
625   440   6    72    167
626   553   7    147    330
627   17   2    13    176
628   66   6    87    380
629   171   6    109    494
630   66   5    31    490
631   528   5    144    155
632   338   3    32    460
633   21   2    44    441
634   342   3    155    268
635   246   3    10    251
636   542   3    161    484
637   68   2    183    459
638   16   6    188    351
639   142   4    63    115
640   480   7    73    467
641   520   7    40    209
642   83   5    163    426
643   228   7    46    47
644   331   5    129    58
645   45   7    105    339
646   552   5    193    328
647   225   5    160    280
648   328   4    55    274
649   27   7    182    190
650   267   7    29    232
651   178   2    193    469
652   170   5    164    431
653   145   3    49    216
654   435   4    11    64
655   450   7    192    363
656   578   2    102    438
657   474   4    172    355
658   428   7    73    10
659   579   4    172    138
660   260   3    80    432
661   287   3    152    443
662   122   3    124    396
663   29   4    1    397
664   52   5    122    182
665   337   6    149    147
666   349   3    27    297
667   243   2    114    102
668   228   4    196    351
669   173   7    123    304
670   349   5    175    489
671   644   6    37    310
672   20   4    68    146
673   10   2    121    220
674   240   3    130    303
675   57   4    100    386
676   608   3    83    183
677   100   3    20    376
678   12   7    10    259
679   406   5    179    221
680   208   3    130    207
681   408   4    17    404
682   288   4    174    130
683   83   4    110    237
684   30   3    177    53
685   143   7    134    170
686   381   7    127    403
687   549   5    181    345
688   427   7    61    309
689   441   4    111    304
690   211   5    163    483
691   339   5    100    20
692   28   5    85    482
693   334   2    198    26
694   166   7    175    166
695   552   6    132    296
696   264   6    37    295
697   510   3    177    405
698   593   4    12    485
699   156   7    85    124
700   241   4    4    181
701   31   4    99    142
702   184   7    20    299
703   612   4    177    56
704   564   6    92    362
705   673   6    13    29
706   431   4    21    404
707   438   7    117    454
708   65   7    4    389
709   413   5    87    392
710   549   6    43    433
711   413   2    138    477
712   692   7    99    279
713   124   7    71    487
714   494   3    123    300
715   503   2    34    100
716   76   6    9    108
717   297   3    169    199
718   245   6    25    234
719   618   7    167    460
720   201   3    189    297
721   430   6    189    469
722   241   4    44    317
723   1   6    163    88
724   675   5    10    138
725   229   7    96    280
726   96   4    57    357
727   58   7    16    376
728   113   5    133    258
729   603   4    15    79
730   27   7    177    443
731   482   5    88    373
732   257   3    186    414
733   607   3    129    23
734   686   2    146    178
735   616   5    106    34
736   109   4    177    241
737   123   6    38    310
738   380   5    17    199
739   44   5    51    460
740   186   5    58    93
741   502   3    109    464
742   204   6    108    259
743   578   6    93    385
744   54   6    160    47
745   476   4    45    282
746   35   3    66    127
747   565   5    177    291
748   621   6    11    231
749   312   2    70    302
750   55   4    60    403
751   633   4    144    121
752   209   3    71    37
753   584   3    164    185
754   163   5    3    471
755   308   3    143    154
756   678   7    68    331
757   335   4    185    135
758   345   4    54    392
759   296   5    187    259
760   333   5    119    45
761   122   4    38    280
762   412   5    173    154
763   457   6    77    464
764   45   7    1    301
765   104   3    4    186
766   115   6    187    444
767   657   5    109    40
768   427   4    102    138
769   329   2    63    191
770   532   5    49    182
771   319   3    91    60
772   352   6    178    113
773   544   2    56    267
774   226   6    196    122
775   211   7    39    346
776   62   7    142    245
777   165   7    60    302
778   393   5    22    247
779   39   7    52    218
780   754   2    115    437
781   655   7    27    283
782   514   6    179    358
783   10   4    122    241
784   212   2    143    258
785   358   7    61    155
786   761   6    117    18
787   673   7    84    463
788   556   6    95    110
789   4   4    120    141
790   299   3    32    72
791   221   7    169    7
792   260   6    102    419
793   612   4    141    303
794   679   3    159    260
795   184   6    55    498
796   89   5    96    257
797   790   3    187    358
798   269   5    99    491
799   444   7    145    428
800   152   4    196    419
801   539   4    86    450
802   444   7    111    464
803   191   6    62    108
804   604   4    132    115
805   760   7    37    32
806   27   6    137    474
807   164   3    67    401
808   484   6    68    143
809   313   4    186    450
810   152   2    183    295
811   723   5    5    399
812   761   6    198    14
813   10   5    11    183
814   327   4    165    308
815   722   3    193    147
816   780   7    89    86
817   426   4    79    47
818   529   2    87    84
819   674   3    72    49
820   728   2    53    259
821   386   2    10    424
822   113   4    86    484
823   37   3    12    75
824   522   7    9    430
825   328   2    133    151
826   367   4    44    416
827   229   4    2    239
828   339   6    129    191
829   195   3    155    29
830   663   2    27    361
831   227   2    11    422
832   160   6    135    306
833   740   2    76    327
834   499   6    123    376
835   739   6    173    59
836   621   4    30    87
837   220   3    84    88
838   137   2    41    440
839   619   5    127    329
840   781   2    166    159
841   771   4    196    411
842   419   3    6    350
843   665   2    110    390
