1   0   3    84    165
2   1   3    126    457
3   1   3    75    432
4   1   4    48    180
5   2   7    142    26
6   4   2    132    351
7   2   4    22    122
8   6   2    17    170
9   7   5    39    254
10   8   6    93    402
11   7   6    168    42
12   10   4    105    4
13   6   4    86    108
14   3   7    178    120
15   11   4    64    271
16   2   5    145    186
17   6   7    75    16
18   12   6    85    142
19   6   7    176    435
20   6   5    107    341
21   8   4    147    378
22   14   2    79    28
23   4   6    178    288
24   11   5    90    339
25   6   2    80    48
26   22   6    157    305
27   16   4    49    69
28   10   3    65    92
29   19   6    21    254
30   19   2    199    233
31   4   7    149    312
32   7   2    136    494
33   9   3    101    190
34   2   4    147    72
35   27   4    163    207
36   20   6    181    277
37   26   4    4    336
38   25   2    100    214
39   27   2    196    482
40   33   6    173    209
41   34   4    171    230
42   13   3    6    402
43   7   4    9    313
44   30   6    85    171
45   22   6    74    71
46   9   7    93    317
47   36   2    34    467
48   6   2    148    441
49   11   2    179    149
50   37   7    192    423
51   29   7    113    11
52   44   4    199    402
53   29   7    108    317
54   19   4    128    148
55   2   7    127    107
56   23   3    140    443
57   43   7    97    109
58   13   5    81    213
59   11   4    173    364
60   49   6    51    258
61   25   6    112    75
62   11   3    133    63
63   9   4    42    349
64   53   2    78    381
65   25   2    129    404
66   25   3    51    105
67   61   7    47    102
68   2   3    133    56
69   56   2    82    414
70   15   3    144    283
71   5   6    162    93
72   59   3    199    244
73   38   2    106    333
74   38   2    115    491
75   23   4    197    347
76   59   2    165    58
77   55   5    141    25
78   46   7    75    349
79   19   3    76    125
80   14   7    116    168
81   28   4    99    356
82   48   6    95    439
83   59   2    80    480
84   55   4    115    51
85   50   3    185    216
86   65   3    173    442
87   22   3    14    180
88   51   4    171    348
89   14   5    56    228
90   16   3    32    180
91   24   7    82    157
92   80   4    168    306
93   23   4    39    499
94   2   6    16    426
95   21   2    145    340
96   35   6    122    279
97   36   6    5    138
98   18   3    142    431
99   81   3    143    266
100   9   3    14    492
101   65   5    125    126
102   61   5    4    46
103   56   7    167    492
104   94   5    26    241
105   64   2    136    351
106   16   6    29    131
107   35   7    3    12
108   68   7    78    128
109   105   2    17    240
110   105   2    161    36
111   7   5    183    458
112   56   2    55    98
113   1   2    95    358
114   47   6    135    164
115   14   4    199    209
116   9   2    138    136
117   66   4    36    268
118   101   2    34    242
119   74   5    101    186
120   48   7    18    259
121   87   6    186    191
122   69   2    70    341
123   25   7    143    62
124   92   4    92    47
125   93   3    149    477
126   95   2    78    173
127   8   6    182    353
128   104   2    175    457
129   106   7    110    167
130   6   3    113    319
131   19   2    12    181
132   59   2    145    194
133   20   3    177    268
134   104   3    171    107
135   119   4    9    66
136   54   3    60    143
137   109   6    3    352
138   105   5    182    422
139   32   4    162    38
140   45   3    122    442
141   29   5    28    253
142   139   3    189    372
143   74   6    188    440
144   102   5    8    132
145   73   2    123    77
146   124   5    3    26
147   26   2    46    53
148   22   4    92    249
149   139   4    92    92
150   68   3    19    79
151   125   5    38    13
152   125   7    4    266
153   72   7    77    145
154   5   7    116    206
155   96   5    164    319
156   32   5    106    104
157   46   2    134    365
158   18   3    27    108
159   89   4    82    416
160   108   7    101    279
161   6   5    181    392
162   11   2    12    30
163   102   6    181    458
164   105   4    103    120
165   107   3    139    136
166   39   3    162    470
167   55   5    177    454
168   149   6    183    181
169   137   7    175    234
170   58   3    28    350
171   10   2    100    134
172   29   5    61    177
173   9   7    138    316
174   39   6    17    57
175   96   7    60    152
176   118   3    180    333
177   99   3    32    93
178   141   3    30    43
179   84   5    180    354
180   3   2    90    78
181   120   2    18    332
182   113   7    151    202
183   180   7    135    39
184   2   3    169    209
185   37   7    123    105
186   155   7    198    316
187   98   7    81    225
188   90   2    154    417
189   136   4    20    161
190   154   6    190    228
191   68   7    74    345
192   25   7    41    263
193   105   7    180    229
194   137   5    112    149
195   19   3    178    365
196   57   3    144    232
197   44   4    103    300
198   34   4    131    92
199   110   2    118    475
200   184   2    157    6
201   76   2    77    165
202   138   3    25    288
203   185   5    88    183
204   198   6    166    8
205   172   5    184    299
206   202   3    82    138
207   145   7    6    338
208   68   2    71    325
209   190   7    108    129
210   208   5    105    71
211   35   5    168    348
212   32   6    16    414
213   48   7    78    88
214   74   3    161    125
215   203   6    191    187
216   43   3    10    87
217   141   3    85    128
218   138   4    192    292
219   200   2    161    373
220   112   3    154    366
221   199   7    125    428
222   34   5    139    197
223   209   3    103    368
224   205   5    50    315
225   182   3    78    421
226   108   4    101    116
227   54   5    192    206
228   73   5    108    56
229   91   5    164    490
230   60   2    156    162
231   11   7    190    261
232   85   6    135    82
233   141   4    50    345
234   15   3    191    469
235   218   7    78    412
236   69   4    147    389
237   10   7    92    474
238   184   3    168    205
239   212   3    135    100
240   184   3    27    470
241   213   4    37    383
242   53   2    96    411
243   230   6    172    392
244   147   5    43    47
245   7   6    196    394
246   180   5    86    139
247   57   3    184    415
248   51   2    86    332
249   40   6    177    113
250   171   5    13    420
251   125   4    120    369
252   228   2    18    45
253   238   7    127    480
254   109   7    53    414
255   6   5    84    153
256   154   2    4    211
257   191   4    110    110
258   139   3    42    138
259   47   5    95    219
260   178   6    93    412
261   231   4    159    451
262   196   5    87    8
263   11   7    96    475
264   126   2    94    97
265   223   7    133    162
266   241   3    1    162
267   29   7    13    456
268   70   6    24    310
269   25   6    94    249
270   61   4    62    26
271   4   2    155    281
272   43   3    182    232
273   134   6    59    442
274   22   5    1    60
275   175   5    183    449
276   24   7    128    193
277   156   3    194    136
278   128   4    41    75
279   253   6    60    3
280   14   6    20    267
281   199   7    64    297
282   54   6    169    317
283   186   5    88    477
284   226   6    9    177
285   107   6    169    300
286   15   7    164    474
287   131   2    180    204
288   114   3    113    441
289   177   3    166    377
290   240   2    119    67
291   183   4    58    54
292   44   3    10    362
293   142   4    93    409
294   23   4    40    314
295   251   3    34    172
296   205   4    44    127
297   275   4    57    328
298   109   3    25    21
299   239   3    72    197
300   163   2    103    196
301   76   4    161    25
302   45   2    79    468
303   197   4    153    415
304   49   7    61    124
305   213   4    112    326
306   278   7    199    177
307   8   2    164    321
308   173   6    22    234
309   174   7    121    78
310   88   4    144    455
311   294   5    38    461
312   107   4    121    210
313   254   7    110    199
314   173   5    91    51
315   299   5    14    466
316   284   4    136    223
317   209   5    43    61
318   158   7    91    172
319   10   6    87    305
320   103   4    181    476
321   181   5    104    77
322   108   7    34    231
323   268   7    81    423
324   212   7    148    59
325   213   2    31    352
326   55   2    71    212
327   36   7    189    483
328   100   3    50    70
329   188   4    184    13
330   82   4    56    428
331   8   6    184    373
332   266   6    173    357
333   229   5    198    398
334   76   2    113    93
335   282   2    114    204
336   280   5    166    462
337   40   3    32    300
338   86   3    30    234
339   18   3    105    160
340   296   2    21    181
341   32   7    120    438
342   258   3    23    287
343   46   6    119    197
344   163   4    175    310
345   341   6    25    423
346   147   5    116    230
347   159   2    87    432
348   27   3    186    55
349   339   5    51    308
350   297   6    163    474
351   326   5    115    46
352   218   2    116    358
353   52   5    17    91
354   91   2    122    438
355   18   6    180    167
356   5   5    49    24
357   261   4    92    333
358   340   7    119    363
359   304   6    105    189
360   260   3    96    323
361   133   5    72    473
362   106   3    102    463
363   215   6    42    58
364   1   7    21    161
365   152   4    145    23
366   302   4    156    401
367   289   7    24    139
368   198   2    103    394
369   76   3    60    282
370   331   6    66    492
371   305   5    148    212
372   345   3    4    236
373   309   2    160    154
374   314   3    14    499
375   13   5    169    325
376   245   2    140    74
377   89   7    56    466
378   365   2    44    35
379   275   6    111    146
380   257   7    179    178
381   51   6    195    205
382   66   3    23    107
383   203   3    130    307
384   264   4    28    77
385   181   4    181    268
386   165   5    96    33
387   40   7    51    369
388   319   2    101    202
389   65   5    95    422
390   19   2    73    458
391   57   7    37    332
392   337   5    185    14
393   205   4    34    438
394   194   3    46    460
395   377   6    198    292
396   273   5    7    346
397   320   6    156    403
398   52   7    135    403
399   198   2    5    253
400   212   5    83    374
401   273   4    65    101
402   260   2    147    201
403   52   6    180    80
404   146   3    86    460
405   9   3    178    340
406   195   6    93    132
407   231   4    19    344
408   32   2    11    49
409   53   7    182    491
410   7   4    164    465
411   74   7    7    140
412   297   3    197    3
413   18   6    160    150
414   96   5    97    260
415   97   3    155    241
416   174   3    93    178
417   31   6    20    386
418   257   5    55    243
419   19   6    60    105
420   144   5    90    359
421   287   4    61    132
422   384   6    155    320
423   273   4    103    434
424   196   4    46    112
425   329   5    135    97
426   222   5    36    19
427   130   4    72    441
428   49   3    39    146
429   27   4    36    378
430   38   3    159    218
431   367   3    163    422
432   76   4    64    3
433   257   6    84    294
434   14   3    136    402
435   198   4    12    360
436   66   7    81    231
437   406   5    43    494
438   299   2    103    333
439   406   6    176    282
440   241   2    108    336
441   72   2    63    423
442   63   3    56    202
443   205   4    152    429
444   49   2    105    485
445   100   4    63    240
446   127   5    7    305
447   182   4    195    124
448   363   7    47    381
449   124   2    101    241
450   396   6    122    18
451   76   2    61    51
452   239   6    150    360
453   62   3    7    2
454   251   4    113    479
455   428   6    83    282
456   257   4    71    182
457   257   6    149    69
458   405   4    53    334
459   375   7    188    157
460   272   6    49    120
461   288   5    46    83
462   446   7    83    9
463   151   4    75    26
464   233   5    91    317
465   387   2    92    13
466   453   5    139    135
467   15   3    141    471
468   44   3    98    28
469   314   2    115    486
470   100   2    190    402
471   152   5    152    57
472   320   5    49    434
473   113   7    162    307
474   471   5    106    286
475   194   7    96    339
476   5   6    128    182
477   441   4    7    144
478   151   4    89    35
479   137   2    120    406
480   113   6    14    145
481   408   3    42    7
482   327   4    198    489
483   40   7    17    52
484   262   7    124    181
485   129   6    143    148
486   436   5    47    120
487   223   2    98    449
488   293   4    29    291
489   409   6    53    63
490   62   4    107    175
491   102   2    79    260
492   416   5    137    298
493   138   3    77    476
494   54   4    109    199
495   324   7    71    467
496   172   4    62    247
497   273   6    28    169
498   267   5    59    285
499   278   4    176    35
500   172   6    197    220
501   81   2    194    103
502   207   7    149    81
503   267   6    129    64
504   2   7    115    474
505   315   4    158    284
506   418   5    14    162
507   116   5    29    469
508   122   4    182    288
509   442   5    167    376
510   389   5    49    309
511   1   2    125    327
512   455   6    50    447
513   221   2    2    443
514   116   5    113    370
515   30   4    40    452
516   311   6    100    245
517   446   5    29    31
518   401   4    152    182
519   390   2    60    165
520   151   4    178    357
521   40   7    53    70
522   265   4    86    55
523   481   7    27    200
524   28   3    136    105
525   254   6    60    197
526   291   6    113    273
527   305   6    177    241
528   87   3    199    339
529   243   3    107    91
530   290   7    94    6
531   179   6    146    319
532   262   5    23    108
533   210   2    185    406
534   189   2    42    324
535   452   3    129    489
536   141   6    140    392
537   322   6    3    414
538   487   2    115    155
539   335   2    59    288
540   105   5    70    484
541   56   2    159    318
542   132   3    52    450
543   142   7    12    131
544   384   3    44    203
545   99   2    148    310
546   432   4    56    465
547   402   6    11    378
548   198   3    116    399
549   371   7    54    172
550   247   5    148    232
551   34   3    7    486
552   245   4    169    54
553   268   2    10    241
554   91   7    10    171
555   62   2    160    44
556   343   5    173    342
557   100   3    137    487
558   461   5    40    359
559   382   4    99    23
560   179   7    105    295
561   407   7    19    351
562   457   5    187    310
563   253   4    171    197
564   140   3    149    201
565   308   2    188    472
566   207   7    7    435
567   381   6    187    393
568   288   3    149    497
569   52   2    42    240
570   8   2    133    57
571   515   3    133    198
572   427   3    186    98
573   141   5    184    361
574   462   3    169    422
575   135   7    81    13
576   383   4    168    427
577   68   5    6    84
578   34   5    176    164
579   390   7    51    207
580   100   5    126    83
581   331   3    113    283
582   13   3    149    131
583   537   4    99    169
584   569   7    131    142
585   581   3    14    178
586   135   6    165    211
587   245   5    1    219
588   405   4    87    254
589   434   5    113    147
590   117   4    16    418
591   270   3    44    176
592   124   5    149    246
593   62   3    9    260
594   281   6    115    162
595   218   5    155    374
596   475   3    96    202
597   401   7    121    182
598   301   4    79    334
599   227   3    57    7
600   551   5    126    428
601   56   2    27    495
602   195   6    162    128
603   322   4    131    152
604   298   6    106    416
605   585   4    180    364
606   5   5    189    39
607   8   7    106    421
608   284   2    142    125
609   147   3    108    188
610   420   4    188    17
611   551   3    196    27
612   206   3    50    403
613   544   5    10    493
614   422   4    14    343
615   542   4    53    428
616   203   6    61    398
617   21   3    33    177
618   574   3    80    257
619   43   3    98    106
620   183   4    60    327
621   75   3    84    1
622   156   2    42    411
623   454   2    155    353
624   148   7    125    480
625   226   4    118    232
626   243   4    107    229
627   377   2    43    316
628   86   6    171    205
629   46   5    56    135
630   499   6    145    17
631   12   3    22    208
632   546   3    100    285
633   94   3    90    192
634   300   4    84    129
635   260   3    129    163
636   274   7    120    214
637   302   7    103    362
638   200   4    6    327
639   240   4    157    55
640   585   3    109    269
641   619   3    43    484
642   561   6    15    304
643   631   2    34    175
644   571   2    167    416
645   342   2    36    21
646   20   7    147    184
647   231   3    98    438
648   147   5    155    393
649   185   4    11    13
650   373   3    126    70
651   142   4    96    413
652   313   5    71    184
653   44   3    147    495
654   559   5    85    386
655   371   5    46    260
656   505   6    57    200
657   635   5    123    409
658   303   3    89    9
659   377   5    39    36
660   583   5    45    166
661   220   5    154    339
662   203   6    13    353
663   312   6    11    302
664   617   4    88    220
665   493   2    192    200
666   390   3    29    384
667   545   4    28    71
668   401   2    17    179
669   353   5    13    479
670   254   5    153    46
671   428   7    103    369
672   288   4    83    335
673   631   6    178    412
674   388   2    144    317
675   570   2    56    196
676   535   4    55    134
677   531   2    1    31
678   74   6    167    147
679   54   7    26    209
680   216   4    147    218
681   10   2    89    88
682   159   2    81    471
683   179   5    198    46
684   332   4    144    153
685   295   6    32    235
686   532   4    117    71
687   592   6    198    337
688   580   2    132    267
689   604   3    117    278
690   32   5    173    81
691   357   2    119    406
692   625   6    122    226
693   523   7    61    55
694   416   7    180    288
695   530   7    114    184
696   109   7    195    182
697   307   5    33    27
698   379   4    17    56
699   83   5    71    196
700   410   5    3    297
701   255   7    193    146
702   223   5    129    405
703   6   5    78    104
704   506   6    176    98
705   83   4    160    183
706   563   7    3    468
707   627   2    157    53
708   305   3    21    145
709   591   5    145    134
710   91   3    148    53
711   193   3    145    461
712   139   4    45    287
713   672   7    19    84
714   5   5    56    429
715   342   6    132    126
716   204   7    54    488
717   472   6    30    205
718   128   4    47    10
719   18   5    78    398
720   52   6    24    260
721   301   4    133    12
722   562   6    132    48
723   328   3    21    132
724   264   4    10    58
725   260   3    67    11
726   550   3    40    353
727   560   5    135    229
728   530   5    55    451
729   249   5    184    230
730   392   4    102    280
731   407   4    16    351
732   186   2    87    340
733   105   6    96    391
734   180   4    89    10
735   407   5    7    377
736   55   7    100    76
737   451   5    107    118
738   448   7    90    293
739   94   4    62    366
740   475   3    79    329
741   9   5    130    301
742   174   3    156    284
743   546   3    49    167
744   297   4    46    111
745   660   6    7    247
746   232   5    98    379
747   336   4    124    490
748   298   7    181    180
749   287   6    193    210
750   362   2    66    461
751   465   5    13    171
752   679   5    115    198
753   55   2    35    43
754   234   2    191    342
755   735   4    139    401
756   682   5    49    401
757   122   2    44    469
758   709   4    127    27
759   309   5    97    401
760   385   4    110    344
761   570   3    108    174
762   284   2    138    138
763   436   3    9    91
764   585   5    135    465
765   77   3    8    146
766   86   2    28    189
767   614   2    125    297
768   185   6    160    387
769   434   6    60    147
770   54   4    66    475
771   122   5    198    421
772   568   4    164    67
773   187   2    155    89
774   543   3    193    54
775   91   6    41    377
776   33   2    196    229
777   280   4    29    20
778   278   4    55    47
779   760   5    40    476
780   640   4    165    275
781   510   3    136    137
782   213   3    183    392
783   235   7    158    336
784   322   4    149    490
785   721   3    165    148
786   123   6    7    411
787   15   6    130    402
788   468   4    21    466
789   562   2    52    45
790   94   3    186    461
791   208   4    80    359
792   182   2    35    206
793   7   7    187    455
794   286   2    131    148
795   22   2    16    223
796   230   2    105    365
797   32   4    126    444
798   168   2    88    413
799   485   7    39    453
800   658   6    125    145
801   392   7    139    340
802   747   4    2    265
803   160   2    3    454
804   696   2    73    304
805   296   6    23    327
806   345   3    13    68
807   191   2    162    420
808   459   5    159    387
809   65   7    127    470
810   658   3    19    457
811   772   3    155    67
812   444   6    188    363
813   370   3    131    476
814   227   4    99    349
815   25   6    111    347
816   659   2    196    324
817   429   3    44    13
818   439   2    158    424
819   514   2    141    312
820   785   6    84    290
821   184   4    99    196
822   405   3    29    9
823   792   6    174    229
824   539   5    168    250
825   482   6    34    169
826   285   5    67    456
827   153   4    71    497
828   231   2    53    147
829   213   3    104    99
830   447   6    184    126
831   52   7    7    175
832   509   2    24    269
833   86   2    68    405
834   707   7    144    305
835   10   2    83    59
836   776   5    190    102
837   627   4    102    394
838   152   3    13    408
839   185   5    15    488
840   714   4    117    34
841   451   5    193    388
842   44   3    3    115
843   105   3    22    445
844   305   5    51    338
845   4   4    112    136
846   104   6    113    489
847   556   2    47    461
848   33   5    72    328
849   711   4    108    427
850   20   3    34    383
851   282   2    68    155
852   26   2    115    296
853   14   3    186    63
854   229   5    54    490
855   466   2    139    459
856   498   4    177    465
857   12   2    160    389
858   821   7    71    38
859   96   4    198    242
860   49   4    122    206
861   427   6    100    329
862   190   5    24    437
863   380   7    151    441
864   704   6    187    374
865   579   3    9    153
866   377   6    14    104
867   718   7    117    496
868   508   3    194    141
869   403   6    149    132
870   380   3    91    470
871   94   7    32    278
872   773   4    60    387
873   579   6    7    293
874   639   3    112    249
875   388   4    161    65
876   819   3    192    33
877   592   6    74    41
878   498   6    11    247
879   871   7    37    121
880   816   2    21    24
