1   0   7    77    161
2   1   6    111    86
3   1   4    22    274
4   1   4    126    162
5   3   4    186    233
6   4   4    188    451
7   3   4    94    420
8   4   6    41    278
9   2   2    95    304
10   1   3    189    157
11   5   2    100    57
12   9   6    81    4
13   11   2    66    420
14   7   3    65    3
15   1   6    152    130
16   11   6    34    145
17   5   3    69    275
18   7   2    49    53
19   14   7    98    486
20   16   5    134    376
21   17   6    27    346
22   7   3    185    82
23   7   7    149    13
24   13   4    178    224
25   4   7    143    409
26   18   4    197    63
27   11   7    24    64
28   5   6    188    229
29   14   2    148    20
30   10   4    33    468
31   23   2    122    395
32   25   6    53    165
33   15   7    1    355
34   25   5    151    228
35   18   6    126    393
36   1   3    190    374
37   22   4    90    255
38   33   5    7    257
39   11   6    3    181
40   11   5    2    253
41   15   4    153    379
42   4   2    27    283
43   5   2    185    100
44   3   5    43    204
45   41   4    22    60
46   32   3    10    56
47   30   2    88    172
48   18   6    109    126
49   32   5    40    176
50   26   4    110    153
51   43   4    197    27
52   36   6    49    428
53   43   4    50    121
54   51   5    70    476
55   34   2    13    287
56   3   5    162    434
57   8   6    110    490
58   39   2    183    149
59   27   6    139    137
60   47   7    73    159
61   15   2    147    238
62   3   3    138    404
63   1   2    96    23
64   23   5    147    370
65   24   7    18    381
66   20   3    53    338
67   16   7    103    409
68   6   7    121    255
69   30   2    30    222
70   55   2    38    332
71   6   5    23    334
72   13   5    59    494
73   61   5    42    12
74   46   2    46    299
75   11   4    164    495
76   22   4    92    173
77   6   6    31    146
78   4   3    64    70
79   17   5    11    365
80   17   5    83    19
81   55   4    116    70
82   77   6    139    472
83   35   6    158    230
84   31   7    186    475
85   32   3    15    406
86   31   5    58    95
87   62   6    48    73
88   60   2    33    319
89   33   5    116    195
90   18   5    11    143
91   1   5    161    187
92   34   5    167    311
93   71   6    64    163
94   84   7    58    90
95   82   7    149    274
96   46   7    172    312
97   43   4    196    366
98   18   3    141    294
99   1   5    81    381
100   8   7    44    278
101   8   4    32    361
102   92   7    195    389
103   22   6    108    117
104   74   6    109    232
105   28   7    175    364
106   83   2    25    82
107   92   6    189    416
108   66   2    120    481
109   73   4    133    51
110   14   4    175    412
111   42   5    11    154
112   40   7    157    428
113   77   7    81    387
114   54   4    110    351
115   99   7    21    311
116   40   5    10    482
117   111   7    54    150
118   53   2    159    108
119   62   3    93    267
120   95   4    68    103
121   36   5    88    272
122   102   6    184    189
123   1   6    66    365
124   72   5    113    170
125   83   2    28    132
126   81   6    183    95
127   72   5    65    181
128   31   2    194    330
129   63   4    2    474
130   58   3    164    341
131   100   6    194    412
132   40   3    52    491
133   102   4    117    285
134   43   7    59    416
135   3   7    57    63
136   46   5    49    167
137   64   2    35    157
138   8   3    3    225
139   73   6    194    363
140   112   6    95    244
141   13   2    108    288
142   102   7    181    422
143   48   5    6    272
144   77   6    69    105
145   96   7    70    203
146   77   5    152    69
147   53   7    58    496
148   13   7    12    66
149   90   7    77    491
150   143   2    179    374
151   139   3    154    255
152   1   6    41    257
153   147   5    71    487
154   109   3    81    342
155   11   3    105    453
156   59   2    70    426
157   61   3    144    295
158   146   6    176    450
159   17   2    74    112
160   13   7    79    3
161   58   6    5    10
162   28   3    115    442
163   123   4    116    249
164   80   7    181    166
165   128   2    151    379
166   127   7    6    259
167   128   3    92    7
168   131   5    186    173
169   73   2    37    337
170   75   5    69    295
171   42   7    4    322
172   39   6    115    95
173   63   5    33    120
174   8   2    105    465
175   11   4    29    46
176   127   6    143    108
177   21   4    38    18
178   22   2    194    210
179   52   6    24    484
180   41   4    181    50
181   93   4    66    488
182   175   4    63    301
183   181   3    119    113
184   106   5    58    380
185   93   7    32    119
186   178   3    90    284
187   53   5    171    305
188   114   6    138    12
189   99   5    47    140
190   165   2    71    196
191   9   7    90    281
192   6   2    12    204
193   65   4    58    245
194   74   6    107    1
195   167   7    113    55
196   152   4    116    482
197   109   7    74    362
198   149   5    161    118
199   151   5    125    34
200   26   4    93    250
201   155   2    31    331
202   165   4    152    218
203   147   7    20    127
204   68   5    10    310
205   99   2    167    143
206   92   6    186    250
207   162   2    7    152
208   15   3    139    281
209   155   7    109    342
210   16   4    78    126
211   31   5    114    97
212   101   7    181    69
213   12   6    113    46
214   141   3    77    289
215   185   7    177    347
216   23   3    97    176
217   179   2    150    43
218   92   2    107    428
219   110   3    27    74
220   33   6    77    366
221   69   6    41    481
222   66   4    127    284
223   179   5    149    327
224   137   5    184    452
225   181   6    158    347
226   162   4    126    447
227   37   2    164    80
228   87   4    190    460
229   71   5    82    170
230   41   3    13    292
231   77   4    122    193
232   190   6    144    7
233   140   3    40    183
234   184   4    11    268
235   211   5    70    381
236   100   5    125    104
237   2   4    7    210
238   105   7    48    138
239   24   5    144    263
240   17   7    110    105
241   28   2    87    247
242   237   3    46    347
243   11   4    16    322
244   240   3    196    78
245   227   4    165    68
246   33   2    151    67
247   204   7    29    203
248   101   3    188    234
249   225   2    169    363
250   246   5    92    242
251   153   7    123    231
252   21   2    11    135
253   247   2    20    498
254   212   7    183    345
255   55   6    43    340
256   18   4    17    382
257   31   3    74    67
258   33   4    88    72
259   247   3    30    230
260   24   7    155    490
261   234   6    35    311
262   172   6    187    305
263   231   2    6    109
264   81   3    74    114
265   145   2    33    433
266   25   3    154    357
267   213   5    144    441
268   53   6    199    291
269   63   7    9    381
270   110   3    173    312
271   41   6    117    405
272   229   5    42    488
273   101   3    76    276
274   235   5    72    47
275   49   3    117    96
276   230   3    18    355
277   126   2    151    480
278   116   6    139    428
279   40   2    100    76
280   66   5    170    209
281   146   4    24    238
282   70   3    86    144
283   82   6    69    229
284   238   6    7    252
285   188   4    175    305
286   113   6    146    266
287   197   7    146    79
288   269   4    144    469
289   61   4    162    78
290   81   6    119    3
291   123   4    38    120
292   138   4    146    310
293   63   3    131    38
294   90   3    125    84
295   61   2    168    332
296   105   2    41    439
297   224   2    3    386
298   58   3    199    373
299   151   4    178    336
300   49   7    51    177
301   292   7    24    258
302   191   6    33    22
303   235   6    199    212
304   218   7    146    447
305   122   3    42    328
306   177   6    101    431
307   263   6    66    107
308   158   6    102    188
309   237   7    53    449
310   141   3    23    397
311   86   5    135    294
312   123   7    75    137
313   110   4    103    493
314   253   4    181    245
315   128   4    32    81
316   113   4    59    114
317   2   5    99    309
318   149   6    108    67
319   287   7    140    385
320   82   6    190    497
321   253   2    157    356
322   181   6    113    176
323   181   4    190    270
324   305   3    112    324
325   55   3    127    184
326   292   5    74    110
327   101   5    139    282
328   48   7    38    51
329   243   3    191    318
330   176   3    24    128
331   91   5    123    429
332   11   4    73    401
333   261   3    192    425
334   81   7    114    434
335   198   5    172    99
336   307   7    60    433
337   87   7    70    340
338   323   7    43    460
339   235   3    140    378
340   43   4    8    91
341   101   5    62    85
342   252   2    171    362
343   122   6    115    10
344   196   7    182    162
345   17   3    61    221
346   253   2    41    42
347   42   3    62    198
348   181   2    176    71
349   101   5    66    203
350   173   4    140    374
351   152   4    65    81
352   30   5    83    350
353   109   3    94    121
354   116   6    158    488
355   151   7    70    363
356   106   5    128    286
357   214   6    82    353
358   229   7    198    58
359   89   7    184    43
360   162   5    176    452
361   164   7    136    224
362   116   3    13    366
363   237   3    21    97
364   233   3    103    373
365   361   4    167    400
366   128   3    47    56
367   68   3    30    54
368   297   5    8    42
369   47   5    7    443
370   302   6    17    183
371   10   7    120    191
372   60   5    122    395
373   162   7    139    232
374   197   7    184    83
375   33   6    59    321
376   266   5    109    492
377   197   5    39    362
378   281   4    188    421
379   108   5    169    482
380   287   4    66    293
381   249   5    63    428
382   181   3    180    51
383   346   6    6    180
384   79   2    60    282
385   351   3    198    406
386   98   4    105    133
387   124   2    8    272
388   275   4    51    300
389   265   5    21    146
390   91   5    133    205
391   363   4    114    117
392   265   7    142    381
393   284   2    108    457
394   123   6    179    461
395   270   5    86    221
396   54   4    15    141
397   205   6    62    451
398   248   4    174    316
399   394   5    126    348
400   61   4    108    201
401   208   4    66    44
402   370   4    124    293
403   35   2    160    95
404   157   5    85    87
405   321   4    128    491
406   13   6    28    273
407   66   6    78    47
408   11   3    90    384
409   183   5    63    106
410   48   5    90    217
411   197   6    158    91
412   361   2    61    450
413   118   6    140    14
414   385   7    199    81
415   37   6    13    1
416   160   3    72    174
417   373   6    84    264
418   170   7    151    298
419   302   6    4    257
420   411   7    120    126
421   140   3    67    404
422   323   6    81    328
423   60   6    39    250
424   398   7    105    151
425   344   5    21    431
426   255   5    26    413
427   41   5    72    23
428   279   6    38    456
429   244   3    168    366
430   292   4    21    372
431   405   3    199    382
432   307   2    122    258
433   206   7    123    350
434   271   2    102    306
435   14   5    112    214
436   19   7    143    224
437   184   6    87    360
438   200   4    195    273
439   104   4    146    319
440   75   6    161    370
441   235   4    129    255
442   142   4    2    440
443   393   7    32    112
444   399   3    153    125
445   294   6    109    118
446   307   2    162    15
447   213   3    131    191
448   171   6    25    89
449   228   3    169    303
450   36   7    125    342
451   47   2    101    431
452   165   4    162    241
453   168   5    31    420
454   331   6    85    491
455   219   4    62    245
456   320   2    100    350
457   350   6    130    6
458   393   7    156    93
459   176   6    168    454
460   187   7    149    78
461   439   4    155    484
462   35   5    42    91
463   393   6    32    429
464   305   4    62    365
465   320   7    45    147
466   281   2    85    337
467   297   2    59    104
468   454   2    59    348
469   158   5    153    337
470   127   2    160    87
471   317   3    132    253
472   140   4    156    497
473   15   4    108    216
474   229   3    193    442
475   424   4    66    483
476   199   7    182    146
477   203   6    112    17
478   203   2    6    102
479   219   2    3    48
480   32   7    33    26
481   257   7    30    108
482   431   3    188    46
483   92   2    176    468
484   316   7    193    450
485   127   2    35    215
486   429   3    161    69
487   447   5    173    45
488   2   6    84    44
489   400   3    141    472
490   413   6    50    189
491   153   2    86    285
492   425   7    182    151
493   311   3    164    486
494   121   6    192    459
495   186   3    24    159
496   422   7    190    398
497   460   4    188    379
498   191   5    108    459
499   161   4    90    284
500   194   6    94    197
501   291   2    55    451
502   370   7    85    499
503   23   2    5    178
504   15   7    67    482
505   211   3    158    375
506   310   2    94    210
507   422   2    172    260
508   467   2    28    182
509   432   6    174    430
510   100   4    170    224
511   72   5    43    53
512   279   3    32    101
513   130   6    97    198
514   115   5    28    146
515   101   5    86    112
516   297   4    189    54
517   241   4    134    95
518   315   4    30    34
519   459   6    8    164
520   344   4    132    7
521   52   7    18    287
522   359   6    36    159
523   390   7    192    60
524   206   3    114    195
525   164   3    164    122
526   356   6    39    448
527   46   5    44    409
528   328   3    184    45
529   95   5    187    386
530   240   3    163    185
531   160   2    170    18
532   253   5    42    366
533   311   4    155    458
534   113   2    81    97
535   532   6    124    132
536   7   6    7    176
537   35   7    97    267
538   223   5    193    256
539   251   3    149    76
540   405   7    95    58
541   71   6    56    256
542   83   3    95    120
543   41   2    178    445
544   344   6    57    149
545   152   3    138    36
546   5   5    167    431
547   230   6    196    223
548   466   7    116    199
549   535   5    111    391
550   169   6    86    46
551   540   5    99    275
552   110   5    179    177
553   394   5    83    28
554   7   5    143    320
555   167   6    57    336
556   36   7    168    10
557   454   2    20    2
558   316   3    191    15
559   190   4    75    469
560   172   3    106    388
561   492   2    67    253
562   537   6    155    479
563   193   6    93    193
564   92   2    13    277
565   562   4    175    187
566   88   4    148    127
567   295   6    162    177
568   332   2    92    248
569   350   5    57    290
570   456   2    114    355
571   152   3    110    402
572   566   2    154    269
573   425   3    1    85
574   54   6    59    30
575   516   7    114    398
576   121   7    84    202
577   230   3    55    213
578   56   2    39    17
579   396   4    177    166
580   310   4    43    158
581   109   6    177    498
582   33   4    190    22
583   275   2    23    85
584   227   7    151    311
585   395   2    43    263
586   118   6    144    47
587   448   6    54    457
588   100   5    163    290
589   214   6    197    135
590   361   7    131    69
591   268   3    86    110
592   217   2    159    74
593   524   6    74    29
594   195   6    51    406
595   537   7    75    329
596   211   3    187    467
597   512   7    156    145
598   419   3    118    383
599   217   7    127    85
600   138   2    22    351
601   346   2    115    168
602   419   7    146    146
603   225   6    79    395
604   174   4    72    29
605   360   2    97    167
606   198   3    125    167
607   192   2    117    108
608   289   7    157    420
609   463   7    15    12
610   368   2    57    254
611   447   4    15    68
612   517   6    135    446
613   71   4    159    143
614   262   7    44    401
615   38   7    183    490
616   259   6    71    313
617   119   5    138    370
618   403   6    193    255
619   209   4    57    281
620   325   3    68    259
621   594   4    119    60
622   157   7    171    206
623   272   3    68    346
624   190   4    189    13
625   209   2    16    483
626   35   7    41    244
627   288   4    22    62
628   14   7    49    107
629   94   4    151    38
630   38   3    195    32
631   236   6    108    26
632   572   6    158    371
633   28   2    62    152
634   307   6    58    204
635   344   4    63    294
636   512   2    123    149
637   480   5    32    290
638   57   5    141    227
639   340   2    124    412
640   359   4    153    476
641   238   4    199    135
642   405   6    166    45
643   186   6    148    276
644   249   6    154    326
645   359   6    86    159
646   444   7    25    406
647   357   2    101    91
648   601   7    77    355
649   314   4    183    132
650   601   5    115    322
651   29   4    161    7
652   349   7    152    219
653   394   7    161    394
654   569   7    100    463
655   101   5    3    488
656   207   5    40    123
657   349   7    147    196
658   307   5    16    257
659   193   2    17    358
660   308   5    79    493
661   415   2    165    371
662   430   6    29    1
663   352   2    65    411
664   110   4    82    265
665   595   6    38    491
666   406   5    173    101
667   321   5    62    9
668   343   5    150    317
669   297   2    28    367
670   113   5    83    44
671   496   5    155    139
672   219   7    171    296
673   51   3    69    155
674   537   2    182    211
675   27   7    74    376
676   385   6    144    399
677   359   4    88    402
678   124   3    153    310
679   41   5    44    174
680   268   5    32    272
681   197   7    3    333
682   567   3    63    337
683   588   6    175    362
684   89   4    143    89
685   386   2    77    186
686   493   5    187    424
687   89   5    195    58
688   529   3    153    287
689   352   7    41    334
690   122   6    56    109
691   453   7    194    129
692   213   4    30    74
693   574   7    112    418
694   391   4    195    313
695   115   4    18    216
696   492   4    84    437
697   150   3    26    391
698   288   6    26    377
699   553   2    199    392
700   459   3    32    127
701   53   2    2    462
702   471   2    160    67
703   348   4    140    385
704   413   4    7    465
705   360   7    87    83
706   512   2    127    140
707   341   4    191    139
708   681   6    122    284
709   197   5    107    312
710   110   4    196    299
711   414   6    17    399
712   343   6    15    76
713   373   3    97    136
714   445   7    119    69
715   271   7    119    436
716   422   2    117    360
717   530   4    146    88
718   627   4    76    42
719   647   6    100    377
720   249   7    113    176
721   615   6    88    46
722   495   3    81    474
723   373   7    11    33
724   624   2    9    295
725   256   3    129    193
726   230   7    171    211
727   12   2    181    136
728   457   7    112    169
729   458   4    136    320
730   510   3    43    214
731   200   4    10    216
732   689   6    102    40
733   125   2    188    423
734   118   4    57    166
735   92   7    54    228
736   565   7    77    411
737   612   5    117    386
738   372   2    133    360
739   389   2    165    449
740   171   2    114    126
741   59   5    36    251
742   128   7    152    436
743   600   5    123    222
744   219   2    87    340
745   553   3    171    382
746   501   4    172    5
747   186   3    111    152
748   336   7    174    273
749   154   6    143    13
750   232   5    50    468
751   270   3    128    41
752   644   7    73    173
753   321   2    66    187
754   179   3    124    101
755   169   4    193    20
756   695   2    186    246
757   665   5    120    140
758   593   2    169    189
759   220   4    62    322
760   426   7    116    420
761   699   5    147    366
762   671   5    67    461
763   108   3    78    305
764   180   5    142    99
765   673   6    166    120
766   387   5    7    110
767   750   6    106    156
768   172   7    177    80
769   729   5    74    43
770   1   4    76    146
771   328   6    79    40
772   670   6    114    345
773   235   4    67    268
774   76   7    129    90
775   150   2    118    452
776   334   7    160    206
777   10   3    119    150
778   412   6    105    403
779   729   5    59    493
780   770   3    142    222
781   110   4    20    401
782   570   4    42    105
783   753   2    28    182
784   331   7    135    2
785   629   4    102    61
786   669   4    157    125
787   226   4    103    159
788   670   7    77    165
789   556   6    190    277
790   421   6    22    461
791   713   2    124    67
792   70   7    4    200
793   674   4    43    498
794   107   7    76    409
795   349   7    115    336
796   341   6    83    398
797   652   7    54    326
798   504   7    17    411
799   308   5    74    130
800   718   7    11    15
801   395   6    17    481
802   184   7    37    439
803   662   5    135    460
804   170   4    188    440
805   76   6    173    462
806   125   3    25    469
807   597   2    193    108
808   74   3    9    215
809   683   2    90    326
810   131   7    63    35
811   731   7    52    391
812   594   2    18    435
813   102   5    10    140
814   253   7    8    352
815   385   5    8    296
816   511   6    124    94
817   615   2    32    429
818   64   6    91    334
819   631   2    184    319
820   641   7    95    141
821   163   5    53    356
822   99   7    75    44
823   646   4    83    119
824   245   3    142    185
825   213   3    66    123
826   218   6    193    98
827   650   7    146    292
828   541   6    157    165
829   185   4    159    464
830   374   2    84    308
831   285   2    189    142
832   298   3    16    26
833   517   2    14    143
834   345   7    188    167
835   610   5    51    18
836   698   2    147    91
837   116   5    90    39
838   555   7    34    101
839   683   6    178    379
840   120   4    188    460
841   675   6    88    362
842   748   5    105    214
843   779   6    144    267
844   612   5    121    315
845   774   6    128    44
846   19   4    100    160
847   444   4    97    384
848   359   2    77    298
849   290   6    115    480
850   660   2    54    7
851   373   5    27    385
852   574   2    179    120
853   615   4    130    238
854   436   2    81    169
855   413   2    73    258
856   217   5    138    204
857   6   2    37    130
858   332   6    41    244
859   495   3    177    252
860   765   2    146    468
861   257   2    106    76
862   413   5    175    419
863   281   6    160    192
864   840   7    15    259
865   798   6    125    129
866   843   6    192    146
867   481   4    42    304
868   405   4    34    429
869   570   3    111    29
870   79   5    149    392
871   287   5    198    185
872   349   2    78    361
873   86   3    102    455
874   737   3    69    178
875   664   5    85    411
876   258   7    62    178
877   220   3    98    307
878   702   5    176    305
879   339   3    182    356
880   214   6    111    316
881   513   2    115    65
882   696   2    46    151
883   731   7    114    24
884   665   5    122    425
885   724   4    123    5
886   580   2    36    57
887   533   2    23    195
888   783   7    173    439
889   629   5    187    180
890   837   6    179    464
891   302   3    57    110
892   644   3    107    260
893   311   7    15    428
894   86   6    123    132
895   641   7    104    213
896   694   7    103    139
897   49   7    186    214
898   546   4    78    37
899   815   5    65    56
900   527   3    111    223
901   628   2    13    312
902   670   6    171    78
903   408   3    51    58
904   554   6    91    169
905   274   2    7    499
906   525   7    195    149
907   365   2    171    299
908   194   5    81    477
909   45   6    175    359
910   153   4    87    336
911   98   6    197    53
912   329   5    166    101
913   893   7    42    266
914   496   3    76    330
915   905   2    68    402
916   112   5    149    455
917   297   5    111    126
918   198   5    107    402
919   42   4    188    479
920   394   4    147    323
921   862   4    180    161
922   654   6    166    409
923   742   2    40    255
924   141   5    91    144
925   692   7    175    314
926   109   2    68    30
927   127   5    195    305
928   664   6    199    122
929   796   6    30    81
930   829   7    71    60
931   768   2    93    493
932   238   3    49    127
933   572   4    57    322
934   565   6    4    220
935   884   2    180    393
936   839   5    168    213
