1   0   2    44    200
2   1   6    35    72
3   1   2    19    94
4   2   4    40    114
5   3   3    31    15
6   2   6    188    301
7   2   3    98    355
8   3   7    48    433
9   6   2    198    36
10   3   4    147    388
11   9   5    199    11
12   8   4    174    286
13   7   7    13    31
14   2   2    133    426
15   13   7    126    187
16   11   6    198    158
17   14   2    160    375
18   7   7    107    27
19   8   6    31    26
20   1   3    86    89
21   10   6    175    403
22   1   6    106    408
23   5   6    184    72
24   9   3    29    46
25   15   6    17    497
26   3   2    46    455
27   23   5    4    134
28   10   5    151    120
29   24   4    23    424
30   24   6    37    150
31   23   7    15    104
32   17   6    13    389
33   21   5    2    93
34   16   3    157    70
35   6   7    148    357
36   25   3    177    166
37   29   2    10    223
38   33   5    131    426
39   28   7    88    160
40   8   6    17    137
41   35   3    162    334
42   1   7    101    478
43   23   7    28    69
44   35   3    182    465
45   31   4    130    329
46   36   3    79    264
47   9   5    92    418
48   37   6    160    100
49   17   3    115    468
50   31   2    190    87
51   31   4    43    419
52   30   4    61    126
53   41   4    44    350
54   29   3    76    285
55   20   3    197    456
56   46   6    142    188
57   38   5    3    100
58   38   2    82    434
59   13   6    50    476
60   45   4    121    334
61   30   4    160    439
62   59   5    2    312
63   29   5    99    393
64   22   6    114    445
65   59   4    21    26
66   56   3    33    499
67   52   3    143    193
68   57   4    82    80
69   60   6    83    395
70   48   2    36    392
71   7   5    17    73
72   33   3    113    275
73   68   7    14    492
74   31   3    42    33
75   3   7    178    344
76   32   3    50    65
77   72   5    162    242
78   12   3    140    349
79   15   3    174    160
80   21   5    171    105
81   55   6    78    16
82   46   7    84    235
83   56   3    91    432
84   48   4    70    260
85   77   4    108    347
86   71   2    25    485
87   6   4    129    225
88   46   2    14    109
89   40   7    175    419
90   3   3    109    457
91   52   7    108    245
92   30   5    149    398
93   16   7    140    353
94   46   7    107    307
95   57   3    190    442
96   18   6    167    207
97   58   3    19    299
98   67   5    190    14
99   38   2    1    190
100   45   2    166    482
101   60   5    31    301
102   12   3    10    106
103   31   2    118    380
104   18   7    35    341
105   34   5    150    9
106   87   3    187    172
107   24   4    82    459
108   32   4    106    422
109   19   4    44    55
110   94   2    164    323
111   63   7    82    469
112   11   4    100    244
113   3   2    108    108
114   16   7    116    109
115   75   5    72    427
116   7   7    199    148
117   50   5    131    230
118   46   6    160    316
119   56   6    128    372
120   49   3    49    437
121   34   3    90    447
122   8   3    2    27
123   92   3    15    382
124   118   7    108    192
125   43   3    57    442
126   81   4    3    436
127   83   6    118    219
128   48   7    136    19
129   6   5    137    45
130   49   2    168    315
131   96   4    96    276
132   101   3    40    88
133   16   4    129    271
134   120   7    125    37
135   80   7    180    304
136   31   5    43    399
137   104   2    142    185
138   52   5    20    120
139   16   4    182    29
140   106   5    88    270
141   123   4    174    4
142   130   2    193    99
143   129   5    17    147
144   75   2    97    368
145   59   3    41    484
146   77   2    145    39
147   25   6    100    340
148   95   3    137    223
149   62   6    89    40
150   47   7    172    326
151   93   4    73    318
152   69   4    39    217
153   69   5    170    339
154   103   7    168    261
155   49   6    113    329
156   86   7    50    122
157   67   6    71    424
158   21   6    49    100
159   17   6    83    100
160   55   7    117    77
161   67   4    49    130
162   32   7    113    345
163   91   2    29    197
164   58   4    85    450
165   32   5    157    487
166   50   5    197    391
167   144   2    40    362
168   139   5    132    169
169   98   7    132    364
170   40   5    152    494
171   154   6    84    490
172   65   3    1    498
173   72   3    150    317
174   168   4    14    227
175   112   7    146    128
176   9   3    22    491
177   23   6    5    249
178   106   7    176    126
179   104   3    100    441
180   170   2    86    483
181   9   6    89    196
182   2   7    126    462
183   58   5    31    375
184   21   3    146    473
185   70   2    80    35
186   6   2    154    172
187   109   3    52    64
188   150   5    111    367
189   104   3    3    361
190   181   4    158    4
191   61   4    152    312
192   88   5    197    106
193   152   5    83    468
194   131   6    102    482
195   80   5    8    350
196   137   4    158    223
197   151   3    35    235
198   176   2    184    207
199   85   5    99    445
200   115   2    32    321
201   149   4    187    114
202   195   5    191    9
203   37   6    189    151
204   133   7    36    390
205   146   3    114    231
206   192   7    144    457
207   50   4    185    112
208   11   5    78    400
209   150   2    77    354
210   138   7    96    440
211   197   5    168    480
212   97   4    55    481
213   38   6    173    5
214   208   5    80    386
215   40   2    50    473
216   30   4    47    180
217   167   2    158    353
218   28   7    2    244
219   217   4    80    75
220   116   4    101    265
221   65   2    129    219
222   1   4    127    189
223   53   7    133    130
224   110   5    100    457
225   10   6    146    361
226   35   2    192    74
227   224   3    12    110
228   36   6    151    231
229   47   2    114    332
230   21   6    59    409
231   160   5    3    464
232   21   7    145    305
233   206   7    10    428
234   31   3    159    321
235   41   7    152    464
236   128   7    181    268
237   177   3    154    209
238   138   3    50    409
239   146   5    6    408
240   23   6    114    473
241   149   2    68    83
242   62   3    165    190
243   240   6    71    127
244   224   6    11    250
245   160   7    45    23
246   85   2    121    360
247   74   2    198    14
248   123   7    119    67
249   215   4    81    226
250   86   7    171    342
251   134   4    129    242
252   215   3    154    296
253   61   7    137    247
254   136   3    103    33
255   100   2    22    315
256   88   4    168    432
257   74   4    21    432
258   237   7    189    242
259   137   7    54    2
260   206   4    111    294
261   238   3    82    224
262   239   6    43    81
263   235   4    70    374
264   58   5    183    475
265   125   4    110    443
266   14   6    76    401
267   157   5    100    306
268   103   6    75    342
269   44   6    124    343
270   75   5    197    309
271   233   5    116    401
272   5   5    5    181
273   39   5    32    269
274   224   4    139    111
275   165   2    121    397
276   55   3    176    31
277   208   3    86    168
278   183   3    63    471
279   100   5    170    435
280   163   6    80    380
281   130   4    113    441
282   139   6    102    471
283   44   6    64    164
284   234   6    130    141
285   275   4    8    315
286   208   6    165    426
287   135   7    68    314
288   274   2    119    383
289   120   4    93    154
290   191   7    167    332
291   2   7    18    327
292   242   3    22    289
293   274   7    79    289
294   238   4    29    168
295   284   4    64    122
296   188   2    103    379
297   181   3    192    459
298   70   5    152    270
299   94   2    105    194
300   259   7    111    344
301   216   7    108    8
302   228   5    190    192
303   204   5    117    87
304   282   4    192    74
305   62   6    159    73
306   68   5    74    193
307   59   5    13    473
308   169   6    68    174
309   258   5    150    377
310   246   6    194    333
311   132   5    58    233
312   217   7    71    66
313   242   2    36    424
314   15   2    105    215
315   120   5    34    254
316   126   3    91    106
317   196   4    134    197
318   181   4    193    362
319   144   5    196    75
320   247   3    177    378
321   72   3    57    179
322   48   3    96    63
323   35   3    41    294
324   76   4    62    39
325   259   5    179    255
326   59   7    141    33
327   312   3    125    209
328   139   6    177    131
329   112   6    174    221
330   300   4    82    395
331   132   6    162    145
332   67   4    44    411
333   98   7    167    292
334   187   2    52    280
335   153   7    61    54
336   182   3    184    196
337   56   3    88    436
338   311   2    112    256
339   228   7    164    360
340   132   2    114    467
341   282   5    30    290
342   250   2    9    106
343   21   7    95    188
344   187   7    12    94
345   333   6    15    308
346   294   6    1    75
347   42   2    4    101
348   341   5    184    155
349   6   5    16    475
350   230   5    33    144
351   167   4    150    255
352   135   7    167    193
353   223   5    17    345
354   344   7    12    231
355   34   6    198    404
356   312   5    189    369
357   142   4    176    356
358   60   7    107    84
359   330   7    154    21
360   7   2    93    114
361   25   6    177    468
362   28   3    112    80
363   10   5    163    289
364   297   5    150    155
365   300   4    42    224
366   342   6    186    144
367   50   5    99    108
368   104   2    95    394
369   114   3    146    144
370   39   6    62    342
371   285   2    63    244
372   231   4    186    180
373   204   7    178    326
374   101   5    139    426
375   90   3    196    463
376   33   7    125    212
377   167   4    40    267
378   119   5    28    174
379   42   4    187    415
380   344   4    52    366
381   15   3    68    215
382   270   6    29    410
383   197   6    148    165
384   18   5    93    109
385   113   6    183    287
386   378   2    182    432
387   101   7    150    447
388   223   6    76    430
389   382   2    126    248
390   139   3    60    162
391   6   6    66    192
392   354   7    118    308
393   71   2    122    480
394   79   4    129    496
395   163   4    160    363
396   329   6    157    338
397   380   7    118    50
398   163   7    32    232
399   29   4    45    198
400   232   7    152    302
401   124   5    199    254
402   330   7    126    370
403   394   4    113    156
404   66   2    18    301
405   402   2    103    226
406   62   5    104    476
407   376   3    10    445
408   90   5    81    184
409   173   3    162    381
410   407   7    32    455
411   22   3    140    51
412   104   6    188    250
413   78   7    199    281
414   83   5    190    359
415   105   2    54    27
416   124   7    150    58
417   362   2    24    302
418   252   5    31    215
419   168   2    107    458
420   102   5    45    152
421   267   2    43    246
422   158   2    179    315
423   171   6    150    120
424   204   3    29    427
425   141   4    198    35
426   222   2    199    474
427   200   5    28    213
428   193   5    139    114
429   28   2    41    381
430   306   5    75    218
431   114   6    56    441
432   1   7    17    231
433   308   6    162    97
434   258   5    55    49
435   352   6    184    379
436   48   3    75    409
437   405   6    148    297
438   86   3    157    350
439   372   6    43    497
440   424   2    169    159
441   2   7    112    62
442   201   5    197    311
443   150   5    70    413
444   86   2    42    360
445   189   4    120    289
446   200   4    17    228
447   398   7    114    386
448   128   7    188    400
449   206   3    101    286
450   125   3    106    226
451   270   4    38    157
452   105   2    185    389
453   290   4    186    333
454   18   2    22    419
455   5   4    5    113
456   178   2    94    296
457   384   5    129    324
458   455   6    40    429
459   391   5    127    99
460   161   4    79    164
461   322   4    11    395
462   447   4    17    450
463   328   7    185    139
464   90   5    6    392
465   151   7    78    315
466   134   5    133    103
467   27   5    35    325
468   398   7    58    152
469   128   3    87    2
470   364   2    76    386
471   347   6    155    446
472   250   3    82    361
473   346   4    42    113
474   292   5    16    495
475   270   3    59    128
476   175   3    70    345
477   45   5    135    59
478   4   3    102    165
479   280   4    138    70
480   116   6    130    69
481   417   5    194    488
482   347   6    143    221
483   117   7    62    302
484   195   7    156    350
485   124   4    94    359
486   416   4    194    216
487   117   2    66    414
488   213   3    199    197
489   371   6    28    292
490   369   7    170    311
491   484   3    99    306
492   357   5    54    105
493   308   5    83    432
494   139   4    57    180
495   203   7    82    315
496   283   2    134    415
497   171   3    75    295
498   268   6    199    336
499   459   7    78    175
500   64   4    172    450
501   471   5    160    275
502   392   2    56    72
503   103   4    98    58
504   267   3    17    363
505   477   5    100    233
506   428   6    135    31
507   217   3    132    457
508   80   6    87    90
509   207   6    84    454
510   482   4    181    449
511   203   4    133    492
512   232   5    93    398
513   57   3    134    109
514   156   2    115    480
515   42   3    99    361
516   118   4    20    497
517   96   5    127    119
518   348   5    196    225
519   386   7    71    83
520   247   3    128    320
521   58   2    47    308
522   246   2    195    110
523   369   6    162    182
524   215   2    195    368
525   503   2    130    39
526   188   2    34    103
527   444   4    195    124
528   251   5    8    82
529   13   3    107    254
530   162   2    74    348
531   294   6    132    138
532   299   4    135    159
533   39   5    63    53
534   418   4    108    340
535   455   3    91    212
536   525   6    128    223
537   452   6    141    493
538   393   7    9    483
539   415   2    180    373
540   487   2    75    25
541   119   3    184    54
542   482   4    81    125
543   308   4    162    72
544   333   3    115    43
545   475   2    97    447
546   202   7    37    449
547   325   7    120    158
548   485   6    43    462
549   318   6    144    268
550   105   5    85    335
551   213   2    42    253
552   56   6    17    223
553   84   2    187    468
554   166   6    68    65
555   510   2    16    493
556   459   3    145    396
557   109   7    143    427
558   124   5    3    312
559   328   6    104    198
560   267   4    112    448
561   184   7    111    62
562   234   2    154    228
563   266   2    150    111
564   453   5    56    188
565   182   7    1    137
566   351   5    114    13
567   375   3    102    77
568   118   6    119    227
569   188   3    62    76
570   47   6    146    70
571   481   5    114    288
572   140   7    9    235
573   83   4    180    252
574   418   2    61    9
575   225   2    11    148
576   419   6    37    490
577   335   2    27    99
578   252   6    155    337
579   85   7    195    38
580   261   3    187    281
581   307   4    144    155
582   366   5    13    70
583   202   3    169    319
584   510   5    133    401
585   324   6    68    52
586   397   2    154    138
587   222   5    12    438
588   214   4    83    300
589   298   4    120    383
590   253   5    123    318
591   355   2    64    161
592   58   4    183    457
593   287   6    13    121
594   41   3    192    356
595   162   4    65    21
596   233   3    141    25
597   251   2    163    142
598   70   6    148    198
599   156   2    45    11
600   399   3    72    196
601   265   6    88    323
602   19   5    131    227
603   294   2    96    56
604   24   7    90    133
605   306   3    43    453
606   120   3    124    374
607   338   6    58    426
608   497   5    14    77
609   176   4    86    90
610   409   5    68    353
611   193   4    33    419
612   106   5    191    191
613   254   3    120    98
614   547   5    142    389
615   214   6    161    261
616   80   5    49    428
617   601   5    124    448
618   399   7    164    443
619   487   2    180    133
620   570   5    180    72
621   234   2    157    198
622   175   4    136    29
623   169   7    4    491
624   299   5    68    292
625   151   2    68    270
626   540   4    116    187
627   121   7    112    324
628   290   7    55    18
629   74   2    19    339
630   470   2    83    206
631   453   4    30    443
632   16   5    196    331
633   100   2    61    61
634   519   3    117    321
635   515   6    176    81
636   146   3    191    115
637   327   7    101    499
638   438   7    137    464
639   592   4    123    371
640   256   7    100    76
641   490   5    115    154
642   423   5    54    11
643   255   2    26    304
644   210   5    118    456
645   559   3    126    488
646   588   5    33    62
647   451   5    180    186
648   217   3    165    269
649   452   7    36    121
650   153   2    112    420
651   340   4    37    118
652   444   2    112    278
653   639   3    144    398
654   315   4    136    179
655   507   4    17    451
656   224   3    14    236
657   630   4    170    157
658   230   6    97    52
659   56   7    75    286
660   523   6    189    401
661   584   6    28    346
662   260   2    46    71
663   243   6    131    398
664   277   6    194    425
665   334   3    30    142
666   256   5    27    297
667   391   4    101    124
668   192   5    199    317
669   339   5    27    413
670   35   4    13    175
671   416   3    6    477
672   592   3    188    73
673   344   7    181    63
674   573   4    92    377
675   634   4    144    317
676   493   7    122    174
677   16   3    54    96
678   506   5    45    224
679   141   5    192    263
680   216   5    101    467
681   387   2    29    12
682   202   6    106    163
683   199   5    136    20
684   252   7    82    415
685   118   3    32    299
686   338   4    161    295
687   304   2    199    93
688   223   7    173    184
689   239   5    98    450
690   450   6    120    393
691   416   2    68    135
692   220   2    108    459
693   29   5    183    84
694   327   3    18    281
695   156   4    161    122
696   450   4    91    93
697   428   2    93    244
698   378   5    47    379
699   562   7    186    467
700   114   7    167    401
701   456   4    112    301
702   658   7    183    245
703   197   7    147    337
704   302   3    88    17
705   291   2    58    314
706   510   6    61    144
707   540   7    199    162
708   533   7    126    389
709   251   4    195    313
710   20   3    55    216
711   245   6    83    64
712   69   5    52    156
713   703   6    122    471
714   509   6    45    294
715   251   2    173    413
716   547   6    9    206
717   701   7    47    365
718   661   6    56    212
719   695   7    166    38
720   403   7    23    183
721   614   6    194    377
722   243   6    31    190
723   365   6    119    423
724   293   3    150    156
725   457   5    133    384
726   256   5    77    165
727   514   6    157    240
728   518   2    86    144
729   505   6    185    45
730   229   2    174    3
731   147   6    24    409
732   717   7    172    360
733   42   7    123    367
734   295   6    39    364
735   51   7    72    159
736   217   2    149    72
737   80   2    139    442
738   579   2    63    278
739   529   3    148    370
740   625   7    38    124
741   60   7    46    299
742   256   3    180    245
743   510   2    167    328
744   223   2    190    224
745   90   7    63    487
746   480   4    75    437
747   290   4    90    456
748   186   7    49    371
749   131   5    106    46
750   733   3    160    347
751   217   4    173    499
752   105   4    186    315
753   40   5    26    341
754   528   5    177    198
755   327   2    26    54
756   648   4    53    132
757   309   4    63    172
758   196   3    90    355
759   640   3    99    447
760   758   2    174    300
761   476   7    72    349
762   123   2    83    426
763   465   6    153    182
764   137   4    100    14
765   175   4    183    419
766   638   3    157    61
767   161   5    170    441
768   104   4    121    278
769   198   6    194    462
770   15   4    153    139
771   663   5    103    84
772   116   2    181    209
773   208   2    50    246
774   236   3    104    214
775   700   2    174    344
776   733   6    91    136
777   409   6    91    358
778   27   6    120    19
779   545   7    153    344
780   190   3    81    184
781   345   7    182    19
782   594   5    126    279
783   448   2    193    349
784   9   5    199    8
785   282   7    46    84
786   436   6    46    142
787   333   4    115    238
788   70   2    45    379
789   452   3    185    245
790   179   6    54    407
791   494   5    109    191
792   107   6    100    274
793   290   4    175    279
794   635   7    11    45
795   197   2    174    61
796   407   2    176    329
797   387   2    148    414
798   623   7    67    151
799   8   4    78    245
800   618   4    49    252
801   442   2    31    23
802   440   6    192    48
803   363   5    7    468
804   342   5    172    326
805   327   5    5    294
806   313   6    113    321
807   470   7    144    400
808   249   3    73    423
809   786   7    114    124
810   168   6    114    159
811   346   4    34    354
812   319   2    58    484
813   316   7    100    149
814   491   5    187    394
815   197   7    170    55
816   212   5    183    134
817   573   5    15    428
818   602   3    36    15
819   562   3    126    361
820   46   5    36    372
821   560   4    192    2
822   364   3    195    353
823   710   7    45    144
824   309   7    36    150
825   193   5    58    462
826   771   2    44    276
827   802   4    170    289
828   244   3    157    83
829   346   3    14    449
830   622   5    164    416
831   672   2    112    189
832   806   5    103    345
833   577   2    153    439
834   270   2    148    290
835   184   2    173    245
836   806   7    153    159
837   804   7    79    34
838   586   4    40    222
839   732   5    75    326
840   303   7    88    267
841   647   4    39    354
842   291   3    152    169
843   282   4    180    325
844   832   2    63    325
845   811   2    160    485
846   419   4    191    401
847   176   6    7    381
848   400   2    158    362
849   265   7    165    192
850   571   5    12    43
851   90   4    153    487
852   347   4    120    112
853   683   2    112    222
854   112   2    105    461
855   216   5    94    65
856   67   5    33    453
857   420   6    126    60
858   518   2    179    249
859   494   4    188    17
860   401   2    113    93
861   45   2    152    141
862   715   7    113    228
863   158   2    191    364
864   354   7    105    442
865   155   6    177    27
866   64   3    26    245
867   73   2    143    447
868   535   5    42    4
869   615   2    180    454
870   762   4    16    74
871   233   4    150    47
872   753   7    19    380
873   846   6    106    219
