1   0   6    63    255
2   1   3    193    410
3   1   4    197    68
4   2   6    178    79
5   3   3    100    197
6   2   2    124    161
7   4   5    44    25
8   6   5    180    148
9   4   2    116    466
10   6   5    55    1
11   7   4    98    24
12   3   6    132    333
13   10   2    9    226
14   6   7    58    356
15   7   2    126    472
16   1   5    108    420
17   10   4    180    102
18   5   5    71    349
19   2   5    136    166
20   2   5    53    304
21   15   4    190    156
22   13   5    65    194
23   5   4    60    307
24   15   7    131    383
25   21   2    3    451
26   10   5    80    316
27   24   4    80    352
28   16   6    101    157
29   26   4    134    361
30   24   5    77    33
31   3   5    139    421
32   26   4    196    460
33   6   7    57    272
34   24   6    124    352
35   31   3    16    250
36   18   2    58    279
37   35   4    92    368
38   6   3    165    476
39   8   7    57    365
40   6   3    141    481
41   38   7    141    32
42   27   3    29    51
43   8   2    137    180
44   41   6    89    492
45   25   7    45    464
46   27   6    19    374
47   44   4    78    303
48   40   5    151    141
49   32   2    95    190
50   18   6    52    230
51   20   5    117    258
52   42   3    1    170
53   44   5    33    204
54   12   2    28    312
55   40   6    141    64
56   6   5    72    69
57   47   7    106    477
58   29   3    159    185
59   16   3    43    229
60   33   5    161    451
61   40   3    63    336
62   18   4    124    464
63   39   5    83    316
64   49   7    75    259
65   33   4    26    425
66   59   7    81    290
67   38   3    51    321
68   21   5    93    488
69   31   4    10    57
70   51   2    101    425
71   29   2    172    113
72   11   6    61    52
73   58   7    15    18
74   59   5    64    108
75   60   3    158    48
76   44   3    77    191
77   5   5    86    59
78   58   6    104    6
79   38   6    160    40
80   34   7    88    282
81   16   3    107    366
82   36   7    149    400
83   20   2    39    171
84   23   2    48    281
85   63   4    52    336
86   19   7    26    415
87   83   5    164    119
88   38   6    95    208
89   68   3    107    320
90   35   7    28    178
91   67   3    149    328
92   72   7    145    434
93   84   4    16    417
94   18   6    197    42
95   39   7    173    459
96   68   7    161    1
97   37   4    2    229
98   80   3    111    238
99   3   3    44    133
100   39   5    97    5
101   27   6    95    118
102   29   3    154    293
103   90   3    75    485
104   78   4    93    360
105   53   4    120    394
106   74   4    125    107
107   38   3    157    212
108   7   7    126    440
109   28   3    44    89
110   9   6    185    154
111   39   2    47    191
112   31   4    23    380
113   87   2    61    328
114   25   5    38    105
115   102   3    159    475
116   67   2    20    287
117   50   4    22    391
118   75   4    177    1
119   61   7    168    109
120   67   6    197    12
121   86   3    192    403
122   15   2    141    49
123   105   6    101    92
124   71   4    151    356
125   8   6    104    321
126   30   3    47    120
127   37   6    198    279
128   111   7    57    469
129   107   3    83    147
130   16   3    87    295
131   54   4    191    390
132   96   3    19    233
133   79   6    105    247
134   22   6    131    202
135   22   6    122    32
136   40   7    15    456
137   29   3    22    27
138   91   2    69    232
139   12   3    19    338
140   91   6    40    210
141   111   3    27    87
142   126   7    147    110
143   67   4    183    393
144   61   7    137    161
145   38   3    40    265
146   6   3    147    487
147   88   3    133    461
148   50   2    126    287
149   26   4    22    20
150   26   4    26    88
151   36   6    179    410
152   77   5    20    369
153   149   5    179    310
154   142   6    116    256
155   94   3    166    231
156   8   5    175    314
157   148   5    82    463
158   52   4    169    422
159   99   2    123    32
160   55   7    39    197
161   41   6    116    425
162   23   7    141    467
163   155   5    120    497
164   149   5    104    243
165   154   3    39    100
166   46   5    95    226
167   119   7    147    423
168   117   5    43    471
169   166   5    98    135
170   157   7    19    132
171   156   4    15    424
172   166   6    182    66
173   63   2    195    133
174   89   3    46    414
175   113   2    135    406
176   140   4    152    411
177   40   4    162    455
178   56   3    61    489
179   79   4    103    131
180   48   5    90    458
181   64   4    156    82
182   51   5    48    142
183   39   7    120    7
184   15   4    164    37
185   143   5    62    436
186   150   4    169    279
187   83   2    167    391
188   176   5    171    151
189   35   5    102    235
190   137   3    16    399
191   11   5    83    347
192   40   7    156    435
193   125   7    111    448
194   75   3    119    413
195   84   6    165    334
196   34   7    75    428
197   145   2    19    426
198   115   6    105    281
199   192   4    118    257
200   177   2    121    446
201   69   7    79    61
202   113   3    183    274
203   27   6    53    219
204   98   2    106    188
205   61   5    108    252
206   104   5    102    313
207   25   5    139    332
208   141   2    10    55
209   72   7    55    240
210   126   7    126    492
211   183   3    143    458
212   102   4    139    243
213   134   5    79    241
214   157   7    92    479
215   88   6    61    79
216   69   5    117    263
217   86   3    2    220
218   47   5    135    363
219   19   3    161    349
220   12   6    85    339
221   173   2    42    259
222   211   5    55    467
223   131   6    30    362
224   150   7    55    67
225   165   4    85    423
226   132   7    41    279
227   190   6    188    369
228   24   2    91    355
229   16   3    91    363
230   35   3    139    343
231   45   2    80    485
232   224   6    86    419
233   223   5    147    265
234   129   2    172    478
235   154   6    82    306
236   210   7    46    194
237   189   6    134    206
238   58   7    194    197
239   7   7    83    311
240   133   7    23    204
241   81   6    104    129
242   149   6    163    208
243   67   7    142    72
244   14   4    47    16
245   86   7    132    23
246   129   3    66    465
247   192   7    85    326
248   40   4    137    150
249   168   3    107    328
250   63   4    37    470
251   12   6    130    289
252   137   5    139    396
253   138   4    14    54
254   128   4    139    95
255   192   6    112    115
256   245   7    99    373
257   212   6    6    235
258   43   6    44    263
259   205   4    31    9
260   112   6    20    176
261   144   3    174    177
262   145   6    140    218
263   256   4    52    282
264   202   2    17    88
265   139   6    83    62
266   202   5    130    98
267   53   5    84    101
268   189   7    39    57
269   159   2    90    15
270   264   5    48    236
271   32   4    120    280
272   133   2    60    460
273   60   3    119    340
274   160   6    189    489
275   231   7    101    118
276   150   7    123    330
277   187   5    44    400
278   5   2    1    272
279   130   4    148    407
280   82   2    125    76
281   105   2    189    47
282   255   2    25    175
283   99   4    33    168
284   247   7    176    139
285   210   5    178    227
286   208   5    153    220
287   239   6    21    98
288   79   6    54    296
289   270   5    45    170
290   10   3    177    54
291   121   7    113    491
292   63   3    182    251
293   51   3    184    197
294   251   7    3    334
295   219   7    183    490
296   196   2    126    251
297   45   4    57    128
298   116   3    185    450
299   124   6    199    59
300   294   5    157    125
301   182   2    175    245
302   216   5    62    118
303   292   3    32    373
304   160   7    164    81
305   83   3    75    193
306   143   2    109    211
307   10   6    74    302
308   44   5    54    4
309   232   3    57    457
310   205   4    160    45
311   272   5    58    448
312   119   6    198    40
313   40   7    83    61
314   133   3    138    28
315   35   7    72    2
316   162   3    14    312
317   223   4    58    488
318   113   5    73    412
319   149   5    188    320
320   146   3    179    185
321   91   2    59    137
322   34   7    189    421
323   216   3    135    5
324   65   5    57    418
325   182   6    9    253
326   114   4    193    7
327   172   2    197    264
328   136   6    147    479
329   315   6    148    292
330   42   5    188    43
331   284   6    98    410
332   302   5    10    236
333   313   6    108    429
334   195   3    65    224
335   75   3    16    89
336   312   2    160    495
337   111   2    88    285
338   214   3    17    402
339   29   4    90    194
340   58   2    150    183
341   285   6    109    212
342   120   3    46    27
343   167   5    83    197
344   116   2    94    103
345   233   7    19    273
346   299   6    79    336
347   98   6    187    47
348   316   2    148    391
349   302   6    144    227
350   36   2    185    363
351   151   6    176    378
352   41   5    145    84
353   349   4    28    378
354   53   5    71    115
355   116   3    180    35
356   78   7    95    27
357   273   2    178    65
358   16   3    186    139
359   88   6    35    93
360   352   4    148    361
361   186   2    73    59
362   170   6    127    23
363   113   2    112    235
364   298   3    44    123
365   132   4    140    19
366   16   4    189    62
367   243   6    103    10
368   26   2    85    92
369   109   3    172    364
370   239   5    77    315
371   134   7    180    492
372   186   3    121    377
373   264   4    106    289
374   245   5    40    241
375   333   7    123    452
376   50   5    175    357
377   85   5    138    124
378   331   3    51    283
379   365   4    156    364
380   131   2    31    345
381   47   5    192    53
382   281   2    152    300
383   328   3    2    39
384   261   2    197    279
385   38   4    151    393
386   314   3    110    385
387   283   5    143    349
388   120   7    49    198
389   294   5    160    255
390   109   6    43    74
391   320   3    27    192
392   350   7    134    312
393   28   5    49    236
394   97   5    32    209
395   217   6    22    337
396   274   4    181    482
397   367   5    151    390
398   12   2    21    467
399   259   7    128    198
400   48   3    158    317
401   32   5    108    383
402   356   3    191    368
403   214   6    89    178
404   306   2    28    424
405   397   3    145    462
406   5   2    98    61
407   350   7    199    269
408   37   2    127    443
409   68   3    151    20
410   21   7    26    408
411   369   5    14    409
412   402   2    45    467
413   201   2    5    105
414   340   5    109    332
415   221   5    111    109
416   196   7    132    62
417   4   2    195    411
418   246   7    198    81
419   64   3    100    170
420   124   5    13    68
421   121   7    172    448
422   147   3    140    313
423   392   5    53    341
424   132   5    51    166
425   188   3    94    365
426   421   3    155    233
427   110   4    21    227
428   48   4    138    60
429   307   4    108    247
430   300   6    181    177
431   343   2    199    11
432   88   7    33    27
433   249   6    39    76
434   53   3    110    448
435   422   3    187    140
436   6   4    22    127
437   27   4    192    352
438   77   3    18    162
439   64   2    77    369
440   259   6    193    368
441   102   3    162    193
442   309   7    61    230
443   440   7    160    485
444   170   5    14    57
445   230   4    69    437
446   328   2    130    111
447   263   4    116    168
448   367   3    168    329
449   46   4    45    121
450   136   2    76    135
451   165   7    9    377
452   27   2    168    452
453   27   5    7    467
454   252   2    29    201
455   300   3    184    431
456   383   3    74    207
457   374   4    19    2
458   55   7    107    369
459   434   3    136    351
460   274   2    114    313
461   256   7    163    294
462   216   2    54    492
463   170   5    166    291
464   138   5    196    261
465   277   4    174    410
466   254   7    15    344
467   404   5    25    196
468   330   4    90    275
469   206   6    24    477
470   365   4    196    3
471   119   7    160    82
472   3   4    170    264
473   243   2    177    64
474   232   4    177    379
475   162   2    167    179
476   355   5    158    8
477   242   2    148    403
478   299   2    147    122
479   87   7    72    90
480   342   5    62    51
481   302   3    19    321
482   454   2    21    123
483   380   5    115    275
484   165   5    148    61
485   379   3    145    249
486   8   2    104    457
487   210   5    26    1
488   91   7    3    160
489   86   4    156    16
490   347   6    121    141
491   368   3    118    422
492   215   6    2    411
493   488   6    69    76
494   117   6    139    46
495   384   2    137    113
496   120   5    133    236
497   136   7    147    225
498   431   7    110    107
499   88   6    54    16
500   427   7    165    389
501   66   4    69    212
502   107   3    90    387
503   428   2    132    441
504   242   6    15    106
505   162   7    22    9
506   263   3    42    139
507   409   6    133    456
508   293   3    165    385
509   155   5    27    448
510   133   2    131    103
511   19   3    30    1
512   498   2    25    238
513   65   4    72    237
514   182   7    2    386
515   41   3    69    213
516   499   5    169    163
517   436   2    143    355
518   239   2    115    204
519   358   4    3    495
520   287   3    95    419
521   179   3    85    154
522   39   3    91    123
523   484   7    105    278
524   38   4    34    119
525   322   4    184    398
526   175   7    75    56
527   38   5    175    150
528   519   5    84    80
529   78   6    155    326
530   306   6    16    202
531   143   7    120    223
532   522   5    50    290
533   268   6    35    414
534   60   2    111    65
535   243   6    116    96
536   144   4    194    234
537   445   2    75    205
538   515   4    114    59
539   185   4    142    10
540   452   3    34    224
541   116   4    85    16
542   74   3    68    203
543   473   5    158    97
544   114   7    176    304
545   493   5    38    62
546   522   4    19    245
547   196   4    145    163
548   200   7    100    70
549   121   7    23    151
550   431   3    70    202
551   204   2    117    200
552   54   4    96    281
553   219   2    148    192
554   140   2    75    60
555   437   5    32    327
556   55   2    119    118
557   148   5    129    262
558   133   7    22    214
559   76   6    26    118
560   299   7    83    129
561   303   7    101    408
562   280   5    23    62
563   134   3    65    79
564   483   2    55    207
565   423   4    106    24
566   96   7    123    301
567   179   6    10    27
568   482   7    113    492
569   210   6    147    257
570   326   3    153    122
571   109   7    19    77
572   78   6    18    425
573   558   5    118    389
574   523   5    41    322
575   543   3    52    345
576   297   4    92    425
577   251   6    72    430
578   82   4    40    52
579   53   7    171    145
580   487   6    180    229
581   177   7    41    70
582   451   2    115    482
583   274   5    74    452
584   582   3    177    440
585   524   7    33    396
586   214   2    129    213
587   157   6    147    318
588   459   4    63    426
589   570   2    199    368
590   386   6    179    222
591   170   2    26    88
592   90   4    98    188
593   150   7    74    393
594   490   6    29    322
595   359   4    161    147
596   556   4    31    276
597   548   3    178    210
598   306   6    41    353
599   585   6    164    13
600   166   2    113    321
601   466   6    35    293
602   556   7    97    198
603   482   5    145    337
604   149   7    84    234
605   505   5    134    489
606   599   6    9    144
607   409   5    120    188
608   316   6    43    447
609   98   5    16    176
610   89   3    139    269
611   165   7    133    494
612   138   3    74    116
613   516   6    180    170
614   127   5    166    466
615   392   5    144    36
616   120   2    38    131
617   478   5    162    151
618   265   6    194    355
619   108   2    199    420
620   56   3    77    384
621   619   3    160    403
622   451   5    122    373
623   50   3    39    383
624   33   7    62    70
625   380   3    132    412
626   307   2    42    285
627   174   2    146    19
628   524   3    61    496
629   172   6    119    300
630   24   5    144    215
631   16   5    81    252
632   32   2    112    360
633   490   4    118    149
634   25   2    191    400
635   397   2    86    404
636   121   3    195    312
637   360   2    2    431
638   34   5    63    411
639   482   3    82    112
640   216   4    12    281
641   51   7    178    261
642   104   2    119    49
643   210   3    68    154
644   399   5    167    6
645   261   4    23    51
646   144   3    33    225
647   616   5    68    177
648   460   6    71    466
649   585   2    18    277
650   559   7    27    248
651   331   7    124    416
652   436   2    23    112
653   273   7    36    304
654   543   5    10    265
655   130   6    2    244
656   567   5    77    169
657   631   7    77    34
658   301   4    197    64
659   281   3    97    175
660   552   7    58    493
661   56   4    15    477
662   198   4    180    484
663   12   4    51    254
664   657   2    12    145
665   204   7    199    194
666   366   5    57    351
667   603   2    135    192
668   454   6    191    396
669   416   7    37    497
670   28   3    53    111
671   641   4    177    380
672   410   2    41    241
673   567   4    116    12
674   18   7    49    304
675   133   7    119    10
676   479   4    97    348
677   299   2    169    82
678   402   7    68    134
679   596   6    167    405
680   599   7    174    47
681   571   3    167    125
682   276   4    74    366
683   270   5    26    227
684   465   2    52    378
685   189   6    156    393
686   209   7    120    227
687   537   7    68    377
688   421   4    1    262
689   446   2    125    67
690   502   5    90    294
691   21   2    72    427
692   86   4    131    91
693   403   2    170    109
694   610   5    153    165
695   129   7    53    193
696   575   6    193    150
697   169   2    19    94
698   544   5    161    43
699   608   4    61    135
700   487   4    32    410
701   18   5    48    233
702   378   6    107    262
703   129   2    127    23
704   489   5    112    91
705   164   6    38    409
706   269   4    114    216
707   661   7    60    309
708   406   4    154    260
709   374   7    186    428
710   533   3    89    32
711   290   4    124    9
712   585   6    115    51
713   228   7    103    200
714   3   2    114    211
715   407   6    128    40
716   259   7    101    424
717   199   5    132    153
718   257   4    65    435
719   611   3    161    335
720   394   5    99    300
721   718   6    161    65
722   437   2    175    476
723   712   6    136    136
724   506   5    104    451
725   177   3    125    232
726   662   2    172    199
727   431   3    193    435
728   95   4    134    85
729   205   3    7    408
730   178   5    137    221
731   522   4    142    250
732   389   5    110    41
733   41   3    21    339
734   674   2    137    341
735   236   4    146    33
736   730   6    186    475
737   36   2    43    118
738   392   3    176    183
739   121   6    146    323
740   162   6    80    49
741   649   7    23    253
742   282   5    84    233
743   112   2    169    39
744   349   7    20    125
745   227   6    69    388
746   180   5    44    496
747   365   6    72    51
748   49   3    121    241
749   5   7    197    58
750   413   2    134    236
751   340   4    96    335
752   248   6    146    413
753   670   4    167    345
754   560   5    82    222
755   420   6    75    179
756   420   6    128    104
757   317   3    119    320
758   464   5    28    176
759   201   5    153    495
760   615   2    14    132
761   166   5    179    342
762   707   3    143    125
763   429   3    181    42
764   496   4    186    62
765   97   5    165    75
766   637   4    147    259
767   42   5    98    493
768   696   3    114    291
769   482   7    13    30
770   733   7    147    366
771   335   4    114    101
772   268   5    94    218
773   195   3    153    452
774   8   2    108    262
775   759   4    19    90
776   724   4    29    271
777   84   5    39    3
778   680   6    62    369
779   472   4    57    44
780   242   4    79    35
781   182   3    35    290
782   625   7    150    112
783   650   7    122    476
784   269   2    161    77
785   123   6    170    341
786   81   4    198    481
787   160   7    4    130
788   325   2    36    170
789   707   3    12    367
790   731   4    13    494
791   717   5    39    48
792   585   3    123    358
793   657   2    79    169
794   45   2    103    40
795   319   4    100    26
796   683   4    124    419
797   103   2    58    171
798   649   4    88    274
799   331   5    180    118
800   430   4    72    281
801   257   3    99    22
802   746   7    64    113
803   685   5    64    120
804   580   5    34    155
805   779   4    93    151
806   335   4    41    33
807   594   3    161    145
808   362   2    102    117
809   404   3    75    101
810   375   5    159    192
811   259   6    43    321
812   308   5    121    391
813   413   3    18    485
814   232   3    132    140
815   770   7    100    401
816   760   2    181    366
817   715   7    156    337
818   164   6    150    391
819   617   3    134    378
820   565   5    191    309
821   305   6    133    58
822   87   4    198    153
823   769   7    31    324
824   336   5    55    55
825   632   6    140    25
826   401   7    195    474
827   631   2    97    395
828   799   6    177    357
829   767   7    174    372
830   90   4    123    395
831   651   7    10    8
832   677   2    83    153
833   648   7    132    8
834   70   7    123    354
835   590   4    29    309
836   221   7    153    52
837   356   4    115    144
838   21   2    145    230
839   283   7    105    175
840   770   3    51    393
841   496   7    173    122
842   503   7    48    90
843   78   2    91    281
844   468   3    176    235
845   530   6    10    336
846   256   7    184    174
847   573   7    184    58
848   275   6    146    404
849   638   7    94    273
850   705   3    3    3
851   48   2    195    233
852   790   2    89    468
853   744   6    194    19
854   628   6    20    431
855   160   6    15    49
856   633   6    70    116
857   30   3    47    353
858   267   5    89    258
859   773   2    62    4
860   691   6    72    401
861   834   3    194    8
862   850   6    121    259
863   10   2    118    34
864   13   2    105    42
865   556   6    109    214
866   672   7    65    412
867   368   6    103    419
868   679   7    94    111
869   266   7    65    415
870   809   2    57    169
871   853   2    143    291
872   83   3    185    419
873   41   6    31    289
874   674   4    176    365
875   58   4    146    374
876   97   7    41    274
877   627   5    15    137
878   242   7    117    85
879   203   2    23    247
880   539   2    111    412
881   792   7    96    411
882   48   5    155    466
883   870   2    150    133
884   379   4    112    228
885   320   2    90    251
886   545   2    193    465
887   761   4    193    31
