1   0   7    25    38
2   1   2    135    20
3   1   5    197    185
4   1   5    75    330
5   2   3    142    30
6   2   2    10    117
7   3   3    176    194
8   3   4    156    104
9   4   4    74    252
10   6   6    64    281
11   5   6    57    270
12   10   7    77    243
13   4   3    180    440
14   9   5    148    71
15   1   5    164    388
16   13   3    191    440
17   7   5    28    442
18   16   4    49    208
19   4   6    61    215
20   6   4    114    168
21   19   3    33    147
22   1   3    3    309
23   1   6    181    262
24   4   5    104    327
25   19   3    102    79
26   12   4    24    324
27   8   6    49    387
28   10   6    189    489
29   21   3    41    44
30   20   5    63    93
31   1   6    85    34
32   2   7    43    80
33   19   4    3    251
34   11   3    176    470
35   6   5    99    162
36   30   2    147    331
37   9   5    92    401
38   8   2    36    250
39   20   7    129    347
40   18   2    151    243
41   9   6    53    63
42   37   7    41    402
43   8   4    105    340
44   17   6    169    98
45   20   2    67    140
46   16   4    81    434
47   31   5    87    352
48   7   4    17    34
49   6   4    11    483
50   45   4    121    110
51   14   2    31    486
52   19   5    148    386
53   14   5    181    157
54   39   2    103    22
55   23   4    81    401
56   53   7    78    200
57   47   5    181    376
58   23   2    7    288
59   13   2    139    348
60   24   2    116    165
61   49   3    142    123
62   54   3    168    259
63   22   5    168    414
64   59   3    27    373
65   8   3    189    172
66   8   3    87    328
67   61   7    82    114
68   25   3    183    420
69   43   7    67    340
70   20   4    100    401
71   8   4    36    22
72   17   7    154    366
73   46   4    52    368
74   27   4    102    158
75   12   4    82    44
76   4   7    104    1
77   31   3    120    323
78   41   7    134    62
79   35   7    108    162
80   1   6    177    248
81   40   7    188    385
82   15   4    180    292
83   58   5    198    292
84   33   2    121    178
85   28   7    70    495
86   63   7    157    379
87   51   2    76    454
88   8   4    189    400
89   43   5    187    473
90   20   6    171    85
91   37   6    142    228
92   49   3    86    201
93   40   7    37    37
94   63   6    192    63
95   90   4    21    116
96   73   3    75    214
97   81   2    45    327
98   6   3    144    269
99   6   5    72    392
100   25   5    193    253
101   86   7    53    161
102   23   3    88    264
103   70   4    178    241
104   53   5    184    156
105   99   7    153    321
106   44   6    60    33
107   2   3    33    409
108   28   3    22    294
109   47   4    5    181
110   72   6    178    316
111   100   7    12    314
112   78   7    16    410
113   43   5    102    302
114   69   7    20    22
115   80   5    40    393
116   46   4    160    470
117   12   5    181    88
118   58   6    52    177
119   85   2    168    412
120   29   4    108    180
