1   0   6    17    15
2   1   3    45    235
3   1   5    14    226
4   1   6    60    166
5   3   4    184    145
6   2   6    133    415
7   4   6    195    70
8   1   7    87    234
9   3   5    114    71
10   6   7    104    14
11   1   3    78    41
12   7   5    53    485
13   1   3    81    490
14   3   5    166    385
15   8   5    162    122
16   13   2    8    81
17   1   4    160    199
18   8   6    150    30
19   6   5    128    115
20   9   7    13    434
21   18   7    10    39
22   20   5    122    11
23   14   5    191    208
24   18   3    7    467
25   20   4    140    156
26   22   2    100    343
27   22   7    13    200
28   1   5    126    129
29   21   2    199    146
30   20   3    129    333
31   22   5    146    444
32   18   2    33    112
33   17   7    53    218
34   8   6    152    283
35   6   3    80    238
36   2   4    180    416
37   4   5    121    230
38   6   7    90    34
39   29   2    36    2
40   16   3    141    256
41   28   4    178    90
42   29   7    55    96
43   27   2    151    346
44   2   6    5    89
45   2   3    122    300
46   30   6    87    46
47   22   5    70    139
48   7   5    65    55
49   14   3    129    151
50   12   2    115    116
51   32   7    164    63
52   5   2    105    455
53   32   3    112    310
54   30   7    48    499
55   53   2    67    484
56   35   6    182    324
57   26   3    75    186
58   45   6    4    345
59   34   2    15    243
60   42   3    174    478
61   24   3    109    320
62   27   3    18    269
63   52   6    155    273
64   45   2    102    275
65   38   3    103    173
66   46   5    78    256
67   48   6    157    234
68   35   6    27    231
69   15   6    90    242
70   9   2    120    130
71   35   2    157    203
72   53   3    186    31
73   62   4    128    306
74   57   5    131    223
75   19   5    66    126
76   58   5    168    13
77   65   2    150    307
78   16   3    120    489
79   53   2    177    139
80   29   7    13    354
81   13   7    60    249
82   68   3    129    234
83   24   7    53    479
84   17   2    147    316
85   69   4    47    63
86   5   4    193    314
87   82   5    132    125
88   38   6    15    407
89   36   5    73    26
90   8   6    171    416
91   61   6    11    204
92   86   6    13    398
93   45   4    138    308
94   51   2    195    208
95   18   7    87    335
96   40   7    84    297
97   74   5    105    140
98   51   3    131    354
99   81   7    99    474
100   68   3    17    81
101   27   6    191    83
102   57   2    147    322
103   56   2    107    334
104   90   3    152    437
105   18   5    121    94
106   61   4    167    174
107   95   6    148    310
108   55   3    17    296
109   42   6    48    416
110   15   5    99    483
111   76   2    150    225
112   75   6    90    85
113   11   4    179    154
114   1   5    141    398
115   16   5    73    209
116   76   3    20    288
117   75   7    84    388
118   36   6    35    289
119   27   7    92    127
120   71   2    36    314
