1   0   3    29    8
2   1   3    94    169
3   1   5    76    392
4   2   5    1    259
5   1   3    141    3
6   3   5    7    10
7   3   7    51    194
8   2   2    59    286
9   5   2    159    417
10   5   2    100    415
11   4   7    158    206
12   6   2    72    141
13   8   3    1    225
14   10   5    11    216
15   3   2    105    61
16   14   6    164    361
17   15   6    193    126
18   12   5    185    50
19   14   5    68    230
20   6   5    157    13
21   16   5    128    404
22   3   7    69    405
23   11   2    23    20
24   14   2    5    293
25   7   4    168    372
26   14   6    17    457
27   3   4    163    420
28   11   6    82    495
29   14   5    125    375
30   4   4    169    205
31   6   2    132    84
32   12   4    96    100
33   1   3    184    452
34   13   7    2    277
35   1   7    1    351
36   1   2    77    218
37   25   3    170    159
38   31   5    5    479
39   7   6    34    285
40   1   7    33    123
41   10   7    70    39
42   19   7    143    204
43   30   4    3    6
44   30   2    96    162
45   4   3    149    79
46   1   2    97    360
47   12   7    107    351
48   39   3    6    400
49   33   4    81    21
50   42   7    46    162
51   8   5    139    129
52   39   3    77    494
53   18   7    163    226
54   45   2    106    450
55   42   4    90    139
56   28   5    165    310
57   23   3    53    406
58   16   2    135    438
59   25   3    195    237
60   45   6    114    440
61   44   5    177    422
62   11   4    29    236
63   25   5    61    464
64   13   4    172    325
65   33   2    137    340
66   44   4    122    270
67   61   5    129    325
68   11   3    78    53
69   6   3    48    472
70   47   4    67    166
71   68   3    119    25
72   23   5    8    439
73   8   6    88    166
74   54   3    72    136
75   65   2    7    210
76   51   6    20    441
77   6   2    102    338
78   7   5    148    159
79   62   7    139    33
80   75   5    174    487
81   21   7    102    268
82   19   2    60    96
83   32   4    40    431
84   32   3    63    243
85   26   2    180    164
86   68   4    152    390
87   61   4    156    196
88   20   6    41    478
89   17   5    48    396
90   41   2    163    176
91   65   5    167    377
92   9   5    180    112
93   77   6    46    119
94   63   6    58    499
95   11   7    119    190
96   17   5    68    468
97   93   5    169    303
98   96   5    120    298
99   63   6    64    350
100   61   6    64    498
101   35   7    8    276
102   31   5    80    432
103   43   3    183    377
104   64   6    198    171
105   95   7    66    156
106   90   3    152    272
107   99   5    157    49
108   75   5    136    357
109   77   7    60    96
110   98   4    142    284
111   20   5    150    389
112   102   5    145    251
113   28   7    122    113
114   111   7    153    247
115   14   4    161    128
116   13   5    70    73
117   35   5    183    178
118   31   6    131    123
119   85   6    139    168
120   24   5    136    233
