1   0   4    14    19
2   1   3    117    6
3   1   6    63    200
4   2   2    193    39
5   3   5    153    129
6   2   2    28    241
7   2   7    13    464
8   1   2    45    157
9   5   6    83    241
10   4   3    83    3
11   9   7    170    313
12   6   6    130    316
13   5   6    11    263
14   3   2    137    216
15   3   6    32    359
16   11   4    145    352
17   6   7    13    196
18   9   6    73    235
19   8   7    193    485
20   3   5    39    118
21   14   2    182    232
22   8   7    176    118
23   7   6    33    300
24   15   6    41    319
25   17   5    167    120
26   2   4    100    239
27   6   6    177    472
28   25   4    122    110
29   16   6    54    100
30   7   4    142    161
31   17   6    95    230
32   30   5    40    1
33   14   3    49    384
34   24   3    137    443
35   7   3    55    121
36   15   2    162    307
37   7   6    89    325
38   29   6    58    217
39   4   6    149    112
40   20   3    151    84
41   20   7    26    165
42   10   2    54    249
43   3   3    178    252
44   38   3    147    223
45   31   7    154    250
46   41   2    77    458
47   6   4    45    150
48   20   6    165    241
49   24   4    113    232
50   22   4    64    3
51   2   2    31    8
52   13   6    8    116
53   38   3    132    142
54   34   2    146    346
55   27   6    49    94
56   3   7    122    377
57   18   2    32    49
58   46   6    27    12
59   43   7    118    163
60   57   2    27    448
61   5   6    166    171
62   31   7    102    383
63   1   4    114    321
64   42   6    154    497
65   6   5    163    82
66   47   4    10    112
67   58   3    106    71
68   63   7    12    275
69   31   7    80    113
70   25   6    145    44
71   67   7    188    266
72   35   2    101    335
73   3   2    101    488
74   44   6    195    357
75   14   7    194    368
76   66   2    88    342
77   9   2    43    17
78   3   2    125    468
79   75   3    189    373
80   64   7    123    299
81   3   7    159    208
82   56   6    54    364
83   32   7    121    185
84   21   6    4    214
85   20   2    99    182
86   10   2    193    242
87   78   3    190    141
88   41   3    165    131
89   4   3    157    413
90   51   3    147    372
91   84   5    189    332
92   8   7    91    347
93   90   4    165    160
94   55   4    99    273
95   52   6    133    387
96   46   7    185    120
97   6   2    90    415
98   72   3    48    150
99   80   5    90    312
100   49   7    68    155
101   80   6    111    195
102   18   3    123    424
103   24   4    114    404
104   34   3    97    481
105   22   2    45    493
106   77   5    198    295
107   91   5    168    286
108   87   3    45    61
109   71   3    12    313
110   107   3    160    313
111   44   7    1    228
112   35   2    43    390
113   84   2    2    219
114   12   2    120    149
115   111   7    85    132
116   51   3    9    1
117   89   6    198    489
118   97   4    127    163
119   22   4    36    30
120   58   5    13    56
