1   0   2    1    5
2   1   7    187    272
3   1   3    9    27
4   2   5    23    51
5   3   2    183    343
6   1   3    123    286
7   1   6    157    491
8   2   4    193    244
9   7   3    168    80
10   4   5    147    211
11   4   5    164    477
12   9   6    88    212
13   3   7    73    352
14   11   2    116    299
15   4   7    65    437
16   7   4    185    464
17   11   6    12    453
18   2   3    108    164
19   14   6    85    427
20   5   3    133    420
21   3   7    178    32
22   15   5    62    148
23   16   4    18    481
24   13   3    68    127
25   2   6    96    388
26   21   4    191    418
27   8   4    173    303
28   24   6    93    457
29   27   6    31    138
30   11   7    63    106
31   19   5    114    448
32   2   5    86    408
33   17   7    47    294
34   22   3    87    206
35   3   4    103    125
36   27   6    72    161
37   34   7    185    128
38   23   3    178    158
39   4   3    157    311
40   18   4    149    315
41   36   2    47    230
42   6   2    132    127
43   6   2    151    417
44   15   5    31    174
45   5   5    35    123
46   24   7    98    358
47   24   4    81    370
48   25   4    152    452
49   42   2    98    487
50   32   7    24    45
51   21   2    99    9
52   24   6    120    157
53   24   7    32    42
54   10   2    124    260
55   4   6    114    64
56   34   5    123    133
57   35   7    157    52
58   34   4    159    150
59   29   7    138    132
60   57   2    112    400
61   39   7    155    453
62   22   2    116    71
63   12   2    105    414
64   54   7    61    262
65   55   2    18    159
66   63   3    74    113
67   4   3    144    452
68   2   5    37    241
69   19   6    126    227
70   58   4    167    93
71   55   3    155    72
72   55   5    11    425
73   37   4    39    11
74   15   2    154    190
75   54   2    165    329
76   26   2    117    221
77   64   7    89    139
78   29   6    57    361
79   27   3    6    198
80   19   6    168    454
81   5   7    37    467
82   57   7    145    177
83   76   4    55    20
84   21   6    188    464
85   60   3    163    283
86   48   5    135    493
87   56   3    104    358
88   83   5    133    86
89   83   5    61    339
90   27   4    36    430
91   80   3    35    130
92   12   4    82    487
93   49   7    185    193
94   52   2    86    96
95   28   6    40    386
96   41   3    31    431
97   83   3    132    464
98   86   4    184    348
99   57   2    165    399
100   62   5    159    349
101   55   2    144    15
102   59   6    137    282
103   56   6    156    293
104   72   4    37    153
105   76   4    96    338
106   17   2    133    27
107   25   4    56    107
108   81   5    76    443
109   12   2    55    424
110   9   6    140    383
111   19   7    10    240
112   92   6    90    174
113   25   4    79    392
114   97   3    113    317
115   7   3    53    260
116   96   4    130    9
117   19   4    181    377
118   16   5    103    138
119   110   5    75    468
120   8   7    51    451
