1   0   5    22    40
2   1   5    160    295
3   1   4    7    171
4   2   3    123    120
5   2   3    115    333
6   4   4    104    271
7   5   4    161    12
8   1   6    114    110
9   1   3    31    193
10   1   7    141    235
11   8   4    50    152
12   2   5    72    420
13   2   5    111    424
14   5   7    187    248
15   7   4    76    302
16   13   2    83    207
17   14   6    106    258
18   16   4    23    371
19   8   4    120    438
20   18   2    107    59
21   10   2    179    448
22   18   3    24    122
23   10   2    37    176
24   21   6    14    31
25   9   5    146    62
26   12   3    164    494
27   19   3    48    48
28   21   6    110    360
29   4   5    112    197
30   14   3    176    225
31   20   2    116    106
32   29   3    2    231
33   11   3    93    229
34   28   4    59    436
35   20   2    80    263
36   4   2    156    290
37   21   4    76    220
38   2   7    121    336
39   16   5    176    287
40   3   6    151    466
41   27   5    135    38
42   25   6    38    105
43   34   7    145    460
44   21   5    164    276
45   42   7    157    20
46   37   5    95    87
47   5   4    189    133
48   39   3    177    263
49   26   7    53    235
50   39   6    12    448
51   5   2    69    328
52   35   6    114    334
53   14   6    59    437
54   27   3    29    212
55   13   4    4    45
56   44   5    82    43
57   29   2    109    58
58   9   4    107    164
59   16   3    114    69
60   14   5    151    413
61   46   6    176    122
62   8   5    171    135
63   50   2    140    391
64   38   7    3    410
65   3   5    42    248
66   35   4    159    476
67   15   7    188    403
68   7   4    141    135
69   39   7    108    54
70   20   6    179    367
71   30   3    181    162
72   60   6    143    496
73   22   2    179    1
74   43   4    52    118
75   73   4    70    275
76   57   7    172    279
77   53   5    76    268
78   76   6    53    75
79   32   2    152    291
80   63   6    92    205
81   41   2    125    408
82   68   3    59    240
83   23   3    193    279
84   82   7    116    333
85   17   4    153    9
86   53   3    122    19
87   3   5    16    155
88   51   3    78    300
89   46   7    8    33
90   60   4    68    335
91   8   7    185    386
92   89   7    191    296
93   9   7    88    140
94   86   4    108    402
95   9   4    177    381
96   85   3    96    412
97   1   4    78    112
98   20   6    48    402
99   47   3    112    487
100   48   6    94    238
101   35   4    6    433
102   28   7    96    121
103   52   4    190    287
104   32   3    111    175
105   84   3    35    415
106   8   5    183    83
107   104   3    188    23
108   87   3    114    269
109   100   4    130    303
110   19   4    38    394
111   67   3    126    126
112   17   7    46    345
113   6   3    120    269
114   101   2    117    331
115   111   4    96    69
116   73   6    82    380
117   12   2    60    143
118   56   3    173    394
119   82   6    20    305
120   63   7    176    449
