1   0   5    15    5
2   1   4    184    194
3   1   4    196    496
4   2   3    61    203
5   2   2    62    444
6   3   3    16    273
7   1   2    131    175
8   2   4    137    381
9   2   7    16    92
10   8   2    27    99
11   9   4    148    276
12   8   3    68    80
13   4   5    2    354
14   1   6    124    103
15   10   7    38    59
16   2   4    95    435
17   6   6    65    103
18   10   6    23    71
19   13   2    145    164
20   16   2    42    225
21   16   6    48    65
22   18   3    67    158
23   17   3    58    41
24   19   3    79    81
25   8   5    125    158
26   9   7    64    207
27   14   4    73    244
28   19   2    175    24
29   14   6    182    170
30   5   6    69    240
31   21   2    34    109
32   19   5    2    166
33   25   2    175    69
34   7   6    34    432
35   6   6    104    408
36   1   5    74    304
37   33   5    7    161
38   12   3    58    358
39   14   3    130    315
40   23   4    108    467
41   30   2    144    57
42   24   3    114    309
43   8   7    56    160
44   32   5    141    494
45   41   5    38    440
46   7   2    187    23
47   8   7    165    169
48   9   2    67    276
49   6   7    51    305
50   7   3    64    384
51   20   5    35    345
52   13   4    70    423
53   36   3    31    346
54   22   2    28    7
55   14   6    43    453
56   42   7    79    473
57   40   5    115    132
58   3   2    14    144
59   5   4    172    420
60   48   6    109    174
61   17   6    149    317
62   15   4    181    123
63   39   2    43    223
64   20   2    72    401
65   24   5    125    192
66   17   7    15    250
67   41   2    91    169
68   60   4    15    418
69   6   4    101    417
70   13   7    180    227
71   19   6    182    474
72   42   2    56    451
73   11   5    155    147
74   43   3    58    337
75   19   7    197    452
76   69   4    156    131
77   74   2    47    343
78   44   6    83    106
79   53   6    94    65
80   54   4    50    223
81   52   2    109    318
82   69   7    59    216
83   53   6    199    188
84   17   2    61    326
85   15   7    192    468
86   62   7    55    374
87   63   2    16    141
88   37   6    186    193
89   60   4    6    28
90   16   5    80    51
91   79   7    172    443
92   54   3    173    254
93   18   5    14    317
94   80   6    50    431
95   73   4    53    224
96   73   4    27    197
97   10   7    80    386
98   74   6    104    361
99   56   4    101    490
100   27   2    66    152
101   33   2    160    186
102   9   6    119    378
103   47   2    70    94
104   31   6    20    67
105   66   5    47    312
106   98   6    136    26
107   40   7    68    71
108   93   7    91    337
109   26   2    133    156
110   67   6    43    302
111   14   4    27    226
112   63   2    39    95
113   35   3    102    349
114   39   5    21    194
115   13   2    127    160
116   81   4    85    322
117   104   6    112    410
118   40   5    172    482
119   83   4    187    19
120   8   3    24    162
