1   0   4    22    20
2   1   5    170    202
3   1   7    66    15
4   2   7    108    128
5   2   7    83    310
6   2   3    42    473
7   2   4    49    388
8   1   3    180    157
9   4   4    195    109
10   4   2    135    395
11   9   4    107    268
12   10   6    99    400
13   9   4    72    305
14   8   5    123    474
15   12   6    181    74
16   14   5    108    478
17   5   3    162    467
18   6   5    35    351
19   4   2    7    484
20   8   2    129    492
21   14   5    136    469
22   1   2    169    49
23   3   7    44    68
24   7   2    21    310
25   5   7    191    86
26   5   3    5    476
27   13   5    182    17
28   10   7    111    406
29   23   3    131    328
30   20   3    24    406
31   16   4    183    70
32   17   6    66    43
33   24   7    183    15
34   26   5    173    315
35   23   3    30    136
36   3   4    87    341
37   33   2    86    415
38   13   6    45    80
39   29   7    166    167
40   5   3    55    77
41   21   6    167    88
42   16   7    124    245
43   18   3    132    489
44   13   2    67    327
45   23   7    163    16
46   18   7    157    140
47   14   6    45    391
48   20   4    168    397
49   18   4    95    32
50   40   2    158    388
51   34   6    37    23
52   38   4    134    357
53   30   5    112    247
54   12   7    17    287
55   35   6    93    257
56   12   2    48    59
57   16   6    32    392
58   26   5    125    252
59   48   7    10    97
60   12   7    147    288
61   7   3    124    146
62   7   3    149    55
63   14   5    124    485
64   33   5    7    286
65   22   2    54    13
66   21   3    88    76
67   19   3    177    474
68   2   2    10    375
69   39   4    42    18
70   10   7    111    162
71   1   6    160    368
72   66   4    139    392
73   7   4    121    100
74   61   4    67    122
75   45   5    152    90
76   31   5    194    365
77   10   6    144    481
78   34   6    188    497
79   43   7    76    184
80   36   5    167    303
81   64   4    80    304
82   36   7    80    23
83   16   5    70    284
84   17   7    148    476
85   58   7    10    97
86   12   3    191    2
87   83   5    52    155
88   16   3    5    119
89   15   6    78    429
90   56   6    4    475
91   72   6    123    365
92   74   7    35    260
93   37   6    189    109
94   88   5    160    328
95   82   3    112    323
96   55   5    80    280
97   67   7    83    416
98   91   5    189    234
99   87   7    198    92
100   35   5    191    360
101   82   4    171    414
102   24   7    118    182
103   87   2    165    318
104   18   7    163    174
105   45   6    184    35
106   15   6    41    171
107   40   6    180    121
108   68   5    168    157
109   37   4    184    94
110   82   5    34    280
111   84   5    41    395
112   15   7    16    317
113   100   7    21    14
114   63   6    5    301
115   57   6    199    20
116   67   6    187    269
117   97   3    128    244
118   102   3    167    55
119   36   6    167    490
120   40   6    91    379
