1   0   6    19    15
2   1   5    16    467
3   1   7    60    479
4   1   4    83    402
5   1   2    100    64
6   4   5    100    233
7   4   6    112    449
8   4   7    117    230
9   4   2    160    250
10   4   4    153    96
11   6   4    19    149
12   9   6    180    362
13   10   6    82    191
14   2   5    135    32
15   1   5    167    154
16   3   2    72    325
17   12   2    167    152
18   14   5    141    39
19   14   3    56    208
20   8   4    123    221
21   3   3    185    168
22   18   2    148    451
23   4   5    116    277
24   17   7    91    35
25   3   2    51    116
26   7   3    177    488
27   1   6    35    52
28   23   5    124    407
29   19   3    124    284
30   11   3    133    182
31   7   6    147    342
32   23   3    83    153
33   7   7    54    261
34   7   3    149    134
35   7   5    35    336
36   32   5    132    467
37   6   7    19    158
38   11   4    108    265
39   7   6    11    322
40   10   4    85    371
41   3   3    52    149
42   34   6    172    423
43   6   3    157    480
44   8   4    197    9
45   38   7    167    77
46   44   2    52    68
47   41   2    17    158
48   18   6    48    308
49   6   4    100    48
50   36   3    58    36
51   19   3    48    463
52   32   3    137    217
53   41   7    137    180
54   36   3    29    441
55   39   7    190    399
56   5   7    199    106
57   25   3    188    274
58   36   3    4    161
59   55   5    179    28
60   33   4    180    4
61   51   4    41    95
62   10   2    167    470
63   15   4    197    11
64   46   5    40    326
65   46   3    6    471
66   52   7    180    410
67   21   6    66    295
68   57   5    168    471
69   8   5    155    107
70   58   4    62    477
71   69   5    21    496
72   29   4    176    370
73   66   6    59    206
74   63   2    65    60
75   51   3    39    189
76   20   6    31    392
77   19   7    44    101
78   60   7    29    284
79   18   7    11    208
80   54   4    11    259
81   75   4    106    74
82   54   3    21    7
83   61   3    42    32
84   24   7    75    106
85   65   2    118    184
86   21   3    171    239
87   80   2    69    12
88   5   2    47    373
89   46   2    64    498
90   27   2    24    390
91   82   3    160    259
92   71   3    82    190
93   41   4    70    484
94   44   7    180    419
95   72   2    12    215
96   29   6    50    79
97   89   7    167    470
98   62   2    18    177
99   86   5    164    391
100   61   2    96    336
101   43   2    159    165
102   60   3    144    157
103   59   3    118    125
104   46   5    180    427
105   96   7    195    48
106   91   5    34    142
107   53   7    24    55
108   28   2    10    495
109   56   3    93    134
110   41   7    65    241
111   40   6    25    251
112   46   2    45    56
113   22   7    101    374
114   46   6    97    428
115   32   2    86    336
116   73   4    78    445
117   86   2    30    391
118   63   3    127    493
119   26   4    19    150
120   78   7    50    356
