1   0   5    5    17
2   1   2    63    455
3   1   6    195    433
4   1   2    122    105
5   1   5    128    334
6   3   4    79    170
7   4   2    105    199
8   2   4    56    150
9   3   7    56    481
10   6   6    46    3
11   4   3    138    269
12   6   2    106    85
13   8   2    60    130
14   7   2    89    490
15   12   7    34    225
16   10   7    87    41
17   14   7    73    111
18   11   4    185    36
19   4   2    138    305
20   4   2    9    5
21   6   4    124    167
22   1   2    195    496
23   6   4    29    221
24   2   7    83    432
25   18   4    80    5
26   19   3    170    478
27   23   2    91    412
28   19   5    147    139
29   15   4    67    292
30   21   3    44    409
31   22   5    22    420
32   8   3    109    353
33   7   3    104    356
34   2   4    130    26
35   3   4    179    256
36   15   5    26    436
37   30   6    165    217
38   24   3    140    467
39   15   3    114    348
40   38   6    77    486
41   8   6    69    234
42   38   4    95    412
43   1   3    56    303
44   35   5    132    8
45   23   3    45    423
46   22   4    79    173
47   23   2    67    420
48   9   3    172    480
49   20   6    104    9
50   6   4    123    161
51   43   7    82    496
52   16   5    58    413
53   48   3    44    39
54   28   5    19    130
55   18   6    37    296
56   12   2    170    285
57   12   3    63    296
58   50   2    164    354
59   54   6    29    174
60   58   7    70    453
61   14   4    5    382
62   2   6    33    317
63   6   2    116    161
64   16   3    198    388
65   38   3    11    62
66   11   5    188    196
67   30   6    1    344
68   55   5    89    145
69   19   6    136    414
70   14   2    74    422
71   54   7    46    61
72   28   4    35    109
73   46   2    58    160
74   7   3    126    219
75   68   3    3    134
76   24   2    95    2
77   54   6    127    84
78   34   4    8    387
79   23   5    164    277
80   56   3    71    325
81   45   6    140    410
82   7   3    185    431
83   52   7    111    243
84   13   3    75    366
85   28   4    46    214
86   24   7    106    352
87   3   5    183    46
88   41   7    193    413
89   53   7    37    428
90   82   5    103    34
91   57   3    89    358
92   80   2    33    413
93   4   5    148    263
94   11   5    62    2
95   2   5    9    492
96   88   6    145    47
97   15   2    102    462
98   39   3    59    485
99   74   4    30    243
100   46   3    152    469
101   80   2    121    33
102   1   7    102    337
103   3   5    111    67
104   78   2    25    264
105   35   3    114    28
106   79   3    161    119
107   14   7    177    227
108   86   7    183    163
109   107   4    103    419
110   6   2    170    30
111   2   2    56    25
112   94   2    181    169
113   84   3    79    435
114   102   3    78    115
115   104   4    96    211
116   77   2    113    341
117   110   3    151    74
118   46   2    196    272
119   100   5    45    86
120   17   3    106    477
