1   0   3    23    15
2   1   5    115    409
3   1   6    6    451
4   2   2    8    308
5   3   3    57    22
6   4   5    88    416
7   5   2    96    361
8   2   6    15    272
9   2   6    45    216
10   8   5    193    395
11   6   2    171    120
12   5   6    146    4
13   2   7    163    185
14   1   2    116    423
15   12   7    88    337
16   13   6    61    296
17   1   3    169    42
18   7   5    146    436
19   17   4    109    373
20   2   7    69    15
21   13   6    25    179
22   3   6    62    9
23   8   4    106    466
24   18   6    170    226
25   3   7    82    314
26   16   2    56    4
27   7   2    151    135
28   10   7    127    73
29   14   7    191    123
30   22   5    78    122
31   28   2    34    319
32   1   3    116    439
33   14   6    64    252
34   12   2    79    222
35   24   2    72    316
36   5   7    88    428
37   12   6    98    277
38   23   3    31    230
39   17   6    22    256
40   19   3    16    177
41   14   5    73    308
42   38   6    17    477
43   3   3    93    365
44   31   5    195    464
45   42   7    47    364
46   3   3    115    75
47   45   3    152    125
48   9   6    104    473
49   31   3    186    143
50   47   7    10    447
51   11   2    28    475
52   45   5    181    464
53   8   4    124    88
54   5   5    50    57
55   22   7    183    467
56   20   7    50    432
57   41   4    97    66
58   4   4    11    117
59   41   4    96    196
60   5   6    69    491
61   51   5    45    420
62   30   3    161    198
63   3   2    114    193
64   3   3    96    238
65   20   3    171    25
66   57   2    180    497
67   10   4    78    14
68   14   6    163    416
69   39   2    129    252
70   41   4    104    55
71   20   7    32    218
72   5   6    20    489
73   13   6    57    18
74   4   5    182    268
75   6   3    180    146
76   54   5    116    400
77   71   7    67    468
78   48   6    149    67
79   21   4    92    158
80   28   2    12    42
81   28   3    59    126
82   2   7    198    475
83   67   7    51    60
84   56   2    160    327
85   83   6    25    233
86   18   5    195    207
87   41   2    193    278
88   16   7    105    43
89   61   5    107    261
90   6   5    31    172
91   52   2    99    139
92   48   6    1    116
93   1   3    108    293
94   59   6    84    437
95   60   3    53    442
96   24   5    197    100
97   81   2    61    27
98   21   6    93    117
99   3   3    45    267
100   65   2    183    421
101   32   2    58    1
102   99   4    36    496
103   4   7    35    229
104   33   7    184    265
105   51   7    129    180
106   92   3    54    459
107   45   7    13    258
108   13   7    106    417
109   28   2    73    160
110   24   7    104    405
111   6   6    129    138
112   6   6    199    261
113   47   6    88    104
114   65   4    41    99
115   77   2    109    3
116   88   4    11    456
117   45   6    32    255
118   68   5    42    143
119   3   3    174    51
120   59   7    186    76
