1   0   4    18    27
2   1   5    155    35
3   1   7    136    406
4   2   3    90    243
5   3   5    27    218
6   1   2    81    493
7   1   3    104    16
8   5   2    37    165
9   2   7    134    415
10   7   3    8    361
11   1   4    198    98
12   10   7    163    439
13   5   4    129    250
14   3   4    70    183
15   11   4    92    293
16   2   5    148    132
17   1   3    8    396
18   15   7    128    97
19   16   3    156    113
20   10   3    90    434
21   10   4    37    411
22   10   7    174    428
23   18   5    120    278
24   14   4    172    313
25   14   3    93    480
26   17   2    27    328
27   15   5    25    298
28   19   4    88    378
29   10   5    50    176
30   11   4    102    461
31   3   5    14    126
32   19   7    175    380
33   7   3    105    447
34   26   4    194    46
35   16   7    10    291
36   24   4    39    294
37   35   2    40    54
38   26   7    154    289
39   12   6    190    398
40   17   2    37    173
41   36   7    136    279
42   16   2    150    338
43   34   7    192    150
44   17   2    117    178
45   17   2    124    39
46   28   6    158    380
47   45   3    83    342
48   16   2    175    259
49   15   4    85    214
50   9   4    132    195
51   37   3    44    216
52   39   3    99    397
53   37   7    8    129
54   11   5    93    87
55   25   6    181    40
56   14   2    167    371
57   9   3    171    163
58   30   2    117    447
59   9   7    100    235
60   31   4    161    79
61   53   5    94    269
62   38   5    127    106
63   46   4    68    179
64   1   5    120    138
65   37   6    104    474
66   25   5    46    84
67   5   7    87    239
68   60   3    4    43
69   19   6    169    174
70   10   7    37    408
71   54   2    11    65
72   42   4    86    366
73   30   4    37    41
74   50   7    96    410
75   50   2    155    430
76   37   3    173    238
77   6   3    80    451
78   8   4    93    343
79   51   7    173    480
80   69   3    114    20
81   62   7    106    162
82   20   5    133    238
83   59   6    44    70
84   23   7    144    176
85   19   7    126    372
86   21   2    56    300
87   16   2    48    126
88   53   6    24    232
89   19   4    55    428
90   15   5    40    344
91   69   2    168    149
92   85   2    86    118
93   6   4    95    401
94   12   3    94    36
95   47   4    122    445
96   71   5    42    311
97   31   3    195    229
98   29   3    161    497
99   45   5    94    154
100   68   7    115    198
101   4   5    66    357
102   36   2    165    12
103   51   2    22    225
104   54   5    54    422
105   47   7    128    238
106   90   2    14    82
107   7   5    12    190
108   60   7    74    325
109   3   3    91    286
110   26   3    180    126
111   99   2    61    486
112   85   4    95    88
113   8   7    79    227
114   12   3    191    211
115   30   4    51    67
116   10   3    132    427
117   65   7    83    396
118   104   2    44    276
119   10   6    8    147
120   5   6    168    82
