1   0   5    18    35
2   1   6    68    21
3   1   2    85    326
4   1   3    109    97
5   3   4    187    168
6   1   2    86    476
7   3   5    82    140
8   6   2    133    348
9   6   4    20    498
10   3   2    195    375
11   9   5    32    362
12   4   2    64    121
13   1   2    175    14
14   2   6    130    445
15   6   2    135    414
16   4   2    22    45
17   7   6    125    234
18   12   6    16    215
19   5   2    86    499
20   13   4    57    475
21   13   2    66    67
22   5   3    108    471
23   15   5    69    444
24   1   4    17    286
25   14   7    192    22
26   2   6    125    171
27   22   6    173    266
28   4   2    154    296
29   18   2    131    166
30   3   5    67    245
31   17   4    113    437
32   3   2    70    201
33   5   6    98    467
34   28   5    115    309
35   30   7    134    117
36   27   2    36    464
37   7   5    167    416
38   19   6    179    58
39   15   7    47    67
40   33   5    165    124
41   25   3    168    332
42   26   3    163    216
43   21   3    151    248
44   5   5    33    19
45   26   6    4    107
46   27   7    15    281
47   25   6    141    360
48   43   4    157    337
49   28   7    193    49
50   18   4    143    397
51   20   6    10    222
52   11   5    73    77
53   48   7    161    246
54   35   7    174    380
55   37   6    22    158
56   8   7    158    90
57   29   5    190    158
58   18   6    79    166
59   28   5    189    111
60   5   3    157    251
61   36   5    119    293
62   31   3    122    52
63   22   2    110    329
64   20   7    164    268
65   22   5    196    286
66   52   4    173    230
67   20   7    86    233
68   1   3    184    489
69   33   5    198    443
70   17   3    129    67
71   66   5    177    448
72   39   6    140    440
73   34   6    140    327
74   55   3    162    297
75   36   3    58    424
76   53   5    103    98
77   56   4    96    216
78   1   2    110    295
79   50   5    198    32
80   28   4    112    305
81   32   5    170    440
82   36   2    73    333
83   20   3    134    453
84   27   4    179    325
85   75   7    69    290
86   48   6    170    194
87   70   4    124    155
88   49   7    102    52
89   65   7    79    490
90   88   2    108    252
91   16   2    112    329
92   73   7    5    57
93   36   7    125    80
94   88   2    196    402
95   60   2    94    156
96   47   4    164    367
97   42   2    179    328
98   41   4    46    201
99   16   3    186    397
100   31   3    129    326
101   53   6    27    281
102   2   2    114    376
103   80   4    22    426
104   101   6    71    138
105   65   5    112    309
106   82   7    157    201
107   61   5    135    311
108   3   5    149    265
109   32   7    19    23
110   89   4    120    173
111   45   6    169    330
112   95   4    32    493
113   31   5    40    204
114   19   3    156    472
115   88   7    196    15
116   81   6    3    344
117   6   6    4    402
118   82   7    122    349
119   41   5    53    250
120   80   3    34    384
