1   0   3    1    23
2   1   7    73    408
3   1   2    196    25
4   1   3    16    421
5   3   3    88    112
6   4   7    138    258
7   3   6    64    140
8   6   5    41    7
9   1   3    89    136
10   5   5    122    344
11   9   3    20    64
12   3   5    156    441
13   2   2    104    431
14   8   4    128    355
15   3   4    183    368
16   13   3    44    324
17   9   2    104    289
18   1   5    49    62
19   6   7    60    433
20   13   5    17    168
21   13   5    97    313
22   12   7    36    64
23   20   3    93    405
24   9   4    56    14
25   12   3    81    80
26   19   2    86    214
27   5   4    189    336
28   26   6    149    199
29   20   5    189    162
30   12   2    9    81
31   27   7    139    305
32   20   4    131    260
33   29   6    13    207
34   30   5    61    212
35   6   4    30    8
36   9   2    38    315
37   29   2    61    320
38   36   4    102    239
39   28   3    18    483
40   34   2    106    391
41   6   6    121    312
42   35   5    185    418
43   23   6    32    451
44   11   6    106    498
45   32   3    13    302
46   18   5    12    299
47   10   2    54    369
48   38   3    42    257
49   12   3    184    59
50   41   2    122    183
51   5   6    100    177
52   22   3    97    217
53   42   3    37    360
54   19   7    75    257
55   52   4    78    196
56   51   5    136    240
57   35   6    28    65
58   53   6    191    391
59   34   5    177    266
60   3   4    59    417
61   46   5    159    166
62   55   3    95    34
63   7   5    195    63
64   17   6    7    124
65   13   3    142    430
66   27   7    186    328
67   9   4    47    36
68   57   5    49    364
69   20   4    136    191
70   58   4    85    40
71   5   7    22    435
72   70   2    186    451
73   36   7    21    375
74   31   2    164    216
75   15   7    21    441
76   73   4    112    228
77   55   3    30    98
78   64   4    90    341
79   28   4    95    343
80   20   4    152    142
81   1   7    56    262
82   71   7    79    354
83   67   5    194    168
84   34   7    103    89
85   56   5    133    328
86   60   6    12    440
87   48   2    130    477
88   19   2    86    362
89   54   7    167    17
90   25   5    174    426
91   73   6    2    431
92   63   6    129    306
93   59   3    136    367
94   78   6    161    421
95   58   6    82    473
96   17   7    137    142
97   37   6    76    61
98   27   7    147    5
99   22   2    3    288
100   37   3    195    202
101   85   2    164    21
102   40   4    111    168
103   82   3    116    412
104   75   6    101    7
105   70   6    47    331
106   35   6    19    210
107   28   2    57    256
108   89   6    53    161
109   85   2    85    237
110   66   3    5    146
111   33   6    56    38
112   12   7    126    69
113   64   4    76    62
114   66   4    147    408
115   40   2    69    172
116   102   4    120    66
117   104   4    180    325
118   64   5    77    315
119   90   5    1    439
120   98   2    94    237
