1   0   4    14    24
2   1   7    11    203
3   1   6    184    77
4   2   2    179    11
5   1   5    134    328
6   1   6    154    225
7   4   2    117    165
8   4   7    151    340
9   2   5    139    93
10   3   5    63    25
11   8   6    143    139
12   8   7    129    400
13   8   6    79    124
14   1   4    170    56
15   2   5    115    342
16   10   4    72    300
17   12   7    151    218
18   13   3    183    316
19   11   5    102    73
20   10   4    190    98
21   7   4    98    352
22   7   2    97    69
23   7   5    51    497
24   10   2    82    416
25   14   2    10    442
26   1   6    41    341
27   2   7    39    401
28   21   4    42    28
29   25   2    32    140
30   19   2    22    132
31   4   4    35    13
32   3   2    137    133
33   23   2    58    434
34   2   7    117    490
35   1   6    131    30
36   27   4    24    52
37   24   4    163    339
38   2   4    190    355
39   35   4    95    282
40   7   2    193    30
41   1   6    99    74
42   24   6    80    258
43   38   2    195    445
44   29   6    143    119
45   25   3    147    2
46   44   4    89    323
47   40   3    167    219
48   4   4    182    99
49   30   3    167    274
50   32   5    167    373
51   43   3    130    199
52   10   5    45    443
53   27   4    129    308
54   10   6    139    171
55   39   6    158    266
56   17   6    21    481
57   7   5    57    72
58   26   6    93    401
59   45   3    18    215
60   37   5    193    356
61   19   2    89    334
62   6   5    15    151
63   17   7    193    224
64   34   7    74    376
65   35   4    136    28
66   31   3    14    466
67   28   3    77    286
68   50   4    58    23
69   48   3    93    288
70   21   3    181    15
71   68   6    126    6
72   49   5    186    391
73   52   2    112    430
74   6   4    191    149
75   9   4    31    207
76   71   4    159    299
77   64   4    195    89
78   69   2    178    142
79   68   2    136    289
80   4   7    169    466
81   53   3    108    295
82   16   7    80    41
83   57   2    177    5
84   77   6    120    444
85   16   5    101    226
86   42   5    138    125
87   14   5    198    38
88   36   3    113    8
89   69   6    75    135
90   22   4    186    60
91   72   5    5    464
92   17   5    154    456
93   19   6    166    3
94   6   2    166    440
95   7   2    173    439
96   70   6    31    268
97   59   5    51    72
98   89   7    79    283
99   59   6    1    116
100   40   5    50    317
101   73   3    170    171
102   79   6    52    200
103   101   3    85    10
104   3   5    50    170
105   11   5    34    271
106   43   3    193    252
107   20   6    73    72
108   65   4    88    382
109   28   7    115    162
110   3   4    190    308
111   65   2    141    40
112   91   6    158    140
113   55   5    103    360
114   103   7    152    332
115   43   3    162    272
116   109   4    56    333
117   109   4    25    154
118   80   2    189    340
119   94   2    92    438
120   50   2    150    255
