1   0   3    2    2
2   1   2    2    380
3   1   7    48    304
4   2   3    194    385
5   2   6    12    281
6   2   2    121    392
7   4   7    37    348
8   4   6    96    113
9   2   4    81    218
10   6   2    87    306
11   1   3    79    274
12   5   7    151    72
13   7   2    175    179
14   4   2    115    333
15   9   3    124    378
16   9   2    89    272
17   5   7    76    183
18   11   2    178    100
19   4   7    128    236
20   4   4    165    193
21   7   6    2    258
22   12   7    35    324
23   8   4    114    482
24   17   6    14    363
25   7   5    118    61
26   9   5    35    367
27   11   3    191    202
28   7   3    89    404
29   12   2    26    428
30   17   6    41    17
31   11   4    161    328
32   27   5    121    268
33   12   6    144    438
34   3   4    172    348
35   10   4    100    363
36   34   2    173    109
37   17   5    144    139
38   12   3    150    38
39   19   5    153    445
40   35   2    16    288
41   18   4    197    177
42   24   7    18    270
43   5   5    147    256
44   41   3    62    172
45   10   3    38    341
46   34   3    88    157
47   38   5    191    463
48   39   7    65    205
49   8   7    157    326
50   10   7    1    2
51   46   4    8    217
52   1   6    150    289
53   11   3    197    103
54   49   7    114    276
55   40   7    164    218
56   19   4    151    473
57   22   3    177    475
58   19   6    99    406
59   54   2    188    85
60   45   2    15    488
61   1   6    59    147
62   47   5    57    208
63   11   5    147    384
64   60   3    86    287
65   56   6    99    78
66   6   7    81    287
67   11   3    171    214
68   45   2    74    326
69   55   7    71    205
70   62   4    153    75
71   24   5    14    44
72   6   3    152    109
73   9   5    110    414
74   34   3    134    467
75   16   7    1    337
76   21   7    13    232
77   53   2    41    484
78   70   5    135    420
79   39   3    123    144
80   78   5    111    473
81   49   2    153    106
82   74   6    142    324
83   16   6    149    199
84   45   5    29    254
85   22   6    175    154
86   63   6    156    119
87   73   5    108    313
88   20   2    57    330
89   72   4    138    498
90   65   6    157    422
91   70   6    184    172
92   65   7    103    485
93   79   2    109    295
94   90   5    6    216
95   29   3    117    247
96   71   7    84    26
97   31   2    84    251
98   91   2    159    334
99   94   4    158    80
100   48   7    139    147
101   25   4    85    274
102   7   4    161    107
103   97   3    37    326
104   92   5    168    98
105   17   7    150    460
106   84   5    139    438
107   1   4    114    266
108   29   3    149    47
109   49   7    35    418
110   64   2    151    68
111   27   4    123    213
112   4   5    171    195
113   81   4    63    5
114   94   4    113    103
115   20   2    171    425
116   43   4    189    45
117   29   2    99    451
118   80   3    88    203
119   4   5    8    396
120   9   5    185    439
