1   0   4    1    4
2   1   7    168    233
3   1   4    17    113
4   1   7    104    9
5   1   4    49    281
6   4   2    180    466
7   3   4    57    371
8   2   6    179    115
9   5   5    113    345
10   8   7    132    220
11   3   3    71    401
12   10   5    115    140
13   10   5    153    171
14   8   2    97    461
15   12   2    174    453
16   4   4    65    323
17   13   3    4    78
18   10   6    69    156
19   14   6    92    308
20   2   6    41    35
21   11   6    25    272
22   12   2    132    361
23   20   5    197    106
24   5   3    43    280
25   14   3    12    80
26   1   3    55    341
27   5   3    165    153
28   20   4    22    472
29   2   2    37    29
30   25   2    66    53
31   15   3    133    82
32   17   2    89    19
33   13   4    100    78
34   29   2    128    47
35   8   5    122    328
36   17   3    141    70
37   13   2    154    395
38   24   7    167    230
39   2   4    37    441
40   10   3    10    426
41   27   5    113    154
42   16   3    19    16
43   21   7    29    374
44   16   5    38    391
45   41   7    43    377
46   27   2    17    384
47   6   3    162    304
48   28   2    72    94
49   15   4    24    453
50   8   6    165    201
51   20   4    53    237
52   29   6    175    35
53   39   4    83    253
54   4   5    93    480
55   25   6    133    305
56   49   5    126    30
57   39   5    131    236
58   34   7    165    377
59   10   7    55    110
60   42   5    173    198
61   2   3    164    20
62   35   6    199    9
63   24   3    7    14
64   5   2    127    322
65   49   4    109    168
66   40   4    41    130
67   42   7    86    88
68   34   2    24    274
69   58   2    37    453
70   48   6    168    91
71   6   3    131    374
72   53   7    2    65
73   66   4    57    37
74   7   6    127    82
75   55   3    88    57
76   23   4    105    113
77   9   5    70    454
78   61   3    135    216
79   62   2    22    10
80   24   2    80    76
81   22   2    168    393
82   1   2    7    17
83   11   3    158    304
84   71   2    155    230
85   10   5    58    331
86   74   7    96    252
87   21   6    188    280
88   27   7    57    68
89   73   5    26    442
90   15   5    77    316
91   76   3    194    341
92   15   2    23    291
93   73   4    50    190
94   11   2    128    247
95   72   4    103    168
96   31   4    112    341
97   6   3    39    92
98   74   4    73    374
99   93   4    192    92
100   40   4    115    467
101   71   5    43    409
102   11   2    68    254
103   14   6    144    225
104   26   2    50    244
105   67   6    161    481
106   90   3    2    304
107   27   7    144    222
108   17   5    123    61
109   54   6    40    231
110   30   4    29    133
111   66   7    106    203
112   60   4    112    191
113   73   3    127    29
114   39   4    167    460
115   10   5    117    120
116   94   7    46    452
117   64   2    48    103
118   102   4    23    136
119   83   6    113    412
120   109   2    63    453
