1   0   2    3    7
2   1   2    15    193
3   1   3    188    434
4   2   3    58    258
5   2   4    140    153
6   1   5    91    71
7   3   2    83    60
8   4   3    119    178
9   7   6    32    399
10   7   6    66    234
11   8   3    43    20
12   8   7    8    245
13   1   6    154    198
14   12   5    112    181
15   6   7    117    413
16   9   4    106    76
17   13   2    106    234
18   11   7    35    200
19   15   2    46    166
20   7   6    183    167
21   7   6    94    120
22   14   6    25    322
23   16   7    127    73
24   18   2    121    298
25   23   2    67    176
26   24   4    154    98
27   16   2    79    355
28   22   6    67    325
29   22   6    36    151
30   2   5    39    17
31   15   6    7    387
32   21   3    161    139
33   16   5    30    491
34   5   2    35    237
35   9   3    31    148
36   10   2    195    6
37   6   4    190    242
38   25   3    159    110
39   27   7    14    258
40   31   5    94    386
41   23   4    15    277
42   10   5    6    458
43   8   2    33    12
44   35   7    101    220
45   7   6    183    320
46   28   4    6    26
47   1   3    39    313
48   37   3    19    170
49   39   4    93    9
50   4   2    158    250
51   43   3    150    230
52   5   4    28    255
53   46   5    37    140
54   21   4    60    304
55   15   6    184    426
56   53   4    193    236
57   28   7    130    322
58   5   3    153    180
59   27   4    179    266
60   3   4    10    447
61   31   3    19    9
62   24   6    151    198
63   25   2    171    47
64   36   7    105    301
65   53   2    83    320
66   16   4    192    131
67   33   4    160    302
68   24   2    27    257
69   38   7    107    114
70   28   3    69    228
71   22   3    96    469
72   42   7    144    472
73   36   6    151    485
74   7   6    24    336
75   3   6    108    20
76   19   4    30    442
77   70   7    135    471
78   21   4    190    120
79   51   2    6    68
80   38   2    119    54
81   65   3    143    116
82   59   3    7    376
83   15   4    116    95
84   40   4    3    193
85   20   5    119    50
86   42   4    148    205
87   19   7    50    84
88   59   5    20    142
89   3   2    106    266
90   20   2    121    493
91   58   6    133    46
92   8   4    116    86
93   82   2    176    175
94   61   7    40    43
95   39   2    190    227
96   14   3    141    51
97   28   4    137    43
98   41   5    130    128
99   32   7    73    90
100   45   5    153    463
101   73   2    102    465
102   22   3    53    446
103   32   7    18    297
104   13   7    174    56
105   92   6    54    222
106   7   2    115    281
107   35   7    154    279
108   46   4    108    303
109   68   4    110    409
110   52   7    82    8
111   41   3    38    251
112   57   5    188    182
113   32   3    170    103
114   62   6    17    290
115   68   2    107    44
116   49   3    190    41
117   58   7    44    29
118   48   4    126    243
119   78   7    10    292
120   39   3    91    197
