1   0   7    20    25
2   1   7    43    220
3   1   7    64    385
4   1   7    73    39
5   3   6    158    441
6   3   3    67    114
7   2   3    80    360
8   5   6    167    346
9   4   7    167    84
10   4   4    36    488
11   8   3    162    190
12   6   6    71    64
13   5   5    121    484
14   9   3    153    455
15   13   6    1    371
16   2   3    13    21
17   6   5    106    230
18   13   5    158    240
19   1   4    20    391
20   8   2    134    65
21   6   7    4    187
22   2   6    20    463
23   4   7    118    356
24   16   5    17    81
25   12   4    91    361
26   11   5    57    55
27   5   6    146    438
28   10   7    180    241
29   8   4    80    428
30   26   6    160    303
31   29   6    46    12
32   23   5    182    245
33   30   5    53    71
34   1   5    75    156
35   16   4    72    366
36   31   7    98    490
37   34   4    48    120
38   10   6    166    181
39   5   4    141    256
40   33   5    51    298
41   17   4    54    223
42   14   6    45    490
43   18   5    13    142
44   16   4    121    45
45   28   5    17    97
46   18   6    177    395
47   35   5    148    226
48   18   7    75    269
49   23   3    169    232
50   10   2    151    337
51   28   2    94    240
52   2   6    115    91
53   12   3    95    299
54   27   5    143    420
55   8   2    148    241
56   30   3    82    138
57   1   2    121    113
58   2   5    75    489
59   5   7    82    319
60   15   6    37    421
61   9   5    24    270
62   3   7    145    50
63   45   6    16    84
64   45   2    109    232
65   63   5    156    393
66   43   4    43    181
67   65   6    34    426
68   1   3    46    192
69   43   4    109    121
70   52   2    14    291
71   58   4    188    434
72   22   7    10    224
73   49   3    169    141
74   10   7    153    470
75   25   5    99    340
76   73   2    170    288
77   23   2    149    121
78   41   4    90    350
79   49   3    23    460
80   32   5    121    338
81   70   7    143    210
82   61   3    181    239
83   67   5    6    126
84   35   4    108    15
85   1   6    79    187
86   30   4    170    102
87   44   3    36    207
88   37   6    185    176
89   41   7    100    121
90   10   2    97    441
91   34   4    111    178
92   55   4    59    36
93   79   3    199    366
94   61   4    190    199
95   74   2    38    348
96   87   5    67    484
97   17   6    41    293
98   35   6    101    165
99   38   2    98    334
100   12   6    60    246
101   54   6    37    228
102   79   6    169    259
103   80   7    165    490
104   9   3    103    29
105   99   3    174    342
106   27   2    182    384
107   47   3    27    79
108   99   5    11    185
109   55   4    145    80
110   80   6    130    10
111   44   2    176    227
112   76   4    195    446
113   97   2    54    91
114   82   5    14    209
115   101   5    36    470
116   74   5    72    175
117   17   4    58    282
118   85   2    108    76
119   110   2    67    389
120   14   2    170    367
