1   0   3    17    16
2   1   7    65    20
3   1   2    197    139
4   1   5    151    42
5   2   5    136    431
6   3   2    129    476
7   4   4    193    174
8   1   7    136    6
9   3   7    147    122
10   3   5    85    258
11   2   6    187    41
12   8   3    87    475
13   1   2    43    391
14   6   7    196    229
15   8   3    14    478
16   14   6    143    445
17   12   4    66    393
18   9   6    5    119
19   8   7    153    201
20   7   6    1    19
21   1   4    173    227
22   15   7    104    33
23   2   7    114    83
24   18   3    197    351
25   12   7    156    315
26   21   7    59    372
27   11   6    187    52
28   9   5    85    402
29   7   7    131    9
30   12   4    60    316
31   19   7    189    84
32   20   6    98    325
33   25   7    181    156
34   4   5    147    69
35   32   2    130    497
36   11   3    163    398
37   23   2    14    200
38   3   4    124    111
39   1   5    3    156
40   17   5    115    246
41   36   4    120    491
42   16   4    18    303
43   4   2    14    155
44   17   5    139    36
45   16   5    172    172
46   37   4    91    295
47   25   6    162    222
48   36   2    166    302
49   41   5    176    189
50   17   2    20    383
51   2   3    163    400
52   17   5    175    106
53   27   2    46    456
54   46   2    187    304
55   45   7    1    306
56   24   2    162    128
57   46   2    78    215
58   31   7    198    230
59   50   2    146    257
60   26   5    186    107
61   38   2    78    323
62   18   2    156    452
63   32   6    166    38
64   28   3    33    284
65   6   3    151    132
66   46   3    196    332
67   8   4    45    286
68   22   2    195    405
69   23   6    36    283
70   14   6    197    120
71   28   4    184    97
72   44   6    41    460
73   28   6    82    89
74   26   2    19    479
75   12   6    129    389
76   15   2    8    45
77   72   6    49    217
78   76   2    78    51
79   16   5    139    472
80   3   5    53    115
81   73   6    88    377
82   48   5    67    362
83   6   5    132    309
84   28   2    127    59
85   10   7    42    111
86   28   5    153    409
87   74   4    124    363
88   15   5    37    462
89   14   2    58    310
90   9   3    18    375
91   33   6    147    371
92   13   3    167    35
93   65   4    19    401
94   80   5    48    32
95   51   5    162    170
96   52   2    35    117
97   87   3    65    18
98   15   7    191    37
99   76   4    56    321
100   17   4    53    49
101   1   2    33    467
102   5   7    61    196
103   33   4    100    178
104   28   2    141    258
105   95   5    90    133
106   30   2    84    171
107   98   7    75    76
108   97   2    16    64
109   74   3    168    430
110   71   6    30    450
111   63   6    41    353
112   70   4    184    121
113   85   7    192    459
114   13   7    29    241
115   70   7    173    297
116   3   5    186    261
117   91   2    153    13
118   21   7    184    455
119   82   3    121    404
120   60   4    103    375
