1   0   4    25    39
2   1   4    157    441
3   1   4    94    284
4   1   5    44    276
5   1   3    198    42
6   3   2    81    402
7   2   6    199    371
8   2   5    154    337
9   1   2    178    382
10   6   6    95    182
11   7   7    82    366
12   7   2    135    6
13   7   5    99    52
14   7   4    199    435
15   4   2    130    352
16   7   6    171    182
17   15   6    75    56
18   13   2    105    391
19   9   4    179    303
20   13   5    16    47
21   16   2    100    385
22   7   3    2    264
23   12   2    70    348
24   19   3    65    9
25   4   4    189    343
26   22   6    38    178
27   23   3    180    211
28   7   6    15    27
29   24   7    23    348
30   26   7    104    178
31   23   4    135    281
32   3   5    189    250
33   28   3    92    19
34   11   6    69    156
35   15   3    181    318
36   10   7    155    272
37   33   3    170    437
38   33   7    22    177
39   18   6    165    96
40   33   6    57    400
41   3   2    72    196
42   36   6    151    193
43   11   2    69    420
44   37   7    48    319
45   36   2    150    207
46   26   7    197    331
47   7   3    40    41
48   21   2    62    352
49   38   3    73    362
50   37   3    182    205
51   6   4    178    403
52   43   4    7    307
53   3   6    118    446
54   11   3    182    249
55   7   7    178    268
56   39   4    83    128
57   13   7    166    58
58   45   3    166    349
59   16   6    150    193
60   55   5    190    53
61   43   4    55    410
62   36   7    135    368
63   6   6    85    452
64   19   5    195    41
65   19   4    7    375
66   51   2    145    53
67   36   4    69    172
68   7   4    7    234
69   13   5    20    166
70   19   4    10    477
71   54   4    120    202
72   2   3    29    232
73   54   7    172    23
74   8   4    179    223
75   32   7    96    146
76   35   4    172    319
77   37   3    159    63
78   65   7    135    127
79   18   6    188    52
80   77   5    172    388
81   54   4    71    161
82   12   3    1    473
83   81   2    58    365
84   5   6    22    459
85   16   2    142    343
86   25   5    137    93
87   23   4    153    339
88   21   5    163    273
89   34   2    2    206
90   48   7    149    421
91   34   5    153    211
92   22   5    27    483
93   48   5    158    45
94   86   6    86    168
95   2   2    118    402
96   74   2    151    414
97   49   2    4    265
98   10   6    148    462
99   25   6    163    283
100   68   2    161    24
101   95   4    104    6
102   33   4    43    370
103   99   7    62    81
104   27   6    111    278
105   46   6    101    423
106   81   2    30    177
107   92   6    80    140
108   62   4    4    210
109   46   5    4    95
110   87   7    97    86
111   21   7    199    142
112   39   7    127    236
113   31   2    112    408
114   38   4    174    442
115   66   7    1    332
116   24   6    139    252
117   39   3    93    131
118   46   3    189    373
119   80   7    139    282
120   65   7    89    314
121   59   2    73    414
122   49   7    167    152
123   109   5    100    63
124   71   7    113    377
125   2   7    146    422
126   75   7    60    345
127   44   2    52    199
128   88   4    8    191
129   82   5    166    94
130   64   5    92    59
131   12   5    107    23
132   102   3    11    90
133   105   6    147    61
134   72   2    108    66
135   93   6    54    359
136   5   7    134    495
137   16   5    79    221
138   47   4    179    401
139   68   4    65    372
140   74   3    64    371
141   79   5    74    414
142   80   2    131    397
143   113   7    44    212
144   71   4    12    420
145   83   7    138    187
146   18   5    107    249
147   76   2    143    152
148   57   3    138    285
149   109   5    170    114
150   80   4    184    49
151   71   5    36    107
152   105   5    2    146
153   96   6    56    172
154   118   4    171    183
155   117   4    89    154
156   77   5    28    455
157   91   6    78    267
158   59   7    157    456
159   4   2    153    310
160   111   7    15    30
161   21   4    80    342
162   57   5    151    305
163   110   7    136    5
164   85   3    86    468
165   32   6    105    125
166   82   6    36    345
167   37   2    23    337
168   161   7    60    377
169   54   4    174    105
170   148   2    71    13
171   136   3    57    314
172   41   4    105    297
173   68   4    6    4
174   141   2    83    140
175   48   4    138    434
176   62   7    20    63
177   58   4    108    38
178   124   4    73    428
179   89   5    83    152
180   171   3    100    437
181   157   2    167    165
182   123   6    90    74
183   156   5    181    455
184   40   2    44    28
185   158   3    34    177
186   68   4    186    93
187   55   5    60    113
188   57   3    164    466
189   157   3    20    265
190   16   6    22    122
191   46   4    176    113
192   115   3    71    235
193   189   2    169    204
194   7   5    28    111
195   144   5    10    176
196   169   7    81    180
197   107   3    158    39
198   181   3    13    422
199   45   3    80    403
200   146   2    43    495
201   32   3    139    32
202   82   4    192    315
203   50   3    44    486
204   197   7    47    64
205   14   2    135    112
206   186   2    174    131
207   39   3    11    436
208   62   7    183    178
209   138   4    9    452
210   143   3    16    158
211   190   6    54    184
212   146   5    6    70
213   63   5    58    199
214   6   5    135    439
215   14   5    6    79
216   21   3    189    478
217   156   3    85    281
218   47   4    154    86
219   121   5    126    396
220   98   3    34    474
221   14   3    181    309
222   169   6    23    29
223   91   2    115    398
224   162   6    90    254
225   19   3    188    476
226   70   7    70    234
227   109   2    105    333
228   207   4    106    325
229   120   3    198    44
230   221   2    153    398
231   212   5    71    269
232   146   5    31    257
233   160   6    140    204
234   21   5    194    472
235   48   6    159    84
236   152   5    172    71
237   168   6    35    401
238   57   6    166    263
239   88   7    119    71
240   230   4    44    414
