1   0   5    26    41
2   1   2    105    369
3   1   4    12    339
4   1   7    39    16
5   1   6    131    108
6   3   4    38    465
7   4   7    12    253
8   3   6    172    266
9   6   5    24    168
10   5   6    196    62
11   1   5    142    11
12   3   5    18    122
13   10   4    95    212
14   4   6    64    41
15   7   3    154    486
16   6   6    167    430
17   2   5    76    360
18   5   5    34    392
19   11   6    16    187
20   17   6    139    233
21   11   3    143    277
22   8   2    74    172
23   11   3    28    382
24   17   5    34    203
25   8   7    41    327
26   11   5    1    200
27   15   7    53    424
28   19   6    123    446
29   3   3    66    339
30   18   3    187    273
31   12   4    173    198
32   19   6    131    474
33   14   5    42    362
34   23   3    22    471
35   18   7    69    242
36   12   5    107    96
37   8   2    164    262
38   26   5    78    98
39   24   6    167    299
40   12   7    116    200
41   8   4    109    48
42   34   6    48    454
43   3   7    157    160
44   1   7    21    449
45   10   3    87    300
46   33   5    172    80
47   38   6    70    38
48   6   5    83    212
49   20   6    129    429
50   38   7    192    439
51   45   6    57    488
52   20   4    180    92
53   10   6    190    12
54   51   4    160    52
55   31   7    2    259
56   7   5    2    401
57   35   2    70    213
58   48   3    8    310
59   18   3    15    313
60   58   3    90    205
61   24   4    106    221
62   41   6    69    234
63   32   4    40    452
64   18   4    17    198
65   1   4    111    89
66   58   2    45    247
67   32   3    196    141
68   65   7    31    203
69   11   3    90    288
70   12   3    62    477
71   4   5    180    185
72   14   2    73    334
73   4   5    134    420
74   21   2    1    334
75   73   7    41    335
76   52   4    42    391
77   14   2    119    83
78   27   6    101    489
79   54   5    92    301
80   41   2    101    294
81   59   5    2    367
82   52   6    121    334
83   29   3    2    183
84   46   6    168    488
85   35   2    65    433
86   40   3    106    2
87   31   7    7    445
88   12   4    49    164
89   5   3    149    311
90   29   4    67    272
91   70   4    123    348
92   84   7    142    19
93   56   5    74    123
94   19   3    31    430
95   11   4    84    9
96   70   6    40    296
97   22   6    57    457
98   71   2    28    64
99   19   3    16    361
100   66   7    159    214
101   8   3    56    408
102   25   5    98    286
103   90   3    97    190
104   19   6    145    231
105   66   2    51    46
106   78   5    134    407
107   56   6    59    367
108   99   4    79    361
109   76   6    23    294
110   80   4    174    482
111   78   3    46    318
112   16   5    104    450
113   90   6    175    368
114   64   2    142    88
115   5   3    165    56
116   64   7    123    333
117   100   3    77    325
118   74   6    175    61
119   117   3    24    416
120   62   2    143    437
121   73   4    182    371
122   7   5    34    479
123   14   4    161    33
124   87   2    179    395
125   116   6    30    98
126   109   4    81    52
127   10   5    16    137
128   123   5    57    401
129   97   2    66    495
130   33   7    98    302
131   69   5    21    310
132   125   3    150    208
133   70   2    63    331
134   67   2    27    397
135   77   3    64    459
136   57   3    54    211
137   89   3    86    388
138   83   7    21    4
139   4   7    70    36
140   53   6    199    359
141   12   5    118    279
142   129   6    32    454
143   16   2    37    214
144   40   4    167    245
145   18   5    107    265
146   115   5    179    440
147   142   2    105    70
148   25   7    188    426
149   86   7    134    2
150   31   5    105    55
151   108   2    128    126
152   98   3    63    267
153   88   7    81    130
154   33   3    57    449
155   76   5    135    366
156   81   5    105    86
157   98   3    192    254
158   18   6    155    465
159   93   7    1    495
160   76   2    124    368
161   127   7    80    234
162   113   5    33    363
163   51   2    166    484
164   152   6    139    212
165   26   3    194    395
166   123   4    61    273
167   10   2    172    395
168   70   3    83    43
169   94   5    121    361
170   22   2    108    325
171   28   7    126    30
172   93   6    148    436
173   115   7    49    176
174   135   3    149    326
175   154   7    127    274
176   142   5    108    69
177   131   5    27    179
178   37   4    80    376
179   144   6    175    192
180   5   6    65    226
181   90   2    127    273
182   28   2    141    12
183   60   2    168    89
184   116   7    75    100
185   130   4    180    408
186   26   5    74    457
187   172   7    79    65
188   2   2    172    75
189   184   2    77    328
190   113   5    156    383
191   45   7    153    122
192   63   4    118    306
193   59   3    76    343
194   145   4    137    377
195   130   6    129    135
196   64   2    91    404
197   112   5    156    241
198   64   4    138    99
199   150   3    139    255
200   171   5    178    160
201   109   3    140    167
202   78   7    129    349
203   25   4    100    199
204   151   3    104    361
205   113   5    149    359
206   3   7    120    160
207   70   3    12    45
208   68   4    27    280
209   27   3    154    244
210   159   5    153    260
211   28   7    48    136
212   113   6    50    126
213   82   5    29    360
214   176   4    179    146
215   174   5    174    234
216   145   6    119    436
217   180   3    107    383
218   46   7    185    93
219   205   2    10    115
220   61   7    197    226
221   11   6    166    368
222   92   5    22    281
223   132   4    30    5
224   5   5    131    248
225   122   3    145    107
226   85   6    111    183
227   209   3    8    313
228   32   7    86    415
229   60   3    19    147
230   205   6    156    324
231   35   2    43    149
232   202   5    144    347
233   164   5    171    443
234   77   3    160    451
235   17   4    76    393
236   198   7    34    441
237   205   5    23    155
238   41   6    8    220
239   79   5    153    37
240   107   2    92    348
