1   0   7    11    42
2   1   4    183    455
3   1   4    10    273
4   1   5    124    11
5   3   3    137    418
6   1   2    111    115
7   4   3    189    484
8   1   2    103    162
9   4   5    134    156
10   4   6    116    351
11   2   4    42    112
12   5   3    48    214
13   7   4    145    319
14   1   3    65    269
15   10   3    174    135
16   4   7    130    423
17   3   4    70    198
18   13   3    156    351
19   2   5    104    363
20   3   2    46    318
21   8   6    157    244
22   15   5    122    463
23   10   3    178    120
24   13   2    138    433
25   4   3    85    207
26   13   5    103    343
27   16   3    44    95
28   18   7    188    396
29   8   2    2    353
30   9   3    108    479
31   18   2    161    252
32   25   4    68    27
33   5   2    132    15
34   5   7    193    291
35   18   6    71    414
36   31   6    108    61
37   27   6    18    190
38   5   6    50    461
39   23   2    126    395
40   26   3    161    336
41   9   5    153    153
42   31   5    138    309
43   25   7    30    285
44   25   4    22    197
45   32   3    103    307
46   40   3    60    132
47   44   7    171    121
48   45   6    105    38
49   44   6    31    322
50   43   7    139    175
51   46   6    157    88
52   31   7    154    39
53   5   7    161    385
54   20   5    171    217
55   18   2    40    419
56   16   5    100    312
57   10   6    71    226
58   13   4    185    17
59   48   3    137    119
60   54   5    119    115
61   22   3    134    285
62   7   6    147    102
63   22   5    60    268
64   3   4    107    68
65   49   3    110    399
66   7   2    59    208
67   64   5    154    324
68   53   4    134    465
69   12   6    78    492
70   57   5    152    10
71   3   3    71    336
72   37   7    24    434
73   28   6    45    213
74   4   7    14    270
75   56   4    84    395
76   38   4    150    161
77   35   2    86    146
78   10   6    30    342
79   12   4    176    116
80   56   7    123    24
81   7   6    14    217
82   69   4    86    65
83   55   6    107    77
84   32   7    67    251
85   71   4    83    457
86   22   5    170    107
87   72   2    101    383
88   60   6    115    53
89   43   2    51    174
90   64   7    182    88
91   54   4    20    338
92   73   7    49    389
93   66   5    138    483
94   24   6    108    131
95   27   7    136    289
96   50   4    113    348
97   73   2    14    245
98   25   3    140    368
99   52   2    136    470
100   41   4    33    246
101   31   5    151    424
102   69   2    51    362
103   28   4    14    102
104   91   3    7    489
105   44   4    54    412
106   29   6    79    183
107   27   6    125    19
108   13   4    168    445
109   97   6    180    290
110   35   7    45    386
111   78   3    181    421
112   31   4    153    119
113   38   3    193    135
114   100   3    138    386
115   94   2    16    241
116   113   5    106    474
117   108   6    193    417
118   27   7    114    136
119   13   6    3    177
120   59   3    63    357
121   32   3    126    488
122   116   4    132    375
123   88   5    159    313
124   47   6    67    53
125   69   3    56    499
126   37   6    170    70
127   52   7    160    237
128   27   6    50    267
129   18   4    68    169
130   91   5    58    227
131   4   4    61    77
132   99   6    30    482
133   43   7    70    284
134   32   4    186    102
135   38   3    126    240
136   131   4    93    119
137   25   7    113    188
138   44   3    125    21
139   63   3    126    118
140   86   4    94    98
141   71   6    91    84
142   122   4    119    3
143   54   7    20    363
144   142   6    76    413
145   29   4    198    345
146   110   4    104    36
147   59   7    54    134
148   134   4    5    178
149   18   3    25    30
150   131   3    124    123
151   53   6    178    309
152   35   4    85    421
153   85   2    150    2
154   97   6    33    415
155   24   2    175    3
156   109   2    176    274
157   142   4    182    235
158   16   2    9    297
159   84   5    68    242
160   84   2    3    432
161   68   7    16    98
162   126   2    195    374
163   158   3    197    322
164   139   4    34    452
165   31   5    36    383
166   134   3    132    228
167   111   3    46    29
168   96   7    129    152
169   25   6    111    10
170   120   4    66    243
171   66   7    15    329
172   66   7    62    314
173   157   3    119    233
174   25   2    149    11
175   39   2    18    387
176   116   2    71    456
177   35   2    194    253
178   147   3    152    40
179   105   6    73    146
180   118   4    161    276
181   1   7    56    353
182   83   4    75    252
183   177   5    66    294
184   129   3    76    68
185   155   5    176    183
186   45   4    76    114
187   31   6    74    318
188   59   4    156    135
189   39   4    148    242
190   95   6    89    358
191   29   4    95    206
192   96   6    116    443
193   170   2    98    122
194   32   6    85    9
195   125   7    170    122
196   66   7    180    476
197   66   2    194    38
198   33   6    55    66
199   123   4    101    99
200   165   6    176    8
201   63   5    146    268
202   105   4    144    65
203   133   7    59    292
204   179   7    85    266
205   159   3    18    220
206   11   3    44    41
207   91   4    168    84
208   76   6    141    179
209   165   5    145    252
210   208   6    120    440
211   16   7    82    124
212   105   5    84    126
213   139   2    71    238
214   79   6    49    28
215   101   3    199    448
216   200   6    128    165
217   82   3    106    448
218   97   2    88    398
219   208   4    94    231
220   14   3    176    161
221   152   5    8    161
222   3   7    109    402
223   161   5    124    243
224   118   7    27    365
225   10   6    78    347
226   119   2    137    120
227   41   6    25    496
228   125   5    117    444
229   47   5    177    346
230   223   6    136    157
231   23   5    99    91
232   8   5    175    292
233   84   4    185    291
234   221   3    88    346
235   113   5    111    490
236   174   4    64    259
237   75   2    54    63
238   87   6    43    200
239   16   5    21    413
240   159   3    14    382
