1   0   7    11    43
2   1   6    143    443
3   1   7    160    113
4   1   3    187    9
5   3   7    144    485
6   2   2    164    123
7   1   2    50    289
8   1   2    123    14
9   3   6    104    438
10   1   4    103    483
11   6   5    120    108
12   2   5    10    290
13   9   2    112    72
14   5   5    78    243
15   13   2    66    166
16   14   4    157    30
17   9   3    121    237
18   3   3    16    79
19   14   4    62    64
20   7   5    26    461
21   9   2    117    304
22   12   6    19    205
23   7   7    104    455
24   21   5    161    149
25   4   3    12    258
26   9   3    57    453
27   6   5    61    86
28   17   4    35    68
29   17   4    158    131
30   21   3    80    157
31   27   3    85    152
32   7   3    72    211
33   14   6    58    180
34   26   5    194    156
35   22   6    138    319
36   25   7    176    462
37   27   5    65    57
38   35   5    155    58
39   2   3    164    162
40   20   3    155    81
41   21   6    41    484
42   7   6    162    194
43   28   2    191    228
44   36   6    59    140
45   1   4    62    272
46   38   2    22    61
47   23   3    116    490
48   38   4    150    460
49   26   2    76    300
50   45   7    4    211
51   1   7    161    405
52   28   5    26    335
53   22   3    137    61
54   20   2    109    497
55   5   2    72    16
56   16   5    12    313
57   23   4    26    59
58   40   7    166    188
59   24   6    115    70
60   36   5    133    408
61   42   2    26    474
62   29   3    35    415
63   12   5    196    311
64   27   4    117    295
65   8   2    38    329
66   2   4    100    453
67   36   7    41    50
68   53   3    137    404
69   22   7    56    104
70   67   2    78    388
71   29   3    171    157
72   52   6    126    182
73   62   7    13    68
74   59   5    34    143
75   10   4    12    384
76   31   7    31    73
77   67   2    196    255
78   73   3    80    100
79   61   4    135    275
80   27   5    198    57
81   39   4    33    161
82   1   4    192    76
83   50   6    122    321
84   74   7    114    164
85   74   5    111    39
86   78   6    46    403
87   61   7    109    177
88   26   5    58    113
89   44   2    137    40
90   66   4    80    129
91   17   4    122    437
92   24   6    36    233
93   66   5    110    170
94   78   2    187    147
95   34   6    66    400
96   65   2    56    431
97   81   6    104    410
98   33   7    83    153
99   9   5    28    255
100   96   3    58    237
101   36   5    89    229
102   33   3    138    409
103   94   4    29    61
104   102   2    40    110
105   48   5    105    411
106   7   6    71    423
107   19   4    131    371
108   40   2    190    270
109   11   7    60    475
110   42   7    130    445
111   65   3    47    215
112   78   7    87    289
113   8   4    87    223
114   50   3    125    389
115   80   6    127    310
116   8   2    154    354
117   42   7    116    96
118   51   6    1    190
119   75   7    181    368
120   1   7    132    274
121   25   3    1    361
122   113   4    108    366
123   93   3    87    452
124   71   5    86    202
125   75   6    23    7
126   10   3    118    256
127   2   7    86    423
128   60   4    73    10
129   75   6    185    33
130   35   3    108    300
131   5   5    44    227
132   20   3    21    106
133   111   6    148    319
134   7   7    18    114
135   83   2    71    344
136   24   7    103    58
137   42   3    188    484
138   57   7    12    191
139   30   2    50    278
140   79   2    185    66
141   134   2    106    301
142   27   2    25    374
143   105   7    17    76
144   81   5    123    333
145   100   2    87    78
146   23   5    158    158
147   132   4    40    178
148   119   2    114    46
149   93   6    10    114
150   78   5    65    183
151   130   7    158    118
152   65   2    39    233
153   101   3    187    487
154   151   2    110    397
155   128   7    177    459
156   125   4    191    264
157   61   7    80    472
158   89   3    133    490
159   62   4    99    9
160   151   7    180    84
161   20   3    175    84
162   94   6    125    279
163   28   3    65    25
164   3   7    2    262
165   48   6    112    96
166   31   2    199    264
167   104   6    2    274
168   8   2    108    20
169   45   2    68    80
170   157   7    164    493
171   163   3    118    180
172   28   7    144    324
173   28   5    1    388
174   164   3    199    35
175   49   5    160    446
176   143   2    138    166
177   175   3    98    238
178   59   2    6    180
179   33   6    109    153
180   40   3    156    413
181   143   7    165    207
182   123   2    39    374
183   30   7    94    479
184   29   7    138    310
185   26   6    174    393
186   45   5    12    30
187   15   5    28    26
188   151   2    83    428
189   98   5    129    7
190   168   3    10    15
191   103   3    117    418
192   21   5    88    227
193   113   7    21    135
194   181   2    193    81
195   103   3    8    77
196   120   2    45    331
197   152   2    76    477
198   185   6    76    439
199   3   6    178    68
200   90   2    62    42
201   82   3    96    414
202   8   6    34    175
203   40   7    182    408
204   196   2    92    207
205   177   5    168    406
206   84   7    64    428
207   112   7    154    395
208   6   5    168    371
209   7   3    174    254
210   55   4    48    80
211   3   4    11    24
212   87   7    44    325
213   165   5    36    91
214   200   7    177    140
215   7   2    145    290
216   134   5    102    450
217   123   5    97    476
218   179   3    182    47
219   26   6    176    21
220   85   7    171    122
221   125   2    125    27
222   202   2    168    431
223   29   2    159    268
224   2   4    113    472
225   210   4    78    492
226   159   6    41    365
227   217   3    43    366
228   100   6    150    346
229   170   6    142    14
230   39   5    12    171
231   70   6    33    406
232   64   7    22    314
233   227   3    54    79
234   172   2    97    150
235   231   5    197    30
236   1   7    179    475
237   167   5    136    127
238   16   3    5    244
239   210   7    97    307
240   116   3    158    83
