1   0   2    26    41
2   1   6    62    285
3   1   5    146    198
4   1   3    68    457
5   1   3    35    429
6   1   7    146    88
7   4   5    81    422
8   6   2    120    247
9   5   3    176    127
10   8   3    167    281
11   7   4    129    446
12   10   3    122    165
13   10   2    163    109
14   11   5    139    28
15   8   6    125    478
16   6   3    10    141
17   7   7    138    361
18   4   4    31    390
19   2   3    106    456
20   12   5    167    166
21   4   4    159    75
22   6   6    130    145
23   6   5    189    384
24   12   7    196    258
25   13   3    76    461
26   22   7    119    322
27   11   7    107    305
28   3   4    148    489
29   16   5    42    5
30   7   2    72    474
31   28   3    63    237
32   5   2    186    323
33   7   4    62    141
34   10   7    83    307
35   33   5    89    193
36   20   7    113    138
37   27   5    122    258
38   18   3    88    344
39   18   4    4    126
40   18   5    17    365
41   8   6    25    393
42   10   4    112    300
43   6   2    162    67
44   34   2    16    492
45   28   3    193    492
46   6   3    55    475
47   7   7    29    42
48   5   5    31    70
49   9   2    180    480
50   45   6    108    363
51   19   7    32    197
52   38   7    175    420
53   45   2    98    445
54   25   2    31    270
55   38   3    109    49
56   54   2    195    403
57   9   2    47    8
58   53   6    31    493
59   53   3    153    437
60   35   2    134    464
61   24   6    116    240
62   13   5    38    351
63   31   4    68    250
64   47   6    175    334
65   55   5    52    62
66   51   2    104    24
67   54   3    159    443
68   54   5    8    163
69   41   2    39    271
70   54   6    119    381
71   24   3    48    437
72   55   5    178    355
73   68   6    185    240
74   56   7    9    226
75   27   4    98    58
76   10   2    26    16
77   28   4    110    480
78   16   5    13    211
79   64   6    37    187
80   7   2    144    94
81   26   7    181    468
82   10   6    154    416
83   23   4    132    25
84   78   6    41    331
85   46   3    75    350
86   18   3    114    329
87   78   7    99    440
88   47   7    167    48
89   18   2    63    216
90   1   3    192    279
91   58   4    150    13
92   86   7    3    393
93   29   3    79    16
94   79   3    155    492
95   93   2    107    27
96   9   5    18    151
97   31   6    73    348
98   76   4    70    372
99   17   5    182    404
100   74   2    35    1
101   20   2    87    433
102   61   6    81    464
103   70   4    103    81
104   40   3    51    155
105   50   5    35    397
106   59   6    30    145
107   48   2    132    168
108   38   6    99    486
109   35   4    73    394
110   27   7    2    262
111   55   5    128    192
112   72   3    99    11
113   73   2    65    211
114   39   3    153    426
115   97   7    178    210
116   47   5    19    134
117   10   4    106    265
118   37   6    73    51
119   72   2    71    369
120   43   2    3    333
121   107   2    81    357
122   108   7    10    290
123   88   6    29    51
124   4   3    115    360
125   109   5    53    215
126   82   2    53    276
127   118   4    141    238
128   26   3    94    197
129   22   5    197    492
130   62   6    51    314
131   73   3    179    351
132   121   7    173    10
133   121   7    108    298
134   113   6    172    338
135   9   2    88    203
136   16   3    161    495
137   53   3    4    326
138   63   2    196    223
139   62   2    6    28
140   81   2    181    30
141   46   3    42    437
142   125   7    69    137
143   29   3    75    305
144   128   7    63    32
145   74   6    141    477
146   56   3    131    108
147   90   7    192    272
148   121   5    6    452
149   50   3    67    349
150   135   5    81    314
151   44   7    33    454
152   149   4    159    252
153   21   4    158    485
154   127   3    192    8
155   117   3    125    202
156   106   4    6    219
157   148   6    16    403
158   46   3    89    167
159   140   2    139    105
160   84   6    41    347
161   134   4    74    455
162   134   2    153    104
163   28   6    197    162
164   115   5    67    473
165   33   6    62    156
166   33   5    168    210
167   43   5    62    13
168   102   2    104    220
169   44   3    6    158
170   8   6    69    379
171   59   3    94    366
172   28   6    90    197
173   101   3    189    202
174   120   3    41    344
175   104   7    168    388
176   77   4    194    97
177   166   4    63    190
178   87   4    2    187
179   113   7    121    53
180   57   6    150    65
181   117   6    131    300
182   133   6    190    60
183   83   7    151    467
184   2   7    175    399
185   113   2    165    368
186   65   4    157    137
187   129   3    20    74
188   65   3    52    490
189   66   3    45    203
190   2   4    132    376
191   2   7    143    479
192   91   2    50    492
193   32   2    89    278
194   34   4    150    168
195   124   2    175    407
196   89   6    100    468
197   28   7    66    33
198   115   6    28    162
199   137   7    117    408
200   183   3    48    381
201   134   2    55    53
202   152   3    21    85
203   75   6    85    383
204   10   3    176    67
205   164   4    184    250
206   130   5    1    152
207   104   3    195    193
208   83   3    156    221
209   60   4    41    60
210   9   4    56    425
211   152   5    143    291
212   86   7    29    97
213   211   7    152    410
214   127   7    136    276
215   164   4    117    101
216   16   2    8    411
217   140   3    127    246
218   90   3    173    371
219   168   2    139    492
220   217   3    114    93
221   19   6    36    492
222   175   4    73    56
223   218   4    55    378
224   104   3    197    165
225   25   6    127    490
226   65   3    104    121
227   37   6    89    195
228   220   6    87    70
229   218   2    80    438
230   136   2    11    206
231   148   4    195    456
232   81   5    185    254
233   212   6    23    3
234   113   5    89    117
235   13   2    73    168
236   87   6    55    405
237   178   5    16    240
238   230   2    71    136
239   170   2    69    170
240   186   3    67    254
