1   0   2    7    35
2   1   5    118    439
3   1   3    142    53
4   2   6    133    49
5   3   3    93    424
6   3   7    22    267
7   2   3    73    278
8   2   7    11    403
9   5   4    23    159
10   1   7    171    237
11   7   6    182    419
12   1   7    29    171
13   5   2    79    193
14   4   3    26    274
15   9   4    120    280
16   5   7    167    113
17   3   2    93    113
18   5   5    121    101
19   12   4    79    188
20   1   2    182    305
21   9   4    70    137
22   7   3    13    341
23   18   2    42    471
24   9   2    70    395
25   10   5    38    296
26   21   7    81    84
27   2   6    14    44
28   11   7    150    138
29   1   2    126    17
30   28   6    4    244
31   12   4    25    380
32   24   2    31    348
33   21   4    17    487
34   10   5    192    411
35   19   5    178    27
36   10   5    165    215
37   23   3    137    337
38   18   7    8    268
39   14   7    71    16
40   38   3    128    138
41   38   2    195    346
42   32   4    96    172
43   5   5    166    449
44   11   2    161    107
45   21   4    74    421
46   11   2    189    273
47   24   6    122    138
48   41   7    107    244
49   15   2    164    150
50   29   6    56    407
51   41   4    11    296
52   23   7    125    123
53   46   2    19    398
54   4   2    37    469
55   53   7    49    106
56   48   6    44    487
57   52   4    160    430
58   18   3    139    346
59   43   7    176    300
60   43   2    110    127
61   32   2    2    261
62   54   4    166    486
63   32   3    161    205
64   44   3    129    498
65   43   3    60    445
66   40   6    140    263
67   15   2    76    392
68   58   2    116    311
69   50   5    90    144
70   3   2    5    2
71   54   2    147    23
72   62   7    130    100
73   1   2    97    235
74   63   2    176    115
75   68   4    192    409
76   60   3    125    268
77   30   5    130    196
78   22   5    16    122
79   3   4    21    427
80   37   5    65    249
81   40   7    61    214
82   29   5    184    60
83   20   7    182    138
84   41   7    115    152
85   37   2    197    464
86   65   5    148    67
87   46   7    164    26
88   33   6    74    339
89   67   3    110    382
90   14   7    177    55
91   50   7    154    300
92   79   7    151    248
93   57   7    194    161
94   8   2    34    69
95   21   6    55    32
96   38   6    83    495
97   62   5    149    138
98   18   6    39    465
99   30   3    176    496
100   23   2    153    59
101   11   5    173    26
102   2   3    79    445
103   56   6    95    351
104   87   4    167    452
105   101   4    103    296
106   38   2    101    218
107   89   3    117    87
108   17   2    51    423
109   107   4    177    386
110   95   3    171    422
111   99   6    10    57
112   57   7    120    145
113   82   5    3    331
114   101   3    125    486
115   113   5    127    191
116   38   7    126    352
117   31   5    75    59
118   105   2    13    330
119   81   7    169    196
120   38   4    100    382
121   87   7    42    40
122   106   4    186    208
123   33   4    32    408
124   56   4    63    118
125   70   7    72    343
126   30   7    162    108
127   72   7    89    225
128   97   7    33    336
129   56   2    22    406
130   22   6    72    272
131   28   7    182    368
132   46   3    50    42
133   26   3    156    446
134   29   6    7    169
135   101   6    122    14
136   37   4    61    148
137   12   3    60    400
138   61   4    133    455
139   57   3    13    479
140   75   5    30    227
141   67   2    28    452
142   16   6    53    76
143   66   7    105    475
144   60   7    47    111
145   31   7    19    343
146   5   4    184    354
147   142   6    27    379
148   135   4    156    288
149   100   6    159    272
150   83   5    135    479
151   7   7    43    111
152   42   6    63    38
153   123   6    29    428
154   142   7    189    446
155   123   2    159    172
156   21   2    168    277
157   9   5    48    104
158   135   7    101    324
159   77   6    30    151
160   94   5    73    144
161   91   5    147    244
162   124   3    138    320
163   42   6    3    432
164   157   6    127    265
165   71   6    20    321
166   97   3    129    374
167   122   6    198    324
168   60   5    188    344
169   66   3    42    354
170   107   2    175    248
171   63   5    40    70
172   126   4    191    100
173   119   6    26    135
174   66   4    68    363
175   6   4    155    380
176   56   4    154    353
177   50   2    164    198
178   9   7    189    491
179   137   4    132    495
180   151   4    101    496
181   62   7    1    27
182   26   2    123    169
183   123   4    79    245
184   103   2    174    93
185   88   6    87    282
186   125   5    70    342
187   51   6    121    212
188   67   5    24    379
189   52   4    116    413
190   151   3    120    202
191   150   6    113    103
192   27   4    75    374
193   41   2    124    422
194   97   6    182    196
195   2   2    30    45
196   46   2    99    309
197   105   2    22    207
198   1   7    9    271
199   65   2    124    4
200   139   4    115    135
201   113   7    20    166
202   160   7    127    278
203   107   2    89    7
204   5   4    67    334
205   23   3    92    139
206   178   7    67    388
207   133   3    155    89
208   76   3    145    351
209   102   4    159    317
210   11   7    179    76
211   147   7    88    247
212   62   6    198    344
213   145   6    1    388
214   200   2    186    314
215   11   7    124    249
216   28   6    81    16
217   192   7    118    60
218   194   2    60    135
219   73   7    129    337
220   93   7    11    436
221   87   6    163    95
222   156   7    80    174
223   62   3    115    427
224   5   7    127    172
225   222   5    98    406
226   165   2    40    100
227   45   6    58    415
228   58   6    145    134
229   10   4    157    1
230   128   5    24    489
231   139   4    156    492
232   133   3    188    478
233   87   7    16    445
234   57   6    60    117
235   98   2    171    344
236   77   5    45    266
237   29   4    59    279
238   148   3    89    455
239   230   7    138    99
240   59   3    182    343
