1   0   7    5    3
2   1   5    40    480
3   1   5    113    53
4   1   2    69    10
5   1   2    119    254
6   3   6    163    326
7   2   2    87    272
8   2   3    32    397
9   7   7    121    221
10   6   5    108    276
11   2   4    74    437
12   2   6    69    52
13   2   3    82    74
14   3   4    21    338
15   7   6    162    420
16   10   2    123    346
17   7   7    85    421
18   14   7    70    466
19   6   7    110    56
20   8   4    98    50
21   5   5    163    332
22   20   6    13    472
23   20   4    17    95
24   22   3    77    417
25   21   5    4    346
26   12   3    36    188
27   12   2    43    182
28   14   4    98    464
29   7   6    67    363
30   27   5    151    347
31   28   5    47    454
32   29   6    196    221
33   12   7    70    383
34   10   6    115    360
35   25   7    7    381
36   28   4    80    91
37   28   5    176    335
38   33   5    180    409
39   5   2    139    227
40   23   6    59    113
41   16   3    183    22
42   17   6    133    207
43   1   3    120    209
44   36   6    161    432
45   41   4    32    240
46   6   5    109    334
47   3   6    82    297
48   36   3    85    134
49   11   4    9    411
50   38   4    45    72
51   2   5    187    374
52   16   3    99    380
53   3   6    116    95
54   28   6    79    313
55   40   5    158    80
56   46   5    82    294
57   9   5    129    116
58   46   3    135    414
59   25   3    1    220
60   12   4    2    42
61   38   5    147    354
62   1   6    94    98
63   22   2    155    324
64   38   3    115    385
65   56   6    121    214
66   21   4    58    282
67   38   5    94    307
68   31   6    21    122
69   57   6    101    83
70   12   6    5    321
71   6   2    126    379
72   17   7    139    448
73   44   3    69    62
74   45   3    139    435
75   16   6    86    437
76   67   4    72    486
77   9   7    106    67
78   33   5    84    259
79   37   3    122    465
80   37   7    178    378
81   30   7    97    227
82   12   3    49    69
83   20   5    44    292
84   78   3    172    15
85   71   6    21    162
86   43   5    35    90
87   81   3    137    460
88   43   7    92    293
89   26   3    116    184
90   16   6    37    128
91   1   5    172    26
92   76   7    117    254
93   11   5    128    358
94   43   6    81    201
95   9   4    89    298
96   67   4    41    12
97   8   3    150    223
98   38   5    15    99
99   15   5    47    360
100   48   4    113    61
101   82   6    152    208
102   23   6    89    423
103   91   7    51    338
104   88   3    196    454
105   51   2    27    210
106   5   4    75    84
107   69   6    53    313
108   35   2    147    493
109   17   5    119    393
110   93   3    170    249
111   57   4    130    135
112   93   4    132    43
113   94   7    36    137
114   49   3    43    86
115   83   5    68    479
116   50   7    70    29
117   83   4    158    444
118   63   6    39    403
119   34   5    163    118
120   53   7    149    139
121   116   3    56    127
122   22   7    184    133
123   81   6    35    378
124   28   3    2    445
125   62   7    37    37
126   5   2    155    224
127   90   6    3    77
128   29   4    141    216
129   91   7    178    53
130   84   3    172    420
131   51   2    47    101
132   100   2    51    135
133   48   4    25    428
134   84   5    191    101
135   31   2    111    468
136   73   2    191    73
137   134   4    127    144
138   119   7    162    299
139   132   6    196    429
140   69   6    153    430
141   28   7    20    339
142   18   5    48    266
143   34   5    132    440
144   46   6    46    334
145   95   6    179    301
146   101   3    163    441
147   88   5    103    80
148   65   2    130    266
149   12   5    52    347
150   85   6    33    379
151   137   3    152    332
152   62   5    78    263
153   41   4    19    470
154   1   6    81    475
155   35   6    167    383
156   150   7    169    439
157   116   4    74    307
158   113   2    186    120
159   39   2    126    287
160   128   2    151    359
161   9   3    163    388
162   109   4    43    216
163   137   3    120    15
164   63   6    150    133
165   22   3    130    238
166   12   6    20    106
167   8   6    126    299
168   150   2    66    354
169   73   5    151    53
170   140   5    148    249
171   80   4    133    224
172   149   5    35    279
173   47   5    110    259
174   75   4    29    218
175   130   4    92    499
176   44   4    138    418
177   4   4    114    111
178   25   4    126    443
179   84   5    143    109
180   61   4    168    459
181   114   6    123    186
182   114   5    122    130
183   19   3    141    146
184   44   2    54    200
185   160   2    8    54
186   89   5    83    491
187   182   6    14    75
188   167   4    90    174
189   179   6    132    115
190   98   3    162    279
191   30   7    21    167
192   150   3    35    430
193   24   5    171    185
194   3   2    196    82
195   94   5    34    496
196   165   5    192    320
197   86   2    132    159
198   162   3    182    420
199   34   4    123    72
200   13   7    147    370
201   153   3    24    417
202   94   2    52    273
203   116   5    76    211
204   95   7    108    446
205   102   4    81    39
206   165   3    52    84
207   39   7    127    251
208   192   2    119    347
209   159   3    122    49
210   145   3    157    132
211   161   3    71    422
212   111   5    47    107
213   54   7    74    370
214   193   3    121    83
215   212   7    12    368
216   173   6    132    405
217   212   4    43    257
218   93   7    83    320
219   53   2    163    445
220   63   5    37    50
221   198   7    117    261
222   177   2    103    172
223   125   5    114    23
224   198   7    111    204
225   218   6    9    306
226   11   4    1    460
227   189   7    131    12
228   20   7    164    3
229   4   7    157    177
230   168   2    20    333
231   167   2    26    355
232   211   2    171    432
233   66   3    170    427
234   5   7    65    276
235   75   7    131    431
236   104   6    184    402
237   217   5    193    402
238   183   3    114    28
239   2   4    10    348
240   173   7    145    146
