1   0   3    16    43
2   1   4    89    92
3   1   3    70    146
4   1   4    98    314
5   2   4    25    190
6   1   7    145    217
7   5   3    30    206
8   6   6    132    131
9   5   4    90    137
10   2   5    63    207
11   7   3    101    81
12   9   6    37    296
13   4   3    162    179
14   4   5    174    355
15   2   4    195    140
16   14   5    167    260
17   1   3    67    389
18   15   3    65    164
19   10   6    60    485
20   17   3    58    218
21   3   2    14    415
22   13   7    195    292
23   10   2    162    249
24   18   3    177    410
25   16   2    29    335
26   5   6    68    12
27   20   4    168    391
28   16   2    43    290
29   15   6    17    105
30   2   4    97    113
31   9   6    125    376
32   18   7    60    468
33   4   2    96    355
34   31   4    39    376
35   14   6    77    366
36   30   3    132    20
37   8   5    61    13
38   30   7    20    470
39   32   4    95    97
40   37   6    123    405
41   37   7    125    196
42   1   3    78    433
43   9   3    1    408
44   33   4    162    152
45   18   6    56    205
46   26   5    15    83
47   13   5    37    72
48   19   4    25    92
49   9   7    191    224
50   37   4    46    130
51   26   5    38    412
52   38   5    158    283
53   42   2    181    473
54   4   2    59    399
55   31   7    141    337
56   32   2    113    35
57   54   2    7    268
58   5   2    64    215
59   22   7    109    118
60   41   3    66    81
61   45   7    186    44
62   10   4    69    13
63   5   3    107    323
64   33   2    43    211
65   18   4    180    454
66   23   5    111    235
67   13   4    6    97
68   20   3    31    70
69   55   7    199    191
70   31   4    53    183
71   50   7    60    219
72   70   3    160    154
73   2   7    194    118
74   57   2    135    202
75   32   7    37    58
76   41   6    43    41
77   74   6    58    209
78   75   5    187    155
79   66   2    80    423
80   24   2    167    125
81   30   2    15    158
82   28   7    198    310
83   22   2    22    198
84   39   6    21    444
85   55   2    101    142
86   2   2    87    53
87   51   2    143    145
88   2   7    25    457
89   75   5    78    195
90   61   2    147    68
91   17   7    15    425
92   16   5    143    211
93   83   2    38    97
94   37   3    18    9
95   16   6    144    121
96   47   6    188    300
97   15   6    120    480
98   83   3    130    72
99   85   6    79    123
100   20   4    113    289
101   72   2    76    456
102   1   7    34    429
103   98   3    145    446
104   54   3    128    471
105   39   2    6    96
106   3   7    99    272
107   54   2    147    349
108   47   7    12    363
109   30   7    9    193
110   34   5    155    382
111   89   6    196    162
112   97   6    152    228
113   59   5    101    49
114   93   7    119    337
115   11   2    23    295
116   59   7    11    247
117   67   5    104    292
118   59   3    150    50
119   78   7    81    307
120   46   5    107    387
121   49   4    165    453
122   79   5    47    335
123   35   7    173    304
124   116   2    181    478
125   42   3    91    412
126   46   6    26    226
127   40   5    132    189
128   13   4    137    388
129   117   4    73    163
130   101   3    96    129
131   81   2    137    238
132   81   3    56    398
133   60   2    48    188
134   16   3    42    489
135   124   5    93    129
136   110   2    177    162
137   90   2    171    146
138   5   5    4    38
139   62   6    13    358
140   83   4    150    102
141   82   7    2    299
142   140   6    38    394
143   136   6    74    439
144   33   4    57    153
145   64   5    52    161
146   106   7    38    412
147   116   3    80    407
148   32   6    108    110
149   105   7    195    263
150   61   3    30    370
151   144   5    122    382
152   130   5    103    444
153   32   7    183    298
154   95   2    170    180
155   31   5    48    185
156   49   6    182    153
157   136   2    42    60
158   76   4    132    392
159   44   5    183    245
160   137   2    45    255
161   105   5    155    321
162   122   6    20    315
163   107   6    16    357
164   127   4    154    20
165   137   6    141    226
166   146   3    22    415
167   56   5    184    446
168   10   6    12    340
169   96   6    101    127
170   42   5    132    201
171   111   7    91    152
172   68   4    156    7
173   146   5    120    103
174   47   3    114    281
175   61   3    93    384
176   165   3    89    279
177   73   2    148    419
178   158   3    42    71
179   161   7    142    20
180   58   5    83    72
181   4   6    67    346
182   146   5    101    290
183   51   2    118    5
184   37   5    25    132
185   59   5    188    160
186   118   6    40    97
187   42   3    88    203
188   19   4    100    155
189   26   2    58    448
190   146   5    70    394
191   98   2    45    374
192   117   4    77    369
193   155   5    158    180
194   68   7    79    295
195   21   2    186    499
196   139   5    149    99
197   73   5    114    300
198   47   4    168    149
199   129   4    180    228
200   145   4    18    143
201   121   2    123    364
202   9   6    132    39
203   124   6    71    412
204   125   2    33    145
205   90   6    175    345
206   55   2    100    36
207   18   2    128    450
208   116   7    43    238
209   19   7    4    91
210   107   7    105    392
211   187   2    56    121
212   167   6    35    255
213   44   2    28    210
214   8   5    128    26
215   96   5    181    485
216   192   4    178    295
217   52   6    53    108
218   188   3    150    224
219   164   3    151    91
220   31   2    187    210
221   72   7    110    446
222   52   5    47    421
223   105   3    68    205
224   149   4    30    332
225   167   2    77    151
226   16   6    38    131
227   9   5    161    82
228   40   5    4    481
229   53   6    131    266
230   40   4    4    491
231   131   3    152    192
232   61   3    154    233
233   27   5    10    306
234   208   6    136    143
235   43   3    118    138
236   29   3    61    229
237   93   3    40    100
238   35   3    90    176
239   197   6    65    332
240   67   6    165    167
