1   0   5    18    4
2   1   2    171    364
3   1   7    38    254
4   1   6    156    89
5   2   4    75    221
6   4   5    102    48
7   1   6    199    453
8   5   3    174    163
9   1   4    136    84
10   7   4    101    147
11   6   2    171    493
12   7   3    199    237
13   11   3    180    413
14   3   4    102    17
15   10   2    128    176
16   1   4    76    117
17   7   3    70    444
18   8   5    94    305
19   6   6    12    192
20   2   7    109    10
21   11   6    125    365
22   9   7    141    118
23   13   3    100    452
24   7   5    23    6
25   8   7    174    278
26   6   7    82    357
27   18   3    131    133
28   22   3    13    103
29   9   6    61    253
30   25   2    32    190
31   13   7    42    110
32   28   5    175    350
33   29   3    108    341
34   12   3    51    80
35   20   2    181    408
36   19   4    36    307
37   27   6    198    145
38   20   6    197    466
39   11   6    92    107
40   7   2    2    165
41   25   2    92    303
42   29   5    66    165
43   2   7    158    172
44   20   7    43    145
45   41   3    123    52
46   35   5    37    57
47   18   2    94    61
48   45   7    114    203
49   13   5    128    442
50   9   7    28    161
51   21   6    185    484
52   26   7    157    490
53   30   5    115    313
54   52   3    11    415
55   49   5    39    101
56   8   4    191    297
57   1   3    94    142
58   3   7    191    230
59   25   6    186    234
60   30   2    191    460
61   32   3    97    24
62   58   6    45    421
63   17   7    93    322
64   8   5    117    320
65   43   4    135    324
66   56   6    151    229
67   6   3    70    399
68   25   3    66    95
69   26   7    186    276
70   32   5    21    391
71   48   3    64    137
72   44   7    179    61
73   53   4    127    169
74   34   3    37    133
75   29   5    137    95
76   45   2    35    495
77   75   2    172    239
78   41   2    88    110
79   51   6    153    59
80   35   3    91    85
81   25   7    143    409
82   51   2    92    201
83   42   5    43    275
84   75   7    25    483
85   21   4    134    155
86   27   7    199    80
87   39   3    11    90
88   21   4    193    274
89   76   5    78    143
90   40   2    141    30
91   13   3    160    37
92   70   5    39    359
93   34   3    168    66
94   64   6    148    66
95   49   4    85    222
96   33   6    172    131
97   50   5    185    331
98   45   3    60    421
99   62   4    15    44
100   17   7    143    298
101   3   3    86    91
102   13   6    24    427
103   38   7    195    219
104   70   5    68    171
105   42   3    11    393
106   46   6    44    434
107   57   4    51    431
108   27   4    10    191
109   20   6    191    159
110   64   4    128    113
111   59   5    33    385
112   35   3    143    203
113   89   5    156    258
114   110   5    38    110
115   11   4    114    97
116   7   4    138    292
117   53   4    138    458
118   47   2    127    198
119   88   2    33    204
120   34   5    47    102
121   39   5    162    111
122   99   2    149    36
123   96   7    62    494
124   82   4    169    387
125   36   4    55    438
126   102   2    198    95
127   91   7    150    119
128   94   5    30    327
129   106   3    125    116
130   92   6    74    297
131   112   6    84    499
132   8   6    54    188
133   13   2    152    304
134   15   4    52    185
135   21   6    47    278
136   116   2    116    329
137   108   4    15    177
138   50   4    148    392
139   133   3    80    76
140   3   7    40    319
141   125   5    133    98
142   120   6    177    18
143   75   2    105    285
144   111   7    174    430
145   20   2    190    85
146   32   6    65    471
147   44   4    97    131
148   132   2    31    41
149   112   3    66    16
150   46   7    10    476
151   65   2    85    333
152   17   5    77    57
153   62   4    139    250
154   14   6    61    461
155   42   6    161    18
156   70   3    157    220
157   73   3    83    426
158   133   6    156    10
159   16   5    43    264
160   101   2    126    138
161   153   3    61    312
162   77   5    75    174
163   52   7    76    175
164   141   3    185    16
165   66   3    29    173
166   50   6    22    211
167   123   4    143    436
168   81   4    63    269
169   60   6    69    169
170   84   5    53    167
171   84   6    133    396
172   25   6    158    117
173   42   4    107    204
174   10   7    19    316
175   43   7    136    69
176   56   3    31    497
177   35   4    177    133
178   40   7    128    262
179   117   7    67    323
180   139   5    82    129
181   133   6    19    8
182   11   3    192    141
183   18   4    148    377
184   161   4    182    239
185   142   4    31    177
186   166   4    178    366
187   153   2    13    75
188   13   3    4    254
189   59   4    99    223
190   82   2    172    306
191   104   4    78    388
192   43   5    186    469
193   177   6    133    91
194   108   3    102    422
195   120   2    164    290
196   139   6    140    294
197   84   4    153    290
198   136   5    120    377
199   188   7    87    14
200   177   4    159    47
201   44   3    9    57
202   136   3    8    115
203   13   3    65    175
204   42   2    139    236
205   36   3    61    418
206   78   2    114    39
207   143   6    199    295
208   83   5    58    395
209   26   3    197    98
210   181   7    93    473
211   45   2    50    351
212   24   3    175    483
213   88   7    169    188
214   158   3    150    192
215   201   2    44    206
216   198   5    134    420
217   57   5    46    319
218   215   7    8    104
219   86   5    137    19
220   77   2    30    377
221   156   6    59    499
222   34   3    194    297
223   182   7    182    47
224   94   6    14    309
225   106   2    159    24
226   177   5    180    167
227   136   6    140    412
228   23   5    54    165
229   166   5    84    185
230   125   4    31    155
231   8   5    112    257
232   202   7    46    354
233   179   6    20    196
234   40   4    134    193
235   18   4    171    98
236   72   3    21    320
237   34   7    33    167
238   189   3    105    254
239   235   4    188    226
240   90   7    18    395
