1   0   6    12    7
2   1   6    140    150
3   1   2    8    210
4   2   7    18    220
5   3   3    71    46
6   3   5    120    175
7   1   4    82    480
8   6   7    5    329
9   2   6    159    409
10   8   4    150    112
11   4   4    5    270
12   4   6    142    237
13   11   7    194    391
14   4   5    195    3
15   4   4    120    451
16   2   7    119    324
17   1   2    108    307
18   7   6    121    320
19   3   4    25    255
20   4   6    101    333
21   8   5    198    255
22   2   6    93    206
23   2   4    38    233
24   2   4    169    325
25   8   7    77    150
26   8   3    13    112
27   14   3    10    480
28   7   4    111    405
29   13   4    64    448
30   8   2    162    268
31   29   4    171    393
32   24   2    178    362
33   4   6    154    97
34   26   5    6    301
35   29   3    83    175
36   21   3    53    453
37   23   6    158    398
38   8   6    191    368
39   9   6    11    223
40   30   6    194    292
41   10   5    175    340
42   5   4    132    58
43   8   5    56    492
44   24   6    66    311
45   20   3    104    484
46   33   5    3    99
47   44   3    21    39
48   7   6    116    308
49   6   4    25    243
50   43   3    124    320
51   42   6    28    114
52   24   7    78    4
53   36   7    51    335
54   34   5    183    266
55   31   6    64    209
56   50   3    42    327
57   1   7    117    392
58   9   7    96    272
59   9   3    183    186
60   57   4    61    215
61   37   7    79    335
62   33   2    199    189
63   5   6    27    341
64   12   5    55    284
65   20   3    140    140
66   21   2    183    6
67   39   4    4    78
68   51   3    195    158
69   44   5    132    69
70   57   6    30    227
71   45   2    78    429
72   64   6    186    256
73   59   3    71    78
74   15   4    57    405
75   26   6    91    321
76   5   3    82    482
77   63   5    52    105
78   67   5    69    453
79   75   3    166    139
80   73   5    129    383
81   41   2    184    255
82   8   7    85    311
83   26   7    63    22
84   75   3    159    196
85   11   3    67    35
86   52   7    35    208
87   12   3    56    162
88   28   5    183    390
89   47   4    17    181
90   48   4    55    362
91   20   4    167    305
92   5   7    85    478
93   13   5    117    297
94   72   6    2    403
95   75   6    145    2
96   55   3    195    231
97   48   2    77    328
98   87   2    47    10
99   17   3    98    199
100   63   4    146    452
101   7   7    74    489
102   2   4    27    6
103   67   3    24    140
104   45   3    60    292
105   22   3    156    276
106   16   4    193    427
107   103   7    87    397
108   8   3    48    251
109   85   6    66    406
110   42   2    28    402
111   21   3    115    267
112   29   3    194    251
113   49   4    81    319
114   13   7    109    317
115   104   7    163    326
116   67   4    84    224
117   68   4    116    460
118   44   2    199    482
119   9   6    36    274
120   95   3    109    176
121   51   7    123    420
122   82   7    185    498
123   120   2    105    343
124   74   6    170    123
125   58   3    161    221
126   49   7    28    416
127   98   2    164    386
128   48   2    130    24
129   64   5    88    75
130   74   6    39    186
131   42   6    157    369
132   11   2    61    125
133   122   3    38    249
134   37   4    143    143
135   101   3    56    92
136   36   3    127    2
137   26   6    101    384
138   43   7    94    92
139   65   6    80    175
140   5   3    120    262
141   121   2    134    98
142   24   5    59    25
143   136   4    158    319
144   37   7    117    389
145   77   7    144    192
146   65   2    88    89
147   118   4    68    191
148   91   6    5    276
149   96   6    73    398
150   67   3    59    388
151   129   4    50    402
152   83   3    96    222
153   150   5    26    189
154   97   2    17    404
155   152   4    49    357
156   2   6    118    30
157   44   6    148    315
158   146   7    67    163
159   42   4    101    323
160   56   2    162    302
161   66   4    43    326
162   28   5    139    259
163   74   6    77    407
164   141   2    19    328
165   65   6    122    313
166   96   3    64    48
167   12   2    178    412
168   55   2    67    257
169   30   7    168    414
170   152   2    117    331
171   5   7    90    234
172   139   5    51    286
173   154   5    94    253
174   14   4    124    28
175   69   2    90    227
176   94   5    114    347
177   160   7    60    324
178   40   7    86    19
179   60   7    12    254
180   28   7    121    383
181   62   6    109    13
182   148   7    99    321
183   30   3    187    83
184   127   5    162    374
185   122   5    11    478
186   93   3    3    11
187   121   5    160    89
188   135   4    19    22
189   127   5    144    151
190   138   5    172    484
191   9   4    64    236
192   71   6    179    94
193   66   4    160    420
194   5   3    94    127
195   60   6    174    319
196   148   2    154    215
197   130   7    88    392
198   184   5    145    53
199   93   6    143    295
200   83   6    68    456
201   66   5    186    309
202   61   3    149    9
203   109   4    184    273
204   81   6    69    240
205   95   5    87    98
206   50   5    143    432
207   129   4    85    444
208   83   6    193    429
209   88   6    87    215
210   5   7    101    81
211   24   2    9    324
212   53   6    127    424
213   154   4    30    325
214   93   2    55    488
215   136   4    196    333
216   114   5    176    64
217   4   4    76    412
218   155   6    188    159
219   103   2    18    433
220   10   2    114    379
221   115   5    124    57
222   64   3    123    270
223   69   2    30    41
224   205   2    138    138
225   194   5    95    422
226   25   2    133    43
227   122   6    83    74
228   43   3    50    17
229   61   2    44    372
230   150   2    196    113
231   172   7    136    124
232   61   5    62    358
233   16   2    152    352
234   192   2    74    239
235   60   2    40    199
236   159   7    126    27
237   60   3    116    312
238   33   5    97    443
239   111   2    32    280
240   108   3    105    27
