1   0   6    26    7
2   1   3    35    499
3   1   4    162    273
4   1   6    7    94
5   3   7    128    37
6   3   3    182    206
7   5   6    130    223
8   4   6    162    83
9   1   4    23    302
10   3   4    189    272
11   1   3    33    163
12   10   3    1    460
13   8   3    137    339
14   11   7    83    333
15   11   6    55    373
16   13   2    4    485
17   9   6    124    391
18   8   4    163    61
19   16   7    158    62
20   11   7    189    215
21   10   4    162    151
22   11   7    67    467
23   20   5    103    49
24   2   3    52    32
25   17   2    4    359
26   15   3    93    142
27   20   5    27    323
28   4   6    31    384
29   8   5    91    424
30   17   5    175    115
31   11   6    64    332
32   3   3    149    147
33   21   4    18    255
34   3   3    84    382
35   18   5    93    78
36   14   7    172    9
37   13   7    91    466
38   12   6    66    235
39   21   5    72    302
40   37   4    132    64
41   3   4    44    81
42   32   5    35    335
43   27   6    53    136
44   27   7    24    409
45   42   6    136    49
46   1   5    138    175
47   12   4    139    303
48   43   4    39    45
49   13   3    134    424
50   41   5    139    434
51   9   6    3    108
52   20   2    127    136
53   15   4    95    134
54   49   6    129    267
55   44   4    98    148
56   35   2    92    31
57   49   4    32    408
58   1   6    110    380
59   36   2    28    482
60   49   2    118    84
61   10   4    58    187
62   28   2    182    138
63   20   6    176    184
64   51   4    99    413
65   4   2    96    419
66   28   2    146    41
67   38   7    32    92
68   55   6    147    354
69   58   4    87    209
70   17   4    134    116
71   68   7    185    365
72   53   7    57    123
73   21   2    106    281
74   43   4    16    6
75   31   6    124    87
76   66   3    67    368
77   52   2    51    471
78   65   4    103    214
79   61   2    42    383
80   55   5    68    22
81   21   3    8    440
82   78   3    56    184
83   24   3    128    337
84   14   5    155    421
85   63   6    183    388
86   63   4    73    479
87   76   7    104    428
88   71   3    61    437
89   61   4    43    469
90   35   6    169    227
91   80   4    156    398
92   77   6    24    270
93   46   6    164    474
94   56   2    162    443
95   3   6    117    366
96   27   2    42    318
97   86   7    168    388
98   57   7    3    364
99   60   7    6    442
100   20   7    118    216
101   61   5    88    316
102   72   4    100    400
103   98   3    115    139
104   97   4    172    243
105   47   4    188    305
106   3   6    193    269
107   42   7    120    88
108   14   3    1    360
109   57   6    99    473
110   63   4    13    38
111   76   7    66    13
112   82   5    16    289
113   23   4    57    281
114   45   2    5    494
115   113   4    180    263
116   13   2    24    305
117   2   4    3    125
118   80   4    120    73
119   7   6    159    54
120   90   3    189    69
121   72   4    118    21
122   55   5    157    228
123   23   6    58    227
124   109   6    175    194
125   9   5    29    198
126   97   7    98    473
127   117   7    128    289
128   7   4    65    87
129   67   5    47    394
130   34   4    64    259
131   13   7    68    35
132   55   3    10    136
133   78   7    168    229
134   15   5    115    344
135   59   5    159    321
136   122   2    6    347
137   119   3    66    129
138   28   2    17    23
139   106   5    20    367
140   16   6    97    378
141   54   3    197    355
142   71   7    9    344
143   68   3    49    356
144   101   2    98    123
145   138   7    87    223
146   70   2    191    393
147   132   3    56    340
148   70   4    98    193
149   138   2    195    39
150   46   2    18    116
151   101   3    90    174
152   122   6    116    206
153   90   3    92    34
154   14   2    70    138
155   44   6    196    115
156   118   2    54    325
157   114   3    33    322
158   93   3    172    344
159   122   7    97    78
160   42   3    192    141
161   127   4    152    211
162   131   7    157    136
163   156   4    187    13
164   98   2    107    208
165   93   2    49    122
166   160   7    53    403
167   114   4    51    231
168   58   4    18    321
169   39   7    43    358
170   3   7    195    155
171   108   6    127    390
172   122   5    9    320
173   66   6    141    147
174   7   7    86    22
175   104   4    108    126
176   24   2    51    268
177   118   3    87    482
178   48   2    144    281
179   103   7    194    105
180   125   5    63    8
181   43   5    188    267
182   15   5    91    157
183   14   3    36    249
184   75   5    158    223
185   73   5    3    338
186   174   6    42    124
187   146   5    72    449
188   132   2    146    231
189   75   6    53    287
190   91   2    111    489
191   132   2    24    157
192   57   6    5    160
193   158   5    183    158
194   50   7    137    71
195   158   4    128    185
196   138   2    189    399
197   186   5    98    396
198   118   3    182    468
199   2   3    135    31
200   97   5    123    494
201   122   6    179    291
202   187   2    172    152
203   64   5    103    267
204   106   4    55    495
205   27   5    124    363
206   173   3    189    55
207   91   7    75    219
208   195   7    147    322
209   205   6    165    40
210   138   5    61    347
211   153   4    119    41
212   31   4    120    222
213   152   5    78    384
214   60   4    197    490
215   195   2    196    327
216   198   6    77    367
217   124   5    67    193
218   215   5    162    419
219   18   7    23    404
220   73   7    128    114
221   13   2    61    236
222   133   2    188    439
223   198   6    155    311
224   172   4    58    33
225   216   2    191    464
226   201   5    155    251
227   186   4    126    125
228   58   4    85    150
229   96   2    11    284
230   209   5    57    354
231   209   6    41    404
232   16   5    167    356
233   205   3    55    497
234   153   2    76    66
235   96   2    52    108
236   110   3    180    396
237   178   4    87    4
238   128   4    77    132
239   205   5    189    293
240   200   5    108    459
