1   0   3    9    33
2   1   3    47    263
3   1   5    27    121
4   1   3    32    377
5   2   7    90    482
6   2   2    160    294
7   4   3    197    21
8   3   7    28    402
9   5   5    66    316
10   7   4    111    388
11   7   2    100    114
12   9   7    62    89
13   3   5    68    286
14   5   6    184    217
15   10   5    68    469
16   10   7    120    25
17   1   5    161    88
18   15   6    182    438
19   16   5    170    43
20   11   4    169    367
21   4   2    86    291
22   15   2    166    155
23   11   7    117    146
24   15   4    93    317
25   15   7    195    183
26   5   6    105    431
27   10   7    158    373
28   3   6    118    278
29   13   3    32    259
30   16   7    36    350
31   2   5    111    323
32   3   3    38    91
33   14   3    193    105
34   26   4    155    399
35   2   3    157    278
36   25   5    53    88
37   15   6    143    32
38   21   5    113    184
39   24   3    65    158
40   25   5    41    164
41   4   4    105    4
42   24   4    54    479
43   20   4    90    94
44   14   3    149    91
45   15   7    132    301
46   21   7    36    358
47   8   3    9    369
48   4   6    43    324
49   7   4    167    419
50   6   7    1    360
51   9   5    77    310
52   23   5    122    347
53   49   6    4    112
54   40   2    54    184
55   14   2    150    89
56   52   5    161    474
57   6   4    21    488
58   55   5    163    92
59   24   2    182    136
60   2   7    61    428
61   2   7    35    459
62   19   3    87    215
63   51   7    43    407
64   37   7    47    220
65   35   3    107    366
66   33   7    189    180
67   31   5    1    126
68   19   2    173    316
69   51   3    83    467
70   43   7    62    485
71   15   6    99    446
72   31   5    171    266
73   37   4    2    4
74   16   3    112    119
75   56   5    177    109
76   35   7    64    225
77   58   3    74    327
78   28   3    92    5
79   38   5    146    116
80   65   6    199    413
81   1   3    40    29
82   52   7    121    496
83   31   4    183    392
84   59   4    129    413
85   68   5    53    119
86   72   7    44    98
87   84   6    140    398
88   63   4    57    122
89   3   5    187    379
90   72   2    54    144
91   36   3    10    210
92   46   7    31    289
93   35   7    2    254
94   6   3    97    391
95   29   5    117    67
96   3   6    10    435
97   35   2    18    319
98   18   3    156    433
99   4   6    86    176
100   4   5    107    54
101   47   7    165    264
102   8   4    27    499
103   74   7    119    51
104   87   3    162    261
105   3   5    30    113
106   18   5    36    100
107   74   6    32    464
108   21   4    118    302
109   20   3    9    397
110   26   5    199    152
111   16   4    65    375
112   10   3    161    470
113   15   3    119    471
114   96   2    50    71
115   60   4    131    434
116   90   6    74    81
117   23   3    78    82
118   67   2    41    408
119   96   2    49    493
120   30   2    133    161
121   112   4    184    111
122   2   7    52    155
123   115   6    143    73
124   18   7    37    363
125   25   5    6    149
126   112   3    193    59
127   73   2    174    67
128   108   6    14    335
129   119   4    22    178
130   15   7    43    106
131   35   3    164    104
132   8   2    63    373
133   88   4    177    407
134   20   6    64    257
135   93   2    140    63
136   83   3    153    314
137   88   3    156    192
138   92   3    35    305
139   89   4    157    214
140   128   4    148    266
141   19   7    37    209
142   136   2    11    436
143   50   7    9    408
144   80   4    118    471
145   20   7    119    426
146   81   3    9    281
147   25   3    81    20
148   137   4    126    134
149   77   4    42    487
150   54   6    17    195
151   39   4    166    435
152   9   6    18    276
153   151   4    53    404
154   36   3    80    463
155   108   4    77    142
156   57   5    146    119
157   150   3    76    487
158   6   4    18    75
159   106   6    181    267
160   115   7    20    474
161   146   4    26    234
162   20   3    127    249
163   66   6    79    450
164   141   6    106    61
165   23   7    143    482
166   53   6    104    431
167   133   6    87    173
168   154   2    29    187
169   139   2    103    385
170   157   2    175    277
171   168   7    13    186
172   54   5    131    191
173   72   4    176    173
174   32   3    110    32
175   123   4    5    499
176   101   3    172    251
177   43   5    72    132
178   73   7    157    17
179   20   7    145    201
180   175   4    175    122
181   39   4    108    483
182   135   5    131    34
183   158   6    151    189
184   41   4    55    388
185   152   7    116    98
186   106   3    57    357
187   13   5    8    437
188   32   2    112    170
189   174   6    133    193
190   157   2    154    174
191   4   2    26    453
192   70   4    13    129
193   48   3    168    164
194   147   5    161    18
195   154   6    38    362
196   116   6    52    370
197   94   7    173    338
198   92   2    117    14
199   84   3    5    131
200   22   7    101    440
201   99   2    70    345
202   84   6    53    479
203   72   3    165    61
204   191   7    180    414
205   110   4    54    409
206   166   5    111    159
207   115   7    34    203
208   18   3    179    475
209   55   6    16    135
210   4   3    5    185
211   104   7    44    213
212   51   7    45    109
213   185   3    75    226
214   42   7    56    226
215   158   4    155    191
216   194   4    102    253
217   84   7    4    133
218   190   6    3    274
219   186   2    1    286
220   214   5    187    349
221   206   6    189    81
222   125   2    98    456
223   178   3    196    74
224   91   2    87    345
225   155   5    117    74
226   182   5    27    173
227   19   2    51    38
228   162   4    140    383
229   83   2    129    446
230   196   7    87    216
231   135   7    145    477
232   128   4    121    267
233   108   3    13    212
234   180   6    106    171
235   120   3    38    355
236   183   6    32    289
237   63   3    185    83
238   175   3    178    366
239   102   7    173    157
240   230   3    81    475
