1   0   2    8    26
2   1   4    198    159
3   1   6    171    329
4   2   4    191    172
5   3   5    47    328
6   3   4    114    269
7   1   3    160    207
8   2   7    38    421
9   1   5    187    144
10   2   3    167    65
11   4   3    193    363
12   10   6    189    166
13   10   7    197    29
14   4   6    182    13
15   12   3    23    380
16   4   6    93    272
17   12   5    124    116
18   4   5    64    405
19   4   4    44    465
20   4   6    61    184
21   3   6    106    339
22   19   2    81    226
23   16   4    114    204
24   20   7    76    75
25   16   2    64    284
26   11   3    176    196
27   8   2    91    435
28   3   4    198    128
29   7   7    51    170
30   6   7    91    226
31   5   7    78    293
32   12   4    125    251
33   10   5    90    405
34   31   2    153    479
35   30   2    118    271
36   30   4    72    79
37   2   6    89    480
38   13   4    145    291
39   6   4    33    326
40   32   5    111    58
41   16   7    188    487
42   31   4    133    180
43   13   2    104    264
44   28   4    93    444
45   19   6    133    116
46   5   5    11    96
47   13   4    157    248
48   16   5    24    446
49   31   7    24    385
50   12   4    146    97
51   9   6    159    84
52   19   5    94    19
53   30   4    90    467
54   4   4    155    289
55   3   3    77    193
56   18   6    103    254
57   11   3    41    215
58   50   4    175    194
59   14   3    194    22
60   33   3    175    333
61   13   6    7    59
62   45   3    19    410
63   59   4    41    437
64   40   5    90    388
65   36   6    143    59
66   14   2    172    191
67   58   7    182    128
68   43   7    28    311
69   1   2    27    250
70   6   3    63    359
71   48   5    89    325
72   44   4    82    92
73   20   7    129    291
74   68   2    125    317
75   15   2    3    207
76   12   2    151    482
77   69   7    41    13
78   14   7    143    370
79   46   6    182    156
80   27   6    137    415
81   12   6    93    11
82   59   4    194    393
83   62   7    192    439
84   65   6    67    341
85   46   3    36    218
86   13   7    144    418
87   15   6    38    490
88   14   7    112    194
89   49   5    100    178
90   11   2    99    292
91   70   6    175    198
92   72   4    118    180
93   51   7    68    290
94   82   5    13    452
95   16   5    4    404
96   5   3    174    259
97   1   7    175    368
98   8   7    174    76
99   31   3    63    131
100   57   6    101    233
101   55   6    181    264
102   48   3    94    405
103   50   2    192    56
104   42   2    38    353
105   79   5    112    260
106   35   6    106    380
107   51   4    198    146
108   26   6    50    290
109   56   5    11    219
110   4   3    112    310
111   92   3    21    377
112   33   7    90    46
113   21   6    178    411
114   3   5    157    435
115   26   6    188    333
116   62   6    101    370
117   24   6    159    380
118   110   7    199    149
119   24   5    127    206
120   8   7    38    441
121   25   5    30    424
122   31   7    24    165
123   22   7    171    453
124   9   3    152    201
125   10   2    26    294
126   5   4    110    160
127   102   6    39    112
128   32   6    40    94
129   33   4    125    91
130   10   5    183    380
131   95   7    5    490
132   74   6    187    164
133   40   3    149    306
134   124   6    199    362
135   83   3    44    256
136   46   3    166    286
137   15   4    81    423
138   57   6    16    115
139   130   2    91    418
140   91   7    65    306
141   2   3    86    104
142   89   4    74    28
143   60   4    109    296
144   116   6    148    397
145   1   6    193    244
146   83   4    87    357
147   36   5    38    274
148   31   6    108    322
149   30   3    116    111
150   24   4    148    393
151   101   6    143    19
152   58   7    141    274
153   86   6    163    259
154   14   7    9    64
155   15   2    104    372
156   28   3    71    364
157   147   5    198    94
158   64   2    13    63
159   122   3    96    306
160   74   5    71    396
161   28   2    18    314
162   157   2    15    143
163   1   3    59    353
164   62   7    7    456
165   113   4    124    59
166   69   3    57    2
167   33   7    174    157
168   89   5    117    429
169   142   3    179    10
170   21   2    115    84
171   77   5    195    183
172   62   6    60    201
173   78   4    167    315
174   114   5    196    210
175   94   5    160    277
176   165   7    30    490
177   125   5    74    324
178   64   5    40    288
179   89   5    15    136
180   138   4    117    9
181   89   7    36    18
182   166   3    199    276
183   135   7    154    212
184   32   4    128    357
185   26   7    127    108
186   136   7    143    336
187   90   3    7    149
188   99   6    114    436
189   148   4    31    97
190   86   6    61    321
191   159   7    40    173
192   174   5    158    280
193   95   5    21    10
194   77   2    33    228
195   66   6    147    290
196   191   5    52    299
197   152   6    77    127
198   157   3    37    22
199   124   2    185    98
200   94   6    1    203
201   5   3    46    454
202   74   7    189    472
203   201   3    114    48
204   192   7    39    99
205   32   6    15    248
206   170   4    71    201
207   199   2    37    141
208   140   7    58    342
209   126   5    143    318
210   71   6    4    482
211   60   7    36    67
212   3   4    20    483
213   81   7    77    348
214   59   5    127    376
215   121   7    105    424
216   169   2    46    293
217   71   4    87    192
218   187   7    28    460
219   95   6    155    492
220   189   2    161    196
221   96   2    50    28
222   56   5    120    222
223   177   5    7    237
224   214   4    116    360
225   109   7    112    453
226   180   7    74    493
227   115   4    108    284
228   87   6    125    152
229   45   6    188    151
230   139   7    116    55
231   12   2    172    57
232   204   2    140    121
233   109   6    166    223
234   193   2    25    398
235   21   7    147    275
236   44   4    13    109
237   61   5    81    24
238   17   4    101    19
239   167   5    131    21
240   48   6    143    315
