1   0   3    20    49
2   1   6    167    255
3   1   4    53    25
4   1   2    144    233
5   1   2    3    413
6   3   7    164    416
7   5   6    143    328
8   4   2    191    47
9   1   6    9    414
10   4   7    123    494
11   5   7    44    52
12   4   5    34    221
13   9   6    38    402
14   2   5    11    24
15   7   5    29    49
16   3   3    194    104
17   9   5    2    373
18   16   4    20    137
19   6   3    58    438
20   11   6    148    401
21   14   4    59    462
22   16   5    98    495
23   12   3    13    340
24   5   4    84    312
25   11   5    31    105
26   8   2    149    413
27   5   7    116    403
28   7   4    132    415
29   1   5    150    418
30   18   4    172    343
31   7   4    105    11
32   21   7    140    347
33   6   7    50    125
34   22   2    28    328
35   26   3    87    409
36   26   3    70    35
37   9   6    134    257
38   13   3    59    482
39   7   7    197    140
40   20   5    121    385
41   4   3    97    380
42   20   2    31    138
43   9   4    44    444
44   8   3    149    4
45   36   2    99    409
46   20   2    79    286
47   41   4    132    495
48   14   7    19    242
49   45   7    67    144
50   42   2    157    314
51   25   4    175    77
52   1   4    156    100
53   40   3    106    132
54   26   7    71    119
55   36   2    83    257
56   30   7    57    379
57   32   2    84    40
58   42   4    178    497
59   39   5    69    162
60   47   7    82    239
61   51   7    120    244
62   20   4    104    5
63   60   5    143    214
64   32   3    139    296
65   26   7    45    107
66   2   4    85    327
67   25   7    140    150
68   15   7    152    96
69   66   4    50    186
70   18   3    4    228
71   63   3    94    36
72   19   4    63    422
73   10   7    119    290
74   7   3    81    157
75   71   5    104    80
76   1   5    136    372
77   5   3    24    219
78   39   4    37    227
79   71   3    15    76
80   63   2    95    16
81   28   5    171    117
82   27   5    143    75
83   74   2    74    158
84   71   4    133    390
85   9   4    11    170
86   39   7    76    255
87   1   3    158    364
88   62   2    16    13
89   55   7    58    119
90   63   6    23    187
91   58   3    167    362
92   79   2    122    182
93   1   3    76    15
94   65   5    185    133
95   66   6    199    435
96   5   4    20    442
97   71   5    136    442
98   79   7    115    68
99   7   7    193    438
100   39   3    80    25
101   7   3    23    175
102   92   5    88    123
103   25   2    16    53
104   76   6    26    460
105   37   2    109    391
106   36   6    10    18
107   46   6    152    345
108   86   2    96    51
109   90   5    98    485
110   80   5    79    122
111   21   3    86    238
112   10   2    22    85
113   70   2    127    421
114   112   6    113    409
115   17   2    163    332
116   103   2    106    236
117   28   4    16    26
118   5   6    17    254
119   103   7    158    497
120   16   7    81    159
121   14   7    198    196
122   39   7    32    88
123   35   4    26    103
124   59   6    196    68
125   74   7    100    380
126   21   2    132    270
127   54   6    29    494
128   111   2    106    378
129   70   7    198    448
130   46   3    31    329
131   11   2    82    294
132   70   6    53    218
133   1   2    16    383
134   82   2    174    419
135   35   5    1    390
136   13   3    20    449
137   43   2    152    159
138   73   4    186    499
139   37   2    116    363
140   13   6    137    184
141   130   6    91    134
142   133   3    182    154
143   68   3    107    130
144   48   5    23    218
145   51   3    91    63
146   82   6    97    239
147   89   3    10    135
148   39   6    94    171
149   107   7    173    159
150   38   2    173    243
151   68   2    110    299
152   29   7    160    267
153   87   5    198    499
154   65   5    49    35
155   128   7    87    86
156   127   3    51    381
157   105   7    162    252
158   24   2    167    463
159   111   2    72    152
160   152   7    31    132
161   116   7    172    257
162   117   7    53    216
163   52   6    136    62
164   150   7    24    95
165   48   7    87    259
166   14   5    36    315
167   112   5    18    414
168   161   6    49    488
169   22   3    68    104
170   141   6    25    84
171   73   6    194    164
172   140   7    29    242
173   18   3    6    121
174   49   6    96    264
175   146   6    56    191
176   60   7    142    86
177   43   5    51    219
178   52   7    101    398
179   154   5    112    253
180   69   4    151    267
181   158   3    51    478
182   174   3    164    88
183   8   6    66    288
184   91   7    93    260
185   133   3    121    337
186   50   3    83    422
187   65   4    72    204
188   159   7    133    205
189   152   7    79    45
190   5   2    155    235
191   52   7    23    482
192   59   6    186    299
193   119   6    185    195
194   8   5    190    227
195   128   5    88    6
196   189   4    73    67
197   25   5    51    490
198   5   5    116    434
199   151   5    193    349
200   161   7    137    211
201   40   2    4    156
202   98   3    52    323
203   140   3    155    441
204   77   3    170    247
205   12   5    137    467
206   38   5    135    344
207   188   6    143    239
208   144   7    147    76
209   76   4    23    3
210   136   6    126    135
211   157   4    107    413
212   102   2    197    289
213   141   2    100    171
214   41   4    190    233
215   105   6    13    64
216   198   7    101    394
217   196   6    67    207
218   81   4    45    238
219   110   5    44    180
220   130   4    63    33
221   29   6    42    454
222   19   7    128    193
223   55   3    91    469
224   39   3    33    465
225   175   6    55    355
226   88   3    161    193
227   126   7    139    427
228   6   5    172    97
229   9   6    124    61
230   34   2    6    300
231   226   3    181    32
232   33   4    70    499
233   9   4    132    209
234   191   3    161    275
235   179   7    119    81
236   60   6    84    70
237   150   4    112    422
238   53   5    153    361
239   115   5    137    295
240   169   3    145    127
