1   0   5    14    49
2   1   2    33    487
3   1   6    6    163
4   1   5    77    128
5   1   3    16    452
6   1   5    189    493
7   4   2    104    4
8   6   4    83    496
9   5   2    48    104
10   2   3    46    208
11   5   5    17    172
12   7   5    154    237
13   10   3    168    13
14   7   4    13    418
15   13   5    47    378
16   5   5    73    171
17   1   3    198    49
18   5   2    194    441
19   5   3    40    76
20   18   6    73    313
21   3   4    106    244
22   9   4    69    168
23   19   6    149    295
24   19   4    157    454
25   21   4    56    37
26   6   4    71    423
27   24   4    193    435
28   13   2    99    419
29   26   5    85    57
30   12   7    13    114
31   24   7    185    456
32   23   4    167    91
33   11   2    34    218
34   5   7    158    166
35   32   3    4    308
36   32   2    93    260
37   19   3    171    212
38   23   2    141    120
39   14   3    59    389
40   11   3    21    442
41   22   4    55    182
42   38   7    162    296
43   20   2    172    387
44   13   7    95    438
45   22   2    135    154
46   39   6    188    424
47   28   5    89    38
48   12   7    100    400
49   42   3    129    498
50   31   7    151    376
51   11   2    128    225
52   12   6    159    391
53   5   4    66    266
54   38   2    191    218
55   15   7    130    168
56   8   2    27    136
57   54   5    86    34
58   13   6    98    229
59   38   5    64    165
60   52   5    194    401
61   14   5    5    438
62   36   7    124    474
63   40   7    119    427
64   6   6    186    463
65   46   3    34    157
66   44   3    86    8
67   50   2    186    437
68   21   6    73    328
69   50   6    17    414
70   48   3    77    49
71   29   4    138    422
72   53   7    7    40
73   44   2    24    472
74   10   5    167    141
75   64   4    19    264
76   52   6    135    429
77   28   3    37    334
78   69   7    115    333
79   29   4    48    495
80   1   3    127    299
81   47   6    119    307
82   79   5    32    119
83   21   6    115    3
84   65   2    30    82
85   26   2    99    331
86   43   2    42    484
87   2   6    197    440
88   24   4    33    81
89   61   7    116    442
90   64   6    18    53
91   40   7    85    464
92   15   4    43    245
93   38   2    71    428
94   90   2    108    301
95   28   7    32    496
96   12   4    41    315
97   11   3    97    364
98   45   7    142    46
99   79   4    104    451
100   23   4    5    102
101   33   2    95    493
102   17   7    6    449
103   9   7    38    403
104   36   2    101    173
105   10   2    8    229
106   18   4    127    383
107   10   3    199    43
108   37   7    183    407
109   82   5    95    37
110   90   2    7    333
111   19   7    138    410
112   103   6    194    438
113   76   6    158    328
114   3   2    141    158
115   10   2    190    337
116   27   3    145    322
117   106   2    43    461
118   53   6    134    456
119   73   3    131    281
120   82   4    163    188
121   56   6    154    27
122   104   4    174    216
123   67   2    181    290
124   97   3    156    353
125   55   6    137    390
126   96   3    152    419
127   45   5    144    67
128   2   6    61    339
129   119   5    72    465
130   86   6    149    432
131   15   2    53    48
132   115   2    153    358
133   82   3    76    393
134   50   6    7    128
135   86   2    193    132
136   16   7    134    292
137   88   7    161    155
138   120   3    28    481
139   100   2    3    143
140   7   2    91    113
141   91   3    10    353
142   23   3    146    147
143   33   6    104    150
144   87   5    171    334
145   128   6    99    465
146   16   5    149    304
147   100   3    150    138
148   66   3    97    157
149   113   5    19    38
150   11   3    163    403
151   133   7    194    336
152   13   7    174    347
153   47   2    82    326
154   82   6    168    6
155   125   5    31    27
156   75   5    125    165
157   68   3    25    278
158   143   3    172    174
159   81   4    80    57
160   118   4    190    139
161   71   2    114    292
162   111   6    40    154
163   138   2    80    361
164   124   5    184    482
165   12   6    117    67
166   75   4    38    403
167   10   3    116    289
168   61   7    160    487
169   87   3    86    497
170   79   3    25    100
171   20   6    131    16
172   10   5    87    24
173   40   5    104    46
174   44   4    56    484
175   42   7    102    395
176   59   5    141    16
177   24   7    148    299
178   87   2    66    86
179   167   7    132    129
180   12   4    56    332
181   153   2    173    390
182   174   4    77    204
183   45   3    179    449
184   16   4    146    161
185   177   2    87    433
186   141   7    36    296
187   7   2    187    281
188   96   6    114    186
189   47   6    8    441
190   106   5    9    273
191   139   6    33    165
192   59   4    121    254
193   134   3    12    76
194   61   4    165    23
195   140   4    9    208
196   142   2    117    76
197   50   4    49    444
198   5   7    82    457
199   127   7    39    348
200   50   3    112    116
201   143   4    143    39
202   1   3    118    39
203   68   2    24    172
204   127   3    1    129
205   73   6    178    469
206   116   2    184    102
207   110   7    185    348
208   130   5    73    171
209   74   5    134    53
210   53   3    141    238
211   72   7    9    355
212   162   3    33    29
213   62   6    36    339
214   207   2    149    238
215   155   3    174    411
216   149   7    163    56
217   141   4    54    85
218   184   3    161    190
219   154   2    77    235
220   142   6    48    304
221   119   4    189    97
222   16   3    74    45
223   19   5    183    246
224   11   4    38    117
225   183   2    110    385
226   116   6    87    419
227   222   7    145    362
228   69   5    1    400
229   198   4    198    28
230   74   6    184    142
231   63   7    11    443
232   100   4    160    336
233   125   2    186    424
234   48   5    82    481
235   233   5    169    451
236   106   3    117    35
237   1   7    112    375
238   147   5    146    152
239   194   6    180    114
240   108   6    196    77
