1   0   7    10    2
2   1   4    86    270
3   1   6    25    163
4   2   7    67    199
5   2   6    58    133
6   3   2    106    300
7   2   7    118    324
8   6   3    176    457
9   7   2    104    350
10   1   4    120    204
11   4   6    31    370
12   10   2    143    213
13   4   6    62    397
14   5   5    26    329
15   11   5    29    1
16   8   2    16    329
17   10   3    34    71
18   11   3    30    1
19   9   5    7    444
20   4   3    107    191
21   11   4    192    47
22   15   7    135    299
23   9   7    24    470
24   3   7    57    490
25   18   5    99    120
26   23   6    93    242
27   17   3    135    127
28   13   5    104    317
29   23   4    175    319
30   18   2    136    274
31   5   5    24    400
32   17   3    113    99
33   6   3    171    234
34   18   6    128    357
35   23   2    88    137
36   10   4    6    7
37   9   5    120    376
38   5   4    125    419
39   28   3    155    284
40   30   7    137    353
41   34   6    182    493
42   20   6    5    447
43   20   3    179    304
44   25   6    45    111
45   31   5    16    218
46   28   7    132    362
47   42   3    124    302
48   27   6    148    257
49   36   3    147    246
50   40   2    96    336
51   17   2    176    96
52   46   3    134    230
53   21   6    195    135
54   32   6    68    344
55   46   7    95    14
56   37   2    194    352
57   13   6    130    184
58   32   5    49    391
59   12   5    155    133
60   27   2    108    89
61   26   5    8    166
62   52   5    48    103
63   8   7    162    393
64   52   6    46    198
65   36   5    136    178
66   14   2    176    308
67   12   6    13    2
68   27   7    110    459
69   60   5    75    37
70   65   7    93    171
71   49   2    14    166
72   7   6    7    111
73   65   7    76    377
74   34   3    96    39
75   13   7    191    186
76   3   6    78    64
77   58   2    44    113
78   55   6    166    352
79   68   7    177    109
80   38   3    183    92
81   67   4    122    94
82   72   2    78    1
83   53   4    57    150
84   37   6    50    129
85   70   6    94    344
86   52   3    23    482
87   33   5    126    129
88   62   4    12    196
89   20   7    193    403
90   58   4    38    461
91   47   5    76    63
92   6   6    29    350
93   21   3    112    382
94   32   3    129    55
95   91   2    5    233
96   33   4    73    6
97   76   7    114    227
98   88   4    158    81
99   93   5    152    203
100   14   4    98    306
101   81   5    80    280
102   80   2    6    86
103   42   5    92    240
104   42   7    186    427
105   91   7    26    301
106   29   4    84    94
107   21   2    163    452
108   43   4    53    5
109   68   5    80    140
110   84   6    48    13
111   108   2    108    374
112   69   5    47    140
113   71   3    38    14
114   82   7    21    172
115   70   3    179    271
116   26   5    77    328
117   91   6    6    498
118   16   6    80    199
119   57   5    96    187
120   7   6    41    170
121   72   4    84    87
122   111   7    153    474
123   94   7    195    180
124   65   2    70    268
125   61   2    73    162
126   33   5    73    156
127   78   4    166    280
128   37   7    9    1
129   80   3    141    102
130   67   6    155    288
131   76   2    35    246
132   96   6    61    118
133   35   7    135    133
134   51   5    62    325
135   61   6    84    60
136   108   4    107    415
137   34   4    55    215
138   74   6    54    216
139   48   4    103    255
140   56   4    35    388
141   121   3    5    142
142   70   2    99    400
143   54   5    57    100
144   55   7    84    210
145   77   7    100    174
146   45   4    156    289
147   102   7    198    433
148   16   3    73    276
149   134   5    191    27
150   84   3    91    417
151   99   6    115    481
152   96   5    35    356
153   119   5    176    400
154   47   4    102    18
155   126   6    32    10
156   130   2    104    498
157   73   3    189    14
158   143   3    112    2
159   12   5    177    426
160   24   3    14    377
161   128   7    131    477
162   44   5    107    142
163   122   5    181    192
164   150   4    136    433
165   159   3    46    447
166   56   7    89    109
167   114   4    137    289
168   138   7    53    145
169   165   7    86    146
170   141   7    84    499
171   124   2    2    236
172   145   5    146    11
173   130   2    198    410
174   125   3    18    471
175   113   5    153    1
176   128   6    142    305
177   45   4    45    269
178   137   5    34    42
179   145   5    136    132
180   26   4    59    482
181   45   5    42    403
182   120   6    24    50
183   107   6    103    299
184   117   5    194    471
185   151   4    27    96
186   166   2    108    262
187   85   7    43    68
188   22   4    92    255
189   184   5    13    223
190   111   7    66    401
191   16   5    187    74
192   151   3    196    387
193   69   3    41    160
194   47   2    71    393
195   119   2    125    249
196   48   2    82    51
197   95   3    62    420
198   105   7    59    409
199   173   4    81    50
200   136   3    87    441
201   79   5    71    461
202   104   2    68    322
203   163   7    81    105
204   40   5    174    453
205   57   7    85    200
206   165   3    51    85
207   119   5    97    389
208   103   7    10    14
209   139   7    112    266
210   90   6    95    495
211   69   3    34    44
212   102   6    195    488
213   113   2    50    298
214   162   3    162    17
215   120   6    155    222
216   102   7    19    332
217   193   2    153    326
218   205   3    101    373
219   186   5    104    128
220   28   5    121    371
221   120   7    25    173
222   215   3    61    418
223   95   4    73    206
224   96   5    173    107
225   97   2    101    433
226   93   4    25    14
227   215   7    64    65
228   141   6    52    235
229   183   6    96    66
230   38   7    60    95
231   46   4    84    364
232   224   3    170    257
233   189   3    61    483
234   226   6    17    385
235   213   4    171    224
236   201   4    60    399
237   122   4    173    72
238   62   7    28    364
239   210   3    140    284
240   115   6    144    290
