1   0   5    28    8
2   1   3    140    363
3   1   2    124    436
4   2   4    135    116
5   2   5    13    317
6   4   6    113    54
7   2   3    58    10
8   5   6    178    51
9   1   6    193    31
10   5   4    86    81
11   8   4    191    387
12   3   4    156    236
13   4   5    36    285
14   8   4    68    379
15   6   3    70    277
16   14   7    124    333
17   4   6    29    319
18   16   4    120    159
19   16   5    117    461
20   5   7    95    487
21   16   3    87    417
22   16   2    115    194
23   12   2    149    437
24   2   6    37    72
25   4   7    143    481
26   20   2    49    242
27   8   2    192    455
28   25   2    2    27
29   21   5    136    4
30   5   7    165    488
31   1   7    44    155
32   19   3    13    463
33   30   5    7    420
34   26   4    129    393
35   12   5    100    465
36   13   4    18    385
37   30   2    82    91
38   3   4    116    234
39   10   3    107    250
40   26   6    1    432
41   23   4    79    72
42   3   2    137    381
43   40   3    16    382
44   8   5    165    338
45   6   4    198    455
46   15   6    82    328
47   24   5    55    128
48   14   2    32    173
49   17   7    48    157
50   22   2    77    109
51   45   4    35    86
52   37   7    74    203
53   46   6    167    219
54   39   2    80    137
55   40   2    162    389
56   24   2    49    371
57   11   7    121    7
58   11   7    69    384
59   39   3    123    128
60   49   3    123    304
61   38   4    64    260
62   28   2    109    125
63   22   3    102    213
64   34   6    8    144
65   38   7    82    174
66   61   2    118    331
67   46   7    41    208
68   17   2    68    211
69   12   4    146    438
70   13   2    35    358
71   65   5    80    378
72   59   7    58    207
73   68   2    131    339
74   57   6    100    457
75   24   6    148    183
76   13   2    196    405
77   73   3    118    365
78   66   5    124    264
79   70   6    14    100
80   13   4    170    285
81   59   4    49    218
82   51   5    29    411
83   15   7    132    411
84   31   5    113    376
85   46   5    70    275
86   34   7    162    405
87   36   6    161    468
88   37   3    67    304
89   75   6    19    144
90   78   5    155    482
91   50   6    138    225
92   32   2    169    88
93   6   2    125    222
94   66   6    166    39
95   52   3    109    151
96   29   5    45    66
97   93   5    27    396
98   43   4    32    202
99   71   7    54    439
100   83   5    195    102
101   17   6    21    321
102   97   5    127    372
103   60   2    151    333
104   77   7    190    400
105   87   3    161    428
106   58   4    29    204
107   61   6    99    487
108   97   7    80    352
109   6   2    78    46
110   31   7    56    387
111   104   3    8    377
112   53   5    127    455
113   92   4    62    399
114   76   6    81    5
115   3   2    195    392
116   53   2    67    173
117   45   5    172    88
118   22   7    31    278
119   14   4    149    475
120   110   7    34    472
121   96   5    67    183
122   22   2    27    312
123   48   5    40    72
124   119   7    13    191
125   29   6    38    165
126   63   4    162    47
127   102   3    55    164
128   9   5    106    223
129   87   7    124    438
130   9   2    87    265
131   83   5    180    173
132   101   3    147    466
133   36   7    76    200
134   56   4    57    120
135   123   4    139    166
136   122   2    94    248
137   66   6    83    328
138   26   5    193    180
139   112   3    32    251
140   53   2    178    179
141   76   5    12    359
142   23   4    169    102
143   124   3    100    170
144   7   6    177    57
145   24   5    13    471
146   17   5    30    118
147   83   4    151    191
148   60   3    55    159
149   101   3    83    337
150   136   7    124    262
151   9   2    160    488
152   86   6    173    138
153   73   4    36    198
154   90   5    165    474
155   75   2    109    131
156   40   7    98    117
157   35   7    143    368
158   153   3    20    73
159   69   5    177    293
160   26   5    155    46
161   126   6    193    426
162   138   3    180    173
163   73   3    173    245
164   37   2    17    5
165   139   4    111    340
166   147   4    147    126
167   60   4    175    186
168   96   5    73    493
169   11   2    2    206
170   130   5    120    368
171   65   5    68    267
172   27   5    199    192
173   154   7    153    382
174   90   4    73    252
175   47   3    29    79
176   10   6    35    419
177   67   6    197    190
178   132   3    111    196
179   92   6    169    412
180   71   5    122    18
181   76   6    42    229
182   67   5    152    21
183   170   7    188    439
184   132   5    17    81
185   7   2    63    9
186   94   6    151    72
187   79   6    44    383
188   43   7    172    441
189   142   2    91    146
190   90   7    118    263
191   85   4    167    112
192   87   2    83    211
193   38   5    187    445
194   44   6    117    207
195   65   5    43    417
196   133   6    27    482
197   173   7    188    303
198   147   7    177    38
199   90   7    173    433
200   178   7    113    99
201   9   4    40    187
202   101   2    44    209
203   86   2    135    412
204   23   4    124    181
205   31   6    158    357
206   170   2    68    249
207   93   4    177    21
208   173   6    59    23
209   110   5    120    171
210   135   3    11    460
211   159   5    160    155
212   131   2    184    290
213   84   4    188    258
214   33   7    22    201
215   179   2    178    30
216   206   5    150    177
217   149   5    136    488
218   155   2    66    73
219   150   4    79    480
220   29   3    50    203
221   25   7    183    329
222   189   2    55    50
223   172   7    123    419
224   105   5    164    434
225   37   2    197    145
226   93   7    146    19
227   15   4    7    412
228   87   6    159    27
229   91   6    52    215
230   221   6    170    354
231   155   5    134    273
232   165   6    78    446
233   62   2    3    107
234   129   2    124    474
235   7   2    98    106
236   65   4    25    40
237   21   5    9    185
238   226   5    74    230
239   203   6    15    446
240   181   4    182    211
