1   0   4    10    33
2   1   6    83    89
3   1   6    13    357
4   2   7    114    333
5   3   7    48    381
6   3   3    123    96
7   5   7    148    149
8   3   7    132    13
9   2   6    155    267
10   1   2    72    357
11   2   6    180    383
12   4   7    109    209
13   6   4    49    192
14   12   6    172    347
15   10   6    27    460
16   5   2    77    345
17   14   4    58    248
18   16   2    62    405
19   5   6    49    115
20   8   5    149    98
21   9   7    120    121
22   4   4    73    167
23   17   4    36    112
24   10   6    132    476
25   4   2    81    414
26   14   4    67    34
27   12   6    142    388
28   20   3    136    314
29   13   3    197    491
30   22   3    189    128
31   29   3    18    427
32   20   6    4    198
33   11   2    100    97
34   10   7    117    232
35   28   2    5    82
36   26   7    119    338
37   25   6    107    466
38   12   5    44    182
39   32   5    69    84
40   20   4    100    18
41   37   7    179    297
42   8   6    25    202
43   16   4    24    402
44   23   7    30    466
45   8   7    198    246
46   11   3    171    88
47   36   6    20    420
48   9   7    133    340
49   47   5    116    17
50   24   5    53    192
51   25   7    124    380
52   47   3    114    394
53   11   3    66    361
54   36   3    197    58
55   39   7    86    277
56   14   3    54    474
57   41   6    36    436
58   48   6    15    212
59   53   6    11    248
60   17   6    83    231
61   28   5    30    255
62   27   2    152    167
63   42   7    196    186
64   27   5    166    398
65   36   6    35    114
66   9   5    89    371
67   42   3    72    475
68   33   2    72    495
69   59   3    37    427
70   41   5    3    448
71   56   5    112    82
72   70   7    171    392
73   70   4    135    297
74   46   7    108    296
75   57   5    127    193
76   72   5    44    482
77   13   2    133    312
78   22   4    118    370
79   17   5    10    142
80   43   7    174    480
81   42   6    150    185
82   76   5    44    381
83   60   4    85    129
84   65   7    127    364
85   81   2    97    129
86   58   6    11    409
87   62   5    197    329
88   45   2    53    435
89   59   7    43    124
90   71   6    37    281
91   62   4    36    415
92   81   4    112    127
93   66   2    148    106
94   65   6    165    61
95   64   7    64    306
96   25   4    96    290
97   70   2    80    66
98   72   2    13    243
99   75   5    70    453
100   63   4    162    469
101   73   7    99    318
102   79   2    61    250
103   71   4    55    201
104   48   4    192    125
105   45   3    72    294
106   62   5    51    384
107   47   5    35    376
108   29   4    122    336
109   45   4    84    171
110   58   2    162    141
111   98   5    89    123
112   88   7    104    21
113   31   4    36    281
114   58   6    70    295
115   48   4    114    281
116   81   4    146    284
117   111   4    121    142
118   65   3    186    106
119   111   7    27    252
120   38   3    85    310
121   24   2    35    82
122   35   5    143    91
123   99   2    18    174
124   98   4    119    252
125   105   6    82    338
126   52   6    109    157
127   49   3    71    109
128   125   2    153    186
129   117   3    163    63
130   60   7    75    363
131   60   5    191    262
132   64   4    21    183
133   90   5    198    21
134   87   2    167    203
135   59   5    97    417
136   130   2    148    278
137   52   3    102    22
138   99   6    70    448
139   91   7    34    422
140   80   5    169    142
141   51   6    143    196
142   23   6    173    265
143   135   2    89    211
144   46   6    166    311
145   100   7    70    283
146   112   7    112    7
147   78   4    70    424
148   91   2    74    401
149   114   2    42    301
150   97   6    163    138
151   51   7    69    374
152   100   6    178    70
153   134   4    36    467
154   40   2    23    339
155   24   4    70    478
156   51   7    184    257
157   136   3    140    370
158   73   7    115    364
159   125   5    117    207
160   142   4    171    172
161   34   2    196    135
162   91   4    176    32
163   137   2    142    148
164   124   2    178    198
165   107   6    137    171
166   147   6    7    223
167   119   3    68    232
168   6   5    99    142
169   67   7    57    284
170   49   2    94    297
171   87   3    157    325
172   113   7    16    349
173   99   2    13    43
174   154   7    198    284
175   52   2    166    267
176   124   7    34    80
177   167   5    125    164
178   110   7    172    28
179   172   7    9    263
180   169   4    144    482
181   90   3    77    265
182   74   6    128    372
183   83   2    17    20
184   96   6    139    169
185   75   6    95    26
186   156   2    136    440
187   167   3    149    331
188   172   2    24    16
189   163   6    156    126
190   57   6    175    181
191   166   2    42    76
192   157   3    34    63
193   71   7    19    431
194   126   6    29    18
195   185   7    146    495
196   143   4    177    494
197   80   2    38    67
198   120   2    72    41
199   34   2    178    200
200   137   2    55    173
201   148   3    106    36
202   184   4    199    375
203   97   6    89    41
204   153   3    88    30
205   179   3    142    259
206   180   4    147    122
207   41   5    40    390
208   181   4    62    419
209   104   2    14    493
210   146   7    1    437
211   116   3    149    299
212   63   6    70    207
213   178   4    26    331
214   182   6    151    328
215   28   3    88    94
216   44   5    154    451
217   74   2    46    105
218   117   3    115    404
219   78   7    175    47
220   55   3    164    313
221   126   5    195    337
222   38   7    150    214
223   137   5    194    249
224   193   3    156    484
225   89   7    64    9
226   154   2    33    455
227   158   3    72    62
228   190   7    85    439
229   56   4    120    148
230   15   2    43    48
231   125   6    198    187
232   26   5    9    297
233   33   6    13    238
234   177   5    84    52
235   97   4    118    258
236   170   4    85    427
237   84   5    126    399
238   111   4    79    257
239   180   3    42    457
240   57   5    170    192
