1   0   6    14    3
2   1   4    198    5
3   1   4    59    117
4   1   3    86    348
5   2   2    55    182
6   4   4    93    487
7   3   3    89    257
8   5   3    100    381
9   3   3    190    96
10   4   6    87    376
11   5   3    128    482
12   2   6    7    368
13   8   7    8    423
14   2   5    85    162
15   10   2    160    467
16   8   5    138    79
17   9   7    152    223
18   12   5    35    366
19   9   5    9    267
20   3   7    128    269
21   13   6    35    190
22   20   3    57    441
23   5   3    154    291
24   14   4    91    217
25   9   5    88    283
26   17   5    48    81
27   8   4    196    258
28   18   2    85    230
29   10   3    30    167
30   26   5    91    64
31   14   5    23    463
32   6   4    55    375
33   23   4    45    491
34   24   3    56    414
35   17   7    151    12
36   34   3    80    447
37   15   6    6    221
38   6   4    38    237
39   27   7    87    292
40   19   2    120    485
41   33   7    157    406
42   24   2    187    495
43   27   7    144    373
44   42   2    168    62
45   14   5    119    493
46   29   3    158    471
47   37   4    43    465
48   41   5    130    157
49   20   5    2    335
50   48   5    87    165
51   35   5    58    38
52   32   2    22    249
53   38   7    125    306
54   41   5    13    15
55   24   2    154    462
56   52   3    178    266
57   36   7    124    162
58   47   7    141    309
59   17   4    31    111
60   13   2    124    15
61   23   7    149    288
62   34   6    103    476
63   59   7    66    331
64   36   7    6    470
65   57   3    22    404
66   31   2    84    320
67   13   7    167    473
68   55   6    95    397
69   27   6    44    288
70   43   6    1    24
71   30   6    72    267
72   65   4    103    92
73   23   2    186    331
74   54   2    107    71
75   6   7    78    431
76   12   5    92    186
77   75   7    82    177
78   42   2    103    284
79   25   2    73    327
80   69   2    172    175
81   60   4    19    386
82   76   5    25    454
83   21   5    121    12
84   43   3    193    15
85   65   2    22    100
86   34   5    107    220
87   28   6    84    350
88   58   2    174    422
89   61   6    178    381
90   40   2    161    331
91   21   2    153    256
92   61   3    70    211
93   11   4    59    348
94   90   4    163    181
95   30   3    173    446
96   85   4    49    7
97   68   2    158    75
98   53   4    146    380
99   75   2    175    73
100   85   7    189    107
101   42   5    166    175
102   26   4    150    244
103   45   2    88    211
104   56   4    194    471
105   68   5    85    105
106   26   3    139    319
107   86   7    158    419
108   37   4    52    437
109   38   2    84    481
110   45   2    168    2
111   66   6    81    362
112   110   7    135    99
113   66   5    105    332
114   11   5    138    350
115   7   6    12    53
116   52   4    90    85
117   97   6    78    492
118   75   6    163    7
119   43   5    174    274
120   104   6    145    259
121   101   6    180    142
122   114   7    46    11
123   85   6    4    41
124   116   2    89    33
125   81   7    143    369
126   10   3    5    493
127   35   2    65    107
128   44   4    46    255
129   118   7    197    346
130   83   2    122    50
131   28   6    65    437
132   77   6    169    358
133   108   2    180    314
134   116   2    183    311
135   62   5    35    287
136   132   2    5    170
137   129   6    39    404
138   105   7    196    426
139   15   3    168    37
140   30   7    179    150
141   134   5    165    145
142   64   2    14    12
143   102   2    187    287
144   41   2    189    246
145   92   2    129    204
146   90   6    92    470
147   112   6    164    142
148   56   2    189    209
149   69   2    113    49
150   55   2    10    243
151   115   6    87    381
152   101   7    28    233
153   83   6    165    117
154   77   6    113    265
155   101   2    34    214
156   61   4    187    424
157   135   3    183    214
158   39   2    24    3
159   68   2    29    85
160   138   5    97    164
161   25   5    42    252
162   25   5    47    301
163   74   2    47    363
164   50   4    5    5
165   153   3    170    32
166   106   3    88    465
167   104   4    150    359
168   109   4    76    467
169   106   5    171    355
170   78   2    157    355
171   124   3    171    479
172   137   4    149    336
173   115   6    38    438
174   67   3    154    225
175   7   5    97    346
176   55   3    113    7
177   110   3    32    166
178   176   7    154    188
179   32   6    36    389
180   172   5    35    121
181   28   5    94    97
182   149   7    139    424
183   94   6    114    480
184   105   7    13    373
185   77   4    166    79
186   115   5    117    396
187   106   4    146    339
188   76   5    72    108
189   146   5    199    73
190   48   2    128    211
191   184   2    119    32
192   94   4    145    445
193   130   2    166    294
194   22   4    156    445
195   66   7    92    186
196   149   6    91    219
197   155   5    68    200
198   98   4    184    305
199   133   4    114    41
200   184   7    167    367
201   118   2    87    437
202   32   4    38    214
203   132   6    55    250
204   109   6    16    317
205   122   4    181    107
206   97   3    38    413
207   45   5    104    62
208   49   4    113    153
209   171   3    72    464
210   134   2    31    390
211   48   3    3    407
212   44   2    127    463
213   171   2    174    96
214   49   3    12    165
215   167   6    120    19
216   151   7    36    225
217   124   7    28    21
218   53   5    115    129
219   213   7    82    343
220   118   3    37    145
221   161   3    26    332
222   22   6    43    28
223   144   6    11    183
224   139   3    2    285
225   219   2    85    193
226   65   4    176    153
227   127   2    175    292
228   31   4    120    480
229   199   7    27    248
230   18   5    114    361
231   194   5    90    465
232   136   3    163    42
233   73   2    24    95
234   37   2    86    17
235   137   4    190    419
236   224   5    43    207
237   220   2    34    361
238   142   2    135    215
239   116   3    14    299
240   112   5    198    373
