1   0   7    1    33
2   1   6    3    318
3   1   3    150    290
4   1   2    2    232
5   3   3    26    179
6   3   4    196    186
7   5   6    82    472
8   5   4    7    334
9   2   7    27    308
10   2   7    67    304
11   7   5    84    417
12   8   5    66    164
13   2   3    122    366
14   5   5    168    149
15   4   4    97    87
16   14   7    180    114
17   10   6    25    96
18   15   2    147    267
19   6   5    192    377
20   16   5    186    216
21   9   7    49    2
22   10   7    160    30
23   12   4    115    202
24   19   5    63    427
25   12   6    179    287
26   9   5    177    179
27   20   6    53    401
28   8   5    52    425
29   22   2    38    408
30   20   4    76    262
31   24   3    92    399
32   11   2    134    76
33   16   7    73    102
34   16   7    5    175
35   14   6    148    362
36   34   6    171    489
37   18   7    41    399
38   30   4    6    192
39   35   7    187    50
40   6   3    30    438
41   20   7    158    236
42   24   5    78    42
43   4   4    20    434
44   4   2    194    217
45   33   7    191    455
46   21   2    149    256
47   14   6    38    346
48   3   7    82    165
49   37   4    117    327
50   42   6    162    68
51   24   6    10    363
52   6   5    35    58
53   31   6    109    292
54   18   4    44    106
55   29   7    191    85
56   33   6    174    58
57   18   3    124    182
58   32   5    177    131
59   46   7    168    80
60   13   5    161    266
61   39   4    7    154
62   38   2    70    378
63   60   6    75    4
64   35   3    53    256
65   52   6    164    41
66   11   2    29    316
67   41   4    6    428
68   38   4    139    358
69   33   5    189    456
70   12   3    23    340
71   7   3    76    351
72   26   2    4    143
73   19   4    198    392
74   55   7    139    112
75   63   7    151    2
76   64   6    42    446
77   26   4    194    136
78   37   3    128    2
79   34   6    116    120
80   25   3    173    300
81   51   2    161    157
82   68   3    175    432
83   65   5    121    355
84   69   3    142    154
85   77   5    28    474
86   62   2    174    146
87   51   6    16    282
88   49   3    194    79
89   8   4    124    347
90   83   7    158    365
91   55   5    169    212
92   39   5    24    490
93   44   3    68    200
94   84   5    1    318
95   30   4    24    446
96   81   3    164    61
97   10   3    77    44
98   72   2    35    157
99   64   6    136    173
100   52   4    141    14
101   45   3    5    422
102   85   4    131    31
103   57   5    28    434
104   62   4    155    381
105   34   6    47    449
106   29   4    173    180
107   67   2    143    458
108   69   4    50    27
109   102   7    21    325
110   66   2    89    270
111   71   2    159    133
112   54   2    46    60
113   78   4    188    444
114   9   5    3    275
115   22   6    42    188
116   77   7    90    450
117   30   3    155    484
118   92   4    58    78
119   106   5    164    353
120   27   3    157    52
121   80   6    85    188
122   11   5    23    297
123   54   3    108    344
124   59   5    106    436
125   58   6    114    40
126   55   7    180    126
127   107   5    179    483
128   62   7    162    413
129   71   4    146    337
130   116   2    34    355
131   32   3    25    354
132   37   4    193    78
133   88   6    107    390
134   108   6    40    214
135   26   3    46    82
136   71   5    151    137
137   21   4    113    235
138   17   2    25    428
139   61   2    191    492
140   61   3    16    317
141   53   3    29    408
142   41   7    12    23
143   131   3    195    450
144   43   6    3    353
145   28   5    4    440
146   115   3    181    291
147   19   7    193    246
148   98   7    179    418
149   46   6    35    118
150   80   2    152    498
151   123   7    59    297
152   17   4    101    155
153   85   7    46    281
154   135   6    4    201
155   148   5    63    321
156   122   5    86    321
157   15   4    126    203
158   103   7    60    48
159   80   4    17    249
160   67   7    63    188
161   65   4    185    464
162   7   3    111    18
163   36   2    136    275
164   140   3    93    58
165   159   2    52    129
166   36   5    182    171
167   102   7    118    477
168   116   6    54    109
169   79   3    7    445
170   91   7    74    239
171   91   5    103    418
172   169   6    137    197
173   39   3    80    3
174   93   7    14    212
175   146   4    84    248
176   116   5    194    105
177   107   7    70    298
178   13   2    167    334
179   165   2    125    207
180   83   4    20    387
181   95   3    140    202
182   67   2    13    145
183   78   6    142    197
184   82   5    113    45
185   70   2    29    223
186   183   3    138    191
187   162   6    169    80
188   155   7    24    193
189   141   2    174    108
190   27   7    132    255
191   166   3    156    443
192   185   5    58    303
193   131   2    37    180
194   176   7    152    343
195   110   6    107    408
196   60   2    191    363
197   140   3    51    443
198   123   5    166    333
199   162   4    33    226
200   127   7    87    78
201   185   2    69    497
202   53   2    2    372
203   150   4    19    384
204   64   2    68    438
205   113   2    43    388
206   100   6    165    84
207   21   2    113    45
208   174   7    107    301
209   79   5    196    142
210   133   4    76    66
211   112   7    153    354
212   162   7    148    327
213   144   4    107    486
214   82   7    125    125
215   200   4    78    137
216   146   4    54    286
217   106   6    160    407
218   156   6    198    272
219   176   3    79    178
220   141   2    161    347
221   48   5    199    493
222   170   5    164    453
223   48   4    143    306
224   29   6    71    317
225   110   5    9    391
226   166   7    47    297
227   201   3    13    49
228   172   3    59    435
229   108   2    51    138
230   155   3    162    69
231   101   6    161    52
232   215   6    163    348
233   119   4    17    314
234   159   2    128    413
235   109   4    98    336
236   50   6    35    416
237   89   3    196    364
238   203   5    112    497
239   132   3    86    478
240   106   5    150    320
