1   0   6    24    37
2   1   3    15    210
3   1   4    180    251
4   1   5    2    400
5   2   3    31    65
6   4   3    197    454
7   5   6    77    116
8   2   5    189    35
9   4   4    27    87
10   8   3    141    468
11   5   3    168    233
12   7   2    136    128
13   9   4    104    252
14   4   4    149    255
15   10   3    170    4
16   7   3    34    466
17   9   3    97    122
18   9   3    187    9
19   7   6    75    260
20   5   3    159    452
21   4   4    4    314
22   3   7    157    434
23   10   7    30    27
24   19   5    26    26
25   2   6    84    381
26   16   5    191    226
27   16   5    127    110
28   16   6    106    435
29   15   5    120    171
30   16   5    96    225
31   19   4    44    295
32   6   7    65    122
33   5   6    124    256
34   3   5    181    391
35   13   2    73    267
36   1   2    153    74
37   18   4    76    103
38   3   2    171    402
39   18   2    38    398
40   24   4    145    69
41   39   7    87    352
42   35   5    191    398
43   41   2    24    35
44   17   5    156    55
45   17   3    59    107
46   39   4    119    352
47   31   6    98    310
48   35   4    103    247
49   14   2    149    103
50   34   7    186    25
51   9   3    156    143
52   34   4    136    341
53   3   6    105    260
54   38   4    137    234
55   36   4    143    123
56   46   3    184    374
57   51   2    156    20
58   53   7    58    498
59   55   6    98    464
60   18   5    156    356
61   13   3    178    73
62   52   2    29    17
63   30   4    154    214
64   25   4    18    389
65   27   7    67    32
66   50   7    76    94
67   11   4    179    219
68   41   4    6    181
69   2   4    177    164
70   13   2    54    227
71   18   7    92    282
72   6   6    157    279
73   22   6    159    215
74   50   4    123    147
75   13   4    79    194
76   12   7    122    256
77   29   6    159    117
78   29   7    148    256
79   30   7    148    55
80   76   7    121    231
81   64   7    31    252
82   55   2    12    170
83   45   6    41    59
84   68   2    99    496
85   61   5    43    374
86   27   5    70    295
87   49   5    45    465
88   11   4    32    220
89   6   5    104    326
90   34   7    163    442
91   56   7    19    135
92   70   4    82    271
93   41   4    185    475
94   88   5    126    208
95   91   3    142    296
96   22   4    44    417
97   76   6    49    227
98   82   4    143    59
99   31   7    29    186
100   50   7    184    106
101   17   7    58    119
102   15   3    121    226
103   64   2    60    264
104   55   6    21    269
105   24   2    115    406
106   50   2    23    173
107   105   4    77    351
108   80   3    112    396
109   73   6    178    365
110   11   7    118    170
111   20   4    66    127
112   85   2    87    456
113   40   6    76    177
114   102   5    120    144
115   25   7    142    100
116   104   5    180    50
117   76   5    16    445
118   63   4    19    127
119   108   2    154    144
120   6   2    66    313
121   65   7    155    256
122   105   7    145    412
123   109   7    41    17
124   55   4    14    103
125   75   5    85    355
126   74   2    14    260
127   111   2    72    333
128   72   3    56    190
129   82   2    103    411
130   26   4    141    128
131   85   6    22    158
132   105   2    186    213
133   60   6    193    221
134   128   3    75    373
135   98   4    130    361
136   12   6    67    90
137   100   6    15    34
138   135   4    62    221
139   69   5    185    93
140   72   3    74    91
141   17   7    142    92
142   53   4    117    496
143   39   2    143    359
144   98   3    60    354
145   87   3    59    229
146   69   6    140    482
147   54   4    8    281
148   10   6    157    153
149   146   6    12    266
150   137   4    178    405
151   108   4    98    209
152   133   6    74    426
153   94   4    49    329
154   46   4    7    160
155   138   5    42    379
156   150   3    58    345
157   143   3    106    173
158   76   2    52    39
159   51   7    190    391
160   56   2    144    482
161   139   5    174    455
162   80   4    66    163
163   80   7    144    14
164   68   7    108    40
165   103   7    132    453
166   97   4    29    355
167   79   2    84    368
168   58   7    180    106
169   35   2    144    491
170   70   3    21    54
171   100   5    192    77
172   37   7    142    62
173   68   3    99    402
174   83   2    168    103
175   15   7    54    275
176   139   5    67    143
177   126   6    61    208
178   82   4    12    85
179   34   7    175    465
180   172   5    96    416
181   77   3    13    310
182   35   2    69    368
183   155   6    150    118
184   71   3    61    63
185   178   5    8    88
186   155   7    98    317
187   126   4    18    86
188   123   6    98    330
189   73   5    161    66
190   163   7    2    322
191   87   4    5    375
192   98   5    178    190
193   105   4    16    132
194   24   2    17    477
195   14   2    149    475
196   165   6    123    101
197   144   2    65    468
198   193   2    119    166
199   43   5    163    228
200   37   6    21    183
201   104   7    28    72
202   114   4    71    357
203   162   5    143    424
204   110   6    62    224
205   94   3    54    24
206   24   6    82    125
207   136   6    149    467
208   51   5    138    84
209   42   6    115    415
210   129   2    137    285
211   172   7    86    285
212   112   2    188    392
213   100   6    121    459
214   182   4    85    142
215   67   2    171    377
216   144   4    7    6
217   40   5    175    2
218   26   3    163    16
219   41   5    150    203
220   11   5    5    372
221   174   7    149    189
222   217   2    34    444
223   202   4    22    392
224   209   5    137    29
225   108   4    67    320
226   64   4    87    28
227   43   7    126    480
228   146   7    90    173
229   92   5    11    4
230   190   5    149    339
231   27   2    116    158
232   189   6    122    221
233   80   4    123    11
234   61   4    199    229
235   81   7    128    482
236   193   7    40    355
237   84   7    198    213
238   174   6    3    189
239   169   2    114    40
240   31   5    39    51
