1   0   7    24    43
2   1   4    21    196
3   1   2    66    28
4   1   3    143    389
5   2   7    138    412
6   4   6    24    329
7   4   3    28    81
8   4   6    189    420
9   6   7    64    476
10   3   3    20    399
11   3   4    86    183
12   5   4    166    134
13   11   3    65    393
14   7   4    24    149
15   3   4    138    438
16   14   5    119    34
17   10   4    50    84
18   10   3    162    95
19   2   4    184    21
20   7   2    76    359
21   14   4    6    411
22   6   2    1    80
23   11   3    119    23
24   22   2    70    261
25   20   3    77    5
26   7   2    56    471
27   21   6    162    69
28   9   7    59    197
29   18   3    151    171
30   26   3    47    87
31   18   4    9    295
32   21   5    90    259
33   5   3    100    445
34   14   5    58    403
35   17   6    139    138
36   30   4    137    246
37   31   5    105    471
38   17   4    84    239
39   25   7    45    384
40   17   6    110    414
41   35   6    93    50
42   30   5    53    83
43   32   2    8    60
44   28   2    173    146
45   18   7    116    478
46   6   3    88    495
47   45   6    124    450
48   10   4    132    475
49   13   4    64    419
50   40   5    181    399
51   40   7    100    113
52   32   3    93    271
53   49   2    183    207
54   19   3    139    279
55   33   6    107    331
56   35   3    75    34
57   8   5    169    363
58   15   5    70    286
59   43   7    17    45
60   48   4    118    341
61   56   5    90    47
62   28   4    54    299
63   59   6    55    157
64   59   7    191    173
65   34   2    29    396
66   53   5    198    53
67   23   6    183    32
68   29   3    172    155
69   5   4    181    137
70   13   5    160    382
71   15   5    198    286
72   9   5    191    272
73   16   2    42    398
74   16   5    99    23
75   63   6    109    498
76   59   7    19    76
77   28   7    187    93
78   39   4    35    282
79   47   5    40    380
80   55   3    104    106
81   24   4    132    343
82   71   6    126    348
83   24   5    127    119
84   61   5    14    326
85   37   4    53    364
86   38   2    198    54
87   19   5    59    456
88   35   4    83    247
89   22   5    177    419
90   83   4    144    437
91   12   4    19    312
92   84   3    90    181
93   53   3    16    109
94   38   2    87    492
95   2   4    141    290
96   77   5    44    433
97   21   5    34    32
98   51   3    47    378
99   96   2    151    309
100   12   5    193    402
101   86   2    61    315
102   19   6    105    287
103   48   6    143    289
104   61   2    22    82
105   90   6    167    129
106   55   5    181    201
107   55   4    45    347
108   56   2    189    381
109   25   7    158    318
110   40   4    114    198
111   36   7    150    409
112   105   2    162    494
113   65   3    38    375
114   22   5    107    342
115   8   2    125    444
116   43   5    169    152
117   31   2    57    152
118   89   6    195    174
119   83   7    68    186
120   86   6    50    99
121   101   3    40    205
122   12   7    69    426
123   95   4    162    410
124   96   3    106    415
125   98   2    197    159
126   94   5    47    316
127   99   2    133    187
128   86   2    193    171
129   32   6    137    370
130   113   6    115    205
131   87   7    138    315
132   104   2    48    303
133   27   2    182    218
134   50   5    54    41
135   53   7    182    413
136   67   2    159    111
137   38   5    184    44
138   76   3    23    316
139   72   5    179    303
140   136   5    194    423
141   41   7    108    361
142   37   3    188    108
143   78   6    62    476
144   117   7    161    161
145   90   6    73    16
146   39   4    81    267
147   89   6    15    191
148   54   3    189    378
149   78   7    107    36
150   37   4    83    437
151   56   6    145    363
152   34   7    4    160
153   52   7    162    420
154   106   5    149    468
155   11   3    105    145
156   92   3    190    369
157   85   2    113    217
158   57   3    159    215
159   140   5    56    9
160   109   5    131    119
161   75   6    146    154
162   111   3    164    104
163   111   6    48    227
164   61   2    175    68
165   69   5    26    498
166   69   2    27    120
167   73   6    15    319
168   45   6    35    435
169   114   3    121    260
170   99   4    197    34
171   146   5    77    167
172   26   6    2    344
173   72   6    163    315
174   43   4    81    18
175   111   7    181    323
176   94   6    40    414
177   136   6    29    197
178   49   2    69    456
179   131   7    61    88
180   102   4    147    27
181   62   7    185    379
182   96   3    197    314
183   108   5    1    153
184   118   2    150    359
185   95   5    30    330
186   115   4    165    349
187   145   7    122    367
188   65   4    9    178
189   109   6    15    86
190   16   4    192    65
191   72   7    143    43
192   97   7    38    113
193   71   3    2    102
194   73   5    196    338
195   54   4    15    482
196   128   6    116    383
197   195   5    73    72
198   177   3    109    175
199   115   2    26    30
200   119   4    141    388
201   20   4    95    374
202   106   6    155    153
203   155   2    170    460
204   179   5    136    258
205   78   5    121    177
206   159   4    156    375
207   125   3    121    219
208   77   4    99    48
209   116   4    149    258
210   110   7    92    310
211   191   6    92    22
212   121   5    87    274
213   158   2    143    79
214   89   6    100    72
215   213   3    111    361
216   191   5    4    162
217   127   3    46    212
218   49   7    101    465
219   212   7    146    253
220   163   4    185    483
221   42   3    170    73
222   77   4    99    257
223   140   7    171    107
224   90   4    114    441
225   211   3    77    451
226   118   2    133    269
227   54   4    73    318
228   71   6    21    59
229   150   7    168    168
230   25   2    8    341
231   109   7    64    471
232   70   5    155    149
233   122   2    71    321
234   168   5    91    257
235   57   3    63    319
236   133   3    26    56
237   175   3    23    92
238   94   4    77    494
239   48   3    136    417
240   73   3    169    57
241   95   5    8    83
242   148   7    38    212
243   233   5    89    232
244   157   2    197    228
245   235   6    97    33
246   102   2    109    464
247   217   3    62    92
248   235   5    114    127
249   50   6    77    283
250   237   5    109    167
251   179   6    75    423
252   217   7    81    105
253   160   2    75    406
254   252   4    129    117
255   122   3    47    264
256   110   3    18    144
257   85   4    129    471
258   211   4    175    175
259   41   6    152    223
260   34   7    64    99
261   120   6    170    111
262   187   4    185    441
263   115   5    36    486
264   15   5    169    310
265   184   6    71    196
266   218   6    107    465
267   117   6    17    486
268   128   7    150    418
269   251   4    177    443
270   226   6    85    83
271   134   5    129    94
272   131   3    48    202
273   173   4    193    121
274   231   6    62    433
275   44   5    109    445
276   149   5    34    463
277   127   2    180    155
278   251   6    28    430
279   158   3    173    361
280   161   3    142    396
281   205   6    32    3
282   101   6    101    135
283   68   3    46    312
284   149   2    193    14
285   103   3    86    69
286   217   2    127    285
287   75   4    95    73
288   273   7    60    272
289   259   2    137    399
290   85   4    159    431
291   233   3    30    375
292   97   6    176    385
293   135   6    185    217
294   290   7    101    415
295   47   2    154    433
296   76   6    49    219
297   231   6    34    235
298   108   2    20    361
299   215   4    10    371
300   107   4    198    189
301   42   2    9    110
302   245   3    54    163
303   206   2    145    17
304   166   5    48    2
305   65   6    198    392
306   156   5    30    111
307   26   2    195    21
308   118   3    139    11
309   221   7    153    61
310   295   2    48    4
311   264   4    143    221
312   283   7    71    41
313   253   5    75    398
314   242   6    26    261
315   279   2    147    61
316   139   2    14    63
317   127   6    81    103
318   297   2    5    465
319   8   4    28    158
320   290   4    86    391
321   121   3    180    165
322   76   7    64    189
323   81   2    137    215
324   88   6    142    264
325   214   4    66    362
326   203   2    176    379
327   69   2    87    305
328   310   2    90    95
329   253   5    80    400
330   123   4    179    352
331   324   3    19    318
332   240   2    180    346
333   294   6    162    46
334   258   3    167    153
335   107   4    198    337
336   93   7    117    200
337   113   5    183    191
338   245   4    27    482
339   132   7    3    389
340   50   2    74    475
341   122   6    190    173
342   283   4    90    56
343   260   4    10    280
344   327   5    25    372
345   240   6    30    407
346   250   5    15    149
347   125   2    5    266
348   82   5    17    26
349   257   7    118    305
350   84   2    86    99
351   346   7    12    495
352   42   5    196    439
353   174   6    41    473
354   152   5    157    337
355   107   6    173    392
356   252   6    30    65
357   287   3    77    408
358   279   4    89    465
359   317   3    105    429
360   344   2    141    479
