1   0   2    28    16
2   1   4    136    435
3   1   6    15    282
4   1   2    187    189
5   2   2    113    323
6   4   7    45    285
7   2   7    15    427
8   2   7    193    397
9   5   4    194    177
10   8   2    1    78
11   3   5    95    18
12   2   5    13    215
13   3   7    49    356
14   3   3    171    337
15   4   3    90    236
16   11   2    105    347
17   10   4    3    493
18   12   6    157    383
19   3   2    25    464
20   4   6    68    244
21   10   2    155    116
22   15   4    126    67
23   1   3    20    247
24   11   2    32    455
25   17   2    110    52
26   10   6    91    206
27   5   2    159    189
28   18   2    190    276
29   7   4    87    492
30   26   2    8    238
31   27   7    115    409
32   9   4    32    15
33   5   7    76    202
34   25   5    32    258
35   30   6    115    227
36   31   3    7    333
37   18   2    178    248
38   8   7    115    344
39   26   5    84    424
40   19   3    156    323
41   10   5    8    110
42   19   6    166    141
43   20   7    9    257
44   41   2    161    99
45   42   5    126    96
46   7   6    2    247
47   36   4    75    128
48   34   6    115    260
49   22   7    59    471
50   8   4    56    280
51   15   3    76    378
52   38   7    117    108
53   36   2    95    280
54   17   4    114    195
55   20   5    43    115
56   7   6    149    493
57   55   7    127    154
58   16   2    95    347
59   18   7    131    142
60   54   6    154    489
61   44   4    90    495
62   53   5    168    114
63   36   3    55    470
64   42   5    171    109
65   40   7    197    77
66   24   7    7    242
67   4   2    37    245
68   17   6    9    386
69   54   5    122    355
70   65   3    16    435
71   40   5    196    115
72   34   4    138    373
73   35   7    199    490
74   11   5    35    334
75   35   6    138    29
76   5   5    197    424
77   58   3    78    6
78   13   7    160    57
79   25   6    98    325
80   27   2    119    490
81   50   7    174    159
82   9   6    100    124
83   51   3    69    343
84   76   2    51    361
85   9   7    125    209
86   6   3    72    396
87   82   2    4    179
88   83   7    134    462
89   87   5    188    234
90   72   7    128    431
91   38   3    51    322
92   52   2    15    48
93   41   4    120    70
94   45   3    55    472
95   30   2    108    51
96   30   4    179    149
97   47   3    52    28
98   8   5    78    173
99   94   3    20    107
100   32   2    116    296
101   17   4    14    441
102   69   6    150    387
103   39   4    98    187
104   63   2    56    310
105   59   3    163    179
106   41   3    31    110
107   67   2    49    102
108   30   2    186    7
109   38   6    148    65
110   99   5    53    317
111   93   5    152    210
112   102   4    52    253
113   100   5    154    270
114   40   7    166    479
115   111   3    176    314
116   61   5    114    137
117   114   2    2    326
118   111   4    165    189
119   82   4    37    301
120   68   5    4    289
121   116   7    133    229
122   98   7    109    424
123   23   2    41    427
124   54   3    25    397
125   84   3    185    220
126   124   7    90    9
127   111   6    102    382
128   110   2    11    135
129   12   2    48    10
130   125   2    199    447
131   103   6    18    470
132   114   7    67    13
133   56   3    129    237
134   66   6    108    84
135   49   2    49    382
136   118   2    167    241
137   97   7    113    342
138   92   7    12    471
139   93   4    2    308
140   117   3    140    385
141   22   6    1    5
142   98   6    7    82
143   112   7    179    343
144   97   2    137    87
145   118   4    19    432
146   11   5    199    412
147   98   4    166    158
148   123   6    14    255
149   114   2    133    156
150   21   2    170    394
151   14   2    36    84
152   53   2    7    177
153   128   6    46    190
154   93   4    165    343
155   60   3    36    290
156   52   4    83    406
157   134   2    43    335
158   144   2    12    67
159   73   3    113    64
160   81   3    129    385
161   73   7    128    253
162   153   6    26    134
163   134   2    47    458
164   40   5    138    102
165   82   5    18    294
166   110   3    122    309
167   152   6    152    350
168   14   4    144    396
169   136   7    89    253
170   92   2    181    144
171   15   6    146    485
172   117   3    112    189
173   128   2    20    285
174   152   3    191    111
175   164   3    124    369
176   113   5    91    41
177   25   4    95    307
178   73   2    195    60
179   105   4    45    270
180   138   7    70    265
181   44   2    178    138
182   105   7    162    218
183   88   2    113    294
184   47   7    88    298
185   174   7    26    254
186   145   2    13    171
187   118   5    134    413
188   145   5    31    273
189   86   4    138    64
190   137   7    151    283
191   139   6    128    271
192   165   6    58    360
193   158   5    2    103
194   32   5    42    130
195   64   5    20    319
196   125   4    142    122
197   183   6    146    84
198   73   7    148    458
199   79   7    109    386
200   142   3    115    418
201   71   4    109    296
202   91   4    3    173
203   156   3    40    119
204   162   7    131    115
205   168   5    107    338
206   22   4    191    292
207   177   6    85    317
208   98   7    91    88
209   195   7    152    160
210   19   2    137    243
211   58   7    194    24
212   132   6    8    34
213   35   2    11    259
214   48   2    62    48
215   95   7    41    310
216   15   5    171    53
217   35   2    112    439
218   13   7    193    118
219   155   3    76    105
220   6   6    83    312
221   36   7    166    60
222   46   6    153    34
223   175   2    35    283
224   20   2    23    451
225   89   5    24    367
226   127   2    108    60
227   72   3    63    33
228   180   2    194    414
229   20   7    151    8
230   112   7    30    443
231   187   4    77    445
232   75   4    131    74
233   154   7    6    269
234   156   3    30    388
235   110   2    92    216
236   131   4    74    215
237   211   5    17    132
238   82   4    166    75
239   169   3    14    207
240   169   4    96    104
241   173   7    185    124
242   221   5    67    413
243   6   7    95    335
244   226   2    2    282
245   160   4    128    85
246   129   7    152    327
247   242   7    123    307
248   128   7    186    33
249   154   5    196    169
250   109   6    25    308
251   59   5    134    107
252   92   2    52    257
253   209   7    135    174
254   192   6    96    11
255   146   5    140    181
256   167   5    143    98
257   76   7    42    109
258   220   7    29    380
259   134   7    146    13
260   46   5    153    104
261   178   2    192    446
262   89   4    151    203
263   126   7    147    367
264   203   7    168    162
265   256   3    126    2
266   139   4    145    216
267   132   4    172    295
268   84   6    196    174
269   194   7    146    445
270   132   4    198    419
271   104   5    128    64
272   157   6    120    441
273   187   6    81    311
274   254   4    196    399
275   212   7    142    115
276   42   5    132    85
277   263   7    109    373
278   248   6    92    317
279   75   3    135    24
280   122   3    183    55
281   135   5    59    132
282   147   7    177    140
283   182   2    21    366
284   54   5    104    439
285   85   4    177    69
286   193   4    79    234
287   57   6    111    257
288   248   7    103    317
289   45   7    62    495
290   240   6    101    81
291   180   7    183    120
292   173   4    159    383
293   281   7    120    180
294   292   2    69    373
295   14   3    18    287
296   115   7    122    43
297   281   7    93    416
298   204   6    38    426
299   102   6    11    33
300   193   2    15    129
301   257   2    164    358
302   266   5    199    243
303   170   3    56    114
304   298   5    68    312
305   101   7    100    430
306   112   7    70    123
307   128   7    112    1
308   52   7    84    111
309   167   6    74    274
310   254   6    80    34
311   262   2    25    360
312   32   4    145    78
313   193   3    10    237
314   107   7    131    402
315   281   3    67    23
316   174   5    135    146
317   255   5    75    316
318   63   7    148    185
319   222   7    59    281
320   266   5    91    261
321   117   4    28    462
322   16   3    69    205
323   124   7    31    133
324   6   2    104    193
325   212   4    93    10
326   52   4    78    483
327   47   2    180    103
328   81   6    36    493
329   268   5    43    395
330   140   7    97    66
331   169   3    167    377
332   48   2    196    185
333   326   3    185    240
334   94   3    73    441
335   69   2    84    254
336   151   4    6    403
337   269   6    92    113
338   172   2    150    341
339   50   5    108    247
340   46   6    33    360
341   169   6    79    355
342   249   5    95    251
343   58   5    106    13
344   60   4    94    205
345   332   2    193    11
346   184   3    197    448
347   45   4    110    52
348   253   6    155    438
349   116   6    180    98
350   255   4    93    418
351   21   7    106    249
352   92   3    33    120
353   297   7    29    331
354   130   6    62    270
355   89   7    39    24
356   64   6    120    108
357   31   3    131    364
358   76   4    20    63
359   167   5    25    411
360   243   7    74    350
