1   0   4    12    22
2   1   6    12    254
3   1   2    184    25
4   1   2    62    161
5   3   2    96    32
6   3   5    86    283
7   1   6    91    194
8   5   5    76    59
9   7   2    25    364
10   3   2    157    404
11   2   5    174    62
12   8   3    110    432
13   4   5    73    166
14   8   4    196    467
15   9   3    13    263
16   6   3    186    24
17   5   3    123    268
18   2   3    192    5
19   2   4    188    60
20   4   4    7    109
21   18   4    101    403
22   10   2    60    198
23   3   7    179    365
24   9   6    130    217
25   7   3    172    496
26   9   2    182    396
27   16   5    62    468
28   26   3    148    93
29   6   4    17    143
30   27   5    94    136
31   7   4    185    377
32   25   7    134    191
33   27   3    70    24
34   32   6    181    424
35   10   7    11    366
36   7   4    115    444
37   4   4    37    402
38   28   3    165    243
39   11   7    82    270
40   21   4    26    373
41   37   7    18    188
42   28   6    134    264
43   16   5    47    116
44   4   4    33    198
45   40   3    193    416
46   35   3    125    14
47   23   7    116    141
48   12   4    87    318
49   36   5    83    356
50   8   3    154    157
51   44   4    91    394
52   41   7    184    147
53   37   2    37    47
54   43   7    184    239
55   42   3    141    321
56   38   6    86    129
57   43   7    36    402
58   47   6    135    271
59   14   6    85    82
60   27   4    26    60
61   48   5    181    344
62   47   3    91    361
63   20   2    29    185
64   36   2    61    449
65   59   3    42    476
66   24   2    65    224
67   48   6    19    346
68   25   2    70    426
69   41   5    185    216
70   13   2    186    450
71   47   2    181    258
72   36   3    110    236
73   44   3    132    116
74   37   5    57    426
75   58   5    137    368
76   65   4    58    35
77   58   5    144    376
78   6   2    139    197
79   5   5    121    124
80   47   5    191    151
81   43   5    142    450
82   36   3    60    298
83   11   2    54    197
84   41   2    25    186
85   31   7    32    262
86   54   2    60    122
87   68   7    198    211
88   25   2    25    62
89   44   3    45    95
90   17   6    5    339
91   22   5    45    29
92   26   7    197    416
93   79   7    140    256
94   90   7    137    361
95   81   7    85    478
96   34   4    81    147
97   60   6    134    488
98   85   6    55    150
99   46   7    169    317
100   13   2    163    208
101   58   2    49    443
102   69   2    29    453
103   81   3    114    351
104   11   7    25    256
105   50   3    107    180
106   78   2    69    177
107   21   6    95    396
108   80   3    153    303
109   106   6    171    239
110   38   2    113    81
111   85   3    104    261
112   22   5    120    175
113   77   5    180    347
114   18   6    35    327
115   2   7    109    390
116   10   5    37    166
117   32   4    39    229
118   12   4    184    220
119   77   2    178    481
120   54   3    55    299
121   10   3    77    45
122   100   5    142    6
123   115   3    37    20
124   25   4    49    205
125   21   2    131    272
126   73   2    74    287
127   112   6    184    125
128   100   4    81    20
129   125   6    118    180
130   101   6    96    487
131   103   3    20    247
132   48   7    91    32
133   100   7    177    196
134   34   4    36    69
135   15   5    37    360
136   130   3    66    69
137   70   3    9    196
138   107   4    13    467
139   116   5    154    487
140   74   2    172    330
141   109   6    39    83
142   74   6    53    414
143   32   6    50    302
144   31   7    21    287
145   139   5    58    251
146   127   6    173    162
147   116   6    191    27
148   122   7    127    283
149   67   6    106    415
150   43   4    163    125
151   118   4    41    2
152   120   5    138    281
153   84   7    141    10
154   95   4    104    403
155   104   3    93    347
156   106   6    49    135
157   109   6    5    33
158   142   6    39    163
159   71   7    29    276
160   121   5    169    72
161   104   5    109    473
162   156   6    152    204
163   87   5    57    231
164   50   3    167    498
165   119   3    193    42
166   24   7    105    138
167   119   5    125    61
168   31   3    71    218
169   88   3    110    285
170   78   6    145    42
171   58   6    174    440
172   26   2    83    182
173   110   3    56    256
174   91   2    19    207
175   54   5    108    172
176   132   3    21    396
177   122   2    99    313
178   49   6    58    365
179   161   3    20    19
180   76   3    151    228
181   155   4    163    168
182   60   6    13    310
183   91   5    55    107
184   136   6    62    456
185   159   4    94    196
186   146   5    46    394
187   142   4    95    467
188   8   4    151    421
189   132   7    186    489
190   150   4    22    429
191   21   4    152    355
192   137   5    135    441
193   163   2    74    353
194   152   7    183    59
195   76   2    64    157
196   72   2    25    220
197   183   6    107    462
198   71   7    110    182
199   112   6    95    497
200   48   4    48    74
201   90   4    185    374
202   6   5    110    374
203   81   3    153    223
204   143   6    95    6
205   73   6    189    436
206   82   7    192    55
207   51   3    126    176
208   188   4    193    65
209   107   5    176    499
210   133   6    199    291
211   101   6    174    466
212   22   5    122    432
213   18   7    194    419
214   198   2    93    214
215   80   2    81    356
216   41   5    40    439
217   84   3    90    467
218   64   5    126    346
219   113   3    137    156
220   211   3    96    162
221   144   7    47    451
222   102   3    66    370
223   159   6    16    429
224   181   6    166    261
225   9   4    28    195
226   162   6    143    400
227   216   2    177    495
228   22   2    88    396
229   49   7    162    70
230   49   2    158    44
231   196   6    11    29
232   101   5    147    178
233   228   6    68    252
234   226   7    163    462
235   148   4    138    404
236   112   3    105    184
237   193   5    23    146
238   190   3    81    384
239   98   3    198    44
240   116   4    68    395
241   174   3    175    494
242   176   3    192    28
243   69   7    30    421
244   155   2    195    422
245   74   4    63    79
246   231   4    67    216
247   99   4    167    159
248   129   5    152    26
249   224   4    147    229
250   55   2    128    123
251   112   5    68    3
252   106   4    147    242
253   200   3    103    454
254   167   5    170    205
255   205   7    43    228
256   26   4    169    21
257   98   4    81    7
258   14   7    11    215
259   228   7    198    95
260   173   7    80    44
261   131   7    103    122
262   164   7    94    231
263   52   5    166    84
264   257   7    36    394
265   40   4    74    225
266   79   7    63    325
267   104   5    89    210
268   121   4    126    176
269   191   7    132    366
270   157   3    170    119
271   165   5    100    301
272   262   6    116    387
273   18   5    125    118
274   11   4    75    46
275   268   3    199    33
276   176   2    181    403
277   127   3    183    363
278   261   2    95    323
279   78   7    92    331
280   60   4    149    144
281   208   3    4    363
282   56   6    131    276
283   133   3    46    386
284   24   7    112    315
285   177   2    20    250
286   158   2    190    90
287   265   4    176    114
288   211   2    188    120
289   178   2    119    81
290   224   4    64    388
291   261   6    141    237
292   117   7    77    297
293   162   6    199    434
294   287   5    54    497
295   287   4    179    87
296   78   7    167    439
297   188   5    3    227
298   20   2    6    101
299   243   4    117    79
300   56   7    193    48
301   291   7    155    179
302   232   4    149    478
303   201   3    195    154
304   185   7    19    235
305   204   2    66    109
306   170   3    185    449
307   175   5    153    201
308   280   7    167    494
309   108   3    5    63
310   92   2    195    402
311   242   6    32    228
312   250   7    198    56
313   262   2    50    144
314   242   2    119    175
315   268   4    45    316
316   178   2    135    166
317   79   6    160    93
318   304   3    136    410
319   131   6    96    434
320   128   6    50    409
321   137   4    165    78
322   228   3    134    180
323   209   3    72    208
324   267   7    162    294
325   116   7    154    17
326   23   7    63    190
327   167   6    84    192
328   53   2    156    340
329   109   4    96    199
330   152   6    154    90
331   14   4    152    66
332   326   6    85    104
333   178   5    86    327
334   302   3    169    82
335   143   3    39    418
336   235   3    159    142
337   65   7    87    311
338   144   2    52    401
339   280   3    86    88
340   213   2    121    352
341   99   4    141    268
342   304   5    32    23
343   220   4    135    419
344   146   7    64    80
345   85   7    187    248
346   344   6    45    439
347   136   4    55    237
348   232   5    109    1
349   203   6    105    96
350   216   2    116    443
351   265   5    96    69
352   270   3    19    351
353   241   4    185    432
354   350   2    198    16
355   342   6    84    344
356   350   2    44    380
357   106   6    86    357
358   211   4    184    325
359   40   2    54    306
360   216   2    59    193
