1   0   3    17    1
2   1   2    125    339
3   1   7    75    138
4   2   6    156    204
5   2   6    99    311
6   4   6    171    18
7   1   7    62    463
8   5   5    19    35
9   5   7    146    482
10   4   2    73    205
11   4   4    89    221
12   9   7    163    122
13   10   7    151    306
14   3   3    12    184
15   1   2    194    27
16   2   2    23    70
17   10   4    76    188
18   2   4    107    466
19   12   5    72    306
20   11   3    9    222
21   13   2    162    369
22   5   5    49    195
23   8   3    102    77
24   11   4    53    45
25   7   3    94    245
26   10   4    135    429
27   5   7    95    219
28   15   7    25    100
29   25   5    102    128
30   24   3    5    432
31   3   3    67    378
32   20   6    48    77
33   23   5    49    342
34   23   4    98    288
35   24   4    152    194
36   20   4    157    367
37   32   7    160    347
38   11   4    135    222
39   7   3    42    206
40   12   5    3    226
41   17   6    103    316
42   33   6    175    75
43   12   7    70    28
44   36   2    155    199
45   6   3    74    473
46   40   6    53    276
47   31   5    148    369
48   30   6    79    44
49   33   7    44    245
50   10   7    40    189
51   36   6    174    264
52   17   3    68    276
53   27   7    61    28
54   21   7    184    29
55   11   2    71    363
56   27   2    180    364
57   55   2    91    102
58   38   5    78    242
59   41   6    75    160
60   36   6    79    340
61   8   6    183    475
62   28   7    9    198
63   15   3    90    169
64   30   6    192    216
65   49   3    84    457
66   27   6    183    304
67   48   6    67    399
68   56   3    184    91
69   33   4    132    42
70   52   2    15    396
71   61   3    165    30
72   12   2    43    443
73   68   5    64    471
74   20   3    99    175
75   15   4    37    418
76   71   6    126    28
77   56   6    52    54
78   22   3    93    307
79   22   2    45    231
80   43   2    162    69
81   8   5    12    349
82   20   4    160    118
83   69   2    13    432
84   69   7    93    63
85   48   5    1    485
86   14   5    1    329
87   38   6    172    35
88   73   7    111    475
89   8   3    44    306
90   68   3    91    378
91   63   2    4    228
92   80   6    142    499
93   49   5    167    320
94   9   4    63    139
95   78   5    103    402
96   18   4    191    439
97   18   2    118    448
98   55   7    64    21
99   62   2    4    302
100   13   3    51    124
101   54   6    168    294
102   9   7    49    197
103   97   6    108    423
104   17   4    19    139
105   59   2    198    170
106   26   4    101    401
107   66   5    3    376
108   17   6    88    222
109   42   6    90    282
110   92   7    5    253
111   93   7    63    497
112   37   7    121    182
113   54   6    39    452
114   47   7    173    279
115   89   2    177    25
116   54   2    103    348
117   86   6    120    97
118   76   2    11    454
119   47   4    155    121
120   28   6    54    365
121   61   2    3    170
122   65   3    166    23
123   85   6    150    350
124   63   5    100    94
125   45   2    141    185
126   88   3    110    493
127   101   6    179    465
128   69   3    193    325
129   69   7    151    137
130   51   7    170    471
131   3   7    109    305
132   90   6    121    248
133   80   2    160    251
134   102   7    115    123
135   124   5    152    451
136   57   5    129    33
137   67   6    196    49
138   14   3    140    131
139   77   3    17    321
140   54   6    66    153
141   32   4    89    97
142   125   3    52    84
143   119   2    117    46
144   118   4    46    440
145   24   2    97    387
146   47   3    193    396
147   51   2    176    68
148   126   2    2    210
149   107   6    122    24
150   74   5    74    452
151   62   2    96    172
152   103   7    183    58
153   62   3    140    180
154   49   7    92    452
155   44   4    176    173
156   149   6    67    300
157   87   5    152    353
158   37   5    160    466
159   28   2    110    268
160   67   7    137    358
161   19   6    172    314
162   16   6    95    397
163   65   6    13    310
164   80   6    38    85
165   71   5    120    277
166   162   7    187    327
167   106   7    57    60
168   159   2    60    106
169   147   7    102    237
170   4   4    185    495
171   140   5    140    296
172   74   7    190    123
173   33   5    90    364
174   139   3    108    234
175   162   4    39    434
176   121   3    42    151
177   105   2    83    374
178   79   3    103    172
179   41   6    71    212
180   36   7    151    187
181   115   2    22    358
182   177   6    94    29
183   64   7    166    138
184   139   6    90    70
185   79   2    66    308
186   130   3    34    394
187   148   2    182    223
188   93   3    185    134
189   140   5    59    161
190   124   3    130    499
191   181   3    35    391
192   149   2    89    361
193   174   7    111    485
194   24   5    43    145
195   127   2    192    59
196   175   4    9    308
197   26   3    186    19
198   3   2    26    279
199   107   6    8    232
200   155   5    198    108
201   122   3    124    155
202   22   4    132    224
203   104   5    27    400
204   138   7    71    306
205   182   6    15    300
206   143   7    138    262
207   149   5    88    491
208   48   7    99    397
209   182   4    199    431
210   44   5    76    387
211   60   6    15    193
212   71   2    146    167
213   203   6    6    278
214   123   4    21    275
215   186   6    109    378
216   181   4    175    259
217   48   7    50    399
218   71   5    6    244
219   117   3    197    395
220   125   6    157    33
221   182   2    85    476
222   131   2    120    308
223   78   7    134    45
224   191   4    78    290
225   99   7    179    468
226   141   5    163    365
227   167   7    59    256
228   98   2    100    106
229   112   5    37    14
230   92   2    21    470
231   44   4    192    134
232   21   2    61    283
233   102   6    78    404
234   98   4    84    476
235   28   5    87    413
236   104   5    136    498
237   63   3    193    329
238   27   4    51    324
239   115   6    57    381
240   123   7    95    462
241   87   7    20    395
242   14   4    34    246
243   161   4    89    379
244   26   4    33    187
245   154   7    73    103
246   241   2    39    5
247   40   7    76    225
248   204   4    199    174
249   46   3    92    258
250   222   2    87    106
251   235   7    82    2
252   201   5    188    441
253   37   7    89    287
254   70   7    137    491
255   34   5    191    121
256   56   5    54    185
257   151   5    195    363
258   128   2    121    77
259   142   2    135    352
260   190   5    199    433
261   198   5    134    130
262   39   4    30    425
263   38   5    74    49
264   187   7    44    63
265   260   4    160    104
266   262   7    45    333
267   181   2    33    12
268   192   4    170    117
269   232   2    114    129
270   177   3    161    292
271   119   5    73    399
272   88   7    50    308
273   57   2    122    93
274   206   2    104    110
275   43   6    88    35
276   149   7    117    417
277   22   6    192    229
278   148   6    133    483
279   66   2    141    311
280   174   6    76    63
281   135   5    198    190
282   46   2    51    332
283   204   7    16    304
284   180   7    94    119
285   170   4    185    477
286   49   4    118    357
287   82   3    111    165
288   213   6    108    6
289   74   3    113    393
290   195   6    92    316
291   239   6    20    384
292   207   7    25    379
293   60   2    167    315
294   40   4    152    376
295   243   4    2    426
296   175   2    80    434
297   226   6    93    221
298   151   2    62    480
299   97   3    191    306
300   198   2    101    272
301   86   6    15    468
302   68   2    145    430
303   101   2    91    117
304   123   6    137    389
305   246   2    50    366
306   23   3    132    345
307   221   5    89    389
308   75   5    152    262
309   138   6    105    68
310   163   4    101    82
311   223   7    143    226
312   126   6    116    356
313   281   3    160    393
314   229   6    158    100
315   39   2    58    324
316   142   6    17    55
317   35   2    96    334
318   285   6    96    416
319   317   4    123    250
320   309   4    78    263
321   35   4    85    264
322   170   4    41    245
323   166   4    84    391
324   300   6    37    299
325   316   6    79    377
326   303   4    113    222
327   314   2    11    6
328   231   3    87    333
329   324   6    130    467
330   162   4    149    240
331   285   2    139    50
332   15   6    81    270
333   259   3    31    65
334   100   4    13    243
335   135   6    130    470
336   264   3    49    237
337   73   4    77    22
338   147   6    15    462
339   179   3    89    418
340   115   3    143    126
341   132   6    194    221
342   19   5    63    224
343   304   5    7    243
344   210   5    149    68
345   235   6    39    88
346   203   7    133    270
347   296   3    124    441
348   203   4    187    419
349   306   6    13    428
350   211   7    114    162
351   205   2    99    36
352   111   4    33    73
353   243   6    81    212
354   254   6    119    229
355   37   4    94    155
356   146   6    96    302
357   277   4    65    241
358   239   6    143    270
359   188   7    85    148
360   236   4    137    101
