1   0   3    13    44
2   1   5    158    333
3   1   4    82    481
4   2   2    87    454
5   1   7    82    18
6   3   6    157    187
7   1   7    108    468
8   2   6    28    135
9   3   7    124    398
10   3   3    48    138
11   2   6    135    288
12   9   2    40    305
13   10   5    1    497
14   2   3    110    372
15   12   5    64    83
16   13   2    9    266
17   6   2    145    86
18   13   2    121    120
19   12   2    79    3
20   10   6    170    359
21   17   3    199    213
22   15   2    139    375
23   5   7    162    35
24   14   3    33    154
25   10   4    25    432
26   23   2    91    122
27   14   6    27    148
28   19   2    1    179
29   11   2    192    471
30   11   5    92    59
31   10   6    184    78
32   18   4    48    323
33   7   5    167    130
34   26   7    65    9
35   32   7    82    193
36   8   4    60    296
37   30   2    73    210
38   20   2    29    197
39   32   4    61    280
40   17   3    81    297
41   15   2    47    447
42   37   7    54    480
43   23   2    80    100
44   33   2    127    212
45   17   6    44    364
46   26   2    98    153
47   19   4    132    292
48   28   2    1    382
49   41   6    23    469
50   17   2    69    173
51   31   4    23    98
52   37   3    45    394
53   39   2    7    176
54   27   2    82    398
55   20   2    58    182
56   21   5    65    3
57   50   3    154    136
58   42   7    78    472
59   7   6    32    193
60   58   6    128    403
61   41   7    167    217
62   24   3    21    119
63   33   2    61    387
64   5   3    84    6
65   19   3    41    212
66   22   7    41    22
67   23   5    7    444
68   54   3    12    57
69   38   7    47    330
70   51   6    152    337
71   26   5    114    144
72   9   4    140    244
73   5   2    199    200
74   36   7    136    177
75   64   5    144    86
76   51   2    85    371
77   16   7    186    73
78   22   6    198    182
79   73   2    146    89
80   20   4    96    310
81   70   5    129    394
82   50   2    49    374
83   22   4    144    287
84   53   7    198    497
85   18   2    103    207
86   81   7    165    72
87   53   2    86    301
88   28   4    190    118
89   16   2    66    37
90   77   3    73    400
91   15   7    19    434
92   57   4    19    429
93   72   7    5    377
94   12   6    123    259
95   51   7    81    424
96   74   2    26    209
97   66   4    93    26
98   28   5    130    409
99   61   5    96    215
100   60   3    119    104
101   38   5    86    367
102   98   6    62    41
103   45   5    159    412
104   34   5    113    253
105   101   5    165    415
106   91   6    147    487
107   86   4    66    215
108   21   5    169    50
109   62   4    65    374
110   74   6    59    261
111   88   5    127    467
112   85   2    96    164
113   58   6    23    68
114   11   7    10    458
115   75   6    154    122
116   12   4    199    119
117   73   6    4    236
118   29   7    161    296
119   34   7    174    334
120   30   6    153    11
121   97   5    184    122
122   43   5    183    216
123   111   3    163    328
124   64   3    129    253
125   90   3    166    441
126   41   7    178    18
127   86   5    125    8
128   24   2    86    126
129   9   4    136    350
130   50   2    191    452
131   20   2    94    488
132   73   6    43    225
133   89   7    88    398
134   87   3    17    260
135   9   4    61    327
136   37   5    114    210
137   36   6    59    220
138   47   6    48    495
139   133   4    181    161
140   35   6    124    65
141   30   5    86    392
142   94   3    108    79
143   139   2    81    151
144   6   6    77    28
145   83   5    50    252
146   54   5    30    240
147   46   5    102    324
148   21   2    139    186
149   31   7    48    290
150   49   3    49    41
151   37   5    176    75
152   30   6    55    411
153   25   2    172    459
154   88   2    179    135
155   118   4    104    92
156   29   3    104    221
157   147   2    167    369
158   6   3    157    179
159   21   4    151    60
160   69   7    76    398
161   103   2    188    134
162   137   6    57    69
163   11   2    75    317
164   158   2    8    268
165   102   6    129    322
166   150   6    79    410
167   164   3    22    74
168   142   6    21    143
169   56   7    161    3
170   68   5    70    95
171   116   2    65    63
172   16   5    92    181
173   138   7    56    477
174   28   7    189    382
175   115   2    147    421
176   45   4    28    35
177   39   7    86    416
178   72   2    40    319
179   147   5    180    225
180   143   5    20    368
181   48   6    75    83
182   128   2    116    281
183   25   6    32    329
184   159   7    53    432
185   160   6    199    433
186   105   7    53    64
187   128   7    48    400
188   22   4    104    212
189   132   3    172    154
190   70   3    54    44
191   90   7    80    94
192   166   6    120    55
193   42   7    115    84
194   79   5    128    237
195   160   5    24    327
196   19   4    52    16
197   80   2    160    390
198   6   5    112    61
199   67   3    8    357
200   64   3    176    198
201   31   3    143    365
202   155   3    105    174
203   93   4    163    91
204   103   3    43    496
205   100   2    140    156
206   196   3    133    163
207   106   3    189    169
208   203   7    118    258
209   31   2    14    498
210   171   7    14    456
211   55   4    16    248
212   194   4    5    411
213   32   5    182    440
214   92   2    63    145
215   179   4    130    203
216   163   6    171    11
217   63   5    119    9
218   214   2    57    267
219   217   2    160    8
220   135   7    170    30
221   126   7    9    6
222   110   5    43    119
223   92   4    143    468
224   144   5    54    189
225   24   2    136    129
226   7   3    197    499
227   100   2    21    119
228   126   7    41    471
229   157   5    42    150
230   146   6    45    46
231   87   3    121    135
232   106   4    125    411
233   15   3    117    269
234   63   4    168    35
235   188   2    151    102
236   106   2    76    251
237   95   7    199    176
238   18   5    130    107
239   126   3    187    466
240   236   3    116    98
241   161   6    16    426
242   14   4    158    156
243   193   6    139    390
244   72   5    168    107
245   81   5    90    368
246   42   4    67    110
247   56   2    184    238
248   8   4    70    401
249   164   2    126    351
250   77   7    39    377
251   243   2    71    233
252   208   5    176    52
253   237   2    3    170
254   7   7    167    192
255   232   3    70    388
256   243   5    156    397
257   65   4    194    412
258   197   6    175    469
259   209   7    86    351
260   238   2    46    271
261   27   5    80    30
262   150   5    87    378
263   39   2    108    204
264   48   3    120    272
265   241   3    82    166
266   92   6    63    338
267   80   3    2    370
268   23   7    140    319
269   248   3    95    285
270   161   5    52    424
271   200   7    55    384
272   205   4    145    446
273   244   7    61    289
274   91   6    92    384
275   258   7    50    58
276   165   5    17    248
277   74   6    102    416
278   186   4    81    449
279   130   3    176    302
280   98   4    53    368
281   131   6    159    222
282   196   2    187    327
283   105   4    24    236
284   172   7    195    293
285   220   7    23    349
286   187   3    22    381
287   189   2    51    460
288   201   4    158    23
289   206   7    194    70
290   280   3    181    54
291   280   3    189    270
292   285   5    72    80
293   73   2    6    310
294   286   2    62    328
295   135   5    123    470
296   76   3    184    233
297   262   2    10    295
298   224   4    86    145
299   162   2    174    16
300   268   5    5    359
301   139   5    63    417
302   275   2    199    114
303   74   6    76    72
304   126   7    10    351
305   197   5    131    195
306   102   4    96    137
307   173   3    159    308
308   297   5    164    492
309   92   2    144    318
310   149   3    159    271
311   250   4    168    10
312   122   7    29    447
313   75   6    4    391
314   144   3    66    202
315   293   5    106    201
316   155   3    189    53
317   87   7    153    63
318   225   7    9    371
319   255   7    182    62
320   105   2    18    143
321   158   5    157    142
322   105   7    118    225
323   208   6    80    189
324   257   4    131    65
325   320   2    168    185
326   294   3    125    40
327   173   3    125    183
328   120   5    108    106
329   280   2    111    217
330   114   2    137    435
331   35   4    186    249
332   271   4    194    141
333   135   2    83    13
334   132   7    153    435
335   193   3    35    134
336   234   2    73    180
337   147   4    112    223
338   302   7    149    197
339   332   2    184    297
340   255   5    190    169
341   170   7    116    378
342   207   2    132    438
343   128   5    110    258
344   153   6    197    275
345   183   6    7    184
346   342   4    6    135
347   193   7    131    53
348   258   7    143    445
349   285   2    44    208
350   52   3    83    326
351   185   7    134    113
352   293   2    39    372
353   150   7    157    406
354   114   7    137    421
355   342   7    141    411
356   54   5    47    370
357   330   2    53    173
358   354   7    178    213
359   171   5    36    126
360   78   5    44    453
