1   0   7    28    30
2   1   3    86    295
3   1   7    53    283
4   1   5    188    63
5   1   4    179    315
6   2   5    150    233
7   5   6    43    44
8   4   4    126    469
9   5   3    105    472
10   6   4    2    356
11   6   7    184    136
12   7   2    4    414
13   3   7    177    416
14   7   2    198    162
15   3   4    92    496
16   7   7    56    42
17   15   5    80    162
18   3   5    99    125
19   9   2    27    22
20   9   5    8    40
21   13   5    98    166
22   3   4    125    217
23   20   6    17    453
24   5   5    53    141
25   5   2    174    369
26   11   6    118    489
27   16   4    34    199
28   24   2    17    19
29   4   4    96    295
30   10   6    42    168
31   10   7    4    375
32   30   3    145    106
33   4   6    102    224
34   20   3    153    403
35   13   2    146    301
36   2   3    141    298
37   31   7    107    184
38   21   6    48    226
39   18   5    16    409
40   28   3    31    284
41   38   6    151    153
42   14   5    164    65
43   25   4    94    164
44   13   6    24    192
45   25   3    17    205
46   29   6    126    64
47   37   4    191    80
48   4   5    176    130
49   45   7    49    142
50   35   5    54    102
51   32   3    120    280
52   35   6    133    229
53   13   5    129    478
54   49   5    62    218
55   50   6    69    330
56   25   2    116    495
57   26   3    17    316
58   22   2    180    275
59   6   7    57    145
60   31   3    35    130
61   12   6    46    498
62   40   3    36    395
63   59   3    29    454
64   45   4    189    309
65   15   5    79    407
66   23   6    130    406
67   27   3    67    97
68   51   2    66    57
69   9   4    58    62
70   26   4    137    360
71   40   2    171    165
72   43   4    46    281
73   38   6    5    372
74   52   7    115    406
75   19   2    170    472
76   57   6    100    171
77   36   3    120    51
78   28   6    92    414
79   24   3    101    188
80   2   4    169    46
81   77   3    52    366
82   16   7    123    128
83   28   6    167    489
84   79   5    39    234
85   35   6    48    64
86   63   5    109    411
87   15   6    47    492
88   61   5    189    420
89   24   5    163    228
90   64   6    137    315
91   19   7    12    285
92   37   3    170    432
93   46   4    196    139
94   49   5    59    274
95   2   6    70    181
96   76   6    90    250
97   52   3    38    2
98   7   3    72    175
99   85   4    150    150
100   55   2    20    127
101   62   4    67    184
102   69   6    10    34
103   86   7    120    485
104   70   6    198    109
105   81   3    15    374
106   15   6    91    156
107   34   7    117    40
108   22   4    18    367
109   76   7    197    389
110   34   6    98    130
111   10   3    105    277
112   50   7    176    400
113   11   2    138    469
114   55   3    53    449
115   85   3    168    366
116   106   4    29    491
117   42   3    176    132
118   10   5    81    330
119   69   2    73    232
120   16   7    48    455
121   119   4    149    52
122   76   6    128    495
123   85   4    31    75
124   11   2    132    325
125   12   3    154    484
126   50   2    44    454
127   9   7    155    215
128   122   2    110    59
129   89   7    154    30
130   38   5    93    323
131   62   5    144    459
132   67   4    72    312
133   85   5    183    406
134   29   2    165    499
135   97   6    175    240
136   56   5    18    197
137   59   2    88    176
138   111   2    176    36
139   66   4    17    86
140   99   6    64    215
141   16   5    86    86
142   98   5    39    116
143   131   6    123    354
144   132   3    99    326
145   34   7    96    485
146   54   3    80    14
147   72   6    108    368
148   49   6    72    276
149   32   6    101    251
150   66   6    29    128
151   78   5    30    217
152   75   2    188    362
153   86   7    162    467
154   33   4    74    155
155   139   6    136    387
156   125   3    134    331
157   148   5    27    30
158   93   3    44    385
159   96   6    79    46
160   28   3    127    339
161   31   2    171    188
162   158   5    23    353
163   148   4    84    255
164   63   4    175    397
165   108   7    112    353
166   41   6    11    68
167   144   4    146    106
168   147   2    191    416
169   164   2    199    231
170   53   7    185    461
171   63   6    65    477
172   99   3    70    270
173   163   4    88    304
174   117   7    67    36
175   151   3    187    37
176   129   3    36    463
177   89   7    115    278
178   91   3    165    245
179   52   4    81    156
180   24   6    113    200
181   34   7    181    203
182   22   6    146    335
183   139   6    127    361
184   114   4    6    239
185   96   3    55    496
186   184   2    65    442
187   113   4    141    368
188   62   3    47    357
189   81   6    54    76
190   55   6    161    307
191   163   7    136    436
192   140   7    90    208
193   44   2    96    275
194   95   3    61    433
195   167   3    30    255
196   130   7    18    36
197   164   3    154    427
198   63   7    177    334
199   102   7    72    219
200   139   6    194    211
201   22   4    42    225
202   135   3    53    26
203   12   6    43    13
204   164   6    159    126
205   54   6    32    29
206   130   6    83    142
207   80   2    143    398
208   65   6    53    16
209   101   7    48    486
210   151   7    96    426
211   14   3    24    97
212   53   3    88    386
213   153   6    136    346
214   207   7    148    100
215   118   5    47    98
216   114   5    84    438
217   119   7    64    388
218   30   6    147    474
219   27   6    183    413
220   168   2    49    472
221   181   3    168    215
222   70   5    55    82
223   145   2    24    194
224   217   7    109    199
225   213   3    92    475
226   162   5    173    408
227   183   2    147    228
228   131   5    139    467
229   40   5    150    257
230   126   5    78    316
231   219   5    70    117
232   169   5    146    456
233   197   3    147    234
234   38   4    74    390
235   185   6    182    260
236   125   7    136    453
237   100   7    152    173
238   120   3    93    115
239   91   2    48    473
240   62   4    153    5
241   48   7    45    186
242   92   6    52    210
243   108   3    52    455
244   108   5    107    163
245   177   6    143    435
246   196   7    9    99
247   223   5    170    218
248   187   4    47    39
249   47   2    196    327
250   159   5    141    354
251   80   6    182    233
252   241   3    43    483
253   44   7    143    95
254   46   4    23    161
255   146   6    39    142
256   137   4    63    208
257   43   5    155    48
258   192   2    100    143
259   37   3    10    289
260   228   2    122    396
261   77   6    29    153
262   219   2    142    118
263   110   3    140    179
264   31   7    129    136
265   139   3    130    182
266   128   6    80    414
267   100   7    13    7
268   161   7    68    121
269   120   4    103    459
270   248   2    140    461
271   40   5    66    359
272   86   4    148    320
273   146   2    22    24
274   257   5    97    242
275   112   3    168    438
276   224   7    107    402
277   188   2    150    431
278   252   7    108    343
279   231   3    34    126
280   254   5    2    26
281   151   3    44    196
282   146   6    158    140
283   199   4    168    308
284   122   7    117    111
285   113   2    112    82
286   134   5    85    32
287   272   2    140    477
288   152   2    170    58
289   124   3    36    284
290   222   5    131    296
291   105   3    49    266
292   106   4    43    117
293   66   5    9    400
294   155   2    38    219
295   173   6    139    317
296   119   5    1    41
297   293   5    49    141
298   291   4    99    434
299   232   3    189    418
300   117   7    73    20
301   163   4    178    442
302   115   2    17    429
303   67   5    158    356
304   199   2    34    79
305   64   7    103    453
306   194   6    191    326
307   83   7    55    328
308   191   7    159    321
309   223   2    151    32
310   105   2    7    447
311   143   3    95    53
312   294   3    11    240
313   229   5    136    496
314   300   7    51    312
315   25   6    186    492
316   136   4    62    76
317   258   5    110    371
318   266   4    172    442
319   80   4    79    99
320   116   4    92    347
321   304   3    90    147
322   297   4    127    163
323   44   4    102    295
324   129   2    181    392
325   152   3    169    430
326   170   3    26    96
327   308   2    84    130
328   195   6    21    135
329   175   7    36    6
330   209   7    11    381
331   218   5    165    475
332   153   2    116    279
333   102   5    45    291
334   272   3    146    23
335   20   3    28    109
336   234   7    153    230
337   208   3    115    372
338   42   7    4    114
339   122   5    157    258
340   56   3    128    404
341   254   4    180    417
342   87   2    157    426
343   300   7    190    85
344   188   2    84    238
345   290   7    76    70
346   260   7    101    104
347   171   6    198    331
348   70   6    63    382
349   319   7    141    284
350   238   5    121    331
351   209   5    145    352
352   120   4    191    461
353   189   6    148    418
354   296   2    67    131
355   239   2    62    346
356   280   4    168    406
357   312   4    193    364
358   104   2    11    326
359   65   7    19    225
360   275   6    189    487
