1   0   2    15    70
2   1   5    44    380
3   1   3    42    348
4   2   2    5    222
5   1   2    54    429
6   3   2    196    247
7   1   2    21    495
8   1   4    169    304
9   1   7    170    222
10   5   7    128    152
11   1   2    106    123
12   1   5    99    91
13   5   7    167    166
14   7   3    95    220
15   11   7    191    222
16   13   2    58    103
17   4   2    80    417
18   10   7    137    312
19   12   4    36    244
20   10   4    107    250
21   8   5    174    343
22   20   4    134    315
23   9   6    60    282
24   12   6    140    415
25   5   3    152    184
26   11   2    155    111
27   4   6    19    87
28   1   2    178    111
29   17   4    178    72
30   15   3    180    465
31   2   5    56    431
32   13   4    162    170
33   27   3    126    140
34   19   2    193    48
35   8   3    103    320
36   20   7    94    275
37   9   5    93    20
38   18   4    97    413
39   18   5    136    362
40   20   5    33    367
41   7   2    154    447
42   27   7    58    399
43   33   3    41    40
44   41   2    175    40
45   40   7    191    155
46   44   2    72    492
47   5   5    161    79
48   40   4    144    136
49   38   7    41    223
50   16   3    58    181
51   49   3    114    23
52   30   6    14    414
53   35   5    134    253
54   50   6    191    432
55   51   3    180    260
56   39   3    121    31
57   17   4    20    6
58   8   2    179    477
59   30   6    184    319
60   43   5    150    23
61   22   2    55    62
62   35   3    132    153
63   59   3    82    436
64   47   6    103    367
65   62   2    58    335
66   32   2    84    421
67   50   3    18    70
68   46   6    1    440
69   64   6    91    159
70   63   5    57    116
71   33   2    12    15
72   20   4    115    91
73   37   4    118    218
74   31   4    1    440
75   15   5    176    311
76   36   7    86    74
77   23   5    142    185
78   53   4    176    81
79   45   5    141    75
80   66   5    43    269
