1   0   5    95    40
2   1   7    112    293
3   1   2    91    265
4   2   5    73    382
5   3   5    199    110
6   4   4    172    58
7   2   4    131    205
8   4   3    126    251
9   1   2    22    314
10   4   6    137    123
11   8   2    2    288
12   4   6    110    242
13   8   7    192    7
14   1   3    59    474
15   1   3    90    170
16   1   7    101    325
17   15   4    71    252
18   2   4    123    277
19   1   7    87    182
20   8   7    126    160
21   3   3    193    206
22   11   4    78    58
23   11   4    57    161
24   4   5    153    499
25   18   6    5    238
26   1   3    60    252
27   21   5    59    333
28   13   2    48    298
29   24   5    75    222
30   22   7    129    385
31   19   7    138    86
32   27   5    142    278
33   5   2    20    410
34   29   2    27    235
35   25   7    120    37
36   6   7    159    26
37   19   3    175    382
38   23   2    122    286
39   4   2    2    186
40   8   7    186    385
41   35   6    26    197
42   12   2    103    452
43   17   4    114    445
44   32   2    148    275
45   35   5    10    183
46   6   4    12    499
47   28   6    102    23
48   20   7    47    142
49   27   3    47    467
50   12   6    148    374
51   18   5    165    47
52   32   7    93    116
53   1   2    145    417
54   15   7    132    414
55   12   6    31    11
56   16   2    164    262
57   3   7    7    92
58   49   4    54    470
59   34   2    2    455
60   31   7    157    246
61   43   2    161    50
62   36   3    71    73
63   53   7    147    94
64   2   2    32    401
65   34   5    190    373
66   27   3    52    178
67   48   4    103    259
68   31   2    93    290
69   5   6    118    483
70   60   7    112    369
71   32   6    115    337
72   5   4    161    209
73   15   4    165    21
74   35   3    152    153
75   46   5    136    424
76   62   3    105    162
77   21   2    159    49
78   7   5    188    447
79   15   6    112    377
80   19   4    162    39
