1   0   5    39    58
2   1   5    71    63
3   1   2    66    187
4   2   6    96    271
5   2   2    2    331
6   1   4    51    45
7   4   5    156    367
8   6   5    11    19
9   4   3    111    67
10   3   7    94    423
11   7   5    16    386
12   6   6    114    464
13   6   7    145    362
14   3   2    59    131
15   7   2    162    70
16   4   6    40    360
17   10   6    28    172
18   16   4    118    81
19   7   7    136    432
20   11   7    76    441
21   2   6    135    107
22   19   6    124    321
23   3   6    178    298
24   19   3    68    53
25   1   3    119    125
26   16   5    84    190
27   4   7    63    489
28   18   6    126    483
29   4   6    111    352
30   25   4    145    277
31   19   6    34    99
32   10   4    80    415
33   20   2    73    7
34   4   7    100    163
35   15   4    163    155
36   15   6    26    319
37   13   6    3    479
38   8   6    85    389
39   27   7    156    283
40   6   4    6    154
41   22   5    42    97
42   17   4    196    119
43   14   2    27    4
44   39   7    54    473
45   10   3    21    190
46   26   5    158    80
47   39   3    144    45
48   46   4    97    328
49   45   4    47    56
50   33   5    90    159
51   43   7    23    306
52   4   5    66    495
53   9   7    46    206
54   21   2    196    367
55   22   2    75    199
56   31   6    139    59
57   52   3    21    454
58   42   7    32    4
59   13   5    96    369
60   53   6    58    183
61   37   7    138    149
62   34   7    24    416
63   34   5    177    26
64   50   7    145    280
65   9   6    52    448
66   37   6    175    494
67   57   6    4    105
68   40   6    93    280
69   19   4    87    139
70   16   6    131    111
71   29   7    66    463
72   35   5    116    15
73   21   3    94    398
74   16   2    61    224
75   32   5    88    355
76   16   6    67    254
77   49   6    171    302
78   44   2    7    210
79   75   5    185    483
80   11   7    23    459
