1   0   5    10    170
2   1   6    179    8
3   1   6    144    160
4   2   6    42    164
5   1   5    86    181
6   4   4    176    484
7   5   6    38    8
8   2   5    96    164
9   6   5    114    412
10   1   5    185    420
11   5   5    100    447
12   7   6    102    483
13   6   4    149    112
14   9   3    151    312
15   7   6    178    479
16   1   2    113    403
17   2   7    155    321
18   7   6    133    360
19   15   6    174    308
20   9   5    189    470
21   10   5    98    408
22   15   4    171    54
23   20   3    121    306
24   4   3    94    292
25   13   4    113    356
26   11   2    41    134
27   19   7    178    200
28   18   4    3    297
29   25   6    150    191
30   15   2    71    460
31   7   2    81    492
32   30   6    156    468
33   25   4    61    481
34   27   7    130    201
35   26   3    62    4
36   19   2    84    195
37   2   4    33    190
38   1   7    50    117
39   9   2    5    354
40   15   5    69    392
41   33   6    151    38
42   36   5    132    82
43   40   3    122    110
44   21   7    106    416
45   4   4    86    321
46   22   4    80    443
47   31   3    95    120
48   41   6    86    392
49   24   2    187    285
50   33   5    39    471
51   35   3    10    71
52   48   4    121    447
53   2   4    36    335
54   27   4    24    76
55   43   2    12    298
56   45   4    108    239
57   48   5    111    239
58   10   3    196    204
59   40   4    181    395
60   25   2    118    468
61   24   4    39    200
62   58   6    140    231
63   24   6    170    73
64   8   4    72    265
65   61   7    72    67
66   23   3    175    61
67   1   2    176    174
68   25   2    181    376
69   67   7    147    223
70   39   7    67    180
71   37   3    160    496
72   20   7    83    312
73   52   3    136    119
74   27   5    71    199
75   21   4    125    437
76   4   7    198    394
77   63   6    165    38
78   2   4    61    339
79   77   2    170    28
80   42   6    156    150
