1   0   4    8    419
2   1   2    197    116
3   1   7    88    16
4   1   2    145    245
5   1   7    83    337
6   4   6    31    100
7   4   7    72    269
8   2   6    66    336
9   3   7    12    30
10   8   3    44    325
11   8   7    70    499
12   8   2    150    348
13   3   4    189    54
14   7   3    46    211
15   4   5    19    138
16   14   2    75    63
17   12   6    86    56
18   8   7    142    97
19   13   5    125    221
20   2   5    174    419
21   5   3    59    284
22   19   3    29    54
23   3   6    173    48
24   5   2    195    379
25   3   3    147    351
26   23   4    69    251
27   4   7    106    333
28   9   4    58    238
29   13   7    16    363
30   27   7    148    111
31   13   7    23    87
32   6   2    20    240
33   31   5    190    73
34   32   6    128    363
35   19   6    163    23
36   27   5    178    237
37   20   4    173    78
38   18   3    188    65
39   32   3    58    226
40   10   2    153    248
41   35   5    162    342
42   30   4    91    11
43   19   6    35    382
44   20   3    187    243
45   10   4    161    426
46   12   4    57    188
47   41   5    153    409
48   5   4    41    161
49   47   5    124    363
50   13   7    145    444
51   42   4    47    346
52   33   4    147    327
53   13   2    103    172
54   34   4    40    267
55   24   5    153    251
56   48   7    91    421
57   26   3    62    95
58   11   2    51    341
59   9   3    34    36
60   36   5    14    414
61   6   4    63    376
62   41   7    178    131
63   9   2    8    260
64   17   4    154    350
65   16   2    155    439
66   35   3    56    403
67   28   4    199    267
68   17   2    21    481
69   11   3    142    273
70   11   4    148    98
71   31   4    192    359
72   20   6    66    450
73   37   4    147    67
74   32   3    182    93
75   30   6    25    433
76   15   2    180    400
77   1   2    123    185
78   18   7    90    255
79   35   3    85    105
80   58   3    84    402
