1   0   4    13    234
2   1   5    142    197
3   1   5    112    491
4   2   3    76    146
5   3   2    193    313
6   4   6    80    387
7   4   3    71    482
8   3   7    139    216
9   1   7    138    32
10   7   6    28    234
11   2   2    26    169
12   7   4    122    348
13   7   2    28    421
14   11   6    59    127
15   11   6    166    172
16   12   7    41    484
17   13   4    106    491
18   3   4    42    46
19   8   4    171    76
20   10   2    148    154
21   18   7    181    272
22   14   7    19    176
23   21   7    157    460
24   14   6    92    311
25   20   2    86    36
26   7   2    62    21
27   1   3    167    12
28   19   2    98    129
29   21   2    127    479
30   6   6    18    8
31   5   3    173    287
32   24   4    78    323
33   14   2    152    22
34   17   3    79    401
35   22   4    41    276
36   3   5    60    480
37   17   6    196    385
38   7   6    14    461
39   36   7    97    296
40   24   7    80    368
41   13   2    34    61
42   30   5    108    368
43   12   7    18    224
44   27   7    187    436
45   31   7    29    285
46   20   2    73    337
47   31   7    140    70
48   43   2    143    196
49   16   6    129    87
50   31   3    121    270
51   20   7    27    431
52   40   4    142    274
53   24   3    89    138
54   26   6    20    422
55   13   2    1    27
56   53   5    175    31
57   9   4    15    177
58   4   6    92    173
59   35   6    142    38
60   45   7    28    220
61   35   3    162    9
62   4   2    95    139
63   30   3    125    21
64   11   5    36    46
65   30   3    3    167
66   24   4    38    354
67   49   3    30    190
68   55   3    43    76
69   47   5    126    190
70   66   4    101    483
71   25   6    130    281
72   44   2    192    351
73   6   5    63    182
74   5   3    164    491
75   48   4    168    48
76   68   3    26    367
77   29   7    70    345
78   26   7    165    151
79   53   3    145    142
80   12   4    40    49
