1   0   7    39    216
2   1   5    36    265
3   1   5    124    204
4   1   6    40    107
5   1   7    183    461
6   3   6    149    57
7   2   2    161    252
8   1   3    15    376
9   3   4    194    163
10   7   5    184    414
11   1   5    61    203
12   10   5    40    169
13   1   5    94    389
14   8   4    146    64
15   3   7    16    115
16   9   3    99    328
17   7   4    77    302
18   4   2    99    279
19   12   5    42    84
20   17   3    67    326
21   5   5    20    391
22   14   4    156    210
23   6   3    117    415
24   19   2    126    95
25   5   2    104    94
26   8   2    110    190
27   19   3    45    286
28   12   4    112    117
29   6   4    198    238
30   12   7    93    77
31   7   7    103    165
32   30   3    183    359
33   29   4    161    231
34   5   6    143    156
35   21   6    160    42
36   9   4    28    14
37   18   5    109    478
38   9   2    108    360
39   1   2    46    277
40   32   2    165    138
41   11   5    135    370
42   28   6    74    364
43   31   3    133    145
44   26   7    197    289
45   42   7    25    412
46   24   7    38    245
47   29   6    125    38
48   32   3    199    461
49   23   4    48    210
50   5   6    93    313
51   38   2    127    288
52   17   2    9    270
53   28   7    105    300
54   7   6    177    367
55   4   7    83    53
56   43   6    25    299
57   49   5    38    453
58   6   7    15    25
59   37   7    94    268
60   44   6    82    309
61   21   3    130    232
62   34   6    47    148
63   25   6    150    52
64   52   5    181    204
65   53   4    187    313
66   51   3    74    222
67   45   2    39    485
68   65   6    25    383
69   41   7    120    364
70   51   4    72    108
71   54   3    43    76
72   1   3    42    259
73   71   2    146    363
74   30   6    110    281
75   71   7    174    210
76   65   6    52    68
77   26   7    117    351
78   16   5    78    466
79   13   6    177    300
80   46   4    91    51
