1   0   2    25    485
2   1   4    167    373
3   1   6    188    162
4   1   3    150    497
5   1   3    27    34
6   2   6    167    231
7   1   3    116    244
8   5   7    61    226
9   5   2    88    102
10   5   4    118    315
11   3   7    199    463
12   9   2    165    445
13   6   2    117    179
14   4   5    7    310
15   10   2    184    225
16   14   3    113    438
17   6   5    77    429
18   16   2    133    105
19   9   6    59    360
20   6   6    163    360
21   5   7    116    254
22   18   2    171    434
23   9   4    182    78
24   14   2    122    85
25   2   7    167    60
26   6   7    172    9
27   22   7    53    377
28   19   4    91    493
29   21   3    155    334
30   24   4    136    398
31   3   4    148    72
32   9   3    22    209
33   19   6    126    139
34   22   4    19    88
35   24   3    143    342
36   2   6    179    240
37   3   2    84    7
38   7   4    75    197
39   11   2    121    462
40   16   5    66    384
41   20   2    162    158
42   35   5    199    12
43   40   6    68    26
44   31   4    155    255
45   5   4    19    442
46   33   4    21    303
47   36   5    82    9
48   36   5    96    229
49   4   5    106    246
50   17   7    150    102
51   33   3    115    247
52   32   4    30    183
53   18   2    76    75
54   6   2    108    362
55   51   2    36    223
56   2   5    134    282
57   42   6    8    317
58   47   5    5    29
59   43   2    136    250
60   47   4    121    332
61   58   2    12    79
62   10   5    128    35
63   24   2    197    130
64   58   4    90    61
65   55   2    5    92
66   38   7    72    476
67   42   7    90    2
68   40   7    134    317
69   19   2    138    444
70   23   4    91    34
71   9   3    92    136
72   60   4    161    428
73   34   7    6    402
74   32   7    183    366
75   67   2    131    436
76   58   5    76    271
77   71   7    80    180
78   64   6    131    118
79   50   6    187    216
80   20   7    194    19
