1   0   3    86    184
2   1   2    94    449
3   1   7    26    457
4   2   7    37    308
5   2   6    135    207
6   3   4    36    492
7   4   7    148    423
8   5   4    52    48
9   5   2    94    69
10   7   4    40    286
11   8   7    102    463
12   7   5    164    483
13   6   2    81    446
14   3   4    52    186
15   4   7    89    272
16   2   3    60    333
17   15   7    176    454
18   8   4    155    336
19   8   6    138    431
20   18   7    198    185
21   8   7    18    24
22   14   3    93    27
23   13   6    3    275
24   22   6    168    92
25   23   4    133    388
26   15   3    65    225
27   22   2    196    285
28   3   3    77    85
29   14   2    191    77
30   16   7    90    331
31   15   4    136    161
32   19   3    96    217
33   7   2    46    319
34   2   6    168    354
35   2   2    105    112
36   16   6    70    111
37   3   7    2    324
38   15   5    61    32
39   8   5    12    93
40   32   6    48    363
41   5   5    78    494
42   40   7    18    315
43   7   3    127    362
44   11   4    125    248
45   43   3    8    325
46   43   6    49    24
47   18   4    125    181
48   7   2    82    126
49   26   7    13    79
50   21   4    26    377
51   8   4    129    214
52   9   6    26    93
53   37   2    43    259
54   4   4    32    244
55   10   4    191    482
56   31   3    55    380
57   11   5    102    144
58   10   6    66    91
59   17   6    117    5
60   37   2    46    59
61   2   4    106    335
62   9   2    148    55
63   38   5    84    482
64   19   4    8    106
65   9   7    142    64
66   5   4    187    455
67   20   6    157    441
68   54   2    161    77
69   3   5    181    25
70   7   5    192    299
71   67   3    87    71
72   62   6    161    351
73   33   7    137    246
74   26   6    169    168
75   1   3    177    301
76   13   7    156    176
77   42   5    36    452
78   23   5    75    378
79   1   4    28    95
80   14   3    107    27
