1   0   4    52    238
2   1   5    143    335
3   1   3    185    395
4   2   4    135    216
5   2   2    131    264
6   4   2    199    405
7   2   6    52    425
8   4   2    87    292
9   7   4    185    16
10   8   5    65    140
11   3   7    131    418
12   10   6    192    307
13   11   3    1    97
14   6   7    188    434
15   9   4    72    262
16   3   4    17    160
17   11   4    28    441
18   8   7    159    268
19   9   3    63    76
20   10   6    8    143
21   1   6    143    172
22   12   3    146    255
23   2   2    164    257
24   11   3    182    145
25   13   2    105    116
26   22   4    159    484
27   17   7    136    34
28   6   3    10    203
29   6   4    190    347
30   20   4    84    310
31   3   6    180    394
32   24   3    123    450
33   30   2    112    187
34   5   5    133    179
35   16   5    143    406
36   23   5    18    62
37   18   4    25    348
38   15   5    34    23
39   28   3    108    92
40   5   4    34    221
41   7   3    188    423
42   16   5    55    296
43   38   2    70    420
44   34   7    46    447
45   36   4    36    148
46   11   5    147    469
47   39   6    180    324
48   29   4    195    230
49   23   4    179    485
50   11   2    76    3
51   32   5    133    213
52   44   2    31    32
53   7   7    155    81
54   39   7    198    304
55   29   5    158    197
56   40   7    28    86
57   55   7    95    99
58   2   5    173    68
59   45   3    25    71
60   3   4    66    110
61   28   4    151    300
62   45   2    5    119
63   29   4    139    449
64   44   3    18    305
65   28   3    155    267
66   37   4    55    233
67   45   6    115    121
68   53   2    197    225
69   36   4    21    147
70   32   7    20    118
71   23   3    115    95
72   45   6    195    478
73   69   5    147    161
74   10   6    73    223
75   65   6    178    24
76   5   7    157    341
77   39   7    132    261
78   37   7    63    313
79   58   2    87    268
80   33   6    167    251
