1   0   5    12    434
2   1   2    119    168
3   1   4    78    220
4   1   5    31    51
5   1   7    27    464
6   4   6    115    494
7   4   4    87    202
8   6   7    166    227
9   2   6    107    385
10   5   5    2    265
11   1   6    132    42
12   1   7    98    41
13   4   3    10    455
14   4   6    168    219
15   2   6    110    127
16   14   5    3    76
17   8   3    28    454
18   11   6    118    457
19   12   6    64    339
20   16   7    89    44
21   5   5    20    475
22   20   7    177    3
23   11   7    33    251
24   15   7    118    476
25   20   5    177    361
26   12   2    146    466
27   12   4    73    461
28   2   3    138    169
29   13   5    126    229
30   7   7    168    187
31   2   3    176    114
32   5   6    7    88
33   12   5    199    293
34   9   7    136    189
35   33   3    90    491
36   10   4    63    483
37   9   3    33    384
38   7   4    5    421
39   21   3    3    91
40   36   4    157    320
41   25   6    15    425
42   6   6    155    476
43   30   4    195    351
44   24   7    81    130
45   42   3    51    69
46   42   3    187    459
47   15   4    141    364
48   15   4    132    401
49   28   3    98    190
50   28   3    182    270
51   4   2    109    176
52   36   5    44    356
53   36   3    189    434
54   5   2    170    274
55   4   5    23    471
56   4   7    144    244
57   16   2    15    230
58   44   7    25    63
59   3   4    156    104
60   39   2    86    298
61   26   4    81    322
62   50   3    107    122
63   13   6    148    68
64   30   4    29    117
65   58   3    177    190
66   19   7    16    189
67   55   2    39    41
68   47   6    144    229
69   66   7    141    45
70   43   2    59    370
71   21   6    178    378
72   9   4    18    497
73   54   6    80    228
74   58   4    69    371
75   68   2    118    239
76   15   6    138    484
77   71   5    96    68
78   70   5    193    210
79   71   7    90    65
80   50   4    88    9
