1   0   4    24    226
2   1   2    37    197
3   1   5    134    239
4   2   3    127    187
5   1   6    147    272
6   4   5    195    188
7   5   4    57    304
8   6   6    181    370
9   1   7    1    323
10   6   7    121    203
11   3   7    114    381
12   3   3    152    197
13   11   5    41    5
14   1   2    47    162
15   5   4    15    234
16   8   5    75    239
17   7   2    161    181
18   10   3    24    254
19   2   3    115    81
20   15   7    131    303
21   11   5    187    80
22   14   5    171    164
23   17   5    75    325
24   19   2    15    229
25   5   2    88    391
26   2   4    155    384
27   6   6    138    231
28   22   3    80    490
29   1   5    192    279
30   8   4    188    187
31   14   6    27    1
32   12   3    94    400
33   16   7    80    349
34   12   5    107    48
35   5   5    7    418
36   32   4    140    370
37   25   4    17    322
38   35   6    129    248
39   3   4    146    438
40   36   5    24    15
41   27   2    171    46
42   36   5    163    278
43   33   5    148    451
44   5   5    74    389
45   31   2    100    312
46   33   7    47    104
47   5   5    103    274
48   5   7    52    400
49   23   5    122    71
50   37   2    119    259
51   22   6    119    91
52   43   6    3    450
53   11   7    175    450
54   37   6    156    256
55   47   3    129    193
56   30   3    30    259
57   36   4    112    435
58   49   6    164    426
59   13   2    84    369
60   53   2    43    156
61   14   5    130    203
62   19   7    45    32
63   6   6    6    284
64   50   2    28    50
65   57   5    123    39
66   22   4    172    492
67   30   2    89    14
68   11   2    44    327
69   38   5    192    107
70   59   4    102    245
71   13   3    170    335
72   38   6    185    419
73   55   7    187    381
74   32   4    144    348
75   11   5    50    45
76   56   2    11    340
77   29   4    139    241
78   35   3    95    140
79   16   7    55    67
80   3   2    34    140
