1   0   3    20    23
2   1   7    175    481
3   1   6    122    11
4   2   4    144    321
5   3   6    16    418
6   4   7    159    268
7   5   3    182    28
8   4   3    44    337
9   3   2    4    453
10   6   5    70    66
11   9   6    51    290
12   1   2    39    178
13   7   5    125    46
14   7   2    1    101
15   9   3    146    109
16   3   6    134    84
17   2   7    186    459
18   15   3    91    488
19   12   6    28    91
20   15   2    184    206
21   6   3    76    327
22   19   5    148    201
23   12   5    138    93
24   11   5    71    60
25   21   6    97    433
26   22   7    37    300
27   2   7    18    420
28   4   5    101    409
29   2   2    65    58
30   4   7    115    493
31   29   4    35    91
32   6   3    166    120
33   9   5    29    101
34   16   2    114    74
35   7   5    126    426
36   29   6    57    193
37   18   6    10    493
38   26   7    49    340
39   17   6    48    343
40   36   3    50    308
41   21   6    148    237
42   1   6    13    104
43   3   2    100    270
44   21   5    9    254
45   18   5    35    391
46   3   7    70    241
47   7   7    12    473
48   19   6    49    269
49   2   3    17    489
50   19   4    166    374
51   42   7    16    321
52   41   6    111    199
53   33   6    107    315
54   8   6    49    194
55   23   2    116    445
56   23   2    91    408
57   16   4    130    187
58   23   7    131    322
59   41   4    94    98
60   5   4    79    460
61   13   4    120    148
62   32   2    188    408
63   6   2    117    42
64   41   3    152    366
65   35   2    131    432
66   19   3    16    116
67   24   4    118    404
68   15   2    116    429
69   41   4    106    321
70   5   6    191    327
71   15   2    128    433
72   10   7    179    323
73   59   6    76    445
74   30   2    95    447
75   50   3    84    296
76   7   7    65    122
77   45   4    104    211
78   9   6    42    475
79   26   5    145    12
80   44   2    119    163
