1   0   6    6    66
2   1   7    176    143
3   1   2    101    379
4   2   2    177    432
5   3   6    162    32
6   3   3    133    25
7   2   3    43    223
8   3   2    195    181
9   4   2    175    106
10   5   6    28    157
11   6   7    182    212
12   1   3    61    378
13   10   6    138    305
14   4   2    175    22
15   9   4    180    308
16   9   3    149    326
17   5   6    9    224
18   11   6    54    408
19   10   3    47    313
20   8   3    174    144
21   4   2    40    301
22   1   2    9    25
23   15   4    46    198
24   2   6    152    352
25   16   2    136    307
26   21   4    168    187
27   17   2    93    82
28   9   2    178    7
29   16   5    78    208
30   26   2    164    195
31   8   6    51    385
32   7   7    27    258
33   24   7    198    170
34   4   2    28    254
35   30   3    34    210
36   4   3    100    3
37   9   7    86    128
38   36   6    122    69
39   22   5    19    58
40   27   3    92    387
41   6   3    159    438
42   34   6    195    51
43   35   5    131    479
44   41   6    193    97
45   32   4    173    317
46   28   3    182    192
47   17   7    112    53
48   31   3    63    251
49   22   6    118    327
50   22   5    1    119
51   9   6    141    326
52   25   4    93    1
53   15   7    191    12
54   3   4    122    170
55   47   7    175    65
56   24   3    24    349
57   14   3    71    453
58   33   4    113    126
59   32   4    171    414
60   4   2    153    351
61   31   4    135    154
62   5   2    2    469
63   28   5    38    142
64   56   7    50    198
65   28   3    49    239
66   26   7    21    76
67   63   7    22    417
68   58   6    43    42
69   44   7    138    64
70   68   7    185    319
71   53   4    89    381
72   38   7    88    380
73   54   3    156    60
74   19   7    128    118
75   14   7    176    42
76   50   2    94    160
77   67   6    92    290
78   42   6    14    23
79   55   4    77    292
80   42   7    131    361
