1   0   3    10    219
2   1   5    33    233
3   1   4    121    94
4   2   3    70    254
5   3   3    135    488
6   3   7    80    429
7   4   5    177    391
8   1   7    65    190
9   5   4    65    234
10   2   3    42    120
11   8   7    135    191
12   8   2    81    54
13   7   4    24    470
14   2   5    194    201
15   4   4    120    205
16   5   4    67    301
17   1   7    116    136
18   8   2    32    139
19   6   5    55    152
20   9   2    30    153
21   14   4    179    167
22   20   6    35    448
23   16   5    108    98
24   2   3    52    135
25   22   5    108    315
26   14   5    83    489
27   17   5    25    497
28   2   2    141    194
29   3   4    112    11
30   3   3    120    216
31   14   3    132    467
32   26   7    199    424
33   12   3    126    412
34   5   5    132    114
35   17   3    65    248
36   24   3    124    150
37   27   3    144    47
38   19   4    48    218
39   10   3    41    107
40   23   5    39    209
41   8   2    3    57
42   14   4    180    376
43   5   6    42    176
44   16   7    6    74
45   21   3    33    398
46   32   5    54    51
47   27   5    58    188
48   4   6    175    23
49   33   2    110    138
50   40   5    35    103
51   46   6    162    17
52   36   6    21    293
53   20   6    37    355
54   52   5    117    161
55   17   6    77    469
56   6   5    86    370
57   28   6    94    375
58   23   7    122    325
59   37   4    86    60
60   55   7    49    112
61   34   6    148    262
62   43   3    98    136
63   48   3    26    343
64   30   7    158    397
65   62   3    162    283
66   9   6    68    144
67   11   2    198    223
68   52   5    169    303
69   24   3    158    290
70   15   4    146    280
71   8   6    176    325
72   28   2    40    468
73   43   5    9    344
74   6   7    101    265
75   44   7    51    85
76   62   4    14    177
77   13   4    126    372
78   71   6    195    110
79   71   7    78    9
80   60   3    190    307
