1   0   7    62    172
2   1   2    157    11
3   1   5    152    313
4   2   5    112    255
5   2   4    81    137
6   2   6    74    392
7   2   5    140    481
8   1   2    66    349
9   2   6    77    467
10   1   7    114    221
11   8   2    97    9
12   2   4    47    178
13   4   2    55    67
14   9   6    185    97
15   5   4    174    445
16   6   4    178    478
17   15   4    127    38
18   1   5    55    179
19   4   3    26    300
20   11   2    166    413
21   16   7    38    355
22   9   4    91    49
23   6   7    30    286
24   17   5    84    76
25   17   5    125    15
26   1   2    39    93
27   23   2    119    403
28   3   7    119    148
29   12   4    112    256
30   21   5    14    447
31   28   5    118    81
32   17   3    99    366
33   26   2    186    111
34   3   7    57    189
35   6   4    172    277
36   26   5    40    16
37   15   6    144    436
38   2   5    192    84
39   24   3    126    456
40   5   3    88    371
41   38   3    24    393
42   40   5    157    3
43   33   2    117    356
44   8   5    52    8
45   16   4    156    177
46   34   2    193    366
47   15   2    198    331
48   44   6    64    55
49   13   6    37    399
50   15   7    152    259
51   34   7    130    452
52   46   7    94    348
53   12   7    81    122
54   30   3    148    391
55   16   4    150    453
56   14   2    188    300
57   30   4    181    361
58   46   6    95    59
59   28   4    181    331
60   5   6    125    444
61   34   6    15    267
62   30   3    121    374
63   8   6    113    150
64   50   7    80    114
65   24   7    173    92
66   25   6    129    359
67   10   4    47    412
68   59   7    135    475
69   55   5    139    15
70   52   6    196    315
71   22   6    120    417
72   28   5    177    334
73   51   2    135    349
74   47   4    125    339
75   52   5    8    48
76   71   5    198    492
77   5   5    192    497
78   30   7    197    19
79   61   7    22    396
80   55   7    182    388
