1   0   7    61    278
2   1   7    36    155
3   1   4    47    181
4   1   3    99    69
5   2   5    143    439
6   1   2    43    39
7   1   4    54    170
8   6   2    175    169
9   6   4    137    45
10   4   2    90    229
11   6   2    94    454
12   10   4    77    282
13   11   7    147    131
14   12   3    52    402
15   12   3    44    194
16   2   4    133    371
17   15   6    78    449
18   3   5    11    323
19   10   7    176    296
20   18   7    29    482
21   13   3    48    111
22   3   7    56    229
23   10   5    33    437
24   6   2    45    53
25   15   4    185    220
26   10   6    59    221
27   19   5    117    404
28   16   4    18    266
29   7   7    3    168
30   21   5    160    224
31   11   2    82    234
32   19   3    105    185
33   7   4    105    194
34   15   3    194    396
35   29   3    19    330
36   24   4    85    420
37   21   2    97    463
38   2   5    158    445
39   34   4    14    183
40   13   7    37    396
41   37   7    14    106
42   21   5    138    40
43   29   5    28    461
44   41   3    56    115
45   29   2    105    356
46   21   3    128    308
47   41   4    126    373
48   17   3    120    309
49   21   3    45    180
50   39   3    104    298
51   41   5    163    369
52   23   6    17    325
53   45   7    47    336
54   13   2    100    162
55   53   3    168    296
56   15   2    81    121
57   14   7    70    469
58   47   3    107    317
59   23   3    17    50
60   52   7    7    273
61   27   2    56    58
62   37   5    37    218
63   49   5    86    45
64   54   7    32    332
65   16   7    138    236
66   57   6    62    481
67   63   2    97    424
68   30   3    33    194
69   15   3    16    214
70   47   4    70    332
71   60   3    142    394
72   20   7    77    143
73   49   7    51    159
74   64   6    72    351
75   12   5    144    76
76   73   2    28    252
77   25   2    130    444
78   41   6    126    381
79   35   2    68    127
80   24   5    173    147
