1   0   6    9    110
2   1   5    111    15
3   1   7    169    89
4   2   4    20    407
5   3   4    103    127
6   4   2    70    449
7   5   4    72    276
8   1   5    115    248
9   6   2    96    61
10   4   5    29    471
11   1   4    33    25
12   10   4    141    102
13   5   2    45    196
14   11   4    1    391
15   6   2    57    165
16   12   6    167    427
17   3   7    172    90
18   11   7    91    72
19   16   5    138    335
20   12   7    40    418
21   2   7    123    411
22   6   6    45    96
23   12   5    180    455
24   20   3    147    321
25   1   4    53    7
26   14   6    122    92
27   23   3    163    360
28   21   5    93    282
29   19   5    102    494
30   18   4    10    460
31   29   7    133    279
32   8   5    171    352
33   24   5    66    318
34   30   6    50    401
35   13   4    132    359
36   26   3    82    338
37   5   5    92    21
38   6   4    80    290
39   23   3    90    13
40   29   4    83    305
41   28   4    155    99
42   10   2    142    42
43   14   2    29    455
44   38   6    66    392
45   40   7    153    369
46   10   5    195    483
47   24   6    85    428
48   32   5    127    71
49   26   7    141    295
50   46   7    95    478
51   27   3    45    170
52   17   2    123    319
53   15   2    190    63
54   26   7    114    325
55   42   3    187    469
56   34   2    84    38
57   8   2    194    231
58   50   5    24    472
59   1   5    50    127
60   22   6    80    437
61   3   4    161    436
62   24   3    53    56
63   51   7    155    40
64   23   4    136    9
65   6   7    199    41
66   63   5    95    201
67   32   6    160    176
68   39   7    57    426
69   48   5    87    164
70   28   5    128    241
71   19   7    197    25
72   31   7    28    469
73   41   7    123    60
74   19   4    173    29
75   44   2    129    202
76   70   6    11    265
77   51   3    133    308
78   3   4    77    137
79   2   3    94    85
80   35   7    195    445
