1   0   5    51    470
2   1   4    53    38
3   1   4    36    29
4   2   5    35    352
5   1   4    120    379
6   1   7    76    371
7   3   3    192    194
8   5   7    126    197
9   7   6    186    224
10   1   3    186    356
11   8   2    199    394
12   2   5    84    467
13   1   7    153    92
14   11   6    166    291
15   8   6    135    343
16   11   4    48    217
17   11   5    14    403
18   9   7    122    261
19   11   3    194    280
20   17   4    1    252
21   15   2    34    201
22   14   6    177    495
23   18   3    151    89
24   2   3    35    483
25   4   4    1    36
26   6   3    64    194
27   5   3    160    220
28   7   7    146    399
29   7   4    154    452
30   19   6    54    356
31   4   6    170    366
32   17   6    131    238
33   7   4    133    385
34   28   6    57    441
35   7   5    154    92
36   17   3    92    193
37   26   2    23    9
38   5   5    81    468
39   10   5    78    316
40   2   6    134    164
41   5   6    73    72
42   5   5    125    357
43   6   7    16    281
44   38   2    48    417
45   33   7    155    97
46   2   7    144    420
47   4   4    125    489
48   38   7    92    497
49   40   6    176    232
50   2   2    192    392
51   12   7    173    5
52   48   6    55    114
53   35   7    190    30
54   11   3    78    345
55   25   3    93    477
56   47   7    193    88
57   48   3    39    234
58   18   4    93    103
59   33   4    92    31
60   1   6    60    206
61   20   3    74    122
62   3   3    151    26
63   26   6    185    395
64   44   2    63    470
65   15   3    31    91
66   6   3    150    318
67   47   6    9    291
68   13   5    135    315
69   32   4    161    418
70   42   5    101    337
71   48   4    166    210
72   19   6    197    166
73   15   4    90    442
74   20   7    137    61
75   5   5    53    23
76   22   7    51    111
77   33   7    24    270
78   55   5    63    322
79   45   2    126    117
80   53   4    149    286
