1   0   5    14    432
2   1   2    77    36
3   1   5    113    385
4   2   4    16    157
5   2   7    37    222
6   4   3    135    133
7   4   3    71    427
8   5   3    160    459
9   2   7    37    34
10   8   3    152    408
11   5   6    74    46
12   7   6    187    491
13   5   5    157    125
14   5   7    129    335
15   4   4    47    201
16   8   2    52    140
17   3   5    176    180
18   12   6    143    34
19   7   7    184    477
20   17   5    190    165
21   7   4    93    487
22   10   6    25    19
23   14   6    142    196
24   21   3    13    353
25   4   7    143    373
26   20   6    30    100
27   23   6    155    51
28   1   6    123    12
29   19   3    68    169
30   18   6    31    95
31   8   5    152    378
32   22   5    87    438
33   27   3    145    327
34   29   3    172    382
35   16   3    134    190
36   24   2    191    49
37   19   5    6    251
38   6   6    158    39
39   32   4    166    258
40   4   2    60    117
41   9   2    159    292
42   21   6    78    202
43   11   2    178    470
44   1   2    178    177
45   26   4    85    256
46   1   6    129    59
47   17   7    42    392
48   40   2    115    268
49   38   2    43    296
50   5   7    90    22
51   31   3    6    310
52   42   4    152    47
53   45   4    105    218
54   27   2    55    40
55   33   5    51    166
56   45   7    120    400
57   34   7    72    208
58   24   7    73    230
59   17   5    5    335
60   28   6    168    86
61   7   6    56    348
62   51   7    98    311
63   54   5    146    53
64   53   3    190    312
65   33   3    162    74
66   21   6    139    363
67   38   2    177    308
68   34   5    19    308
69   31   6    28    489
70   20   4    194    445
71   21   3    11    227
72   6   7    105    89
73   66   6    30    326
74   49   6    174    161
75   3   6    179    176
76   42   3    188    398
77   25   4    74    276
78   57   5    194    208
79   23   4    168    147
80   18   2    155    433
