1   0   4    23    178
2   1   2    137    11
3   1   4    155    333
4   2   5    141    373
5   2   3    182    270
6   4   5    4    237
7   4   3    57    188
8   2   6    160    239
9   2   2    172    12
10   7   5    197    130
11   7   4    42    492
12   2   2    100    165
13   9   6    189    492
14   8   5    75    61
15   3   7    165    334
16   13   7    95    350
17   10   5    128    495
18   16   2    62    405
19   15   2    17    269
20   11   4    3    329
21   7   7    87    345
22   9   7    170    215
23   9   3    127    255
24   11   3    190    275
25   9   3    171    370
26   24   2    160    46
27   17   3    39    303
28   16   3    130    27
29   20   4    106    231
30   14   2    36    75
31   20   6    189    426
32   28   2    128    337
33   11   2    198    83
34   15   7    79    397
35   5   5    77    253
36   26   7    88    246
37   29   6    127    454
38   21   5    134    296
39   22   6    10    251
40   37   4    198    303
41   30   3    157    87
42   38   5    47    151
43   34   3    86    144
44   35   7    46    411
45   8   3    17    201
46   11   3    107    369
47   25   4    140    210
48   3   5    146    364
49   43   2    71    333
50   28   2    170    145
51   9   2    192    465
52   32   6    163    399
53   22   4    179    442
54   48   6    198    332
55   28   2    80    231
56   50   7    8    419
57   52   7    137    85
58   12   6    195    207
59   18   3    24    190
60   39   3    119    244
61   24   7    49    381
62   45   2    109    132
63   42   3    79    423
64   1   4    102    68
65   18   6    99    171
66   59   4    73    491
67   65   2    114    149
68   38   5    85    134
69   29   3    139    345
70   36   3    63    214
71   48   7    26    39
72   13   2    32    183
73   52   4    146    315
74   42   2    11    338
75   17   3    162    154
76   31   3    189    372
77   39   4    87    384
78   17   3    75    407
79   35   7    155    259
80   59   4    161    280
