1   0   6    39    71
2   1   5    166    79
3   1   4    124    408
4   1   2    196    18
5   3   5    18    19
6   3   2    18    401
7   1   2    17    113
8   1   4    155    479
9   4   2    72    54
10   4   7    74    454
11   5   4    125    335
12   3   2    28    304
13   2   2    114    290
14   1   3    188    239
15   9   6    194    346
16   8   4    49    226
17   2   7    96    237
18   1   3    58    484
19   3   3    189    322
20   12   4    66    497
21   11   7    190    31
22   11   5    65    343
23   15   2    61    352
24   18   4    60    2
25   19   7    168    234
26   11   7    81    481
27   9   5    155    181
28   20   4    55    293
29   11   5    162    327
30   15   2    89    163
31   4   7    183    382
32   30   6    2    413
33   23   4    140    163
34   14   7    110    474
35   4   4    154    499
36   3   5    92    469
37   21   6    55    237
38   17   4    145    254
39   5   7    120    253
40   15   3    103    232
41   8   5    13    77
42   40   5    105    244
43   31   5    99    80
44   7   4    171    386
45   27   5    58    471
46   44   3    127    248
47   7   2    75    271
48   46   4    16    129
49   4   3    137    375
50   47   6    30    364
51   11   3    24    328
52   30   5    125    382
53   13   7    125    94
54   31   5    64    123
55   25   6    184    428
56   29   3    118    262
57   40   3    60    119
58   5   2    127    310
59   48   6    179    71
60   36   4    184    201
61   50   2    166    44
62   14   5    155    431
63   44   2    142    39
64   41   2    61    82
65   19   3    179    471
66   6   5    47    367
67   20   4    48    416
68   17   3    179    124
69   36   3    35    463
70   18   3    174    23
71   63   5    21    455
72   5   7    94    234
73   14   5    10    326
74   71   6    96    361
75   1   6    76    62
76   38   3    174    155
77   5   3    53    18
78   35   2    87    16
79   63   6    54    489
80   14   7    163    95
