1   0   5    88    477
2   1   2    164    365
3   1   4    198    98
4   1   2    82    58
5   1   4    165    488
6   4   7    151    321
7   1   5    136    454
8   1   6    34    118
9   4   2    64    322
10   3   2    109    219
11   3   4    140    83
12   5   2    65    423
13   4   4    96    92
14   8   6    19    256
15   6   5    82    432
16   6   2    64    291
17   2   3    195    407
18   13   6    151    286
19   12   2    180    495
20   11   6    111    58
21   7   2    122    264
22   6   6    99    251
23   3   6    177    481
24   19   3    148    407
25   17   7    51    130
26   2   7    70    11
27   25   4    144    34
28   3   2    179    489
29   26   2    147    48
30   19   5    184    225
31   26   6    18    278
32   30   7    194    151
33   5   2    107    433
34   18   7    161    315
35   8   7    26    383
36   16   7    150    455
37   2   2    126    35
38   22   3    99    172
39   24   5    148    164
40   3   6    34    412
41   29   4    136    291
42   18   4    9    213
43   31   4    80    439
44   26   2    19    73
45   8   3    59    41
46   15   5    73    481
47   4   6    164    380
48   11   4    179    94
49   42   3    199    287
50   38   3    14    50
51   27   4    166    226
52   7   5    190    428
53   24   3    153    311
54   17   4    51    41
55   28   3    69    356
56   50   7    175    116
57   14   5    197    440
58   54   2    136    155
59   13   4    71    279
60   18   3    112    196
61   6   3    12    350
62   21   4    78    28
63   56   4    138    75
64   42   5    33    316
65   10   4    104    376
66   63   7    62    213
67   57   5    8    83
68   9   7    129    170
69   56   5    127    117
70   4   3    156    262
71   10   4    185    409
72   46   7    121    136
73   70   5    158    114
74   39   5    91    447
75   60   4    168    485
76   16   2    135    2
77   70   4    20    396
78   50   2    159    193
79   48   7    4    481
80   47   3    13    139
