1   0   6    79    223
2   1   3    92    100
3   1   6    99    94
4   1   6    108    359
5   1   6    91    293
6   1   2    57    468
7   4   4    184    22
8   5   2    135    279
9   4   7    150    266
10   2   7    39    188
11   4   3    122    23
12   3   4    186    435
13   8   7    191    142
14   12   7    166    162
15   11   5    161    165
16   14   2    167    80
17   8   6    130    297
18   14   4    104    482
19   13   7    19    73
20   14   6    156    291
21   10   4    106    29
22   6   5    196    484
23   19   6    50    339
24   1   5    135    214
25   4   5    145    411
26   12   3    63    424
27   9   5    163    189
28   22   3    167    338
29   17   5    45    397
30   19   5    108    198
31   8   6    35    210
32   12   5    198    129
33   10   4    17    79
34   12   6    153    465
35   30   6    192    393
36   18   6    49    242
37   26   7    95    271
38   26   7    63    359
39   36   4    23    451
40   38   7    101    342
41   8   5    92    186
42   24   4    172    161
43   8   3    62    424
44   16   6    30    422
45   42   2    52    479
46   8   2    130    154
47   18   4    102    69
48   2   6    79    156
49   40   5    66    78
50   35   5    111    452
51   24   4    81    174
52   7   4    47    67
53   6   2    83    172
54   39   7    153    335
55   12   5    71    188
56   15   5    48    362
57   51   4    86    397
58   34   2    195    135
59   27   2    113    375
60   47   5    196    390
61   42   5    113    359
62   55   7    152    50
63   50   7    190    375
64   46   3    148    497
65   59   4    88    48
66   64   4    89    431
67   64   5    87    289
68   53   6    30    26
69   44   3    168    216
70   59   7    129    388
71   41   7    146    250
72   47   3    45    453
73   1   6    21    419
74   44   2    148    405
75   54   7    136    283
76   22   7    170    471
77   56   6    152    463
78   44   5    107    166
79   17   7    86    198
80   60   3    30    457
