1   0   2    6    383
2   1   5    128    292
3   1   4    125    292
4   1   4    30    114
5   3   5    116    245
6   4   7    146    60
7   5   5    102    458
8   3   5    177    318
9   1   6    127    167
10   8   2    61    9
11   3   3    193    224
12   6   6    85    49
13   7   7    94    412
14   11   4    121    114
15   12   6    178    149
16   5   5    50    197
17   10   7    141    430
18   3   5    42    41
19   9   6    114    449
20   1   5    64    393
21   7   2    146    305
22   13   3    111    132
23   10   5    154    142
24   5   2    158    464
25   7   7    32    99
26   15   2    101    101
27   10   3    30    114
28   8   4    103    189
29   21   3    10    347
30   9   7    50    372
31   10   5    6    240
32   20   2    132    280
33   20   7    35    75
34   17   6    92    391
35   3   6    19    258
36   28   4    13    51
37   31   6    59    77
38   22   7    63    366
39   11   2    197    411
40   19   4    164    145
41   31   4    50    338
42   13   7    4    120
43   10   3    60    54
44   5   6    65    289
45   27   2    146    284
46   13   2    176    175
47   37   4    144    146
48   42   2    168    248
49   14   2    9    324
50   30   7    112    408
51   43   7    69    15
52   32   7    35    354
53   15   3    161    277
54   6   4    114    314
55   17   6    185    328
56   3   4    24    274
57   33   6    124    105
58   48   7    192    188
59   10   5    44    450
60   15   6    177    219
61   42   3    174    433
62   26   3    149    217
63   2   4    190    467
64   54   3    65    491
65   54   7    52    143
66   63   7    25    183
67   60   5    50    14
68   56   4    114    431
69   51   4    68    277
70   60   6    17    437
71   16   5    114    106
72   16   4    136    381
73   27   4    14    27
74   72   5    143    497
75   17   7    199    366
76   56   6    28    326
77   15   5    60    476
78   30   2    112    421
79   76   2    118    15
80   50   4    29    111
