1   0   6    9    20
2   1   2    9    452
3   1   7    168    9
4   1   4    19    112
5   3   3    96    306
6   2   7    158    464
7   5   4    119    485
8   1   7    75    155
9   6   6    93    253
10   7   6    105    352
11   3   3    166    465
12   8   5    144    68
13   1   7    52    92
14   7   3    78    108
15   8   7    74    95
16   12   4    55    391
17   12   6    31    96
18   12   2    39    206
19   2   4    154    124
20   16   5    109    24
21   15   3    133    313
22   4   2    160    356
23   13   5    45    166
24   2   6    103    326
25   9   4    25    279
26   24   5    133    334
27   1   3    143    316
28   23   3    49    327
29   20   4    135    441
30   9   4    191    294
31   1   4    103    188
32   11   7    169    41
33   29   6    8    262
34   27   6    186    145
35   16   6    19    191
36   11   5    194    361
37   35   3    17    42
38   16   2    54    454
39   24   7    31    240
40   17   7    68    247
41   8   3    12    60
42   32   5    80    411
43   27   3    161    305
44   30   5    165    384
45   27   5    21    102
46   41   3    53    359
47   1   5    50    255
48   11   2    43    110
49   34   6    31    98
50   28   3    134    217
51   48   3    125    3
52   1   6    85    60
53   18   3    13    221
54   35   7    110    241
55   49   5    173    433
56   6   2    142    197
57   17   3    113    66
58   55   5    136    178
59   14   4    164    474
60   10   4    96    199
61   1   5    101    342
62   32   2    113    489
63   37   4    142    121
64   33   5    151    249
65   36   4    128    315
66   24   5    178    437
67   63   2    60    165
68   50   2    161    286
69   60   5    24    48
70   3   5    193    126
71   1   6    123    308
72   18   4    86    97
73   17   5    31    201
74   69   7    139    308
75   8   2    186    207
76   71   2    56    410
77   27   2    134    69
78   9   2    181    338
79   20   3    130    371
80   32   5    194    69
81   49   2    156    205
82   43   3    18    473
83   47   5    118    172
84   41   4    191    386
85   8   2    99    340
86   55   3    119    203
87   2   5    10    38
88   53   7    47    210
89   17   5    132    95
90   87   5    38    182
91   40   5    119    457
92   35   6    100    429
93   88   5    131    226
94   18   5    193    256
95   25   4    170    131
96   36   2    187    354
97   6   4    65    1
98   5   6    142    41
99   2   4    187    400
100   89   6    117    441
101   95   2    107    26
102   90   7    197    372
103   97   7    44    307
104   72   5    135    470
105   101   7    133    171
106   10   7    81    108
107   66   7    118    99
108   79   3    195    294
109   29   4    199    37
110   92   7    191    286
111   43   3    52    372
112   9   4    165    20
113   8   4    50    432
114   3   5    173    39
115   68   7    168    265
116   63   7    34    375
117   37   3    157    72
118   104   5    35    100
119   21   2    177    484
120   109   6    100    455
121   86   7    182    478
122   98   6    74    367
123   69   6    116    414
124   61   4    103    157
125   60   7    177    492
126   85   6    62    359
127   116   7    121    347
128   36   2    198    222
129   92   5    139    77
130   98   4    189    145
131   99   7    78    199
132   77   2    166    57
133   38   5    151    453
134   25   2    122    89
135   110   5    192    354
136   41   3    90    208
137   112   7    76    97
138   71   5    13    139
139   59   4    167    290
140   75   4    143    247
141   39   3    45    163
142   27   7    53    291
143   118   5    30    60
144   130   3    53    460
145   47   6    37    487
146   90   3    98    303
147   17   6    73    186
148   84   6    8    206
149   39   5    52    143
150   34   7    39    203
151   70   3    70    448
152   136   5    160    17
153   111   2    186    303
154   129   2    92    247
155   31   6    80    24
156   81   5    144    246
157   82   6    169    89
158   134   7    1    297
159   27   3    95    142
160   88   4    106    328
161   78   2    147    47
162   96   6    142    106
163   76   2    17    349
164   56   6    89    34
165   142   7    88    171
166   26   4    34    425
167   48   5    86    436
168   79   4    53    481
169   73   6    145    345
170   33   6    151    345
171   57   2    19    27
172   144   7    148    336
173   41   3    69    75
174   66   3    29    226
175   138   2    91    381
176   161   7    191    121
177   129   6    17    451
178   123   7    41    367
179   30   6    165    374
180   14   3    55    271
181   110   2    42    449
182   82   3    12    426
183   137   7    164    143
184   2   5    72    357
185   172   2    33    158
186   149   7    193    137
187   43   4    115    94
188   124   4    155    281
189   102   4    127    344
190   63   5    69    405
191   1   3    179    54
192   176   5    136    471
193   181   5    140    16
194   55   7    197    362
195   154   5    174    217
196   58   4    66    259
197   86   5    34    302
198   185   6    125    368
199   161   3    120    139
200   167   7    171    214
201   154   2    54    264
202   181   4    50    182
203   192   2    31    143
204   177   7    185    372
205   18   4    128    142
206   174   3    55    213
207   12   6    170    308
208   79   2    172    427
209   144   2    62    33
210   197   5    187    391
211   25   5    52    464
212   136   6    177    243
213   120   5    84    200
214   136   5    47    78
215   49   6    43    257
216   75   5    162    366
217   130   3    59    228
218   56   2    102    476
219   51   6    168    401
220   175   4    193    465
221   158   3    60    175
222   179   2    139    27
223   140   5    107    9
224   81   7    194    365
225   103   3    99    197
226   22   4    179    279
227   10   7    107    447
228   70   3    27    120
229   139   4    143    53
230   208   2    27    163
231   201   4    30    394
232   68   5    19    111
233   92   5    52    149
234   154   5    61    149
235   44   5    52    203
236   232   6    181    6
237   111   4    119    131
238   21   4    61    68
239   35   5    54    268
240   213   2    58    49
241   128   3    91    80
242   109   3    38    477
243   40   4    155    162
244   182   3    91    307
245   106   4    103    2
246   181   7    108    79
247   43   6    150    145
248   31   6    107    267
249   156   3    189    292
250   223   3    188    301
251   217   6    116    173
252   18   3    124    235
253   88   7    71    433
254   90   7    195    227
255   243   3    183    474
256   157   7    57    154
257   33   5    188    302
258   228   4    143    335
259   238   2    6    225
260   163   7    25    487
261   11   3    43    437
262   250   2    184    224
263   163   2    73    478
264   133   5    68    385
265   9   3    172    463
266   194   5    123    66
267   29   5    187    266
268   160   7    132    139
269   143   3    107    386
270   182   3    104    281
271   70   5    168    370
272   24   7    5    493
273   81   6    168    425
274   165   5    87    83
275   162   7    139    349
276   67   6    13    248
277   91   6    107    324
278   238   2    44    17
279   91   3    129    463
280   51   3    12    445
281   184   7    97    314
282   69   6    57    277
283   251   3    89    445
284   1   6    69    344
285   123   6    162    141
286   136   7    91    9
287   103   3    127    170
288   266   2    15    491
289   104   6    34    3
290   125   5    47    207
291   210   2    181    17
292   177   7    82    81
293   160   6    124    183
294   246   2    23    493
295   292   6    121    53
296   242   5    20    95
297   67   2    8    496
298   192   3    154    220
299   153   7    21    465
300   24   4    118    423
301   265   7    190    425
302   292   4    30    235
303   163   7    48    438
304   225   6    114    11
305   39   2    133    229
306   299   2    152    10
307   135   7    3    96
308   169   3    140    294
309   11   5    159    377
310   203   4    57    47
311   276   5    13    22
312   13   7    192    461
313   115   5    167    374
314   143   4    47    91
315   147   7    166    215
316   214   7    154    386
317   44   7    144    138
318   228   3    143    358
319   197   6    78    333
320   166   4    156    221
321   74   6    57    141
322   187   3    37    112
323   43   3    93    377
324   119   3    91    61
325   243   7    8    201
326   211   2    139    229
327   118   5    181    347
328   270   7    44    462
329   32   3    153    404
330   49   3    30    361
331   123   2    112    205
332   21   6    130    458
333   203   7    27    207
334   185   5    26    7
335   291   2    63    445
336   48   4    82    411
337   135   6    98    110
338   34   5    153    427
339   282   5    134    13
340   4   6    158    458
341   323   4    40    313
342   317   5    121    499
343   209   2    130    447
344   129   2    33    341
345   308   4    49    94
346   319   7    82    341
347   209   3    182    4
348   76   5    78    17
349   237   4    185    21
350   305   7    136    100
351   146   5    60    80
352   253   4    20    122
353   185   2    187    27
354   183   7    69    30
355   181   6    60    101
356   343   2    82    384
357   53   6    76    400
358   69   5    57    413
359   220   7    32    425
360   95   4    92    196
