1   0   4    13    49
2   1   2    127    147
3   1   7    10    373
4   1   2    11    321
5   2   3    155    26
6   1   4    44    147
7   4   4    12    133
8   1   3    103    15
9   5   6    94    6
10   2   4    132    427
11   3   7    187    322
12   4   3    16    449
13   7   5    59    134
14   12   3    12    4
15   13   5    4    360
16   1   6    136    11
17   5   3    67    285
18   13   5    41    109
19   14   5    190    109
20   14   4    36    145
21   15   2    16    462
22   14   2    196    202
23   10   4    104    271
24   20   5    196    70
25   1   6    153    436
26   7   5    83    34
27   21   4    85    229
28   12   7    128    363
29   4   4    124    122
30   7   2    160    280
31   3   4    76    66
32   15   4    126    371
33   20   2    5    426
34   8   4    10    350
35   6   3    132    426
36   14   3    39    478
37   6   7    29    36
38   5   3    121    353
39   18   2    111    15
40   22   3    194    214
41   25   6    36    147
42   26   7    97    368
43   33   5    52    226
44   19   5    172    299
45   22   5    148    214
46   43   2    176    478
47   14   4    39    377
48   25   5    21    185
49   46   6    89    336
50   21   4    175    310
51   15   5    29    265
52   24   4    184    445
53   25   2    76    47
54   22   6    48    226
55   52   3    83    300
56   40   6    186    187
57   47   5    81    310
58   13   3    179    324
59   1   6    120    247
60   37   6    117    213
61   11   3    14    260
62   33   5    138    229
63   58   7    178    137
64   46   6    32    205
65   51   7    46    250
66   51   4    118    15
67   59   7    196    404
68   59   4    87    306
69   46   5    4    46
70   12   5    44    122
71   20   6    166    362
72   66   2    51    200
73   14   4    116    218
74   38   6    95    117
75   70   2    33    165
76   9   5    179    26
77   17   2    102    279
78   47   5    55    388
79   63   5    32    295
80   9   6    193    111
81   52   4    194    449
82   66   5    114    39
83   32   6    64    330
84   8   2    66    345
85   56   2    54    458
86   61   4    96    27
87   68   4    71    368
88   44   2    111    425
89   68   5    147    114
90   78   4    190    475
91   32   6    128    361
92   54   5    17    401
93   64   5    177    465
94   33   2    61    482
95   91   4    114    383
96   63   5    12    387
97   12   7    143    281
98   54   4    89    315
99   89   4    8    477
100   54   7    134    417
101   84   4    153    233
102   2   6    40    467
103   61   7    116    371
104   3   5    145    308
105   37   2    45    461
106   45   6    193    139
107   73   4    151    238
108   12   7    17    434
109   54   6    74    174
110   97   2    66    155
111   98   3    84    395
112   95   3    166    43
113   58   6    91    452
114   4   2    137    155
115   48   5    115    178
116   50   4    157    487
117   33   2    98    219
118   13   6    30    381
119   53   3    114    493
120   82   7    17    2
121   16   3    142    21
122   2   2    189    441
123   6   2    139    285
124   60   5    174    366
125   58   4    61    109
126   35   5    141    355
127   67   7    3    93
128   79   4    151    407
129   17   7    121    408
130   55   7    124    177
131   110   3    189    394
132   41   4    25    369
133   2   6    172    230
134   117   4    20    435
135   103   5    118    369
136   96   6    165    403
137   112   3    142    261
138   7   4    159    85
139   48   3    97    268
140   1   4    189    74
141   78   5    10    162
142   36   7    24    206
143   115   7    181    245
144   34   6    22    137
145   121   7    122    246
146   42   2    99    247
147   4   7    85    87
148   74   3    171    185
149   67   6    189    460
150   111   4    12    58
151   58   4    115    312
152   1   4    130    308
153   20   5    108    83
154   9   5    150    79
155   118   2    55    72
156   2   6    56    95
157   23   6    114    136
158   140   6    42    389
159   70   4    193    438
160   142   7    161    184
161   122   7    162    339
162   140   3    20    373
163   146   2    10    43
164   59   6    13    470
165   17   3    89    347
166   65   5    19    262
167   72   5    134    14
168   44   2    188    23
169   1   6    167    316
170   52   4    1    381
171   149   7    30    268
172   38   7    12    355
173   39   6    14    55
174   80   7    72    380
175   142   5    111    181
176   82   2    191    42
177   25   6    35    51
178   176   2    86    150
179   165   4    133    176
180   39   4    35    58
181   10   5    181    308
182   56   5    30    266
183   94   6    158    20
184   21   3    107    219
185   104   7    190    280
186   91   4    48    252
187   136   6    71    83
188   160   5    89    390
189   30   4    128    27
190   178   4    191    347
191   142   5    153    135
192   88   3    40    101
193   19   6    73    198
194   42   6    59    44
195   156   6    107    49
196   182   7    57    413
197   68   3    189    197
198   175   3    158    431
199   73   2    191    300
200   153   6    51    128
201   61   4    117    306
202   24   7    171    415
203   77   3    162    375
204   163   6    52    35
205   185   5    117    279
206   72   6    25    316
207   165   5    151    243
208   15   6    50    399
209   164   2    5    331
210   112   3    59    288
211   32   5    134    47
212   167   5    80    367
213   81   6    52    304
214   96   4    171    46
215   109   4    157    487
216   115   2    130    268
217   26   4    10    45
218   23   7    177    451
219   170   6    128    162
220   48   2    57    126
221   86   4    189    251
222   76   4    146    101
223   24   7    50    34
224   94   7    94    94
225   17   5    11    486
226   73   4    25    351
227   225   2    95    413
228   106   4    160    402
229   87   6    54    407
230   209   6    154    79
231   123   2    12    272
232   71   3    83    132
233   200   2    112    386
234   149   3    146    108
235   213   7    17    227
236   212   2    3    113
237   20   5    1    99
238   106   2    16    483
239   206   3    158    355
240   142   3    6    341
241   113   6    4    210
242   93   6    58    428
243   67   3    156    111
244   226   6    117    199
245   208   2    176    18
246   177   4    62    499
247   162   3    137    14
248   36   4    176    112
249   111   5    140    381
250   91   6    45    145
251   213   6    116    369
252   148   6    88    314
253   140   3    100    321
254   192   5    41    96
255   178   2    134    75
256   244   3    165    456
257   107   4    154    476
258   167   3    175    396
259   228   7    89    138
260   142   6    167    406
261   84   4    132    477
262   77   3    34    313
263   239   5    134    10
264   60   7    159    299
265   197   4    70    222
266   114   3    74    283
267   54   4    131    236
268   138   5    169    410
269   105   2    45    158
270   147   4    42    189
271   172   6    26    451
272   94   6    176    453
273   14   2    45    82
274   228   7    182    302
275   124   3    30    444
276   185   4    166    477
277   150   4    185    239
278   73   7    82    119
279   206   6    121    283
280   11   6    59    142
281   128   2    12    152
282   273   2    181    154
283   80   5    158    28
284   118   2    85    162
285   10   7    121    226
286   105   5    43    374
287   220   4    79    183
288   263   4    179    240
289   6   3    4    226
290   64   5    49    338
291   1   7    198    449
292   78   3    152    343
293   37   2    194    253
294   282   6    182    289
295   188   2    199    499
296   153   2    78    199
297   2   4    185    308
298   190   7    35    32
299   113   7    80    322
300   168   6    141    445
301   266   5    62    437
302   169   4    5    414
303   234   6    26    60
304   252   4    180    389
305   67   3    50    479
306   172   7    124    158
307   272   3    116    14
308   196   5    25    404
309   138   4    161    244
310   205   6    106    86
311   176   7    177    256
312   221   6    73    228
313   152   5    150    238
314   9   6    45    38
315   98   2    104    290
316   47   3    94    393
317   119   7    163    364
318   179   2    43    364
319   199   7    181    87
320   140   3    180    24
321   264   6    104    233
322   183   6    122    446
323   102   2    80    492
324   193   4    192    214
325   181   2    151    341
326   287   2    126    179
327   192   5    164    58
328   32   5    148    414
329   8   4    157    281
330   1   2    44    473
331   328   6    115    287
332   161   4    64    130
333   44   7    84    132
334   46   3    196    221
335   59   7    25    87
336   101   7    30    142
337   211   6    71    145
338   261   3    167    23
339   36   2    65    444
340   108   2    145    472
341   64   2    177    489
342   265   6    186    218
343   44   6    48    88
344   167   6    185    272
345   323   4    196    460
346   244   3    136    75
347   142   2    26    495
348   110   4    100    266
349   154   4    107    354
350   112   7    31    475
351   266   6    189    302
352   57   6    38    299
353   177   6    183    407
354   233   4    114    141
355   292   5    136    136
356   200   5    27    5
357   184   4    8    161
358   4   7    159    353
359   129   2    184    428
360   317   5    101    100
