1   0   2    25    47
2   1   4    57    237
3   1   6    53    93
4   2   7    12    383
5   3   2    73    13
6   1   6    134    366
7   4   3    61    117
8   4   6    6    358
9   4   6    10    171
10   7   6    66    408
11   3   3    34    371
12   1   2    9    127
13   4   6    177    498
14   8   3    85    312
15   1   6    41    191
16   10   6    182    145
17   15   4    114    71
18   15   5    130    323
19   15   4    71    86
20   11   2    32    281
21   18   5    16    143
22   16   5    11    217
23   8   6    170    262
24   1   5    132    423
25   23   5    89    367
26   5   2    57    258
27   22   3    119    241
28   13   4    71    306
29   19   4    199    349
30   24   6    13    55
31   12   7    95    164
32   28   2    104    99
33   27   5    117    386
34   20   4    192    224
35   9   7    71    34
36   30   6    64    497
37   29   4    46    399
38   14   5    148    475
39   6   3    60    308
40   32   4    70    378
41   14   3    34    134
42   24   6    93    175
43   40   3    180    156
44   11   3    35    39
45   40   7    28    469
46   44   2    176    70
47   37   2    192    39
48   33   6    22    113
49   10   5    76    17
50   25   5    150    150
51   28   7    55    230
52   8   4    29    447
53   51   5    191    422
54   8   4    147    88
55   8   4    152    252
56   33   2    111    366
57   8   5    117    202
58   10   2    118    413
59   17   3    161    308
60   40   3    134    73
61   56   7    177    267
62   6   7    141    420
63   21   2    29    289
64   18   4    128    413
65   19   4    171    137
66   34   3    182    196
67   19   6    137    129
68   45   4    194    273
69   6   2    69    348
70   20   4    48    317
71   30   7    14    395
72   68   2    8    399
73   37   5    14    298
74   26   6    87    71
75   47   5    140    433
76   74   2    63    15
77   64   3    197    333
78   47   3    150    10
79   56   3    133    46
80   38   4    69    258
81   31   2    117    361
82   2   2    50    174
83   46   2    168    408
84   4   3    32    456
85   64   7    198    137
86   34   3    91    207
87   46   4    145    156
88   34   2    192    290
89   73   7    180    406
90   24   6    116    4
91   12   3    103    349
92   61   5    139    219
93   77   4    148    200
94   49   3    46    119
95   17   2    30    261
96   83   4    20    252
97   19   6    199    169
98   67   6    46    380
99   97   6    180    419
100   82   4    181    145
101   81   7    51    497
102   45   5    129    491
103   101   2    166    428
104   7   7    25    230
105   80   5    15    449
106   40   6    30    52
107   104   4    42    180
108   96   6    106    56
109   29   7    115    41
110   55   7    36    436
111   48   4    196    357
112   94   6    130    32
113   71   3    154    288
114   12   6    112    375
115   4   7    142    16
116   36   3    95    185
117   27   4    87    295
118   53   4    188    72
119   57   4    54    291
120   21   6    73    297
121   2   2    3    55
122   13   4    73    313
123   76   7    113    316
124   28   6    187    239
125   100   5    185    90
126   121   2    96    133
127   95   6    44    442
128   71   7    136    159
129   13   6    120    326
130   50   3    169    145
131   128   4    177    320
132   81   3    197    219
133   93   2    124    4
134   127   2    168    161
135   3   6    177    217
136   21   4    68    130
137   75   6    86    355
138   83   7    37    466
139   54   3    71    313
140   58   6    57    443
141   19   5    87    16
142   115   6    22    144
143   48   5    108    1
144   39   3    127    452
145   114   5    58    497
146   101   2    143    73
147   47   2    154    23
148   79   7    161    31
149   47   7    87    342
150   95   3    152    132
151   6   4    179    12
152   29   7    148    127
153   93   4    178    26
154   98   2    136    232
155   91   4    153    431
156   17   7    143    434
157   55   2    54    11
158   109   2    28    340
159   32   5    31    410
160   70   5    8    270
161   30   4    9    328
162   65   7    129    308
163   2   2    51    277
164   16   3    45    273
165   124   7    41    45
166   102   5    175    298
167   83   2    2    343
168   28   4    55    301
169   67   3    113    374
170   58   7    133    401
171   70   4    18    200
172   29   3    140    436
173   127   6    156    343
174   132   2    118    487
175   155   7    145    262
176   166   5    173    218
177   79   2    189    376
178   26   5    150    158
179   65   2    8    424
180   173   3    123    162
181   119   2    70    375
182   36   7    181    417
183   2   7    174    84
184   69   3    55    210
185   64   7    72    145
186   67   4    25    193
187   184   3    16    48
188   2   2    26    408
189   161   7    191    465
190   38   5    103    350
191   138   2    144    418
192   101   3    3    13
193   98   5    78    349
194   42   4    117    3
195   156   7    166    166
196   1   6    128    228
197   158   5    45    329
198   167   2    100    6
199   47   5    159    380
200   198   5    15    87
201   13   7    129    228
202   11   6    101    239
203   101   2    148    325
204   44   5    45    11
205   87   2    79    279
206   120   7    199    341
207   107   7    18    423
208   136   3    9    466
209   92   7    195    170
210   60   5    176    57
211   167   2    97    465
212   200   4    154    344
213   48   2    29    107
214   26   7    36    408
215   148   3    158    372
216   42   4    148    276
217   181   5    34    204
218   205   7    89    107
219   85   6    58    175
220   173   5    99    139
221   46   3    133    360
222   202   3    148    384
223   17   7    111    252
224   146   5    151    498
225   108   3    11    29
226   139   3    126    212
227   165   7    7    397
228   99   2    33    281
229   1   7    132    259
230   62   7    144    442
231   53   4    51    222
232   151   4    134    9
233   226   7    43    21
234   201   5    52    484
235   133   4    156    352
236   203   4    179    456
237   4   4    150    1
238   132   2    184    410
239   65   2    135    413
240   220   4    20    331
241   160   4    193    376
242   7   4    23    230
243   217   2    78    114
244   193   7    6    130
245   176   6    150    114
246   49   3    59    339
247   135   2    54    69
248   54   5    66    222
249   186   7    16    207
250   173   3    95    259
251   87   4    111    300
252   7   5    94    163
253   243   3    101    88
254   61   7    110    341
255   230   7    39    182
256   247   7    150    150
257   44   4    128    171
258   34   6    160    48
259   221   6    19    484
260   212   5    12    412
261   227   3    192    467
262   207   6    15    231
263   9   2    77    342
264   244   7    111    84
265   125   6    27    444
266   243   7    33    116
267   41   4    117    392
268   156   6    117    228
269   7   4    163    446
270   244   5    198    496
271   38   3    40    466
272   212   6    77    224
273   204   3    129    262
274   216   6    144    359
275   117   3    181    113
276   52   7    156    170
277   148   4    6    252
278   88   5    155    477
279   93   7    85    121
280   79   4    112    260
281   265   6    174    173
282   179   6    89    59
283   89   4    157    373
284   173   6    61    361
285   88   2    30    27
286   153   4    51    166
287   176   5    142    472
288   138   6    49    128
289   6   2    57    424
290   234   2    33    245
291   102   6    149    173
292   90   7    194    155
293   80   3    34    47
294   192   5    106    285
295   148   3    150    461
296   151   7    19    158
297   155   5    40    112
298   139   6    143    332
299   210   6    56    383
300   123   4    67    176
301   271   5    112    79
302   113   4    133    256
303   33   4    109    279
304   173   2    158    71
305   301   3    126    134
306   165   7    119    134
307   43   2    109    148
308   3   6    8    303
309   210   6    44    398
310   50   7    77    461
311   11   3    188    196
312   181   7    107    310
313   179   6    197    386
314   147   4    7    277
315   175   7    94    497
316   17   2    99    32
317   199   3    192    101
318   236   2    154    457
319   135   3    183    292
320   153   5    95    3
321   44   5    154    407
322   96   6    55    221
323   180   2    75    425
324   115   6    98    203
325   200   2    174    13
326   157   7    76    87
327   306   2    191    364
328   146   6    76    459
329   307   6    63    92
330   266   6    100    495
331   106   5    198    16
332   240   6    107    356
333   109   3    136    176
334   267   6    16    164
335   119   7    77    52
336   247   7    57    481
337   144   2    49    420
338   262   2    184    254
339   65   2    138    350
340   315   3    172    476
341   138   2    92    8
342   163   4    53    423
343   51   7    176    288
344   151   6    70    128
345   194   7    159    401
346   308   6    80    362
347   275   3    144    288
348   323   5    152    88
349   184   5    185    458
350   140   7    102    107
351   141   2    41    56
352   168   7    105    314
353   70   2    86    9
354   207   3    101    322
355   82   7    22    149
356   231   7    96    49
357   340   5    144    173
358   6   6    178    172
359   257   6    173    252
360   109   3    179    396
