1   0   2    5    3
2   1   2    91    381
3   1   2    21    86
4   1   3    179    293
5   2   6    47    328
6   2   2    172    137
7   1   6    1    151
8   2   4    33    382
9   6   3    153    432
10   6   6    144    17
11   2   3    116    224
12   2   4    169    218
13   2   7    90    414
14   2   4    132    136
15   12   2    57    170
16   9   5    184    390
17   3   7    96    350
18   16   5    112    292
19   3   4    68    484
20   1   4    90    46
21   17   5    15    28
22   15   7    94    52
23   17   2    5    199
24   2   4    79    350
25   14   4    42    283
26   11   6    73    87
27   23   6    109    87
28   4   7    180    230
29   3   7    19    197
30   1   4    52    152
31   12   5    65    129
32   4   6    37    259
33   26   4    141    5
34   21   3    164    442
35   20   3    25    494
36   7   3    48    396
37   34   6    84    350
38   16   5    90    384
39   32   7    130    497
40   12   4    68    80
41   10   4    186    355
42   14   7    198    8
43   16   5    124    211
44   36   2    6    13
45   6   5    52    222
46   33   5    44    73
47   32   3    87    223
48   2   4    27    498
49   28   3    122    368
50   3   5    154    337
51   24   5    165    239
52   45   2    166    255
53   19   2    90    448
54   50   7    65    409
55   10   6    44    251
56   51   3    67    91
57   15   4    47    322
58   16   7    117    228
59   55   5    122    91
60   21   7    26    47
61   56   7    116    25
62   34   2    137    323
63   18   6    14    73
64   5   5    53    482
65   49   2    41    399
66   2   5    152    497
67   52   5    165    85
68   44   5    127    415
69   1   4    19    378
70   36   5    76    77
71   5   2    139    101
72   4   5    180    244
73   12   5    31    443
74   61   5    54    296
75   52   6    81    226
76   41   5    194    157
77   18   6    16    111
78   3   4    46    56
79   39   6    150    329
80   28   7    71    304
81   55   7    165    475
82   31   5    188    346
83   63   3    45    338
84   34   2    131    133
85   45   7    88    411
86   51   3    159    494
87   46   4    96    135
88   79   7    112    432
89   21   4    183    261
90   42   2    109    305
91   17   2    193    323
92   62   2    107    404
93   75   6    121    428
94   78   6    54    169
95   38   5    112    431
96   53   2    35    84
97   92   7    152    296
98   14   4    189    164
99   94   7    139    19
100   38   5    109    324
101   66   3    165    98
102   10   6    186    309
103   41   5    95    113
104   4   7    84    457
105   26   2    104    486
106   43   4    112    396
107   81   6    179    477
108   22   3    17    326
109   44   3    55    255
110   59   7    70    476
111   34   2    21    13
112   57   4    168    447
113   43   3    146    92
114   81   3    10    118
115   27   4    103    129
116   108   7    71    30
117   31   3    189    285
118   84   4    191    271
119   33   2    74    5
120   100   4    127    236
121   10   6    176    163
122   59   7    178    243
123   68   4    130    229
124   3   5    60    107
125   46   2    124    494
126   83   4    105    266
127   17   5    19    358
128   25   4    5    387
129   40   2    27    76
130   57   5    28    229
131   95   4    54    141
132   73   7    132    495
133   55   5    38    95
134   130   3    149    236
135   59   7    69    268
136   48   2    21    402
137   49   5    116    345
138   19   6    47    236
139   47   4    168    275
140   109   4    179    451
141   121   7    15    495
142   114   4    128    258
143   120   3    142    329
144   51   7    10    122
145   143   2    29    138
146   79   3    166    486
147   39   3    110    487
148   80   7    199    355
149   72   6    151    247
150   9   7    111    143
151   119   2    164    473
152   125   4    129    204
153   107   7    123    359
154   89   5    43    119
155   2   3    77    60
156   79   7    59    369
157   72   4    49    135
158   32   5    190    83
159   140   2    124    138
160   105   5    137    475
161   155   3    101    258
162   146   6    109    85
163   47   3    43    88
164   111   4    146    51
165   162   3    34    277
166   97   6    2    121
167   61   4    79    275
168   3   3    16    497
169   140   5    68    180
170   109   6    13    493
171   24   6    177    414
172   55   3    35    120
173   5   7    82    135
174   26   7    75    212
175   102   4    35    179
176   94   3    13    448
177   52   3    131    141
178   114   7    65    451
179   139   4    148    321
180   23   5    37    249
181   77   4    145    478
182   91   3    46    151
183   113   5    35    93
184   36   4    46    344
185   28   6    6    51
186   26   7    87    416
187   49   6    109    471
188   46   2    152    341
189   134   2    197    439
190   41   2    136    443
191   35   4    89    429
192   100   6    10    189
193   148   6    15    361
194   139   5    9    95
195   61   6    89    302
196   173   3    187    39
197   193   3    50    349
198   16   7    2    376
199   152   2    88    238
200   74   5    27    204
201   89   5    5    99
202   133   7    32    66
203   174   2    175    159
204   156   4    107    100
205   136   2    13    329
206   143   5    56    224
207   125   3    155    470
208   161   4    81    313
209   32   3    11    233
210   34   7    162    380
211   91   2    33    351
212   114   2    82    90
213   195   3    173    96
214   181   2    195    373
215   101   6    133    390
216   183   5    180    386
217   211   6    17    57
218   111   5    107    80
219   156   2    178    479
220   111   7    14    122
221   10   2    94    30
222   40   7    42    465
223   80   2    167    374
224   156   7    49    239
225   23   4    188    389
226   6   6    48    322
227   58   7    127    196
228   201   4    15    171
229   184   3    70    187
230   26   3    119    56
231   20   6    131    386
232   81   5    20    236
233   17   4    24    253
234   197   6    152    136
235   7   3    178    438
236   104   5    14    44
237   59   4    102    476
238   15   3    79    91
239   100   7    121    397
240   39   7    124    386
241   115   2    155    394
242   6   4    96    62
243   171   4    114    277
244   63   3    141    191
245   217   5    10    382
246   7   7    7    486
247   227   6    78    256
248   215   4    154    294
249   151   2    130    119
250   162   5    123    25
251   40   6    197    84
252   163   7    103    149
253   159   7    124    491
254   139   2    7    246
255   190   6    42    4
256   99   3    3    422
257   207   4    90    359
258   58   4    114    275
259   105   2    17    22
260   25   4    110    88
261   200   7    137    160
262   96   4    10    211
263   60   7    6    66
264   63   4    59    471
265   16   7    39    415
266   131   4    148    482
267   253   6    122    38
268   145   7    6    255
269   109   5    182    409
270   45   3    109    118
271   88   6    91    328
272   214   4    183    3
273   2   7    175    114
274   96   5    189    75
275   11   6    13    335
276   133   6    31    478
277   96   6    143    144
278   184   7    199    325
279   257   6    149    15
280   94   4    12    36
281   59   2    161    35
282   62   5    52    139
283   89   2    68    171
284   5   3    119    398
285   7   2    172    390
286   10   5    46    215
287   54   6    50    362
288   165   5    74    66
289   31   6    96    107
290   281   5    100    409
291   156   4    133    111
292   167   3    17    348
293   24   4    197    417
294   93   4    165    323
295   196   3    184    82
296   34   4    108    395
297   152   6    49    139
298   158   7    8    276
299   40   7    112    23
300   100   2    40    7
301   238   2    192    297
302   242   2    162    324
303   250   5    119    186
304   29   7    161    459
305   240   2    37    90
306   177   7    177    69
307   202   2    113    236
308   63   2    142    144
309   146   3    76    352
310   181   5    46    353
311   9   7    124    253
312   118   7    80    267
313   52   2    62    304
314   124   4    185    59
315   73   4    5    171
316   221   5    144    50
317   80   2    190    139
318   23   6    49    457
319   145   2    153    403
320   219   5    121    125
321   10   2    44    74
322   123   2    160    495
323   70   2    159    467
324   35   4    77    103
325   15   6    1    325
326   304   6    142    320
327   321   6    28    409
328   291   5    49    309
329   149   3    116    163
330   111   4    12    472
331   187   2    41    341
332   286   5    155    314
333   36   2    119    258
334   303   4    98    398
335   284   7    121    490
336   319   7    69    55
337   132   5    112    11
338   164   5    23    299
339   244   5    66    445
340   167   4    130    140
341   269   3    110    72
342   246   4    44    396
343   319   2    188    81
344   48   6    165    141
345   19   7    15    451
346   62   7    19    368
347   334   5    29    99
348   97   7    78    352
349   100   4    144    230
350   294   7    19    444
351   301   6    21    7
352   48   4    141    9
353   59   6    23    236
354   322   6    123    374
355   108   7    182    461
356   28   2    39    398
357   189   3    91    291
358   316   7    188    295
359   300   3    93    183
360   90   6    100    205
