1   0   7    22    17
2   1   5    10    14
3   1   4    86    114
4   1   4    65    288
5   2   6    14    170
6   3   3    44    72
7   1   5    176    327
8   3   2    95    117
9   7   3    49    334
10   5   3    104    128
11   8   6    149    436
12   5   3    47    439
13   2   3    74    274
14   6   3    128    144
15   6   5    52    427
16   13   6    59    184
17   4   7    49    188
18   8   7    38    256
19   15   7    21    471
20   17   2    166    351
21   13   7    58    410
22   13   6    20    1
23   11   3    23    417
24   5   7    124    76
25   3   2    125    392
26   9   7    41    71
27   6   7    40    242
28   14   3    62    269
29   21   5    46    197
30   13   7    178    492
31   4   4    24    354
32   19   6    74    122
33   13   6    146    166
34   32   6    127    457
35   29   2    47    145
36   8   6    141    195
37   11   2    31    358
38   28   3    35    189
39   4   6    153    31
40   22   5    86    452
41   35   6    9    209
42   20   4    84    439
43   17   6    152    355
44   20   5    150    105
45   10   3    14    23
46   16   5    129    462
47   42   6    15    338
48   7   7    75    385
49   19   4    131    26
50   26   2    81    332
51   34   4    77    442
52   22   5    17    24
53   37   7    147    150
54   11   5    142    111
55   2   3    110    232
56   11   7    37    446
57   1   7    133    294
58   19   2    44    478
59   46   4    100    198
60   40   3    165    337
61   51   4    142    182
62   55   3    44    33
63   28   2    73    117
64   27   2    79    15
65   8   2    36    170
66   60   4    176    400
67   25   7    57    131
68   25   4    161    342
69   36   6    198    387
70   63   6    106    475
71   64   5    162    481
72   36   3    36    45
73   59   5    191    435
74   23   2    33    98
75   64   3    156    299
76   54   7    189    394
77   20   3    5    200
78   35   5    95    39
79   62   2    122    449
80   75   2    131    216
81   26   4    112    170
82   7   6    165    113
83   62   2    161    6
84   63   5    27    283
85   58   3    148    198
86   51   6    26    319
87   49   3    65    173
88   78   3    186    202
89   49   6    149    206
90   35   3    156    223
91   51   2    60    268
92   8   2    37    497
93   23   2    55    186
94   50   2    169    166
95   31   7    117    124
96   80   7    104    169
97   43   5    194    291
98   84   2    183    467
99   44   2    181    201
100   45   2    24    395
101   87   3    140    64
102   88   3    147    454
103   41   3    179    335
104   11   2    137    280
105   1   2    97    209
106   17   3    167    266
107   47   6    166    137
108   88   4    133    70
109   22   5    164    103
110   16   7    47    54
111   64   3    137    442
112   62   7    40    134
113   90   3    186    60
114   100   2    116    146
115   26   3    73    177
116   56   3    157    235
117   51   5    153    179
118   96   2    71    333
119   45   3    79    287
120   45   3    193    447
121   25   5    54    112
122   96   5    70    481
123   79   2    178    356
124   2   6    75    113
125   67   2    172    133
126   21   4    181    72
127   100   2    177    265
128   52   4    99    418
129   88   3    70    94
130   55   5    19    6
131   96   5    179    11
132   26   2    118    253
133   3   5    118    146
134   92   2    151    411
135   11   6    197    164
136   4   5    67    169
137   62   7    103    266
138   8   7    51    53
139   84   2    3    319
140   48   2    101    76
141   91   5    42    146
142   110   6    188    232
143   89   2    112    309
144   120   3    132    281
145   94   5    162    37
146   112   2    163    258
147   138   4    9    91
148   45   3    61    380
149   143   3    55    300
150   79   7    43    226
151   36   4    121    434
152   117   4    33    44
153   29   5    77    439
154   130   6    3    417
155   1   5    40    378
156   139   2    178    413
157   33   6    59    53
158   65   3    197    400
159   46   3    160    130
160   132   3    95    243
161   5   4    141    110
162   133   5    154    184
163   7   6    122    237
164   111   4    134    491
165   133   4    56    411
166   156   6    105    333
167   31   6    171    181
168   138   4    190    224
169   30   7    148    196
170   38   3    57    78
171   73   2    162    48
172   128   4    126    363
173   52   2    36    209
174   68   2    188    260
175   74   4    135    365
176   8   6    169    136
177   110   6    105    452
178   94   6    21    397
179   36   6    166    468
180   46   3    22    353
181   85   6    9    137
182   122   4    101    140
183   145   5    59    77
184   82   6    62    224
185   161   7    165    348
186   109   5    161    182
187   124   7    124    77
188   14   5    30    406
189   27   7    167    496
190   120   7    196    33
191   148   6    189    84
192   146   7    100    77
193   55   5    49    281
194   189   3    74    234
195   86   5    58    255
196   10   3    195    123
197   190   3    161    267
198   47   3    166    26
199   26   7    18    180
200   140   7    156    254
201   136   5    8    304
202   179   2    66    154
203   12   5    79    370
204   134   5    29    369
205   25   6    179    192
206   32   7    195    260
207   86   5    65    11
208   25   3    169    247
209   124   7    159    336
210   98   4    53    351
211   36   3    43    352
212   71   4    48    406
213   59   7    79    135
214   124   5    177    76
215   136   5    40    433
216   11   3    143    460
217   143   2    11    446
218   169   6    87    30
219   58   3    164    316
220   73   2    186    222
221   131   4    58    417
222   122   2    142    328
223   164   3    126    169
224   204   2    63    79
225   85   7    101    211
226   7   7    78    115
227   121   7    52    14
228   115   5    168    129
229   173   5    116    218
230   169   7    21    261
231   210   2    67    214
232   226   4    88    86
233   105   4    187    469
234   181   5    190    197
235   118   3    23    106
236   123   4    67    305
237   54   5    176    324
238   66   5    4    325
239   81   7    171    12
240   78   5    25    330
241   86   3    84    281
242   203   5    21    310
243   85   6    183    6
244   230   2    83    445
245   32   4    137    414
246   57   3    170    217
247   165   2    169    436
248   194   2    154    252
249   48   5    23    314
250   170   7    83    10
251   31   2    60    104
252   180   4    3    338
253   250   2    191    53
254   129   6    25    259
255   119   3    89    97
256   52   4    57    206
257   91   2    46    363
258   184   6    36    29
259   33   4    137    368
260   79   3    28    141
261   173   5    19    336
262   202   7    62    438
263   230   5    22    225
264   145   5    186    221
265   91   2    84    41
266   158   3    97    494
267   229   6    80    326
268   205   5    189    323
269   92   3    69    253
270   204   5    24    80
271   159   4    103    291
272   14   6    163    206
273   266   6    192    441
274   4   7    97    443
275   183   4    108    394
276   222   7    5    448
277   218   7    174    290
278   204   3    58    447
279   260   5    171    282
280   1   7    33    257
281   163   7    157    445
282   122   3    27    62
283   43   3    166    132
284   280   3    7    5
285   281   2    153    454
286   191   6    189    123
287   114   6    173    243
288   196   5    119    450
289   49   6    191    394
290   143   7    191    97
291   15   4    156    218
292   269   5    25    131
293   60   7    101    148
294   107   6    152    293
295   237   5    86    453
296   99   7    59    414
297   132   7    116    398
298   239   3    31    185
299   265   5    129    423
300   5   7    46    282
301   27   4    72    97
302   189   2    185    246
303   85   3    116    164
304   252   7    77    28
305   269   3    182    257
306   166   7    191    433
307   43   5    39    112
308   137   7    100    385
309   17   7    55    227
310   227   3    61    119
311   104   6    84    257
312   292   2    160    7
313   103   7    101    281
314   177   5    146    488
315   89   7    163    17
316   41   7    45    140
317   282   2    98    5
318   65   5    35    216
319   173   2    55    340
320   246   7    74    172
321   239   7    38    92
322   237   3    151    31
323   174   6    95    50
324   87   4    199    156
325   32   7    81    193
326   92   4    46    403
327   147   2    136    59
328   176   4    98    380
329   41   4    69    347
330   100   3    14    139
331   181   4    165    404
332   293   5    117    32
333   56   6    58    490
334   71   7    191    19
335   31   5    143    207
336   137   6    73    479
337   313   5    33    114
338   176   4    46    397
339   185   7    198    106
340   75   3    57    80
341   323   2    191    191
342   224   3    185    64
343   247   5    152    158
344   5   3    28    80
345   198   4    125    26
346   251   3    12    235
347   226   6    29    34
348   323   6    161    52
349   125   7    77    165
350   344   5    160    133
351   184   5    150    105
352   150   2    186    215
353   267   6    171    331
354   343   4    170    315
355   219   4    120    81
356   238   7    193    330
357   29   2    23    231
358   222   2    72    337
359   62   5    162    20
360   353   7    76    244
