1   0   6    21    5
2   1   4    87    455
3   1   5    66    94
4   1   3    106    198
5   3   2    41    490
6   1   2    110    153
7   4   4    24    319
8   3   5    127    170
9   6   6    164    158
10   7   3    83    102
11   2   5    5    469
12   9   7    106    91
13   1   3    58    205
14   2   2    50    55
15   13   7    122    98
16   12   4    153    118
17   5   5    165    338
18   16   4    199    357
19   1   4    67    182
20   13   7    129    342
21   15   6    9    466
22   8   6    53    72
23   13   5    70    227
24   7   3    59    242
25   21   2    116    126
26   24   2    24    499
27   9   4    19    123
28   5   3    165    31
29   12   6    33    265
30   21   5    3    472
31   22   7    106    480
32   4   2    7    20
33   18   2    134    114
34   7   7    34    144
35   30   3    178    405
36   30   6    150    272
37   22   3    108    488
38   7   7    151    301
39   23   5    135    205
40   9   3    172    307
41   20   4    153    17
42   8   6    68    433
43   3   2    56    15
44   27   3    166    395
45   43   6    119    149
46   10   6    83    13
47   25   4    151    202
48   15   6    20    428
49   8   2    4    361
50   4   4    17    396
51   15   3    184    73
52   28   3    54    161
53   15   6    43    431
54   29   2    83    250
55   16   3    179    388
56   7   5    30    464
57   30   5    118    459
58   39   7    122    282
59   1   7    98    207
60   30   4    162    420
61   25   5    149    143
62   41   5    172    90
63   6   4    12    277
64   61   7    71    359
65   55   5    136    140
66   62   7    99    211
67   47   5    96    120
68   49   2    92    214
69   18   5    28    284
70   52   4    57    306
71   21   4    173    342
72   70   4    151    196
73   9   7    59    18
74   12   5    166    408
75   20   6    122    241
76   66   4    187    279
77   13   7    189    89
78   73   6    30    376
79   57   4    19    372
80   20   7    149    79
81   2   4    71    354
82   13   6    126    25
83   21   3    105    342
84   71   4    39    39
85   2   5    184    369
86   68   4    18    68
87   42   2    153    463
88   25   7    4    486
89   8   2    123    180
90   62   5    102    428
91   18   5    65    471
92   1   7    16    442
93   8   2    37    355
94   21   3    157    374
95   74   6    1    66
96   92   7    193    444
97   21   6    82    198
98   47   5    11    162
99   52   6    138    97
100   89   7    158    300
101   29   3    149    209
102   53   5    101    90
103   63   2    26    28
104   16   2    56    202
105   48   2    159    367
106   69   2    103    274
107   28   3    17    424
108   99   3    15    356
109   66   2    194    386
110   85   3    127    391
111   99   2    18    474
112   59   2    73    154
113   24   7    19    240
114   80   6    12    18
115   44   2    127    458
116   110   2    185    106
117   96   2    181    497
118   5   5    117    479
119   21   4    9    96
120   40   7    197    348
121   42   6    118    304
122   11   4    17    418
123   51   3    115    329
124   42   5    144    416
125   20   2    174    38
126   55   4    84    97
127   65   6    163    27
128   73   3    66    250
129   26   2    34    141
130   67   4    4    44
131   64   4    66    456
132   106   6    126    193
133   66   3    88    456
134   126   6    76    195
135   43   4    88    207
136   15   6    89    285
137   132   7    103    62
138   40   7    135    469
139   15   7    105    43
140   59   7    177    348
141   79   5    149    392
142   73   6    2    317
143   5   6    106    231
144   120   6    99    125
145   130   3    45    155
146   73   4    72    10
147   60   6    11    160
148   76   3    192    429
149   98   3    78    182
150   108   7    28    267
151   109   3    176    284
152   29   3    3    272
153   102   5    149    44
154   61   6    150    94
155   103   3    31    220
156   34   4    113    193
157   121   5    172    183
158   66   7    21    259
159   44   5    59    453
160   139   3    164    133
161   62   5    143    427
162   51   6    130    74
163   62   5    128    275
164   107   6    39    273
165   129   2    163    233
166   113   5    149    164
167   21   2    84    306
168   24   6    36    304
169   37   2    80    24
170   31   2    43    173
171   29   6    119    226
172   103   5    11    132
173   166   4    154    468
174   10   7    155    427
175   157   7    26    369
176   143   2    148    193
177   61   7    160    17
178   79   5    29    123
179   20   5    23    367
180   177   2    15    471
181   145   5    85    44
182   54   4    90    325
183   79   3    174    242
184   139   5    6    492
185   111   7    94    367
186   163   5    185    498
187   101   3    113    272
188   83   3    127    92
189   104   6    176    439
190   151   4    161    295
191   83   2    108    70
192   150   5    140    38
193   165   2    138    472
194   111   3    154    267
195   130   2    103    247
196   117   6    162    420
197   97   2    70    385
198   50   4    11    106
199   159   3    158    125
200   54   4    152    251
201   131   6    126    297
202   150   5    17    301
203   39   2    84    223
204   103   4    47    17
205   159   2    25    434
206   5   6    15    424
207   67   2    82    481
208   75   5    66    481
209   107   4    19    123
210   202   7    52    119
211   127   5    24    494
212   205   7    60    267
213   118   3    194    53
214   168   2    40    9
215   22   5    75    128
216   28   4    162    229
217   182   4    34    267
218   38   7    86    115
219   53   3    134    153
220   16   4    6    84
221   57   7    116    410
222   151   7    110    35
223   190   2    105    422
224   128   7    150    302
225   42   4    99    383
226   198   3    165    19
227   140   5    149    499
228   65   6    34    366
229   73   7    9    233
230   87   3    170    73
231   194   4    28    226
232   150   6    97    356
233   141   5    9    89
234   135   6    176    116
235   144   2    96    287
236   197   7    177    240
237   16   6    144    351
238   106   2    132    220
239   148   6    68    314
240   12   6    30    374
241   225   3    10    283
242   218   3    140    262
243   74   4    44    431
244   37   4    171    176
245   108   3    147    472
246   242   4    173    495
247   241   3    187    149
248   245   7    181    401
249   140   2    78    31
250   188   3    120    118
251   146   7    92    25
252   134   5    180    394
253   148   5    182    464
254   140   2    87    318
255   191   6    151    252
256   230   2    184    79
257   150   4    179    467
258   109   3    70    458
259   127   7    93    8
260   145   2    97    433
261   171   3    163    140
262   171   6    159    136
263   219   2    95    95
264   149   5    196    106
265   85   6    148    464
266   44   7    143    149
267   153   6    22    140
268   175   7    158    275
269   33   6    177    264
270   56   3    78    229
271   57   6    168    430
272   79   4    92    149
273   211   6    50    462
274   207   4    15    111
275   72   6    145    249
276   100   2    108    38
277   244   4    175    450
278   119   4    126    272
279   37   2    171    36
280   40   4    128    56
281   214   3    100    443
282   87   2    8    490
283   138   6    195    160
284   239   5    25    28
285   152   2    135    399
286   83   2    91    408
287   259   5    191    490
288   94   2    123    287
289   9   6    152    472
290   139   7    124    27
291   165   7    136    322
292   64   4    131    55
293   261   5    33    303
294   128   7    106    419
295   287   5    160    160
296   139   2    104    367
297   190   6    63    373
298   285   3    97    103
299   283   3    4    358
300   278   4    152    71
301   290   2    7    27
302   179   4    27    261
303   282   4    19    127
304   185   7    46    270
305   171   7    8    227
306   193   7    8    250
307   134   3    190    315
308   74   5    148    15
309   22   3    88    370
310   210   4    120    245
311   220   3    163    371
312   230   4    182    406
313   126   4    95    220
314   175   6    76    395
315   153   6    48    184
316   56   4    39    255
317   250   2    139    471
318   209   6    131    10
319   34   7    196    169
320   295   6    111    314
321   195   3    73    20
322   115   5    178    102
323   117   7    113    451
324   189   5    127    70
325   197   2    72    113
326   190   5    100    116
327   160   5    194    237
328   21   7    61    496
329   266   3    188    452
330   193   4    52    167
331   240   6    134    438
332   243   7    115    264
333   283   3    81    187
334   161   7    12    312
335   197   7    195    303
336   12   4    32    450
337   303   7    54    494
338   168   5    27    465
339   178   6    122    392
340   91   4    99    426
341   202   3    14    483
342   340   2    53    32
343   58   5    3    332
344   299   3    198    350
345   216   7    70    359
346   159   6    102    211
347   246   5    154    111
348   28   5    39    94
349   8   7    25    210
350   226   6    198    230
351   222   2    107    159
352   61   6    7    323
353   111   7    35    166
354   129   3    153    143
355   40   7    118    368
356   212   6    185    83
357   251   3    108    499
358   253   6    52    402
359   334   6    58    261
360   85   5    161    381
