1   0   3    11    2
2   1   5    31    243
3   1   3    2    414
4   2   2    9    192
5   2   5    7    51
6   3   2    63    434
7   3   3    139    472
8   3   7    151    219
9   4   4    196    417
10   6   7    60    81
11   2   3    86    465
12   2   7    43    127
13   3   6    118    459
14   8   7    44    137
15   10   6    162    438
16   6   2    155    478
17   14   4    12    257
18   16   5    190    273
19   4   6    62    387
20   12   7    46    491
21   9   7    83    179
22   15   4    172    460
23   17   5    55    77
24   12   2    27    112
25   7   7    140    391
26   5   7    138    131
27   24   3    125    79
28   13   3    140    152
29   6   7    42    37
30   22   3    193    13
31   16   4    25    130
32   10   3    78    264
33   14   4    150    262
34   10   3    74    18
35   21   4    148    239
36   28   2    110    159
37   11   4    41    436
38   36   4    178    157
39   19   2    146    39
40   13   6    101    163
41   39   6    127    338
42   39   7    160    437
43   21   6    57    165
44   33   7    107    412
45   33   3    50    374
46   19   5    57    297
47   22   3    121    460
48   12   2    37    421
49   38   7    95    310
50   7   3    99    90
51   8   6    122    294
52   41   2    102    441
53   36   4    160    250
54   6   5    163    131
55   19   3    152    226
56   2   2    21    110
57   18   6    96    71
58   43   5    118    254
59   37   6    105    243
60   3   6    128    475
61   12   7    192    270
62   56   3    9    7
63   7   6    123    225
64   6   3    6    135
65   56   2    104    305
66   49   2    198    450
67   2   3    112    159
68   57   4    36    498
69   42   3    69    499
70   57   3    64    335
71   37   6    28    34
72   28   3    197    232
73   65   5    30    285
74   45   3    47    183
75   47   2    1    169
76   6   3    147    235
77   42   3    196    460
78   60   2    108    209
79   57   7    3    202
80   33   2    153    115
81   50   5    101    185
82   36   6    95    153
83   63   2    171    142
84   17   3    24    182
85   65   4    57    193
86   74   5    172    380
87   33   5    46    40
88   35   6    113    1
89   35   4    160    492
90   73   7    120    24
91   78   5    142    53
92   79   7    112    485
93   78   5    117    499
94   5   5    112    104
95   83   5    88    497
96   20   4    102    235
97   6   3    116    312
98   42   4    15    103
99   72   4    8    398
100   62   7    5    468
101   48   7    140    74
102   15   5    87    419
103   14   7    54    56
104   63   3    138    240
105   48   3    159    217
106   96   3    63    111
107   6   7    124    204
108   100   2    173    345
109   81   3    154    206
110   95   4    54    11
111   108   4    199    28
112   33   5    19    273
113   77   4    53    425
114   53   6    90    313
115   77   2    124    364
116   83   4    85    223
117   107   6    197    31
118   111   6    139    80
119   75   5    122    326
120   21   5    116    332
121   72   2    115    287
122   74   6    73    177
123   110   5    102    328
124   86   3    100    129
125   11   7    1    41
126   66   7    13    402
127   40   6    165    321
128   44   6    10    182
129   96   2    161    310
130   10   6    108    316
131   56   4    101    488
132   98   4    151    151
133   16   3    140    480
134   79   6    190    336
135   16   3    181    136
136   5   3    77    20
137   132   3    80    199
138   110   6    183    40
139   15   6    21    119
140   95   7    76    23
141   117   5    41    451
142   113   5    89    83
143   22   3    162    101
144   54   6    77    195
145   78   2    165    232
146   135   5    67    329
147   144   3    18    139
148   79   5    88    142
149   66   7    78    166
150   109   5    124    267
151   39   4    90    244
152   50   4    195    379
153   30   5    142    422
154   98   7    113    472
155   60   2    71    123
156   63   7    125    33
157   11   7    70    260
158   19   7    136    450
159   113   5    71    193
160   61   3    176    262
161   39   5    62    93
162   20   3    138    463
163   15   2    95    268
164   1   7    190    156
165   135   2    91    334
166   65   2    188    135
167   14   6    86    108
168   41   4    147    239
169   53   4    127    141
170   24   7    71    63
171   32   4    146    235
172   161   4    156    137
173   15   6    37    350
174   59   3    107    253
175   66   6    137    63
176   174   2    152    66
177   115   2    106    157
178   144   4    73    261
179   55   5    166    205
180   175   6    194    85
181   92   6    192    163
182   107   4    161    353
183   61   7    115    438
184   141   5    191    175
185   179   4    191    39
186   7   4    191    182
187   56   5    25    279
188   44   5    73    427
189   77   3    109    384
190   114   7    35    443
191   127   4    15    229
192   166   2    174    381
193   92   2    112    53
194   137   5    74    440
195   110   5    80    248
196   92   3    31    112
197   85   5    64    91
198   159   4    5    48
199   160   2    53    198
200   1   4    85    111
201   169   4    163    32
202   167   6    64    7
203   192   6    188    35
204   79   2    13    369
205   180   5    61    182
206   201   2    91    203
207   168   5    121    149
208   68   7    48    98
209   71   6    91    193
210   171   6    127    282
211   157   3    73    225
212   151   6    141    239
213   33   3    49    419
214   46   2    170    64
215   91   6    46    229
216   120   3    101    142
217   194   5    196    211
218   93   5    40    8
219   127   4    96    33
220   185   5    29    94
221   72   4    131    34
222   118   4    43    164
223   79   4    16    42
224   6   3    182    446
225   158   2    141    445
226   166   5    157    202
227   180   5    54    283
228   22   2    109    52
229   116   7    44    40
230   190   3    70    341
231   53   5    38    42
232   111   2    100    428
233   155   7    24    300
234   149   5    7    86
235   9   7    88    461
236   57   2    133    493
237   153   6    26    153
238   44   5    124    263
239   87   7    53    254
240   14   3    150    192
241   60   4    118    64
242   114   3    190    56
243   164   6    193    25
244   209   3    198    172
245   190   2    102    122
246   40   3    40    172
247   19   6    116    27
248   20   7    10    249
249   213   2    68    486
250   144   2    42    429
251   63   5    1    74
252   131   7    137    155
253   206   4    21    85
254   118   7    8    471
255   226   7    79    160
256   138   3    178    393
257   189   5    107    348
258   4   6    162    215
259   204   5    112    64
260   119   5    2    56
261   143   3    48    378
262   180   4    61    57
263   81   3    127    307
264   229   4    127    263
265   19   6    169    247
266   37   7    177    255
267   251   6    173    485
268   209   6    8    272
269   221   3    35    183
270   75   3    10    93
271   44   4    160    462
272   132   7    166    366
273   143   6    83    399
274   62   6    177    8
275   272   2    74    493
276   176   7    169    203
277   258   5    142    229
278   28   2    145    259
279   9   5    80    100
280   45   6    112    164
281   55   2    100    394
282   217   4    89    365
283   247   6    172    360
284   188   6    39    27
285   241   2    191    117
286   139   6    84    94
287   115   6    115    284
288   286   7    7    213
289   272   7    51    58
290   264   3    162    134
291   265   3    106    495
292   57   5    69    328
293   238   6    170    243
294   235   7    65    318
295   289   2    153    345
296   49   7    186    147
297   77   6    139    6
298   284   5    182    241
299   108   2    168    253
300   147   7    167    139
301   15   2    50    331
302   62   6    37    424
303   124   7    53    432
304   63   3    116    78
305   125   7    165    51
306   32   7    122    312
307   24   7    136    43
308   190   6    87    38
309   189   4    48    235
310   261   7    103    246
311   136   4    34    342
312   65   6    161    133
313   263   7    7    445
314   52   6    9    76
315   199   7    62    280
316   56   4    102    191
317   212   4    157    304
318   245   2    93    302
319   55   4    52    433
320   176   5    139    245
321   285   6    74    454
322   315   7    5    440
323   46   6    122    289
324   51   4    129    415
325   226   7    24    259
326   281   6    36    223
327   179   7    184    204
328   85   6    185    221
329   15   7    110    77
330   287   5    47    185
331   143   3    8    352
332   18   6    36    273
333   67   6    117    67
334   235   6    145    252
335   100   6    123    8
336   191   3    15    243
337   108   3    51    238
338   324   3    109    13
339   311   7    133    287
340   152   6    40    425
341   56   3    105    371
342   189   6    54    256
343   7   2    79    54
344   222   2    117    358
345   183   3    63    331
346   136   7    21    408
347   101   3    75    482
348   150   4    100    175
349   280   4    187    84
350   250   5    96    401
351   186   3    32    231
352   173   2    13    96
353   99   4    110    425
354   262   4    67    60
355   224   4    136    256
356   133   6    168    460
357   315   3    97    27
358   261   6    96    392
359   236   3    106    190
360   9   7    110    387
