1   0   7    14    36
2   1   2    19    22
3   1   2    78    447
4   2   3    192    270
5   3   7    138    22
6   4   6    198    411
7   2   2    8    437
8   5   2    127    409
9   5   3    95    67
10   2   4    155    430
11   9   2    22    433
12   3   6    7    316
13   10   6    196    67
14   12   7    9    121
15   10   4    36    477
16   4   3    150    45
17   6   3    57    449
18   13   7    177    416
19   8   2    162    61
20   8   4    183    357
21   3   6    98    111
22   13   2    120    125
23   3   5    173    208
24   9   2    55    479
25   20   2    42    225
26   13   4    8    346
27   2   4    124    68
28   9   3    75    37
29   2   6    26    37
30   3   5    180    455
31   16   7    166    412
32   23   4    83    65
33   5   6    30    337
34   21   7    165    81
35   2   5    6    406
36   28   6    184    144
37   15   5    52    111
38   19   5    121    409
39   16   6    159    19
40   25   6    11    142
41   34   7    62    324
42   13   3    59    110
43   18   3    194    342
44   39   5    148    44
45   3   7    93    459
46   37   3    127    495
47   38   5    137    311
48   12   6    194    153
49   47   7    191    158
50   24   5    90    62
51   32   4    40    112
52   12   6    21    456
53   16   6    98    170
54   41   3    28    140
55   36   4    182    150
56   22   4    145    186
57   23   7    153    146
58   18   5    195    146
59   29   2    148    133
60   54   5    99    165
61   2   5    176    136
62   20   2    26    35
63   21   2    8    449
64   26   7    18    184
65   37   6    36    477
66   35   7    11    256
67   53   5    143    35
68   17   5    44    124
69   39   7    74    487
70   23   2    51    483
71   67   5    87    110
72   46   2    36    454
73   12   6    77    352
74   46   5    18    468
75   16   2    46    337
76   47   6    84    341
77   63   3    135    40
78   76   2    92    455
79   21   6    139    192
80   31   2    125    287
81   14   7    59    245
82   64   3    105    231
83   3   3    12    49
84   19   7    92    370
85   23   2    48    388
86   33   3    90    14
87   6   2    82    405
88   69   2    196    75
89   52   6    188    334
90   35   3    114    153
91   83   3    20    386
92   12   5    21    75
93   62   2    197    264
94   54   7    155    258
95   48   5    166    86
96   10   7    7    367
97   79   3    184    428
98   56   2    176    203
99   94   3    26    282
100   6   3    199    67
101   73   4    77    382
102   53   3    85    57
103   76   5    156    473
104   65   5    153    343
105   24   4    17    181
106   16   7    188    429
107   62   5    185    169
108   88   6    176    103
109   78   7    131    65
110   51   6    55    259
111   39   7    79    363
112   72   7    102    179
113   81   2    167    90
114   7   4    125    127
115   76   2    160    362
116   12   4    108    15
117   77   2    107    211
118   74   6    86    222
119   54   4    191    138
120   16   4    93    278
121   92   7    9    38
122   102   6    140    241
123   13   5    167    242
124   44   7    155    250
125   114   5    156    253
126   89   3    102    160
127   52   7    4    72
128   66   6    181    392
129   109   7    40    260
130   117   2    87    492
131   71   7    92    429
132   84   7    175    71
133   38   2    175    298
134   31   7    188    197
135   107   5    18    261
136   106   3    98    155
137   45   4    98    158
138   4   7    111    116
139   19   3    123    73
140   87   6    151    305
141   46   4    151    204
142   76   5    65    454
143   27   6    98    183
144   104   4    121    288
145   74   4    62    291
146   129   2    59    348
147   99   6    150    406
148   108   3    44    254
149   122   5    172    127
150   3   5    19    467
151   58   6    189    149
152   114   2    107    281
153   126   3    108    70
154   36   2    186    235
155   66   6    26    212
156   3   6    150    263
157   7   7    110    318
158   126   5    16    365
159   108   3    70    320
160   130   3    14    49
161   39   5    38    88
162   10   5    87    411
163   76   3    7    328
164   64   4    79    480
165   21   4    128    403
166   22   4    108    50
167   154   5    130    52
168   100   3    170    342
169   72   3    69    124
170   44   4    132    403
171   104   3    183    250
172   45   2    88    199
173   164   4    4    360
174   99   6    188    241
175   64   3    186    217
176   102   5    3    223
177   65   6    94    308
178   19   2    156    452
179   13   2    91    225
180   157   4    25    228
181   92   6    101    237
182   146   5    30    213
183   135   3    85    136
184   49   4    80    163
185   55   3    75    214
186   49   6    2    288
187   100   4    13    328
188   69   4    106    480
189   98   5    12    354
190   41   6    91    28
191   68   7    79    17
192   125   7    129    460
193   25   3    149    474
194   72   2    85    396
195   53   6    61    173
196   116   5    19    446
197   66   3    107    228
198   67   3    79    195
199   155   6    166    71
200   145   3    23    104
201   76   6    171    36
202   128   7    2    140
203   113   5    140    99
204   145   5    165    78
205   30   5    177    340
206   66   7    173    299
207   124   6    69    356
208   162   5    16    65
209   40   3    105    314
210   55   2    187    487
211   35   6    93    66
212   147   3    105    282
213   113   4    120    189
214   195   5    57    425
215   116   3    139    483
216   148   6    36    81
217   83   5    33    374
218   171   4    120    32
219   151   5    95    338
220   217   3    163    54
221   115   6    61    357
222   19   2    6    302
223   44   6    156    339
224   193   3    84    23
225   194   3    166    324
226   83   3    101    493
227   195   5    21    282
228   162   6    8    43
229   16   2    109    315
230   72   5    133    167
231   112   4    53    435
232   150   6    164    102
233   115   3    76    67
234   98   6    1    314
235   214   6    76    368
236   52   7    37    204
237   221   7    127    145
238   34   5    105    70
239   193   5    67    158
240   18   4    56    94
241   159   6    19    425
242   195   3    38    199
243   196   6    193    122
244   39   6    106    160
245   52   4    48    114
246   10   3    13    178
247   13   3    16    287
248   168   4    12    463
249   125   3    40    299
250   166   2    87    372
251   45   3    148    335
252   71   6    144    162
253   94   3    25    81
254   166   7    121    14
255   226   5    142    71
256   128   4    134    297
257   10   7    38    37
258   208   6    160    63
259   230   6    61    308
260   218   7    105    377
261   55   4    128    270
262   5   5    77    124
263   215   5    146    50
264   237   7    166    262
265   58   7    3    415
266   99   2    134    356
267   247   5    108    103
268   232   2    3    345
269   121   5    19    356
270   171   6    29    15
271   152   6    167    243
272   75   2    8    489
273   87   5    181    329
274   99   4    143    115
275   242   7    20    189
276   236   7    143    81
277   105   5    172    117
278   147   4    106    302
279   33   3    21    429
280   29   4    130    120
281   150   4    105    249
282   132   6    22    458
283   13   4    61    351
284   251   3    26    463
285   89   5    133    204
286   182   6    179    35
287   50   5    194    117
288   31   2    180    286
289   90   6    92    460
290   279   5    144    131
291   4   3    30    254
292   210   6    44    182
293   211   7    184    228
294   97   4    168    465
295   287   3    35    431
296   293   5    96    86
297   231   7    85    95
298   112   7    55    404
299   284   4    64    384
300   99   7    6    342
301   99   2    162    235
302   65   4    88    6
303   60   5    168    439
304   184   6    4    432
305   62   6    84    328
306   278   7    155    397
307   166   5    181    296
308   186   7    74    48
309   11   6    195    360
310   175   3    105    370
311   54   7    186    28
312   131   7    65    355
313   246   5    89    215
314   118   2    181    191
315   157   4    17    235
316   283   3    109    480
317   169   2    90    365
318   253   2    166    253
319   65   3    45    458
320   74   2    10    2
321   206   3    53    182
322   110   4    199    435
323   172   7    80    403
324   4   6    84    476
325   271   6    182    230
326   182   4    135    433
327   75   7    125    163
328   18   4    80    449
329   273   7    11    385
330   277   5    18    148
331   176   5    122    9
332   140   7    21    127
333   143   6    51    28
334   249   2    23    411
335   321   3    43    48
336   57   3    118    474
337   110   4    78    44
338   294   4    199    434
339   48   7    107    56
340   290   4    27    219
341   147   4    25    321
342   95   4    80    420
343   43   5    23    56
344   132   7    131    377
345   275   5    160    218
346   70   5    185    457
347   249   4    15    415
348   205   6    129    437
349   231   2    198    328
350   138   6    172    311
351   306   3    35    278
352   73   5    30    321
353   228   4    26    350
354   228   7    85    205
355   324   4    96    467
356   98   3    86    466
357   111   7    74    166
358   155   4    32    112
359   104   6    114    266
360   46   4    193    23
