1   0   4    14    9
2   1   7    147    467
3   1   2    96    11
4   2   7    100    293
5   1   4    156    78
6   3   6    196    35
7   4   4    36    157
8   6   2    157    485
9   1   5    133    407
10   3   2    86    442
11   3   6    44    132
12   10   6    158    256
13   8   4    182    230
14   8   2    95    36
15   12   7    51    429
16   9   7    100    150
17   12   3    194    267
18   13   5    18    477
19   7   2    70    157
20   15   2    162    151
21   11   3    24    233
22   8   5    135    198
23   12   6    165    252
24   6   2    130    400
25   14   4    61    437
26   6   4    20    341
27   19   4    196    223
28   10   5    174    268
29   5   3    47    287
30   11   4    114    279
31   29   4    16    113
32   18   6    17    102
33   20   2    160    447
34   2   5    157    259
35   13   6    75    194
36   7   6    80    242
37   15   2    52    61
38   16   5    10    69
39   21   6    178    53
40   20   5    138    359
41   17   7    129    149
42   10   7    7    63
43   20   7    144    20
44   25   3    178    129
45   6   5    21    296
46   3   3    100    480
47   7   5    134    365
48   34   3    55    110
49   44   4    81    411
50   12   4    138    446
51   19   4    76    20
52   45   4    134    69
53   19   2    83    151
54   32   6    47    428
55   17   2    53    455
56   28   3    139    339
57   42   4    37    335
58   25   3    108    264
59   19   3    9    121
60   51   2    34    99
61   1   2    129    298
62   48   4    64    223
63   17   4    106    283
64   50   6    22    193
65   51   2    90    274
66   13   3    82    492
67   2   3    66    83
68   51   3    1    464
69   37   4    155    250
70   14   2    87    299
71   9   3    85    209
72   22   3    43    456
73   49   5    87    337
74   69   3    99    15
75   53   7    143    231
76   40   7    189    212
77   40   6    185    462
78   7   4    54    394
79   46   7    28    253
80   34   3    17    8
81   63   7    194    392
82   17   2    79    130
83   62   3    37    27
84   39   7    194    432
85   65   2    54    121
86   30   7    27    494
87   10   4    32    151
88   40   3    88    53
89   77   7    117    435
90   20   3    14    13
91   35   6    172    135
92   62   7    60    99
93   40   4    21    109
94   1   3    129    498
95   5   3    192    26
96   44   4    11    90
97   3   6    88    39
98   81   6    34    6
99   55   5    163    101
100   11   2    137    62
101   57   3    85    223
102   57   4    104    333
103   20   2    188    372
104   95   2    47    317
105   29   7    160    331
106   80   3    74    31
107   15   7    55    357
108   74   4    36    67
109   79   3    33    453
110   9   2    92    203
111   108   4    149    163
112   7   7    6    315
113   12   6    136    372
114   44   6    124    233
115   70   3    77    80
116   76   6    137    332
117   22   2    60    177
118   32   7    88    152
119   115   4    180    73
120   63   3    150    341
121   58   2    99    90
122   28   3    86    412
123   104   6    62    230
124   49   5    32    405
125   8   5    86    12
126   69   6    23    410
127   18   6    174    178
128   53   7    45    344
129   124   6    114    359
130   109   7    63    267
131   6   6    105    146
132   63   3    179    136
133   90   2    154    100
134   50   5    181    172
135   60   7    199    226
136   115   2    194    431
137   1   7    12    495
138   83   4    111    483
139   75   6    120    113
140   136   7    181    221
141   86   7    86    292
142   126   2    6    215
143   117   2    100    73
144   121   2    31    329
145   23   2    25    161
146   60   7    169    345
147   129   7    7    106
148   121   6    72    150
149   100   2    86    83
150   88   3    121    186
151   13   2    11    447
152   43   2    39    260
153   10   2    38    409
154   63   2    84    250
155   32   2    196    174
156   63   3    119    16
157   86   7    184    247
158   137   4    5    381
159   75   4    195    157
160   38   6    15    62
161   22   4    130    385
162   75   7    167    346
163   36   3    51    129
164   141   4    130    275
165   133   3    191    216
166   125   6    143    267
167   158   7    89    373
168   57   7    172    228
169   40   7    156    189
170   50   6    158    341
171   118   7    171    464
172   20   4    35    390
173   3   6    105    212
174   106   3    85    25
175   47   5    42    375
176   101   3    111    309
177   114   3    129    366
178   6   2    44    257
179   18   4    55    95
180   53   2    88    88
181   95   7    72    323
182   122   2    111    419
183   4   7    91    88
184   18   4    144    259
185   18   7    152    299
186   64   7    21    401
187   159   2    145    240
188   57   4    162    123
189   30   4    180    362
190   180   3    128    248
191   187   2    185    59
192   139   4    153    474
193   53   2    12    50
194   84   2    34    278
195   121   6    119    231
196   86   7    9    218
197   21   2    92    261
198   78   4    62    73
199   80   4    192    241
200   97   4    143    32
201   4   4    179    435
202   119   2    99    89
203   197   5    72    347
204   147   7    53    433
205   79   4    180    8
206   97   4    130    274
207   154   6    11    452
208   137   2    105    43
209   4   2    82    255
210   34   5    95    461
211   5   7    105    439
212   31   7    42    30
213   52   6    123    410
214   66   5    17    147
215   3   7    77    424
216   213   6    196    421
217   136   2    42    131
218   84   2    64    331
219   74   4    108    295
220   161   6    123    179
221   81   3    41    87
222   211   7    199    245
223   70   6    176    175
224   183   4    11    282
225   55   4    121    267
226   77   6    97    250
227   152   7    98    66
228   14   5    76    326
229   167   5    127    373
230   19   4    75    22
231   206   7    157    113
232   169   7    20    278
233   15   6    45    352
234   204   3    157    103
235   97   3    19    350
236   218   6    147    134
237   195   4    95    296
238   220   6    99    374
239   91   5    101    55
240   142   3    108    89
241   71   7    64    386
242   169   2    194    306
243   168   3    61    314
244   184   6    12    37
245   148   7    182    94
246   138   6    146    211
247   115   5    84    243
248   15   2    148    188
249   127   2    142    217
250   63   7    197    390
251   20   4    156    286
252   235   2    56    204
253   201   4    67    183
254   135   7    15    22
255   26   2    162    495
256   21   6    137    175
257   73   3    190    69
258   207   7    32    35
259   24   6    33    432
260   96   6    49    418
261   60   3    42    157
262   36   4    47    80
263   206   5    76    74
264   190   2    21    69
265   167   7    36    274
266   75   7    14    252
267   71   4    121    69
268   43   4    102    68
269   245   5    48    390
270   149   6    87    176
271   69   3    166    100
272   253   2    102    203
273   248   6    94    297
274   15   4    53    376
275   113   7    61    182
276   81   4    89    79
277   92   4    104    318
278   68   5    30    214
279   192   7    146    392
280   162   4    141    430
281   252   3    14    405
282   40   5    16    44
283   217   4    171    58
284   9   4    50    448
285   90   5    44    318
286   6   6    105    409
287   142   2    20    21
288   248   5    71    108
289   69   2    86    152
290   41   4    94    404
291   94   7    11    228
292   177   2    199    63
293   95   2    70    407
294   236   6    93    206
295   108   4    53    134
296   247   6    22    253
297   214   2    136    473
298   233   3    56    65
299   190   3    85    357
300   27   4    86    82
301   253   2    155    59
302   124   4    44    298
303   256   7    46    376
304   151   6    55    464
305   63   3    117    140
306   277   7    74    39
307   36   6    103    313
308   274   4    183    266
309   181   2    28    377
310   109   3    40    54
311   1   2    134    241
312   235   4    98    94
313   93   5    167    55
314   268   3    59    388
315   80   2    70    66
316   292   6    51    467
317   15   7    25    165
318   221   5    11    317
319   231   5    138    68
320   235   2    41    129
321   318   5    32    360
322   21   5    122    264
323   89   2    130    118
324   151   3    154    20
325   262   3    32    223
326   67   2    157    290
327   68   2    108    363
328   189   7    197    429
329   232   5    58    75
330   35   6    115    211
331   319   3    187    250
332   289   5    24    253
333   123   2    148    284
334   161   4    171    343
335   39   4    192    136
336   39   5    176    470
337   285   3    50    263
338   262   4    125    99
339   78   3    18    209
340   274   3    152    51
341   167   6    130    142
342   67   3    42    282
343   293   2    198    397
344   50   4    184    478
345   43   3    42    226
346   292   4    69    454
347   190   4    53    227
348   178   4    52    22
349   65   3    158    10
350   322   3    105    412
351   122   3    19    1
352   64   7    183    23
353   261   5    169    50
354   281   6    76    394
355   18   5    122    196
356   102   4    194    72
357   134   2    90    28
358   86   4    50    139
359   64   2    127    487
360   319   2    77    402
