1   0   5    23    11
2   1   6    98    93
3   1   4    85    291
4   2   5    166    351
5   1   4    87    93
6   3   2    90    89
7   1   3    132    480
8   3   2    81    300
9   4   6    173    350
10   3   7    157    68
11   2   3    173    437
12   4   3    98    88
13   2   6    155    87
14   2   6    46    403
15   2   4    135    117
16   1   5    18    308
17   15   4    171    259
18   5   2    146    391
19   1   7    32    460
20   10   5    28    340
21   3   7    125    391
22   20   5    114    456
23   11   3    162    275
24   15   4    9    86
25   23   3    104    44
26   22   5    124    48
27   2   3    93    450
28   26   3    182    243
29   25   3    43    33
30   27   7    119    276
31   24   7    153    28
32   4   2    52    251
33   8   2    99    434
34   32   3    164    314
35   16   6    88    424
36   29   7    145    324
37   27   5    46    312
38   18   2    91    224
39   17   7    83    120
40   20   6    151    87
41   17   6    33    5
42   7   3    176    385
43   36   2    174    35
44   7   7    146    353
45   8   3    23    394
46   28   3    63    460
47   7   3    78    50
48   6   2    146    275
49   7   4    170    286
50   24   7    194    373
51   30   5    27    428
52   14   5    137    400
53   24   2    107    313
54   13   2    93    478
55   42   2    55    177
56   42   2    23    249
57   35   2    22    477
58   52   6    174    119
59   53   2    25    143
60   6   2    106    223
61   45   2    75    416
62   17   5    110    469
63   14   7    102    17
64   1   3    31    401
65   51   3    158    100
66   15   5    159    469
67   35   6    164    175
68   35   4    129    363
69   2   7    99    458
70   52   6    172    455
71   13   5    108    120
72   59   4    187    497
73   11   6    101    41
74   66   2    149    4
75   6   5    24    169
76   15   3    47    488
77   47   6    187    304
78   2   2    144    463
79   28   5    168    394
80   78   7    30    499
81   26   2    77    243
82   73   3    50    326
83   2   4    16    447
84   9   3    114    451
85   29   5    39    205
86   68   4    191    148
87   2   3    138    206
88   40   6    45    190
89   69   4    185    390
90   80   7    93    22
91   52   2    134    211
92   53   4    67    235
93   36   2    42    155
94   40   5    68    392
95   37   3    187    43
96   73   6    90    139
97   25   3    129    120
98   8   2    89    332
99   96   4    33    131
100   52   4    134    134
101   59   4    17    324
102   18   7    56    377
103   41   3    143    205
104   74   7    126    385
105   74   3    33    158
106   17   2    48    290
107   37   6    163    102
108   21   5    93    407
109   66   4    94    388
110   99   2    161    42
111   66   6    161    96
112   88   3    24    483
113   8   2    7    299
114   105   5    59    275
115   19   4    42    116
116   69   5    92    274
117   57   5    152    187
118   75   3    112    234
119   52   4    99    278
120   117   2    121    468
121   38   7    133    371
122   63   2    135    303
123   68   4    24    49
124   99   4    182    374
125   107   5    134    446
126   37   2    20    297
127   16   5    188    489
128   73   5    171    59
129   96   6    9    326
130   53   4    174    277
131   56   5    101    115
132   60   6    149    15
133   101   6    83    261
134   22   6    168    40
135   35   6    118    412
136   108   7    115    264
137   93   3    161    400
138   20   4    82    289
139   70   2    28    88
140   81   4    93    497
141   103   3    10    51
142   7   2    29    74
143   91   5    19    251
144   131   7    96    37
145   6   5    4    103
146   83   7    166    365
147   113   5    5    37
148   65   6    55    232
149   101   5    187    263
150   27   4    107    388
151   12   3    145    149
152   8   5    90    407
153   62   2    141    300
154   147   7    28    344
155   115   2    194    266
156   86   5    91    176
157   91   2    34    423
158   132   7    121    196
159   67   2    92    373
160   40   5    190    80
161   31   6    85    49
162   56   7    66    218
163   158   2    24    443
164   67   6    180    335
165   129   5    189    190
166   111   2    1    152
167   45   6    52    120
168   65   6    33    296
169   36   5    145    286
170   81   5    189    172
171   76   2    130    470
172   35   2    14    8
173   165   3    40    289
174   85   6    138    370
175   173   4    118    234
176   77   2    100    309
177   18   3    80    332
178   102   5    133    226
179   45   2    139    108
180   84   2    163    306
181   179   6    192    138
182   178   6    80    368
183   30   3    195    491
184   144   6    197    450
185   40   3    176    220
186   63   4    178    130
187   101   2    52    473
188   149   4    105    371
189   146   2    169    443
190   128   6    95    186
191   14   3    93    476
192   66   6    51    376
193   154   7    156    360
194   136   2    133    339
195   52   4    115    213
196   191   3    47    186
197   2   6    183    206
198   194   6    61    123
199   44   2    167    171
200   65   5    117    358
201   23   7    93    337
202   148   7    151    477
203   52   6    174    67
204   102   5    179    97
205   200   6    136    144
206   64   2    94    448
207   126   6    47    27
208   46   5    151    179
209   201   7    121    380
210   188   3    187    350
211   181   4    65    255
212   130   6    61    23
213   165   4    1    199
214   16   7    161    382
215   161   4    62    297
216   169   3    128    181
217   172   4    179    310
218   87   6    180    304
219   179   7    141    342
220   61   6    187    400
221   195   3    24    239
222   173   3    36    479
223   190   2    194    439
224   80   4    121    268
225   169   6    19    89
226   24   3    36    172
227   147   2    166    388
228   50   5    87    476
229   11   2    44    203
230   140   2    5    198
231   210   7    155    186
232   212   4    132    116
233   25   4    69    253
234   21   4    76    136
235   231   6    185    129
236   16   5    111    335
237   179   7    173    442
238   216   3    179    244
239   145   3    154    329
240   79   5    73    244
241   178   3    68    238
242   225   5    63    403
243   170   4    84    230
244   220   3    1    241
245   168   5    150    336
246   127   6    29    218
247   156   6    107    132
248   173   6    123    362
249   18   3    152    495
250   98   6    40    428
251   63   4    182    300
252   150   5    80    24
253   26   4    64    141
254   216   5    93    37
255   157   4    30    395
256   168   4    63    422
257   222   3    38    485
258   158   6    32    86
259   202   4    139    34
260   103   5    46    390
261   141   6    49    310
262   222   7    161    357
263   50   3    33    353
264   98   3    169    251
265   245   5    174    80
266   168   2    142    141
267   16   3    86    286
268   7   2    66    73
269   195   3    61    333
270   173   4    153    331
271   14   7    65    354
272   169   6    31    256
273   133   4    40    490
274   271   4    69    427
275   221   5    142    29
276   28   3    145    236
277   98   3    25    132
278   75   4    144    450
279   126   2    187    93
280   237   7    97    311
281   94   3    22    403
282   42   6    29    236
283   170   6    86    271
284   154   2    136    247
285   263   5    70    221
286   26   7    73    478
287   254   3    136    425
288   208   2    115    23
289   58   2    192    10
290   25   5    165    372
291   210   6    104    8
292   189   5    62    383
293   84   7    126    280
294   3   6    184    348
295   155   2    22    302
296   231   3    164    128
297   208   6    85    404
298   221   3    29    360
299   11   6    130    483
300   278   7    44    236
301   54   4    56    170
302   9   5    48    218
303   45   6    67    404
304   189   3    157    288
305   93   2    192    378
306   68   7    122    216
307   109   7    165    65
308   287   4    114    257
309   245   7    48    279
310   199   4    32    469
311   274   3    28    32
312   261   2    88    178
313   42   4    114    120
314   220   7    123    419
315   167   6    66    457
316   304   2    89    353
317   29   5    35    357
318   111   7    96    318
319   11   2    53    174
320   43   7    89    394
321   101   7    86    210
322   167   3    85    373
323   152   5    50    200
324   79   7    81    330
325   252   5    75    213
326   47   6    36    403
327   297   4    164    34
328   323   7    192    57
329   190   3    55    475
330   7   6    13    391
331   276   6    190    237
332   235   7    184    73
333   251   6    92    362
334   279   6    194    418
335   252   4    183    75
336   51   3    128    213
337   159   2    106    329
338   130   3    116    411
339   182   7    118    380
340   288   3    120    1
341   99   4    167    174
342   69   4    150    83
343   76   2    139    73
344   287   7    119    460
345   227   5    49    422
346   342   2    2    444
347   25   4    145    490
348   340   7    70    380
349   207   3    57    179
350   249   5    65    8
351   246   7    146    105
352   106   7    179    390
353   240   6    86    70
354   190   4    197    122
355   351   7    170    94
356   99   5    140    294
357   190   3    194    50
358   267   3    159    188
359   193   2    182    79
360   52   6    69    63
