1   0   3    14    10
2   1   4    31    151
3   1   7    56    162
4   1   4    126    91
5   2   3    141    405
6   1   3    112    111
7   4   3    132    488
8   5   7    61    302
9   2   7    44    199
10   4   7    18    299
11   9   7    122    480
12   3   2    47    168
13   4   3    15    24
14   4   2    3    268
15   7   7    121    156
16   14   5    45    444
17   6   5    160    265
18   11   5    13    387
19   9   2    93    52
20   5   5    186    434
21   12   5    135    369
22   3   5    13    340
23   21   4    35    283
24   7   6    68    107
25   19   5    112    480
26   22   5    91    299
27   6   4    53    78
28   8   5    17    307
29   18   6    164    205
30   9   5    199    249
31   25   6    140    462
32   20   3    86    21
33   23   4    114    431
34   15   6    42    277
35   7   4    36    277
36   10   3    43    287
37   2   2    19    230
38   34   7    196    274
39   21   3    133    345
40   21   7    104    396
41   5   7    11    287
42   10   4    178    337
43   30   3    51    288
44   23   6    154    229
45   31   3    151    469
46   36   3    168    177
47   14   7    44    160
48   20   3    20    474
49   10   7    110    485
50   22   3    129    300
51   4   2    165    413
52   36   4    75    476
53   16   7    48    106
54   18   4    185    373
55   38   4    119    451
56   35   4    163    440
57   50   6    62    77
58   18   7    68    195
59   24   3    48    428
60   11   4    31    351
61   3   4    11    276
62   50   4    37    259
63   60   6    40    8
64   23   5    52    129
65   22   6    55    273
66   26   3    92    193
67   23   3    133    335
68   47   7    56    341
69   13   4    190    188
70   29   2    184    255
71   61   5    126    382
72   50   5    57    55
73   35   6    128    145
74   28   2    40    174
75   63   4    22    359
76   7   2    114    77
77   58   5    194    274
78   40   5    60    249
79   65   3    155    325
80   77   2    142    301
81   34   5    41    207
82   24   2    71    257
83   21   5    154    386
84   29   3    47    198
85   72   4    64    488
86   20   7    9    470
87   31   2    63    11
88   50   6    184    143
89   86   4    113    491
90   12   7    52    166
91   19   4    51    422
92   57   7    105    308
93   82   6    120    119
94   26   5    192    378
95   78   7    176    189
96   37   5    180    48
97   25   3    66    105
98   2   5    178    249
99   37   2    168    272
100   74   6    165    17
101   99   3    82    25
102   62   4    192    146
103   83   2    11    52
104   72   2    112    57
105   40   4    89    254
106   66   5    152    295
107   88   3    135    252
108   59   4    169    398
109   37   5    7    323
110   59   2    141    343
111   24   3    125    218
112   36   2    48    313
113   31   2    71    277
114   55   2    93    340
115   25   3    181    260
116   48   5    186    198
117   58   4    149    499
118   74   3    108    356
119   62   6    68    204
120   75   7    94    29
121   60   5    30    148
122   61   5    170    228
123   29   2    103    411
124   101   5    75    367
125   45   4    134    466
126   22   5    44    77
127   69   3    1    119
128   47   3    112    303
129   8   4    104    366
130   122   2    13    453
131   99   4    1    399
132   69   5    44    64
133   32   3    192    165
134   38   7    6    337
135   77   6    123    214
136   85   3    198    253
137   20   2    89    48
138   85   4    117    142
139   25   3    95    129
140   103   2    140    384
141   2   6    72    385
142   12   3    114    267
143   99   3    58    404
144   89   3    28    1
145   84   3    105    143
146   28   6    100    389
147   100   3    90    192
148   100   6    14    177
149   75   6    44    6
150   79   5    84    1
151   14   5    90    407
152   28   4    129    44
153   90   7    123    488
154   39   3    75    356
155   15   3    12    258
156   73   7    36    312
157   42   5    148    160
158   27   2    177    461
159   11   7    132    423
160   80   2    184    237
161   119   6    12    175
162   131   2    55    194
163   30   4    113    320
164   72   6    15    115
165   153   5    87    160
166   53   4    105    381
167   151   6    151    397
168   116   7    122    217
169   18   4    184    212
170   8   3    135    397
171   24   4    105    367
172   108   4    164    345
173   137   4    52    283
174   65   5    186    404
175   138   2    197    101
176   106   6    55    328
177   91   2    146    471
178   64   6    157    128
179   109   6    123    210
180   29   2    136    179
181   122   5    103    415
182   79   5    157    18
183   180   5    198    54
184   20   6    95    123
185   156   5    14    48
186   14   4    143    333
187   179   5    12    373
188   46   6    87    428
189   41   3    177    58
190   82   7    31    228
191   111   5    40    170
192   1   6    56    490
193   10   2    4    115
194   31   7    184    10
195   11   6    119    27
196   58   4    113    293
197   178   7    170    25
198   35   5    169    22
199   6   6    65    411
200   22   6    191    167
201   165   2    5    385
202   130   2    157    422
203   190   3    198    410
204   85   5    194    319
205   197   2    117    105
206   170   4    198    207
207   160   6    37    436
208   168   2    144    114
209   85   2    106    219
210   175   4    152    382
211   149   6    82    321
212   144   3    88    356
213   109   2    172    359
214   52   6    131    375
215   71   6    59    147
216   51   2    120    48
217   13   4    173    352
218   178   6    89    485
219   201   5    18    427
220   140   2    193    401
221   37   2    199    7
222   176   2    69    455
223   124   2    73    433
224   32   3    59    13
225   98   7    49    158
226   213   2    60    366
227   209   6    95    87
228   131   3    125    375
229   136   6    176    428
230   68   7    175    84
231   5   6    170    171
232   46   2    19    407
233   96   7    66    116
234   178   4    23    44
235   67   4    127    378
236   54   4    68    228
237   129   6    63    440
238   214   2    106    19
239   115   3    153    90
240   200   2    83    225
241   132   5    48    394
242   179   2    191    474
243   60   3    6    171
244   158   6    134    52
245   214   2    144    360
246   18   7    79    337
247   17   5    14    314
248   140   3    60    189
249   169   7    51    25
250   203   3    161    463
251   244   7    62    218
252   71   5    89    196
253   30   7    196    400
254   78   3    185    106
255   21   6    56    492
256   248   5    93    67
257   169   5    139    478
258   148   3    23    261
259   234   4    135    450
260   98   7    121    471
261   2   4    139    335
262   31   5    117    355
263   140   7    196    80
264   26   4    109    150
265   53   6    169    408
266   15   4    70    98
267   100   4    159    31
268   217   3    22    400
269   233   7    148    193
270   32   6    101    197
271   80   2    156    182
272   126   5    94    324
273   155   4    121    483
274   210   5    68    173
275   62   5    55    109
276   19   7    34    103
277   266   4    84    277
278   195   3    192    286
279   129   3    67    269
280   80   5    125    272
281   110   5    179    230
282   112   6    174    385
283   147   5    28    395
284   282   2    53    104
285   15   6    104    443
286   241   4    32    479
287   157   6    39    494
288   162   7    23    198
289   68   7    124    3
290   107   5    96    207
291   91   4    140    184
292   8   7    191    76
293   253   2    129    411
294   63   7    43    346
295   135   7    132    330
296   165   4    186    33
297   37   6    118    368
298   264   4    11    159
299   209   3    138    133
300   108   7    114    162
301   97   5    157    317
302   72   3    42    307
303   5   6    189    468
304   292   5    20    398
305   266   4    102    343
306   128   7    152    483
307   106   4    174    344
308   156   4    89    322
309   149   2    27    411
310   221   3    7    31
311   76   5    90    353
312   282   5    173    80
313   67   7    48    268
314   108   2    75    427
315   55   6    22    347
316   78   6    122    183
317   142   3    13    6
318   77   4    140    76
319   62   7    146    128
320   137   7    138    342
321   311   6    152    328
322   93   7    198    206
323   298   6    155    362
324   14   6    139    44
325   235   6    98    25
326   309   3    89    58
327   269   6    90    426
328   27   5    163    178
329   135   4    165    458
330   242   5    67    410
331   203   6    161    309
332   235   4    163    77
333   66   5    3    344
334   126   7    175    158
335   282   3    190    156
336   199   4    85    105
337   102   4    120    187
338   332   4    184    108
339   242   5    51    489
340   142   2    44    80
341   285   7    6    431
342   338   2    156    204
343   89   5    176    163
344   108   6    61    470
345   195   3    89    297
346   145   5    64    162
347   310   4    47    249
348   134   5    95    477
349   217   6    167    356
350   100   2    146    154
351   51   5    105    78
352   330   3    24    30
353   234   7    185    465
354   17   5    30    247
355   123   2    1    302
356   108   6    62    39
357   32   6    187    265
358   226   3    19    185
359   260   4    52    149
360   86   6    78    63
