1   0   7    16    9
2   1   3    187    44
3   1   3    180    391
4   1   4    192    235
5   1   7    166    204
6   2   2    21    485
7   2   2    74    302
8   6   3    23    157
9   5   6    146    129
10   3   5    147    379
11   6   5    155    273
12   10   7    80    200
13   10   3    123    275
14   3   2    160    450
15   11   6    194    329
16   2   4    60    152
17   6   2    75    355
18   15   2    15    405
19   6   4    150    71
20   18   2    196    442
21   3   7    187    268
22   5   7    77    62
23   20   5    131    289
24   2   5    151    262
25   9   2    186    138
26   22   3    163    96
27   12   4    66    234
28   18   6    69    138
29   11   6    125    66
30   6   4    69    59
31   26   6    189    214
32   22   2    128    466
33   4   5    27    344
34   30   2    47    464
35   15   7    10    438
36   10   5    148    152
37   18   5    83    193
38   22   2    116    199
39   4   5    146    362
40   7   4    10    391
41   26   4    110    367
42   4   3    26    111
43   34   3    58    46
44   37   3    12    226
45   28   3    199    433
46   17   4    93    282
47   9   4    151    207
48   32   2    185    190
49   31   6    42    148
50   37   3    189    67
51   46   2    129    374
52   7   2    74    481
53   47   4    7    255
54   43   4    68    288
55   3   7    159    79
56   18   4    166    278
57   50   7    15    211
58   42   5    177    181
59   21   3    179    88
60   21   2    3    471
61   58   4    24    194
62   34   6    8    174
63   12   4    89    372
64   60   2    105    216
65   15   6    55    330
66   8   4    80    194
67   26   3    114    9
68   36   2    175    448
69   2   6    60    358
70   9   5    117    410
71   21   3    197    334
72   26   7    2    367
73   45   7    7    489
74   24   4    156    491
75   38   5    98    215
76   62   6    3    141
77   60   5    52    97
78   22   2    68    194
79   33   6    38    62
80   46   2    152    395
81   33   5    102    229
82   57   5    73    272
83   2   3    108    62
84   19   7    180    327
85   25   6    113    271
86   11   2    171    213
87   42   4    48    106
88   10   3    147    451
89   80   2    189    105
90   32   7    8    422
91   56   7    128    40
92   9   5    157    298
93   68   4    160    283
94   81   6    150    327
95   81   5    101    479
96   88   7    40    299
97   41   7    150    209
98   52   2    17    129
99   90   2    141    486
100   58   3    111    128
101   78   3    166    155
102   45   4    153    295
103   33   2    16    201
104   18   5    37    383
105   81   4    132    47
106   22   7    64    436
107   66   4    107    301
108   53   6    125    34
109   85   6    102    273
110   32   6    71    417
111   74   5    180    152
112   28   2    70    302
113   83   2    166    371
114   105   3    131    75
115   72   6    131    353
116   53   4    173    269
117   85   5    3    328
118   44   5    24    495
119   26   4    87    160
120   89   7    93    447
121   68   2    161    48
122   11   7    95    87
123   8   2    27    290
124   100   4    50    107
125   28   2    152    88
126   43   6    127    47
127   17   3    199    247
128   86   7    108    164
129   109   6    26    419
130   128   5    178    491
131   57   7    172    350
132   126   6    46    168
133   123   7    190    259
134   95   5    167    336
135   67   3    85    199
136   133   6    87    264
137   122   2    136    423
138   50   5    11    232
139   42   7    17    455
140   87   7    64    416
141   122   7    136    167
142   80   6    96    281
143   98   5    62    54
144   120   2    23    92
145   78   2    4    317
146   44   6    128    97
147   86   5    153    377
148   35   7    45    209
149   67   4    163    321
150   84   6    136    101
151   149   6    164    212
152   91   2    63    113
153   99   2    158    158
154   126   6    70    35
155   133   6    197    112
156   154   2    167    87
157   81   6    100    60
158   148   7    187    200
159   50   5    77    234
160   147   7    2    31
161   69   3    31    166
162   121   4    104    475
163   117   2    177    449
164   69   3    44    427
165   131   5    24    448
166   125   3    126    210
167   105   5    10    19
168   132   3    67    469
169   39   6    199    487
170   150   4    133    314
171   122   3    99    478
172   22   5    20    165
173   68   4    50    140
174   20   3    164    215
175   82   6    108    311
176   73   2    37    148
177   129   7    12    307
178   95   5    51    412
179   26   5    150    212
180   141   5    141    203
181   94   7    173    165
182   55   5    51    11
183   120   3    11    343
184   151   6    114    300
185   51   7    159    260
186   26   5    24    423
187   106   5    159    126
188   43   6    133    207
189   104   6    59    192
190   18   4    121    69
191   175   7    137    476
192   89   3    69    135
193   168   2    163    413
194   78   6    119    52
195   6   3    82    370
196   58   3    164    423
197   135   3    90    206
198   114   4    182    390
199   9   6    172    403
200   159   3    40    276
201   46   7    141    187
202   181   2    138    11
203   122   4    111    420
204   39   3    195    485
205   85   5    181    209
206   145   7    132    56
207   69   7    173    232
208   15   2    127    407
209   47   6    156    312
210   145   6    121    384
211   105   4    194    332
212   195   2    185    116
213   178   3    136    322
214   157   4    179    395
215   27   5    127    436
216   104   6    143    369
217   144   4    108    441
218   26   5    131    13
219   81   4    113    307
220   158   4    142    46
221   32   3    109    84
222   154   5    178    219
223   46   6    48    298
224   16   5    157    15
225   24   3    171    255
226   161   6    3    220
227   61   4    136    295
228   103   7    80    54
229   225   7    196    27
230   140   6    57    474
231   22   4    162    238
232   74   4    28    163
233   193   3    37    79
234   227   7    115    8
235   154   6    41    127
236   70   3    168    355
237   7   7    2    24
238   197   6    186    209
239   10   3    185    256
240   235   2    13    437
241   104   3    58    3
242   158   7    33    373
243   66   2    179    246
244   166   3    54    248
245   150   7    147    205
246   222   7    195    468
247   97   3    126    410
248   231   7    84    72
249   52   2    133    54
250   206   2    180    149
251   209   2    130    235
252   16   2    169    154
253   31   5    19    417
254   235   7    88    445
255   204   3    96    298
256   244   6    56    63
257   183   7    148    350
258   144   6    57    28
259   95   4    36    125
260   194   7    164    417
261   100   2    89    129
262   52   6    117    426
263   87   6    65    468
264   191   5    191    137
265   91   5    53    446
266   97   7    22    431
267   255   4    102    484
268   14   7    157    90
269   201   4    166    44
270   220   7    121    449
271   121   5    17    126
272   137   6    127    264
273   197   4    24    2
274   70   3    54    54
275   142   4    66    68
276   206   2    135    12
277   250   3    176    295
278   255   7    140    441
279   168   5    71    224
280   90   6    172    144
281   249   3    141    254
282   199   7    22    23
283   145   6    73    328
284   277   2    104    347
285   183   6    129    120
286   113   4    9    411
287   249   6    61    98
288   166   5    47    253
289   5   3    68    421
290   205   3    1    191
291   183   3    167    54
292   257   6    149    231
293   5   5    73    222
294   78   6    68    364
295   269   2    106    490
296   104   6    61    430
297   235   5    49    215
298   246   2    116    55
299   153   4    143    159
300   270   2    160    362
301   97   7    136    92
302   10   2    56    184
303   37   5    148    40
304   28   4    98    374
305   202   2    189    284
306   27   2    187    440
307   235   7    111    307
308   265   6    152    341
309   139   5    77    374
310   223   6    197    120
311   104   6    134    370
312   201   3    5    91
313   272   2    107    285
314   86   7    82    77
315   17   6    112    449
316   243   4    29    316
317   312   6    44    273
318   259   3    61    137
319   19   6    37    182
320   135   6    70    128
321   121   3    145    187
322   253   4    127    131
323   181   2    153    52
324   308   3    39    333
325   233   3    90    477
326   179   6    152    340
327   7   2    88    283
328   136   5    142    452
329   75   5    103    466
330   134   2    112    145
331   123   4    159    299
332   92   2    18    412
333   192   3    175    261
334   304   6    171    281
335   242   3    186    492
336   157   5    68    23
337   250   5    145    424
338   250   6    32    477
339   31   3    55    28
340   202   2    43    284
341   258   3    130    320
342   320   2    76    398
343   131   3    42    74
344   156   5    116    157
345   72   6    175    15
346   234   5    165    95
347   98   5    149    131
348   78   3    69    482
349   52   2    99    109
350   197   7    52    263
351   201   6    2    482
352   273   7    96    259
353   70   5    179    126
354   349   2    100    225
355   170   3    101    92
356   108   4    117    179
357   202   4    86    446
358   71   5    94    400
359   314   7    116    308
360   39   4    130    434
