1   0   5    22    38
2   1   4    104    465
3   1   2    43    6
4   1   4    5    347
5   2   2    63    90
6   3   2    37    468
7   2   7    162    427
8   1   3    75    201
9   2   3    180    344
10   7   6    31    400
11   2   3    145    335
12   6   7    135    209
13   4   4    11    5
14   4   3    154    185
15   6   6    17    241
16   13   4    76    382
17   11   6    175    254
18   3   5    133    228
19   4   5    162    454
20   18   6    136    258
21   17   5    121    434
22   17   6    176    450
23   18   3    68    382
24   9   6    45    363
25   19   4    112    379
26   21   2    59    36
27   21   6    6    132
28   20   7    3    348
29   23   7    63    375
30   26   7    90    294
31   7   7    115    330
32   19   6    178    112
33   19   5    96    396
34   30   7    98    184
35   26   2    67    399
36   23   4    120    240
37   27   3    29    410
38   36   4    195    394
39   25   7    76    216
40   8   7    87    471
41   30   5    69    302
42   35   7    173    456
43   2   5    45    125
44   39   4    62    138
45   38   5    106    228
46   37   5    129    432
47   36   4    50    173
48   10   2    17    430
49   3   4    117    204
50   7   5    9    306
51   27   5    75    353
52   32   5    177    26
53   14   4    64    84
54   45   3    86    142
55   9   6    10    150
56   4   2    71    94
57   11   3    62    1
58   17   7    147    321
59   26   4    84    418
60   39   7    34    306
61   33   2    9    435
62   11   7    10    14
63   25   6    133    93
64   1   3    105    40
65   13   7    5    248
66   50   3    138    462
67   15   5    51    446
68   1   6    129    497
69   12   6    193    145
70   12   3    147    281
71   48   3    197    193
72   39   2    83    283
73   18   3    29    201
74   37   2    170    254
75   6   3    158    416
76   39   4    160    162
77   19   4    147    139
78   11   4    199    198
79   21   3    102    71
80   27   2    17    59
81   24   3    110    289
82   50   4    139    271
83   52   2    157    273
84   71   5    84    62
85   35   2    171    21
86   17   5    85    213
87   59   6    41    205
88   59   5    27    181
89   54   3    170    392
90   45   4    153    72
91   32   7    94    499
92   73   7    85    392
93   6   2    30    390
94   38   5    93    11
95   62   3    54    27
96   47   3    154    374
97   33   4    197    218
98   92   6    142    494
99   49   7    94    225
100   26   7    71    96
101   24   7    192    192
102   21   3    24    178
103   92   5    49    327
104   38   7    67    5
105   56   7    43    273
106   58   2    62    227
107   63   4    27    497
108   49   4    93    403
109   75   4    20    259
110   59   3    13    250
111   4   7    161    163
112   90   2    109    302
113   83   7    10    249
114   42   2    199    486
115   89   3    28    411
116   109   4    188    372
117   38   7    65    209
118   24   3    128    416
119   115   5    107    143
120   114   7    26    389
121   11   4    63    475
122   99   6    97    457
123   89   4    177    38
124   60   2    40    340
125   102   6    166    239
126   2   3    7    476
127   51   5    108    132
128   49   7    32    330
129   104   2    190    439
130   79   4    24    481
131   9   6    93    451
132   108   3    47    482
133   3   5    129    237
134   7   3    78    333
135   41   3    156    83
136   126   4    42    197
137   111   4    153    84
138   13   5    52    137
139   64   7    127    188
140   1   4    50    141
141   29   6    26    455
142   56   6    18    370
143   93   6    179    258
144   62   7    84    48
145   53   4    6    453
146   35   4    68    361
147   96   3    125    453
148   22   3    132    111
149   121   3    129    370
150   98   6    139    203
151   104   6    167    8
152   39   4    70    303
153   151   4    23    69
154   151   7    62    326
155   108   7    198    191
156   1   4    67    300
157   107   4    91    182
158   55   3    131    267
159   156   2    133    210
160   91   4    185    152
161   3   6    132    64
162   70   3    155    79
163   159   6    50    375
164   159   7    118    164
165   158   4    178    431
166   34   4    106    463
167   63   3    181    389
168   27   6    11    38
169   14   7    119    286
170   72   7    25    369
171   88   7    96    421
172   163   6    188    472
173   59   7    148    295
174   54   7    155    289
175   33   7    55    95
176   5   6    43    456
177   130   7    97    221
178   73   5    76    323
179   94   3    125    497
180   165   7    57    460
181   92   6    173    29
182   11   3    74    45
183   163   5    142    170
184   157   2    38    244
185   115   3    184    445
186   46   3    171    487
187   70   3    26    305
188   101   5    82    319
189   185   6    78    75
190   84   6    199    363
191   26   3    30    146
192   19   4    138    253
193   45   2    135    217
194   176   6    142    15
195   60   4    66    93
196   121   2    65    466
197   152   5    10    300
198   77   7    47    301
199   124   3    111    114
200   19   6    163    42
201   147   6    14    95
202   128   3    27    5
203   53   5    161    15
204   189   6    15    280
205   183   2    63    411
206   114   7    76    209
207   139   5    28    398
208   23   2    65    404
209   75   5    19    225
210   97   7    67    32
211   80   6    13    214
212   179   6    30    379
213   88   7    123    115
214   55   3    187    85
215   197   6    130    377
216   65   4    63    30
217   93   2    155    278
218   161   3    168    313
219   45   4    182    421
220   154   5    163    369
221   4   2    63    21
222   179   6    151    476
223   43   4    104    284
224   177   4    156    405
225   191   5    182    413
226   185   6    159    81
227   85   3    79    447
228   43   7    141    255
229   161   4    21    431
230   167   6    118    112
231   126   5    27    308
232   214   6    157    474
233   215   4    132    46
234   228   3    4    233
235   104   6    103    81
236   147   4    79    267
237   219   3    121    234
238   103   5    102    64
239   127   5    133    481
240   138   6    6    499
241   6   5    47    366
242   118   5    129    263
243   155   5    36    226
244   193   4    187    125
245   181   7    129    107
246   102   5    113    160
247   185   3    177    170
248   92   3    65    326
249   14   2    118    60
250   238   4    196    233
251   33   7    8    63
252   224   7    137    406
253   216   3    148    215
254   62   5    4    414
255   104   2    93    70
256   154   6    42    438
257   132   5    88    123
258   98   2    113    331
259   143   2    31    383
260   242   7    103    185
261   241   3    60    373
262   8   3    155    428
263   85   7    97    65
264   238   4    16    86
265   67   4    24    464
266   7   5    159    359
267   246   3    48    363
268   250   3    179    171
269   250   5    138    315
270   167   4    170    228
271   135   5    55    377
272   111   7    140    275
273   87   5    178    391
274   73   6    145    497
275   174   7    95    490
276   247   2    182    299
277   171   7    96    17
278   194   7    17    345
279   228   5    45    170
280   149   3    34    126
281   50   7    108    197
282   272   3    173    381
283   202   5    112    169
284   114   4    192    481
285   97   3    126    380
286   144   7    173    474
287   92   4    38    332
288   161   3    56    151
289   74   7    192    152
290   82   4    14    385
291   21   2    87    1
292   259   2    89    281
293   171   7    52    481
294   26   3    42    499
295   197   6    91    460
296   31   3    12    345
297   217   7    126    168
298   238   4    4    369
299   56   5    15    200
300   71   6    107    174
301   87   3    45    495
302   33   2    82    409
303   229   4    86    64
304   175   4    12    321
305   53   5    170    266
306   230   7    85    143
307   105   2    38    164
308   272   5    156    351
309   186   5    123    485
310   107   3    151    478
311   167   3    6    280
312   105   4    183    178
313   182   3    138    286
314   245   4    185    164
315   17   3    57    382
316   40   4    194    496
317   311   6    173    368
318   21   7    142    138
319   69   2    52    48
320   181   6    163    134
321   315   7    117    123
322   310   4    187    275
323   45   5    52    153
324   99   2    156    265
325   283   4    137    439
326   87   5    148    34
327   4   7    145    367
328   51   6    53    228
329   179   5    199    389
330   163   4    194    51
331   154   5    59    359
332   224   2    126    176
333   291   5    60    375
334   17   2    74    321
335   9   2    125    307
336   254   7    59    159
337   95   7    41    262
338   24   6    31    379
339   270   7    133    464
340   168   2    127    235
341   255   3    130    129
342   142   7    199    75
343   256   4    191    190
344   60   3    32    97
345   9   5    129    485
346   222   4    153    139
347   115   2    60    214
348   120   6    60    358
349   202   5    123    219
350   209   4    139    471
351   288   2    85    63
352   281   2    36    333
353   82   7    188    233
354   23   6    29    90
355   18   4    114    26
356   69   2    55    489
357   81   7    30    329
358   160   2    114    323
359   58   7    62    484
360   69   7    160    318
