1   0   5    4    37
2   1   4    190    482
3   1   5    142    35
4   2   5    104    226
5   3   3    136    364
6   4   4    165    117
7   4   4    151    69
8   6   2    104    83
9   3   7    95    367
10   3   7    74    324
11   3   7    65    276
12   3   2    26    360
13   9   2    53    206
14   1   7    7    262
15   2   2    154    464
16   5   4    14    224
17   10   6    74    34
18   12   5    27    208
19   6   7    15    158
20   10   2    148    67
21   13   6    77    433
22   6   5    178    195
23   2   4    168    284
24   5   2    172    123
25   21   4    156    56
26   24   3    90    368
27   7   5    50    123
28   3   2    3    337
29   7   4    32    71
30   23   4    112    265
31   20   3    15    326
32   28   6    56    263
33   21   4    7    192
34   8   5    64    230
35   24   5    108    281
36   17   5    82    137
37   34   4    189    111
38   6   6    82    394
39   20   5    165    467
40   2   6    189    358
41   13   4    154    107
42   17   4    155    456
43   7   2    26    325
44   5   4    191    341
45   4   6    196    423
46   1   6    130    36
47   31   3    170    454
48   25   5    115    250
49   17   5    166    132
50   48   6    195    445
51   5   5    75    219
52   35   7    2    473
53   48   5    62    317
54   24   7    102    33
55   50   2    71    450
56   51   5    142    309
57   30   7    159    356
58   37   5    172    14
59   9   2    51    307
60   2   6    69    476
61   20   2    21    305
62   37   2    185    80
63   53   4    48    28
64   25   2    138    451
65   6   5    97    418
66   16   3    44    211
67   59   5    169    255
68   18   7    119    422
69   45   2    179    250
70   54   4    4    166
71   32   5    10    177
72   36   2    20    315
73   22   4    147    163
74   59   2    161    496
75   16   5    13    227
76   65   4    42    272
77   31   7    129    173
78   69   7    96    269
79   71   2    108    240
80   10   7    198    362
81   23   3    9    383
82   14   2    119    224
83   27   3    21    88
84   26   6    38    339
85   55   5    127    355
86   22   4    90    107
87   21   7    120    328
88   77   5    47    207
89   34   6    118    85
90   42   5    143    345
91   77   2    158    433
92   87   3    132    274
93   61   7    167    72
94   67   4    136    348
95   57   2    113    408
96   40   7    45    335
97   11   2    160    192
98   64   2    86    494
99   91   3    143    64
100   12   5    191    379
101   74   5    34    230
102   67   5    194    427
103   12   3    169    299
104   23   4    183    199
105   71   4    66    271
106   53   5    134    210
107   15   6    20    158
108   74   3    30    322
109   43   6    140    404
110   21   7    22    212
111   105   3    24    169
112   59   4    158    435
113   37   4    41    367
114   7   5    147    81
115   89   6    66    113
116   58   3    197    148
117   35   4    97    321
118   105   6    106    110
119   48   4    190    52
120   18   3    25    496
121   113   2    143    308
122   58   7    48    162
123   116   4    156    363
124   47   2    167    162
125   25   6    62    418
126   6   5    45    381
127   111   6    133    135
128   58   5    2    20
129   25   3    10    331
130   21   3    168    392
131   51   7    158    296
132   36   7    28    55
133   124   4    99    217
134   48   3    191    403
135   111   5    68    200
136   56   6    156    338
137   114   2    155    41
138   96   2    21    156
139   46   2    185    344
140   83   4    62    282
141   3   2    172    417
142   107   4    170    396
143   8   2    61    130
144   79   7    62    76
145   91   2    30    396
146   59   7    187    223
147   135   2    81    135
148   5   5    135    375
149   68   7    82    425
150   37   4    150    415
151   148   2    117    105
152   11   6    134    34
153   118   2    50    220
154   7   4    91    25
155   153   4    62    66
156   119   6    119    304
157   72   4    105    447
158   19   6    125    479
159   152   3    134    141
160   33   4    162    7
161   140   6    188    124
162   35   5    127    238
163   22   5    91    368
164   86   4    38    262
165   2   2    79    262
166   5   2    47    416
167   5   7    194    59
168   58   2    165    367
169   125   6    186    88
170   123   5    44    78
171   61   2    104    216
172   17   4    191    287
173   55   6    105    246
174   3   5    138    175
175   91   7    46    366
176   42   5    165    175
177   50   6    195    489
178   124   6    182    252
179   9   4    93    249
180   169   7    136    202
181   55   7    184    161
182   3   2    137    97
183   172   6    184    390
184   138   7    145    173
185   35   2    80    5
186   132   5    149    69
187   106   2    133    421
188   24   7    100    127
189   92   3    74    198
190   104   4    83    120
191   56   7    19    107
192   189   7    49    96
193   51   5    101    34
194   133   2    97    182
195   41   4    104    354
196   24   7    110    152
197   76   2    146    87
198   6   6    38    187
199   60   3    82    353
200   170   3    71    133
201   14   2    66    454
202   99   7    179    313
203   85   6    167    178
204   24   3    115    149
205   27   2    150    80
206   128   6    106    222
207   114   2    161    332
208   1   2    23    361
209   135   3    43    473
210   118   2    196    303
211   63   5    149    375
212   15   7    2    403
213   164   4    19    254
214   47   2    39    410
215   104   2    61    158
216   38   2    45    309
217   90   4    119    286
218   60   7    78    250
219   140   6    172    177
220   36   5    104    35
221   115   5    66    163
222   103   4    64    116
223   183   7    25    51
224   164   6    9    188
225   183   5    37    185
226   89   2    47    9
227   131   7    147    456
228   70   4    58    450
229   20   5    22    411
230   33   6    37    351
231   125   2    84    297
232   207   2    80    213
233   118   5    165    166
234   93   6    67    321
235   159   7    167    434
236   220   6    178    168
237   3   4    140    85
238   1   3    102    350
239   219   4    44    490
240   123   2    91    108
241   91   7    197    1
242   87   2    161    380
243   219   5    157    370
244   198   5    64    409
245   226   5    72    269
246   97   4    47    343
247   91   3    2    470
248   137   4    149    375
249   146   3    92    346
250   184   4    126    46
251   110   7    46    214
252   198   6    77    379
253   201   2    59    230
254   201   2    128    419
255   210   4    130    370
256   60   6    102    355
257   136   4    175    279
258   228   3    93    167
259   245   6    26    150
260   148   5    194    201
261   94   3    95    498
262   128   6    65    25
263   256   2    1    404
264   79   5    88    200
265   49   3    103    355
266   149   4    33    244
267   182   5    189    176
268   17   5    30    136
269   9   4    195    368
270   141   7    115    383
271   213   6    17    19
272   115   4    194    132
273   171   3    116    284
274   8   5    118    208
275   70   4    96    481
276   256   4    37    213
277   61   3    43    153
278   16   2    62    103
279   176   2    18    75
280   67   5    109    265
281   56   4    141    203
282   7   6    93    56
283   20   5    30    57
284   118   6    130    176
285   1   2    147    148
286   188   2    103    191
287   216   7    197    443
288   23   7    102    190
289   221   5    83    310
290   111   6    169    47
291   200   2    96    204
292   171   7    6    345
293   142   4    98    152
294   193   3    13    146
295   68   2    154    322
296   275   5    132    188
297   248   5    61    160
298   202   7    39    299
299   58   5    175    207
300   230   6    25    343
301   294   6    146    326
302   17   4    112    177
303   104   4    179    189
304   118   4    87    462
305   171   4    13    61
306   175   7    40    390
307   294   5    137    369
308   73   6    139    499
309   253   3    170    478
310   175   4    109    152
311   296   4    51    267
312   4   7    150    186
313   205   3    57    218
314   296   3    106    423
315   210   3    134    100
316   126   2    158    211
317   180   2    108    196
318   37   3    97    78
319   182   7    110    217
320   111   6    45    161
321   125   6    47    434
322   130   6    27    332
323   303   2    136    431
324   311   2    56    86
325   221   2    7    398
326   22   5    49    230
327   176   2    29    494
328   189   3    143    94
329   140   5    92    140
330   157   4    1    153
331   165   7    129    189
332   59   5    70    387
333   67   2    144    65
334   180   2    100    328
335   134   2    50    192
336   327   3    24    308
337   315   2    113    305
338   211   3    77    454
339   210   7    188    309
340   19   3    171    209
341   288   6    24    153
342   160   3    28    261
343   314   3    19    174
344   203   4    41    343
345   178   2    168    192
346   280   4    113    224
347   59   4    167    130
348   333   3    135    341
349   303   5    90    335
350   82   2    189    264
351   239   5    199    54
352   178   7    86    4
353   62   2    54    195
354   165   3    125    290
355   346   6    98    274
356   246   3    157    275
357   55   4    40    271
358   165   5    21    355
359   133   4    17    430
360   175   3    197    403
