1   0   3    6    25
2   1   5    77    251
3   1   5    131    408
4   1   4    164    69
5   3   6    124    29
6   1   6    184    52
7   5   3    45    350
8   3   4    188    475
9   1   6    69    379
10   1   5    127    451
11   6   2    162    76
12   4   2    40    449
13   4   7    166    11
14   3   5    58    429
15   10   7    138    472
16   13   3    56    292
17   12   3    70    349
18   13   2    80    469
19   9   6    122    30
20   18   6    131    472
21   6   3    103    160
22   18   4    115    354
23   17   2    180    432
24   6   4    173    163
25   15   4    66    346
26   11   3    141    175
27   12   2    196    183
28   17   5    135    427
29   5   6    10    347
30   21   7    155    220
31   15   2    163    349
32   27   7    43    464
33   20   3    153    186
34   7   7    65    192
35   17   3    53    366
36   13   7    88    436
37   19   5    121    232
38   35   6    123    320
39   2   4    193    421
40   20   5    80    246
41   38   4    148    425
42   20   2    72    416
43   8   4    176    375
44   36   6    64    348
45   19   5    177    287
46   5   6    170    144
47   32   2    196    388
48   20   4    70    101
49   36   4    199    355
50   4   2    160    431
51   21   2    155    315
52   41   7    39    193
53   8   2    109    231
54   34   7    125    404
55   35   2    100    92
56   15   7    93    423
57   22   3    135    13
58   29   3    66    379
59   22   6    60    119
60   9   3    6    463
61   39   2    191    93
62   16   6    76    14
63   35   7    32    62
64   45   2    110    371
65   12   5    49    485
66   64   3    153    26
67   10   4    86    107
68   21   6    150    14
69   34   6    24    341
70   58   5    162    226
71   26   6    99    492
72   25   5    74    381
73   7   4    104    403
74   46   2    70    369
75   28   6    54    203
76   50   4    199    491
77   61   5    108    249
78   46   5    67    423
79   58   2    8    13
80   63   5    128    70
81   47   3    104    264
82   41   4    116    55
83   23   7    155    220
84   63   6    193    294
85   36   2    113    106
86   29   6    109    486
87   16   6    76    258
88   30   5    9    137
89   82   2    167    195
90   13   6    97    115
91   16   3    157    184
92   20   3    6    440
93   27   7    49    207
94   49   3    185    261
95   85   5    1    130
96   66   3    176    66
97   6   7    38    287
98   75   4    57    287
99   60   5    166    438
100   26   4    143    313
101   44   6    119    171
102   99   2    23    458
103   8   4    132    42
104   19   6    119    383
105   21   5    41    386
106   60   5    148    113
107   63   4    62    88
108   99   2    103    170
109   49   6    156    347
110   5   3    160    258
111   64   4    109    183
112   109   7    91    376
113   58   3    74    148
114   94   4    144    115
115   11   7    183    3
116   53   7    38    312
117   35   7    95    318
118   46   6    114    392
119   63   3    111    435
120   58   6    142    53
121   80   7    76    405
122   68   6    47    196
123   25   7    83    453
124   117   5    184    63
125   65   4    2    329
126   35   6    141    134
127   89   3    41    111
128   99   2    165    34
129   8   2    71    125
130   126   6    74    38
131   18   7    42    275
132   26   6    55    489
133   113   3    113    236
134   19   2    179    4
135   87   5    64    270
136   4   2    46    213
137   11   4    77    239
138   38   6    114    206
139   47   5    35    63
140   79   7    10    149
141   104   5    183    208
142   43   2    39    465
143   94   4    141    231
144   5   3    177    295
145   104   5    28    308
146   76   3    108    168
147   126   4    154    322
148   124   7    174    345
149   72   2    151    2
150   76   6    43    77
151   9   6    31    245
152   24   7    165    294
153   138   5    156    466
154   38   3    39    181
155   93   2    96    142
156   42   5    96    14
157   77   4    2    490
158   1   7    16    170
159   114   3    94    475
160   10   2    19    97
161   23   6    20    129
162   53   7    157    39
163   91   7    165    422
164   110   4    168    168
165   134   7    134    64
166   135   4    195    446
167   112   4    34    165
168   40   5    49    345
169   81   7    174    269
170   3   5    193    22
171   84   6    172    158
172   169   5    141    413
173   6   5    196    39
174   141   3    159    302
175   152   5    177    452
176   164   2    90    157
177   157   5    195    458
178   131   2    33    204
179   125   7    148    427
180   155   7    64    76
181   137   6    126    152
182   114   7    95    377
183   112   7    92    97
184   133   4    182    309
185   153   4    24    228
186   89   5    36    130
187   136   6    95    359
188   84   3    184    425
189   135   5    43    236
190   19   7    130    146
191   83   5    161    207
192   39   4    66    464
193   80   5    126    28
194   76   3    40    87
195   70   4    3    394
196   47   2    47    101
197   9   6    38    293
198   169   2    178    484
199   12   7    89    459
200   81   3    124    14
201   44   4    154    461
202   70   5    78    151
203   67   7    186    300
204   179   2    96    21
205   72   2    93    71
206   32   7    109    355
207   54   5    14    49
208   185   3    114    161
209   153   3    114    309
210   139   6    189    434
211   22   5    176    309
212   188   7    93    69
213   141   5    4    114
214   133   6    106    44
215   180   6    106    332
216   115   3    189    92
217   212   3    55    222
218   199   5    177    220
219   187   7    96    174
220   5   2    82    120
221   153   4    178    390
222   149   2    41    452
223   49   7    56    224
224   7   3    73    154
225   177   4    113    394
226   129   6    23    380
227   57   7    163    391
228   81   6    72    222
229   115   3    123    190
230   102   2    51    148
231   50   3    120    468
232   151   4    40    314
233   80   7    154    417
234   214   2    26    171
235   83   2    104    410
236   118   2    72    262
237   140   7    83    480
238   142   5    17    26
239   223   5    182    441
240   94   5    100    251
241   168   3    83    414
242   50   5    75    194
243   125   4    48    124
244   125   6    110    311
245   70   2    103    102
246   14   4    107    390
247   208   3    13    268
248   121   2    24    120
249   49   2    142    332
250   159   5    67    129
251   118   2    105    262
252   22   3    162    453
253   127   3    162    67
254   86   6    155    144
255   148   2    63    87
256   87   7    17    253
257   182   4    33    209
258   192   3    180    124
259   63   6    2    269
260   190   7    161    419
261   203   5    51    494
262   36   3    93    32
263   222   7    58    210
264   148   5    111    317
265   47   4    55    143
266   4   2    61    119
267   196   6    94    455
268   179   5    137    45
269   69   4    82    116
270   171   3    159    83
271   215   5    54    426
272   211   4    196    149
273   73   7    13    128
274   24   6    20    138
275   195   3    84    209
276   208   5    181    402
277   212   6    155    348
278   140   7    73    470
279   67   7    107    237
280   38   5    28    171
281   17   6    161    93
282   137   4    128    109
283   48   5    174    197
284   269   2    69    282
285   241   3    171    163
286   88   7    191    376
287   52   3    175    152
288   121   3    47    129
289   145   7    31    72
290   63   4    170    64
291   159   3    5    176
292   63   4    125    263
293   65   4    165    90
294   143   4    190    321
295   170   3    135    30
296   229   5    199    135
297   212   5    134    466
298   277   5    97    217
299   103   3    171    230
300   32   7    82    232
301   89   5    167    30
302   209   6    30    5
303   133   4    80    380
304   131   7    70    141
305   82   5    173    292
306   103   3    66    214
307   117   6    143    15
308   102   7    29    463
309   147   7    47    162
310   147   2    79    215
311   150   6    158    170
312   36   6    6    352
313   267   5    125    382
314   133   3    86    475
315   231   5    176    357
316   294   2    78    105
317   238   5    146    99
318   67   3    68    486
319   126   3    89    190
320   178   6    50    237
321   286   7    168    213
322   173   2    153    389
323   226   2    145    282
324   33   6    51    326
325   224   2    149    199
326   78   6    157    160
327   74   6    107    51
328   128   6    150    466
329   225   2    172    134
330   219   7    56    261
331   3   6    3    68
332   101   5    160    377
333   203   3    38    111
334   40   4    111    143
335   208   4    105    130
336   155   4    55    28
337   55   7    168    5
338   326   7    13    296
339   243   7    186    228
340   156   7    159    486
341   323   4    178    348
342   121   5    14    432
343   259   5    97    436
344   243   4    178    326
345   92   3    61    183
346   326   2    128    202
347   74   7    76    32
348   83   6    64    113
349   299   4    136    269
350   168   6    140    408
351   264   6    182    75
352   33   4    5    460
353   208   6    110    236
354   51   6    130    175
355   120   5    197    58
356   265   4    119    5
357   115   4    158    206
358   95   4    181    489
359   241   5    23    42
360   186   5    171    415
