1   0   2    11    38
2   1   5    193    155
3   1   3    130    227
4   2   2    122    80
5   1   4    139    282
6   2   6    94    228
7   4   4    190    267
8   5   4    52    239
9   1   5    93    264
10   4   5    103    150
11   4   6    33    425
12   2   7    45    34
13   10   6    123    187
14   11   3    186    196
15   2   2    151    483
16   4   7    146    103
17   4   2    77    225
18   2   6    181    244
19   12   2    170    15
20   7   5    102    368
21   19   5    41    443
22   10   3    150    436
23   18   7    86    59
24   7   7    52    421
25   8   4    95    238
26   6   6    88    444
27   20   5    195    47
28   3   2    176    305
29   17   3    53    456
30   8   7    75    293
31   20   2    129    76
32   2   6    176    370
33   8   3    49    75
34   12   6    106    431
35   21   6    108    341
36   10   7    125    352
37   2   4    52    350
38   5   4    52    215
39   33   5    62    189
40   13   7    178    489
41   13   2    102    422
42   10   5    153    494
43   17   3    165    44
44   10   5    21    355
45   9   3    29    267
46   23   6    126    139
47   40   4    26    457
48   18   6    130    318
49   5   2    27    307
50   41   4    92    375
51   2   7    73    141
52   2   7    1    47
53   19   5    55    88
54   36   5    110    221
55   32   7    8    455
56   19   7    117    268
57   40   3    150    117
58   55   4    42    25
59   6   5    118    183
60   37   3    50    407
61   52   3    19    19
62   8   5    43    456
63   42   7    37    487
64   12   3    29    9
65   39   6    93    76
66   14   7    22    327
67   44   4    198    416
68   6   5    88    172
69   12   5    123    171
70   17   3    105    364
71   21   4    180    219
72   11   5    62    414
73   2   2    73    305
74   31   7    30    216
75   21   5    185    218
76   21   2    157    435
77   5   3    82    365
78   21   3    168    240
79   71   7    97    432
80   3   5    29    284
81   36   4    32    228
82   43   6    110    273
83   62   4    159    238
84   41   7    185    80
85   54   5    43    409
86   38   2    90    168
87   13   6    194    324
88   40   4    119    276
89   53   6    98    36
90   13   2    188    220
91   62   2    33    49
92   84   6    147    82
93   45   2    66    309
94   59   4    178    106
95   44   4    112    429
96   11   6    51    136
97   38   2    126    93
98   58   5    84    172
99   62   6    37    347
100   81   2    128    477
101   61   3    85    329
102   95   4    124    194
103   45   3    83    417
104   5   2    38    78
105   63   4    78    186
106   36   6    134    150
107   14   6    9    99
108   17   3    159    289
109   18   4    45    291
110   33   5    7    464
111   47   7    190    261
112   109   7    3    465
113   98   6    133    85
114   60   7    151    134
115   4   2    189    454
116   84   4    62    388
117   43   5    94    293
118   83   7    11    495
119   73   5    11    147
120   35   5    107    232
121   25   7    79    429
122   92   5    87    22
123   88   4    146    45
124   84   4    77    268
125   88   4    60    381
126   101   3    59    487
127   118   7    40    308
128   43   6    134    165
129   120   2    165    444
130   125   5    94    293
131   111   5    84    49
132   99   6    112    350
133   108   4    118    99
134   41   4    54    152
135   45   6    27    79
136   39   2    181    139
137   92   3    1    200
138   16   5    37    218
139   51   3    23    260
140   58   6    136    425
141   94   4    52    430
142   21   2    52    77
143   91   2    85    183
144   29   6    148    114
145   121   4    86    3
146   134   4    82    53
147   122   5    198    181
148   66   6    43    356
149   79   4    84    377
150   35   4    131    179
151   44   6    122    393
152   72   4    169    292
153   5   7    119    428
154   71   2    78    485
155   34   2    75    174
156   29   6    103    421
157   52   5    32    83
158   31   4    47    206
159   35   7    94    195
160   125   4    15    60
161   84   4    111    329
162   127   5    25    124
163   68   3    19    195
164   92   5    66    428
165   100   5    28    161
166   8   3    2    78
167   46   4    160    145
168   97   2    130    50
169   49   6    57    56
170   135   7    93    140
171   45   4    161    200
172   170   3    12    56
173   104   2    159    248
174   1   6    39    194
175   83   3    99    392
176   6   3    151    284
177   52   7    90    337
178   62   6    29    406
179   136   7    76    184
180   67   3    33    341
181   72   3    117    393
182   6   6    58    27
183   103   4    84    309
184   106   2    174    367
185   154   6    11    358
186   72   7    57    163
187   112   6    57    24
188   70   3    1    364
189   140   3    176    22
190   99   3    127    152
191   12   2    164    400
192   41   7    41    169
193   84   7    76    430
194   125   4    25    469
195   169   6    179    430
196   26   3    172    9
197   58   7    146    451
198   157   6    7    328
199   133   3    137    31
200   22   2    51    265
201   183   7    65    444
202   39   7    31    121
203   190   4    171    192
204   48   6    183    291
205   123   3    43    180
206   191   5    16    12
207   196   2    3    134
208   102   2    145    246
209   82   5    118    427
210   21   7    194    47
211   190   4    179    211
212   189   7    199    228
213   51   3    46    360
214   117   7    167    105
215   95   3    76    320
216   105   3    188    66
217   39   3    119    327
218   44   2    146    307
219   70   4    127    468
220   86   2    180    106
221   123   4    84    459
222   192   3    114    275
223   94   3    152    350
224   150   5    124    386
225   112   4    139    269
226   159   5    82    250
227   36   7    35    138
228   213   6    111    40
229   172   4    107    419
230   78   2    112    297
231   197   4    119    24
232   188   6    51    359
233   178   7    165    138
234   202   2    88    352
235   214   3    19    73
236   44   7    85    33
237   116   5    143    266
238   223   3    2    258
239   233   4    31    102
240   87   2    56    460
241   232   2    80    244
242   144   6    69    474
243   183   4    174    107
244   150   2    43    315
245   52   3    79    163
246   89   7    50    112
247   114   4    12    65
248   116   6    158    148
249   46   6    41    440
250   41   3    163    139
251   43   6    183    445
252   63   6    193    387
253   17   5    53    151
254   30   5    188    278
255   167   7    64    174
256   195   3    63    74
257   201   2    18    258
258   171   7    46    48
259   19   2    131    285
260   64   6    130    439
261   83   3    95    464
262   144   5    50    418
263   79   4    74    137
264   110   5    185    379
265   72   7    146    100
266   219   3    169    315
267   191   7    8    141
268   253   2    92    96
269   94   4    117    17
270   18   5    88    10
271   32   6    182    56
272   213   5    95    116
273   108   2    27    283
274   237   6    46    223
275   155   2    8    228
276   55   7    88    403
277   34   7    107    297
278   113   5    166    292
279   28   2    149    93
280   95   6    181    441
281   56   5    54    403
282   196   3    157    122
283   219   3    165    483
284   51   3    45    488
285   219   7    166    406
286   163   7    139    259
287   259   5    168    407
288   178   3    120    125
289   36   4    77    158
290   232   3    7    187
291   271   5    136    296
292   116   6    52    467
293   176   2    146    185
294   237   7    40    203
295   242   4    67    441
296   144   4    68    335
297   247   3    92    144
298   222   4    3    386
299   123   4    56    368
300   111   5    163    81
301   124   5    190    359
302   4   7    169    226
303   86   2    65    186
304   71   2    171    270
305   24   3    183    70
306   190   2    25    463
307   14   4    112    241
308   256   4    180    467
309   140   4    28    206
310   1   7    183    403
311   250   7    70    246
312   38   7    52    156
313   311   5    104    241
314   297   2    60    138
315   304   6    119    250
316   309   5    100    74
317   93   6    70    409
318   153   7    121    326
319   81   7    28    363
320   286   2    130    409
321   68   5    189    188
322   85   7    9    350
323   254   4    110    35
324   248   2    5    463
325   175   3    155    459
326   310   6    12    129
327   243   6    78    260
328   149   7    95    182
329   91   2    95    65
330   326   3    95    230
331   114   2    106    299
332   320   7    143    412
333   234   5    181    299
334   25   7    84    13
335   247   2    72    125
336   314   4    109    69
337   72   5    160    100
338   43   4    177    487
339   209   3    10    334
340   307   4    16    443
341   302   5    56    388
342   267   3    174    233
343   145   7    52    182
344   30   6    75    317
345   75   5    39    427
346   130   5    72    377
347   86   6    60    78
348   121   7    59    97
349   99   6    101    348
350   342   5    95    20
351   191   6    43    392
352   119   5    162    379
353   134   7    29    373
354   245   6    99    260
355   196   6    67    113
356   161   4    23    46
357   82   5    109    329
358   100   4    65    357
359   99   3    17    120
360   107   7    36    497
