1   0   3    19    46
2   1   7    141    61
3   1   2    187    153
4   1   3    194    444
5   2   7    60    36
6   1   5    128    247
7   4   2    113    3
8   6   5    115    62
9   4   4    164    18
10   8   2    88    145
11   1   3    80    390
12   6   2    175    332
13   4   4    84    499
14   8   5    87    446
15   9   5    41    173
16   8   6    68    332
17   6   4    32    263
18   12   6    59    199
19   5   5    153    490
20   16   3    7    323
21   1   6    193    306
22   15   4    38    156
23   13   2    150    332
24   4   6    175    333
25   12   4    102    364
26   6   3    98    331
27   7   5    5    360
28   17   3    172    482
29   25   3    144    353
30   28   2    128    94
31   28   5    134    221
32   10   4    79    304
33   30   6    78    204
34   8   3    198    249
35   4   3    184    400
36   28   2    135    214
37   1   3    156    478
38   35   2    38    282
39   3   4    183    202
40   10   2    172    75
41   31   4    99    25
42   28   4    36    10
43   27   5    91    441
44   6   5    65    355
45   27   4    34    339
46   18   3    78    378
47   17   5    140    377
48   39   5    26    52
49   10   5    139    164
50   46   5    98    155
51   9   3    72    123
52   20   7    59    60
53   2   4    147    215
54   46   2    120    7
55   3   6    34    267
56   12   6    163    239
57   16   3    183    218
58   29   2    186    26
59   23   5    8    310
60   9   3    113    190
61   42   2    135    315
62   28   7    9    430
63   52   2    190    204
64   36   7    85    158
65   3   6    151    480
66   44   5    121    132
67   51   6    36    485
68   54   4    40    377
69   16   5    133    145
70   19   6    99    301
71   23   4    116    33
72   51   2    185    247
73   12   7    102    485
74   27   2    168    356
75   25   2    180    328
76   43   4    112    449
77   73   3    138    173
78   49   3    96    182
79   54   2    49    446
80   32   7    117    433
81   12   5    30    388
82   67   6    81    482
83   14   6    107    132
84   19   7    22    419
85   17   2    48    432
86   13   4    38    169
87   2   5    165    185
88   73   5    180    310
89   41   6    101    324
90   77   5    150    56
91   36   2    21    127
92   42   5    78    153
93   41   5    53    447
94   47   2    40    240
95   21   5    78    312
96   71   2    129    484
97   21   2    13    317
98   11   3    72    287
99   93   4    166    248
100   54   7    96    265
101   57   5    122    240
102   20   4    126    486
103   78   7    78    146
104   48   3    192    190
105   1   7    17    444
106   74   5    71    225
107   48   2    71    484
108   13   7    109    87
109   72   3    174    318
110   81   7    160    396
111   12   5    188    265
112   49   4    177    372
113   32   5    98    383
114   97   4    80    443
115   52   5    104    458
116   96   3    22    310
117   7   7    156    422
118   42   7    148    494
119   81   4    95    389
120   104   5    49    87
121   61   3    195    126
122   23   3    137    256
123   63   2    44    55
124   41   5    100    309
125   91   2    18    467
126   10   2    40    292
127   30   3    94    165
128   26   2    87    497
129   85   4    102    307
130   69   5    138    177
131   95   4    27    361
132   10   2    23    436
133   3   3    101    123
134   119   2    73    361
135   40   3    116    463
136   82   7    165    168
137   51   6    39    294
138   104   7    125    19
139   124   3    65    123
140   83   4    149    50
141   60   7    29    402
142   63   4    8    412
143   21   4    110    55
144   74   5    37    281
145   32   3    21    26
146   85   6    154    47
147   99   5    75    486
148   10   2    49    424
149   41   3    132    18
150   48   2    70    366
151   38   4    40    382
152   139   3    14    334
153   136   2    164    296
154   43   5    72    250
155   49   3    42    244
156   74   6    111    153
157   91   5    49    218
158   6   2    183    123
159   76   5    71    485
160   22   4    93    264
161   84   6    88    410
162   84   3    141    20
163   96   6    38    376
164   115   3    63    90
165   39   6    197    172
166   17   7    34    366
167   121   4    71    319
168   93   6    12    372
169   127   5    148    41
170   6   6    16    181
171   82   4    186    225
172   101   2    19    343
173   113   7    5    467
174   63   5    178    406
175   10   6    33    351
176   97   6    30    92
177   45   7    138    493
178   58   3    112    4
179   80   6    95    211
180   102   4    85    486
181   70   5    158    175
182   103   4    33    38
183   179   2    40    491
184   31   3    117    116
185   5   6    43    281
186   77   2    65    307
187   148   4    131    218
188   87   2    120    217
189   183   6    185    15
190   47   7    116    357
191   104   2    36    387
192   86   3    32    386
193   19   6    20    382
194   13   4    117    74
195   175   5    70    291
196   142   3    175    83
197   186   6    190    38
198   34   5    118    313
199   163   4    42    359
200   47   6    16    373
201   123   6    192    374
202   105   4    47    154
203   91   4    160    40
204   145   3    156    327
205   169   6    91    332
206   88   2    125    231
207   24   5    83    9
208   124   4    44    83
209   106   6    21    216
210   54   2    76    342
211   180   3    69    373
212   48   6    99    5
213   60   6    155    199
214   19   5    20    492
215   51   2    90    150
216   21   2    177    210
217   76   3    177    265
218   175   7    162    11
219   181   4    174    40
220   143   3    163    324
221   91   7    130    249
222   189   3    130    238
223   80   5    14    102
224   204   2    129    364
225   153   3    26    176
226   98   6    140    27
227   145   3    143    269
228   129   7    4    409
229   65   4    44    123
230   119   7    128    203
231   165   3    107    320
232   223   3    125    173
233   95   7    14    491
234   42   7    136    491
235   30   2    158    85
236   145   2    189    400
237   227   5    47    144
238   163   2    35    470
239   130   4    49    494
240   118   3    183    3
241   194   5    161    276
242   197   4    126    425
243   20   4    63    229
244   87   3    162    457
245   86   4    66    151
246   86   5    126    383
247   24   5    160    27
248   48   3    58    281
249   21   7    174    327
250   194   3    74    69
251   128   6    24    396
252   48   3    141    86
253   93   6    108    274
254   182   2    66    442
255   117   2    113    485
256   32   4    22    357
257   13   4    189    494
258   171   7    191    442
259   233   7    79    403
260   103   7    182    249
261   197   4    185    48
262   79   3    53    184
263   197   4    104    455
264   105   3    146    418
265   91   5    26    128
266   216   3    86    346
267   98   6    178    8
268   106   4    87    299
269   162   2    139    157
270   78   7    145    278
271   91   6    15    248
272   6   2    189    147
273   81   3    169    412
274   22   7    178    274
275   168   3    178    125
276   114   2    9    376
277   22   6    157    325
278   63   4    29    398
279   74   3    136    491
280   109   6    148    363
281   32   4    103    52
282   53   6    141    3
283   73   6    12    10
284   265   2    114    290
285   182   7    193    92
286   132   5    193    115
287   9   6    180    156
288   34   2    76    224
289   11   5    96    130
290   207   2    24    314
291   182   7    44    17
292   78   2    141    18
293   262   4    142    413
294   164   5    11    138
295   211   2    173    124
296   260   2    21    254
297   208   4    43    157
298   58   6    46    430
299   145   3    129    470
300   255   3    191    123
301   175   6    68    204
302   245   5    20    428
303   286   5    135    18
304   21   4    36    53
305   18   6    85    300
306   264   5    144    331
307   99   2    15    247
308   273   4    85    494
309   217   3    100    81
310   257   2    46    331
311   206   6    172    396
312   33   5    128    35
313   20   5    22    109
314   207   4    43    84
315   24   4    148    172
316   48   4    120    136
317   128   7    89    462
318   278   4    25    73
319   246   5    20    19
320   254   7    72    476
321   288   4    41    133
322   192   3    8    470
323   231   3    116    14
324   49   2    38    241
325   8   3    120    292
326   98   6    17    315
327   292   7    41    117
328   302   5    178    492
329   266   5    59    224
330   280   4    22    186
331   267   5    80    79
332   26   3    111    34
333   20   7    17    466
334   135   4    119    153
335   135   2    75    438
336   60   4    55    493
337   169   2    156    18
338   56   6    123    6
339   288   6    113    110
340   235   4    2    126
341   160   6    131    442
342   309   3    31    122
343   141   7    53    207
344   48   7    150    319
345   293   7    157    384
346   119   6    34    240
347   335   7    41    352
348   244   7    29    245
349   288   7    187    60
350   121   3    133    370
351   241   3    89    368
352   54   5    64    495
353   33   4    100    134
354   218   2    135    387
355   59   5    25    284
356   216   5    6    286
357   80   6    46    391
358   202   5    28    29
359   166   5    121    216
360   70   7    134    476
