1   0   2    14    5
2   1   2    5    417
3   1   7    68    237
4   1   4    141    493
5   3   4    78    99
6   2   6    33    253
7   3   5    54    441
8   6   3    51    312
9   1   2    146    180
10   4   4    176    362
11   1   3    4    475
12   1   7    1    110
13   9   4    25    114
14   1   7    111    109
15   5   2    127    63
16   3   2    80    440
17   5   3    133    294
18   4   4    105    454
19   2   2    34    179
20   16   2    56    77
21   18   4    69    201
22   8   4    48    456
23   16   6    138    186
24   16   3    183    173
25   18   5    154    301
26   9   2    32    18
27   2   3    7    239
28   7   6    63    179
29   24   2    26    55
30   17   5    114    199
31   23   3    28    242
32   4   7    153    298
33   28   6    166    104
34   1   5    118    44
35   21   6    53    225
36   14   6    11    280
37   8   4    149    217
38   2   5    28    183
39   10   7    59    405
40   20   2    154    450
41   27   2    180    217
42   28   3    118    23
43   21   3    156    346
44   11   6    80    20
45   32   6    107    68
46   31   6    126    232
47   40   7    48    369
48   2   7    86    60
49   10   3    147    294
50   7   6    188    38
51   7   7    141    441
52   16   2    69    311
53   39   7    193    327
54   38   2    7    186
55   17   2    146    422
56   12   5    56    342
57   40   4    185    236
58   35   6    194    264
59   1   3    60    172
60   23   7    111    22
61   46   6    7    153
62   33   6    82    124
63   44   7    89    249
64   54   5    91    232
65   19   4    187    415
66   11   7    152    139
67   24   7    32    281
68   42   3    116    353
69   52   3    50    144
70   6   3    34    271
71   47   4    138    445
72   45   6    37    405
73   6   6    64    184
74   61   6    26    279
75   57   6    187    96
76   73   4    50    246
77   59   2    128    235
78   52   4    155    422
79   47   4    92    365
80   24   7    24    142
81   9   2    63    18
82   48   2    26    414
83   21   6    157    370
84   46   4    27    450
85   75   2    73    376
86   40   3    185    240
87   8   2    187    297
88   42   3    83    122
89   72   6    59    54
90   51   6    13    356
91   64   2    158    62
92   48   7    146    69
93   1   7    31    394
94   91   4    68    48
95   69   4    176    396
96   12   4    23    300
97   30   4    24    123
98   62   7    28    215
99   76   7    133    230
100   27   4    77    280
101   86   2    176    314
102   64   6    33    447
103   29   7    106    103
104   98   3    165    255
105   68   4    99    442
106   21   2    116    316
107   87   7    180    48
108   44   6    48    148
109   91   6    93    345
110   81   4    141    75
111   22   6    168    70
112   78   6    64    293
113   13   4    16    133
114   15   5    191    167
115   11   3    162    44
116   17   6    59    197
117   18   5    115    347
118   60   4    128    333
119   72   5    50    411
120   79   6    96    291
121   87   5    180    367
122   76   7    47    154
123   33   5    78    255
124   34   3    197    273
125   52   2    15    12
126   13   5    12    241
127   121   3    184    96
128   19   3    125    285
129   31   4    51    346
130   16   2    49    379
131   80   6    25    111
132   43   5    15    9
133   78   5    173    349
134   127   6    12    405
135   37   7    139    191
136   41   4    61    167
137   53   6    162    434
138   95   5    122    135
139   38   7    53    399
140   127   2    8    1
141   1   7    196    395
142   6   2    117    232
143   137   6    197    384
144   86   7    8    108
145   22   2    40    5
146   144   5    175    170
147   65   7    152    170
148   42   4    147    362
149   39   6    98    470
150   120   5    82    22
151   76   5    48    213
152   90   3    11    270
153   49   2    14    259
154   11   5    160    132
155   22   2    12    306
156   104   2    141    375
157   135   3    130    55
158   86   7    151    6
159   108   4    48    417
160   113   3    65    120
161   17   5    123    284
162   160   4    102    444
163   15   4    10    52
164   64   5    117    232
165   29   2    192    267
166   96   3    98    157
167   157   5    39    443
168   135   7    137    150
169   22   5    70    423
170   60   6    124    381
171   86   3    46    474
172   22   3    94    97
173   166   6    174    335
174   74   6    10    84
175   109   3    30    430
176   113   2    147    376
177   14   5    197    332
178   79   4    125    369
179   98   4    193    92
180   68   4    198    241
181   144   6    180    59
182   19   3    12    311
183   44   7    30    235
184   130   5    29    287
185   141   2    196    137
186   138   6    42    411
187   78   3    127    88
188   111   5    184    434
189   130   5    111    148
190   149   2    129    327
191   106   5    131    279
192   152   5    196    241
193   87   2    120    158
194   59   3    169    322
195   180   5    69    181
196   128   4    26    499
197   22   7    187    58
198   1   6    113    39
199   189   2    32    433
200   189   5    150    145
201   173   3    182    469
202   108   3    152    495
203   59   5    135    478
204   100   7    182    246
205   58   7    190    411
206   31   5    64    420
207   109   4    7    193
208   61   5    1    493
209   89   4    66    343
210   115   2    122    393
211   209   6    113    60
212   206   2    65    476
213   36   4    157    90
214   167   6    148    423
215   145   2    70    87
216   119   3    41    246
217   36   6    79    489
218   39   5    30    473
219   43   3    113    190
220   171   4    30    19
221   175   3    89    291
222   182   7    132    272
223   86   4    45    149
224   127   4    123    42
225   222   7    150    56
226   169   3    137    18
227   207   7    104    267
228   198   2    97    174
229   120   7    109    315
230   49   4    134    267
231   10   5    176    70
232   134   4    79    420
233   28   3    30    90
234   102   6    83    496
235   36   5    169    17
236   188   5    183    109
237   194   2    30    225
238   236   6    125    173
239   10   5    106    340
240   172   6    99    396
241   47   6    145    47
242   132   3    32    301
243   17   6    12    87
244   38   3    38    344
245   218   2    7    46
246   181   3    10    475
247   108   2    193    73
248   107   5    98    472
249   50   2    191    212
250   112   6    37    169
251   180   6    60    492
252   212   4    23    216
253   195   6    140    256
254   102   6    29    378
255   108   3    13    363
256   35   7    113    39
257   197   3    62    138
258   187   5    101    445
259   31   2    55    315
260   231   4    109    361
261   248   3    125    91
262   181   5    46    99
263   163   3    64    344
264   106   6    60    487
265   57   4    111    454
266   245   7    148    97
267   225   3    190    339
268   139   2    138    457
269   37   2    16    223
270   260   3    114    165
271   74   4    139    50
272   23   3    150    229
273   164   7    32    304
274   228   6    163    30
275   15   6    138    474
276   96   7    190    38
277   191   7    76    490
278   271   6    7    373
279   110   3    16    496
280   127   2    191    241
281   196   7    16    267
282   232   6    7    186
283   200   7    39    117
284   281   6    93    392
285   3   3    199    230
286   103   5    56    135
287   271   5    106    419
288   146   5    172    215
289   248   2    24    31
290   184   7    124    238
291   236   3    146    4
292   167   3    192    201
293   51   5    98    360
294   210   6    197    401
295   1   7    102    99
296   290   2    140    22
297   2   5    60    111
298   76   5    187    287
299   165   4    151    274
300   100   6    158    297
301   155   4    52    162
302   58   5    138    498
303   232   7    66    33
304   148   6    42    489
305   206   5    85    218
306   68   5    117    458
307   304   4    186    247
308   213   6    41    382
309   141   7    91    51
310   13   4    13    125
311   88   7    36    238
312   96   7    62    147
313   223   5    72    407
314   190   5    134    310
315   226   6    109    193
316   218   7    183    193
317   216   4    65    95
318   9   3    112    46
319   135   5    59    380
320   218   6    173    398
321   297   3    104    275
322   253   2    193    252
323   196   7    129    71
324   281   3    101    206
325   255   3    137    195
326   173   2    145    344
327   309   4    96    256
328   242   7    60    369
329   121   5    136    176
330   288   5    76    65
331   287   5    197    275
332   309   2    17    139
333   270   6    77    33
334   42   2    116    470
335   26   7    10    406
336   253   2    154    380
337   229   7    47    82
338   268   6    32    459
339   128   7    151    411
340   43   2    55    467
341   42   7    107    17
342   126   3    91    326
343   177   6    188    214
344   200   7    37    46
345   198   4    72    15
346   232   7    141    430
347   277   2    38    6
348   97   4    83    84
349   292   3    121    57
350   69   2    16    265
351   288   4    21    338
352   85   2    165    45
353   26   6    66    75
354   324   3    93    166
355   56   3    164    272
356   291   2    4    115
357   171   7    37    235
358   278   2    86    65
359   344   3    190    343
360   172   7    14    48
361   7   5    61    352
362   246   6    38    50
363   208   4    54    313
364   1   5    120    219
365   300   4    146    120
366   257   5    157    373
367   271   3    122    257
368   276   7    84    107
369   242   6    61    358
370   331   2    18    296
371   74   7    33    213
372   300   2    90    205
373   290   7    170    60
374   123   4    84    267
375   281   5    10    128
376   59   7    129    186
377   39   2    11    245
378   7   3    64    219
379   279   3    39    251
380   377   3    125    314
381   32   4    179    251
382   26   5    119    101
383   209   4    177    202
384   77   4    72    62
385   164   4    165    489
386   291   4    51    448
387   63   5    49    176
388   3   4    14    140
389   12   2    73    221
390   58   3    70    399
391   47   6    170    37
392   105   7    193    389
393   283   4    91    188
394   341   3    57    465
395   257   6    144    396
396   154   7    67    200
397   265   7    100    163
398   299   2    165    335
399   57   7    8    24
400   154   2    80    236
401   160   4    127    66
402   282   5    69    270
403   112   6    160    157
404   375   6    178    239
405   307   2    183    290
406   271   3    140    29
407   342   7    120    497
408   208   5    1    57
409   180   6    18    297
410   391   7    149    50
411   343   4    54    344
412   133   3    48    112
413   150   2    168    298
414   350   5    132    17
415   381   7    30    204
416   151   7    100    40
417   29   3    29    5
418   278   4    129    353
419   263   6    56    121
420   228   5    117    48
421   378   7    169    100
422   208   5    105    398
423   409   6    137    334
424   48   7    42    111
425   266   7    178    274
426   223   2    192    300
427   393   2    196    136
428   56   5    70    256
429   21   2    106    384
430   3   7    194    414
431   140   3    179    309
432   314   6    194    486
433   375   2    187    217
434   143   3    136    17
435   279   3    46    33
436   87   7    125    314
437   141   6    164    228
438   105   6    67    325
439   396   6    83    106
440   209   2    192    337
441   38   5    114    232
442   428   5    71    443
443   61   2    4    36
444   432   3    107    42
445   273   2    67    409
446   7   7    46    385
447   214   3    119    86
448   33   5    197    5
449   63   6    2    112
450   21   2    75    270
451   428   2    184    395
452   63   4    146    91
453   37   5    72    223
454   284   2    100    416
455   182   2    11    74
456   150   5    15    278
457   344   5    109    165
458   138   6    84    14
459   112   3    16    381
460   86   6    163    314
461   255   2    197    113
462   118   5    129    81
463   377   7    26    145
464   379   5    81    243
465   286   7    30    121
466   318   4    163    122
467   353   6    35    419
468   240   2    169    104
469   268   7    163    370
470   465   6    159    380
471   35   7    16    63
472   211   7    82    327
473   466   5    189    183
474   166   6    4    302
475   362   7    29    229
476   230   6    90    224
477   294   3    160    305
478   468   4    43    456
479   280   7    171    151
480   340   7    152    304
481   197   4    9    478
482   222   4    53    125
483   167   2    154    431
484   43   5    191    345
485   377   4    174    470
486   129   7    82    106
487   410   6    49    309
488   130   2    176    470
489   314   3    141    161
490   205   5    97    43
491   114   4    101    129
492   175   7    147    224
493   401   6    166    333
494   462   6    81    110
495   41   7    124    499
496   320   3    183    84
497   347   5    166    299
498   188   2    75    375
499   206   5    54    156
500   481   7    154    484
501   317   6    61    389
502   485   4    109    423
503   245   2    184    99
504   186   7    107    78
505   105   2    68    176
506   421   4    43    286
507   436   2    140    139
508   68   2    177    186
509   218   6    94    29
510   291   7    138    311
511   384   5    40    434
512   287   3    129    240
513   381   7    161    137
514   495   3    169    357
515   54   6    101    437
516   372   5    31    464
517   55   7    88    419
518   39   6    135    255
519   307   2    49    472
520   335   7    11    189
521   407   3    190    193
522   391   5    32    109
523   443   2    108    350
524   156   6    154    165
525   246   5    36    76
526   40   5    93    15
527   341   7    90    123
528   501   7    103    87
529   306   7    93    470
530   54   2    158    49
531   124   7    188    258
532   225   7    9    43
533   104   4    21    48
534   160   5    80    157
535   427   6    148    186
536   275   5    174    125
537   69   7    50    496
538   375   5    67    252
539   514   5    107    474
540   179   5    132    7
541   352   4    21    364
542   486   4    104    490
543   346   7    175    184
544   468   3    188    114
545   407   2    192    155
546   449   3    25    313
547   7   2    8    252
548   319   5    103    170
549   223   5    196    237
550   279   5    135    86
551   258   4    93    295
552   467   7    97    128
553   513   4    76    273
554   505   4    119    436
555   125   2    30    338
556   381   5    77    386
557   542   3    173    348
558   337   5    162    56
559   232   5    197    382
560   449   7    169    476
561   256   3    58    116
562   262   3    50    416
563   37   7    47    156
564   279   2    187    277
565   328   2    112    6
566   94   2    87    267
567   283   5    157    204
568   246   3    183    168
569   59   2    128    261
570   302   2    85    467
571   520   4    152    316
572   144   7    125    102
573   461   4    34    119
574   478   4    3    478
575   118   5    168    247
576   134   4    182    305
577   326   3    188    52
578   241   4    18    162
579   82   4    28    193
580   115   3    145    188
581   117   5    79    62
582   164   2    178    421
583   468   5    124    137
584   554   5    172    427
585   187   4    34    366
586   102   4    64    417
587   69   4    133    497
588   499   2    38    363
589   354   3    146    147
590   587   6    97    128
591   533   2    129    101
592   536   7    168    206
593   159   4    62    179
594   285   2    124    87
595   573   5    123    126
596   417   7    106    411
597   156   3    185    385
598   543   2    124    339
599   478   5    100    398
600   484   6    11    191
601   313   6    101    90
602   594   4    185    103
603   190   7    43    223
604   462   6    24    231
605   143   4    79    395
606   596   7    82    177
607   238   3    61    439
608   328   4    191    227
609   67   7    103    128
610   320   4    146    22
611   434   2    30    278
612   501   4    46    139
613   259   2    194    108
614   379   4    139    486
615   13   7    134    193
616   354   7    113    388
617   576   3    15    182
618   278   5    169    257
619   90   5    131    269
620   602   2    128    61
621   85   3    37    194
622   273   2    176    36
623   422   2    3    67
624   390   4    143    379
625   608   7    46    112
626   350   6    102    142
627   260   7    84    479
628   345   5    127    333
629   396   7    153    129
630   1   3    156    412
631   321   4    21    139
632   298   6    163    92
633   577   3    52    340
634   66   5    37    274
635   14   3    28    363
636   173   7    121    185
637   131   4    119    325
638   605   3    138    187
639   166   5    131    77
640   373   6    171    219
641   466   7    164    39
642   68   6    135    137
643   435   4    149    81
644   474   7    39    248
645   400   4    12    69
646   177   4    5    368
647   480   6    58    342
648   586   5    108    397
649   289   5    77    146
650   150   3    157    198
651   169   3    165    62
652   44   3    44    392
653   52   3    107    395
654   151   2    144    216
655   49   7    178    272
656   317   4    26    26
657   114   2    76    59
658   365   4    14    54
659   612   7    97    485
660   544   4    7    194
661   269   6    196    327
662   601   5    149    180
663   89   4    185    380
664   405   4    195    230
665   588   2    64    240
666   153   4    58    39
667   429   5    59    374
668   461   4    41    467
669   311   6    60    123
670   229   4    109    122
671   31   4    33    430
672   428   4    54    315
673   295   3    37    9
674   550   5    144    457
675   384   5    172    142
676   591   6    158    485
677   117   3    129    115
678   243   4    133    118
679   410   7    44    32
680   426   2    49    70
681   636   3    62    478
682   624   4    97    228
683   338   7    73    386
684   618   4    50    271
685   402   5    191    7
686   618   3    122    324
687   307   6    155    225
688   352   4    11    144
689   494   7    52    18
690   204   4    195    355
691   553   6    93    263
692   71   5    64    138
693   125   6    62    474
694   296   6    31    121
695   150   7    56    207
696   146   3    53    399
697   498   2    90    171
698   279   4    186    350
699   663   4    28    89
700   544   4    63    411
701   624   4    24    48
702   219   4    99    245
703   139   6    102    410
704   552   2    143    325
705   114   2    11    24
706   687   3    66    383
707   602   4    8    386
708   364   2    182    361
709   271   2    117    371
710   188   2    39    477
711   490   5    36    181
712   473   7    138    86
713   356   6    149    474
714   74   4    36    86
715   323   7    83    265
716   279   5    15    480
717   567   3    91    93
718   581   2    137    196
719   228   3    98    124
720   257   4    3    188
721   227   4    56    459
722   627   6    139    431
723   179   5    111    482
724   614   5    39    14
725   330   4    193    241
726   155   7    158    313
727   694   2    178    177
728   60   7    134    132
729   652   4    21    202
730   165   5    93    280
731   516   5    171    160
732   608   5    131    3
733   513   7    29    317
734   232   5    36    253
735   150   3    152    184
736   297   6    51    114
737   51   4    190    251
738   719   6    56    414
739   138   6    187    423
740   657   7    42    54
741   680   4    82    421
742   105   5    172    60
743   166   4    49    494
744   644   2    85    48
745   337   4    101    446
746   360   2    97    422
747   110   4    77    137
748   301   3    103    148
749   391   5    60    9
750   404   5    156    398
751   129   7    38    20
752   549   6    64    50
753   202   2    159    290
754   147   5    168    92
755   643   5    55    137
756   363   5    176    211
757   114   5    184    90
758   620   5    3    494
759   384   3    179    183
760   622   6    184    467
761   549   2    83    193
762   501   7    163    264
763   586   4    118    20
764   31   6    46    240
765   759   5    66    20
766   425   7    188    52
767   612   5    26    465
768   585   2    44    383
769   357   2    52    336
770   52   5    152    350
771   395   5    38    413
772   88   3    31    166
773   683   3    37    6
774   737   4    34    386
775   685   6    155    163
776   419   2    79    231
777   763   3    58    297
778   700   3    80    188
779   165   7    90    73
780   151   7    82    163
781   305   7    8    203
782   572   5    88    121
783   132   6    174    384
784   336   5    97    419
785   359   4    128    211
786   644   5    188    290
787   235   5    31    492
788   167   4    5    155
789   251   7    8    87
790   230   3    169    229
791   362   3    27    388
792   546   4    161    492
793   765   2    123    254
794   260   2    74    263
795   359   6    137    240
796   465   2    169    418
797   75   6    103    446
798   424   3    63    362
799   694   6    183    243
800   721   6    7    365
801   517   3    167    132
802   164   6    166    303
803   520   2    183    243
804   92   3    90    458
805   111   3    85    386
806   570   2    27    355
807   799   4    153    102
808   578   3    1    247
809   229   3    154    30
810   612   7    194    95
811   755   7    128    425
812   10   7    125    498
813   401   5    121    318
814   296   5    17    233
815   614   7    83    130
816   677   4    88    370
817   81   4    183    188
818   642   7    158    449
819   231   4    68    138
820   521   5    7    282
821   658   3    181    79
822   278   3    193    337
823   153   4    130    142
824   89   5    105    51
825   164   4    193    403
826   702   2    22    467
827   621   5    123    426
828   442   2    48    138
829   221   2    105    245
830   658   4    196    397
831   653   2    82    281
832   66   4    69    211
833   390   2    63    98
834   582   7    3    120
835   123   2    31    61
836   622   6    45    225
837   81   2    101    416
838   776   3    188    110
839   621   6    80    379
840   567   3    33    357
841   48   6    182    325
842   315   5    90    301
843   412   2    113    375
844   478   2    135    303
845   506   4    100    468
846   231   5    122    164
847   412   2    162    227
848   474   6    56    201
849   384   5    176    444
850   680   5    106    467
851   87   2    109    202
852   651   6    105    415
853   293   3    4    353
854   142   7    159    304
855   449   6    105    7
856   827   3    31    246
857   503   3    90    431
858   331   3    119    438
859   41   3    13    151
860   477   5    38    414
861   404   2    177    10
862   727   3    103    172
863   240   5    141    256
864   468   3    191    107
865   346   3    154    372
866   413   5    77    58
867   266   5    46    302
868   787   5    9    70
869   412   4    156    464
870   175   7    155    56
871   103   7    187    188
872   148   7    192    367
873   323   2    109    466
874   275   5    170    165
875   457   6    49    479
876   125   2    175    59
877   521   6    107    100
878   575   2    156    27
879   806   7    85    444
880   253   6    131    117
881   582   3    39    108
882   366   7    119    43
883   649   5    102    450
884   601   5    185    30
885   780   5    1    268
886   153   2    73    381
887   101   5    175    470
888   211   6    148    357
889   503   6    185    10
890   859   5    194    277
891   149   5    5    117
892   167   2    134    395
893   827   5    42    397
894   614   6    184    82
895   280   6    136    205
896   843   6    177    148
897   405   4    152    81
898   818   4    147    458
899   89   4    29    369
900   624   5    80    27
901   514   5    117    51
902   862   2    126    127
903   377   6    3    263
904   212   4    130    350
905   87   3    121    403
906   246   6    163    169
907   819   4    145    133
908   350   7    43    317
909   663   3    33    166
910   738   4    125    84
911   524   2    17    172
912   383   2    22    212
913   84   4    73    211
914   602   6    118    1
915   256   7    29    181
916   686   7    94    223
917   830   6    99    431
918   566   6    112    270
919   174   2    134    373
920   187   5    146    163
921   357   7    151    266
922   786   6    176    201
923   803   6    145    386
924   475   2    138    339
925   1   4    94    385
926   547   4    42    34
927   916   3    87    37
928   114   5    149    138
929   313   3    20    36
930   727   5    46    215
931   51   4    182    310
932   570   6    123    16
933   385   6    108    380
934   826   2    24    122
935   255   2    49    373
936   385   3    167    447
937   748   3    136    252
938   109   6    5    425
939   430   3    69    330
940   718   2    13    200
941   389   5    97    3
942   74   2    95    393
943   495   6    158    346
944   735   7    7    343
945   569   2    142    271
946   133   6    110    51
947   423   2    67    177
948   47   4    185    62
949   96   4    94    491
950   249   6    194    260
951   581   4    70    328
952   580   5    196    391
953   245   2    71    389
954   764   4    162    227
955   581   7    137    48
956   416   5    120    235
957   556   6    104    459
958   746   6    127    271
959   817   2    46    237
960   737   6    59    341
961   50   5    158    356
962   12   6    116    156
963   932   4    10    474
964   278   7    67    53
965   157   7    74    285
966   765   2    48    78
967   728   6    190    446
968   516   4    107    178
969   731   2    16    98
970   580   6    16    284
971   954   4    94    142
972   833   4    50    469
973   75   5    187    441
974   856   6    111    437
975   265   6    180    385
976   931   4    40    281
977   356   6    101    483
978   617   3    153    90
979   914   5    17    74
980   760   6    7    388
981   394   7    25    290
982   634   3    69    67
983   527   5    104    229
984   716   2    178    411
985   27   3    64    374
986   456   2    171    326
987   64   6    117    175
988   66   5    165    471
989   588   7    191    8
990   260   2    185    417
991   625   7    13    379
992   218   2    148    476
993   38   7    8    283
994   106   5    111    254
995   993   2    140    125
996   786   7    30    20
997   471   5    96    289
998   701   3    69    444
999   377   6    47    214
1000   467   3    73    270
1001   205   4    91    310
1002   1   7    102    358
1003   649   6    187    174
1004   307   6    107    310
1005   571   3    148    3
1006   964   2    164    217
1007   349   3    143    105
1008   805   7    193    344
1009   556   4    198    289
1010   242   7    190    91
1011   496   5    131    412
1012   29   5    39    364
1013   940   6    53    270
1014   170   6    20    221
1015   931   4    130    127
1016   123   6    129    473
1017   469   2    87    380
1018   383   6    91    49
1019   735   5    140    467
1020   169   7    183    143
1021   812   5    19    68
1022   557   4    85    254
1023   454   4    128    350
1024   252   7    135    437
