1   0   3    19    38
2   1   7    54    289
3   1   7    31    377
4   1   7    168    436
5   2   6    12    216
6   4   3    62    79
7   4   3    190    120
8   5   5    87    171
9   3   5    59    351
10   2   6    80    13
11   2   2    113    466
12   7   7    109    267
13   4   7    30    452
14   4   2    21    305
15   12   2    147    228
16   1   6    51    151
17   8   2    111    163
18   2   5    81    470
19   1   2    152    483
20   8   3    43    64
21   10   6    30    405
22   16   5    91    52
23   11   5    185    246
24   18   2    14    432
25   14   2    11    253
26   8   3    85    412
27   6   6    105    342
28   23   7    29    52
29   11   7    182    135
30   18   2    9    100
31   12   5    152    356
32   8   6    191    45
33   25   4    133    122
34   30   2    34    485
35   13   7    57    122
36   20   6    197    7
37   20   7    19    64
38   4   4    32    38
39   21   5    138    488
40   15   3    194    110
41   7   4    125    216
42   34   4    189    29
43   5   7    165    320
44   7   2    192    136
45   10   5    92    412
46   24   7    149    197
47   41   6    148    342
48   42   5    174    30
49   1   5    7    116
50   38   7    73    469
51   22   7    194    12
52   5   4    166    10
53   24   4    105    320
54   28   5    133    24
55   28   3    154    233
56   33   6    143    184
57   25   4    167    331
58   7   4    75    203
59   31   2    56    72
60   18   2    188    64
61   35   6    81    361
62   8   3    115    360
63   20   3    107    461
64   15   4    73    396
65   35   7    194    36
66   9   4    75    121
67   14   3    49    98
68   61   3    192    465
69   15   3    62    147
70   40   4    25    432
71   23   5    161    25
72   49   7    1    259
73   20   6    114    88
74   31   7    169    290
75   13   7    118    19
76   41   7    95    169
77   22   5    120    369
78   74   3    111    423
79   23   6    152    96
80   27   4    26    156
81   48   5    166    187
82   41   6    158    383
83   57   5    107    245
84   32   5    52    59
85   70   2    76    215
86   30   2    175    25
87   64   3    191    375
88   17   5    1    464
89   78   7    182    242
90   4   4    96    21
91   56   3    123    234
92   62   5    187    162
93   16   6    135    232
94   18   6    199    147
95   37   2    152    50
96   66   6    112    411
97   18   7    167    441
98   17   6    159    225
99   30   4    94    272
100   76   6    69    475
101   78   6    80    472
102   37   2    160    421
103   10   7    83    185
104   46   5    115    355
105   86   3    111    494
106   95   7    36    332
107   77   2    70    497
108   93   5    93    452
109   21   5    161    168
110   79   3    67    480
111   24   2    72    489
112   37   5    12    301
113   24   6    16    260
114   29   5    189    47
115   82   5    10    339
116   39   7    136    76
117   111   5    100    62
118   23   7    145    331
119   26   6    57    43
120   110   5    128    423
121   103   3    52    423
122   32   2    137    231
123   75   6    3    474
124   8   6    162    172
125   79   4    19    276
126   22   7    165    69
127   80   4    18    339
128   119   7    69    396
129   57   7    27    79
130   47   4    118    184
131   14   7    61    55
132   72   2    97    33
133   16   7    160    345
134   22   5    49    327
135   114   5    101    434
136   13   7    106    404
137   52   3    198    311
138   118   5    191    240
139   119   6    3    182
140   100   7    156    249
141   85   4    41    46
142   127   5    57    226
143   86   2    41    121
144   45   6    82    336
145   61   3    126    21
146   24   6    42    298
147   116   5    74    487
148   55   5    194    441
149   48   3    110    266
150   113   4    15    258
151   101   2    105    361
152   1   4    129    169
153   127   2    93    261
154   110   7    42    389
155   138   3    2    243
156   73   2    70    281
157   151   6    160    170
158   65   4    115    423
159   28   6    161    496
160   146   2    101    337
161   154   2    34    198
162   123   5    99    27
163   9   2    194    36
164   47   4    106    408
165   89   6    117    426
166   76   3    53    312
167   152   3    45    406
168   30   3    28    105
169   46   4    28    405
170   142   7    162    410
171   88   7    118    39
172   160   5    61    327
173   22   3    22    25
174   61   4    192    451
175   133   4    63    15
176   71   2    123    444
177   62   4    176    213
178   17   4    95    216
179   14   4    84    186
180   52   7    146    231
181   76   5    120    422
182   72   6    30    489
183   174   5    180    77
184   3   2    42    48
185   37   7    82    406
186   94   5    116    406
187   73   2    178    335
188   9   2    40    24
189   183   3    82    399
190   107   3    78    93
191   31   2    144    377
192   181   2    136    167
193   71   5    4    483
194   32   2    46    73
195   90   3    97    423
196   12   7    14    172
197   158   3    144    372
198   131   6    4    201
199   117   6    167    31
200   112   7    115    99
201   52   2    132    85
202   8   6    139    34
203   116   6    103    254
204   190   6    160    221
205   174   6    72    168
206   61   3    199    304
207   165   6    131    175
208   69   6    127    464
209   130   2    52    486
210   21   4    65    496
211   92   5    26    198
212   91   6    57    337
213   190   6    84    402
214   72   6    108    143
215   197   3    15    318
216   47   5    184    146
217   55   6    111    323
218   177   2    157    197
219   174   7    174    448
220   165   4    69    192
221   142   3    137    56
222   66   3    45    32
223   66   3    78    16
224   25   3    11    159
225   49   3    119    165
226   125   7    100    292
227   35   4    12    113
228   211   6    147    336
229   1   4    83    306
230   46   6    74    364
231   76   6    198    265
232   202   6    24    499
233   106   3    181    499
234   55   2    34    20
235   55   2    142    18
236   10   4    29    258
237   39   5    193    305
238   64   3    153    384
239   213   3    49    179
240   55   4    113    145
241   235   6    83    72
242   206   5    171    38
243   87   6    119    132
244   174   3    14    214
245   182   4    114    375
246   100   5    135    216
247   193   3    118    380
248   182   4    188    67
249   116   2    141    447
250   128   2    158    401
251   73   4    6    276
252   20   6    40    263
253   92   4    123    227
254   55   3    184    318
255   241   4    138    117
256   241   7    181    45
257   188   6    38    272
258   113   4    127    109
259   18   4    172    457
260   33   5    53    499
261   30   5    68    462
262   81   3    167    116
263   1   3    162    136
264   55   3    178    315
265   250   5    30    114
266   248   2    24    491
267   76   6    55    366
268   124   6    9    469
269   258   6    125    115
270   96   2    27    153
271   138   5    3    57
272   200   4    72    441
273   79   6    161    341
274   104   4    13    178
275   2   2    178    417
276   64   5    152    309
277   2   5    54    92
278   190   6    108    161
279   30   5    33    378
280   55   7    83    141
281   111   3    86    427
282   3   5    47    312
283   24   5    190    433
284   239   3    124    388
285   180   4    103    181
286   113   6    39    376
287   244   7    33    479
288   178   7    161    80
289   67   3    104    374
290   267   4    121    233
291   202   3    180    202
292   179   3    101    405
293   16   4    124    388
294   282   4    124    492
295   45   5    34    20
296   261   7    4    313
297   21   4    119    332
298   10   5    28    472
299   216   3    58    483
300   181   6    141    485
301   123   6    169    68
302   28   5    197    497
303   200   5    60    244
304   111   3    97    483
305   234   4    181    159
306   158   2    97    69
307   58   5    120    246
308   102   6    180    343
309   167   5    66    426
310   271   5    4    396
311   175   2    181    457
312   65   6    67    167
313   56   5    6    497
314   82   7    86    244
315   19   2    83    273
316   61   4    13    138
317   202   4    111    13
318   303   2    115    329
319   301   2    189    373
320   163   4    128    404
321   238   3    124    339
322   12   4    116    28
323   101   2    7    141
324   120   2    41    65
325   6   2    121    103
326   177   2    86    478
327   80   3    51    499
328   86   5    58    370
329   262   6    100    78
330   38   7    183    355
331   150   3    79    325
332   323   7    35    484
333   306   7    155    442
334   20   5    37    206
335   286   5    114    122
336   160   4    32    473
337   317   5    45    349
338   41   7    12    300
339   251   4    165    382
340   53   2    166    31
341   128   4    52    153
342   100   6    131    425
343   39   5    76    159
344   205   4    114    193
345   245   2    176    228
346   47   6    51    342
347   184   3    112    137
348   191   7    29    368
349   33   3    177    12
350   51   2    193    30
351   227   3    127    1
352   268   3    156    479
353   70   3    36    448
354   329   6    94    200
355   7   4    123    53
356   298   7    124    91
357   166   5    129    176
358   191   7    133    205
359   111   6    127    209
360   166   4    195    321
361   57   7    166    389
362   327   6    124    14
363   284   6    194    68
364   90   4    45    292
365   342   3    67    466
366   141   6    9    210
367   213   4    44    439
368   151   7    119    350
369   240   2    137    349
370   259   3    63    53
371   40   4    125    178
372   149   2    197    282
373   89   3    39    58
374   342   7    161    338
375   186   4    122    13
376   257   5    3    235
377   282   7    158    46
378   324   3    48    455
379   258   5    53    174
380   51   5    61    32
381   135   7    7    36
382   189   7    141    140
383   97   4    167    496
384   363   2    144    421
385   381   3    93    42
386   254   2    33    466
387   276   6    90    54
388   51   6    47    159
389   38   3    197    145
390   47   4    32    455
391   171   6    3    348
392   227   7    152    7
393   193   2    2    89
394   71   4    11    413
395   386   2    62    402
396   142   4    27    310
397   188   6    25    195
398   209   6    168    482
399   376   3    109    342
400   72   4    69    388
401   352   5    177    243
402   357   4    30    220
403   156   4    198    234
404   4   5    121    120
405   29   2    158    479
406   127   4    83    130
407   113   6    198    13
408   143   5    150    278
409   182   6    90    261
410   353   4    9    351
411   78   7    3    473
412   293   6    185    164
413   168   5    21    30
414   186   5    68    325
415   310   3    103    6
416   180   5    168    217
417   294   3    102    19
418   360   6    138    59
419   174   7    36    453
420   317   6    111    98
421   80   5    191    16
422   372   2    144    146
423   344   2    138    141
424   284   6    165    306
425   98   6    39    275
426   380   2    190    405
427   220   7    55    228
428   297   5    105    354
429   8   7    34    208
430   383   3    76    152
431   258   3    152    301
432   197   3    67    454
433   87   3    62    108
434   17   7    21    103
435   242   4    196    248
436   188   7    148    466
437   273   2    84    344
438   4   5    25    11
439   63   7    99    414
440   372   2    13    33
441   117   4    29    82
442   389   7    167    195
443   79   5    163    311
444   350   5    138    498
445   197   3    30    361
446   226   6    27    452
447   424   5    84    176
448   322   3    18    448
449   152   4    128    378
450   175   7    5    190
451   268   2    65    119
452   15   2    175    295
453   228   6    61    427
454   81   2    172    36
455   250   5    29    199
456   222   3    102    477
457   218   6    101    435
458   92   3    111    340
459   227   6    73    2
460   60   7    162    352
461   210   7    174    442
462   155   2    190    23
463   79   7    86    272
464   37   4    91    376
465   386   5    71    435
466   46   5    47    197
467   167   2    161    186
468   262   3    105    451
469   299   7    120    37
470   352   4    16    212
471   31   5    174    2
472   250   7    100    247
473   158   5    168    256
474   55   5    11    407
475   410   3    34    328
476   167   3    111    479
477   258   5    111    256
478   200   4    86    382
479   333   2    191    332
480   209   6    186    407
481   111   5    68    15
482   423   7    156    15
483   4   7    40    296
484   49   4    153    480
485   183   4    155    284
486   336   2    75    105
487   397   5    167    60
488   225   3    115    420
489   117   2    112    157
490   53   7    62    450
491   488   4    176    458
492   204   4    121    152
493   290   7    16    63
494   324   3    58    89
495   425   2    79    399
496   398   3    190    336
497   349   3    69    262
498   416   4    48    202
499   412   4    75    88
500   497   4    178    121
501   183   4    142    482
502   303   2    194    145
503   468   2    191    457
504   99   3    19    184
505   447   6    5    172
506   262   2    191    400
507   112   7    42    368
508   213   7    142    456
509   178   6    65    398
510   288   4    175    361
511   128   3    86    169
512   226   3    57    456
513   43   7    17    342
514   164   5    166    289
515   12   4    30    108
516   168   2    189    79
517   208   6    173    282
518   358   6    22    14
519   150   4    149    389
520   9   4    24    411
521   378   6    73    229
522   166   5    50    397
523   312   4    2    402
524   201   5    125    360
525   338   7    174    78
526   200   4    130    469
527   509   5    130    206
528   255   5    63    359
529   253   2    37    95
530   364   6    106    312
531   308   3    128    46
532   528   7    7    407
533   459   7    182    125
534   84   5    44    412
535   373   6    93    429
536   443   4    111    331
537   126   3    81    470
538   373   7    121    206
539   166   5    124    251
540   348   7    194    338
541   408   3    114    316
542   116   7    112    117
543   535   4    19    163
544   148   7    99    17
545   44   4    154    411
546   79   7    19    468
547   150   6    136    395
548   168   7    142    285
549   162   3    133    232
550   251   3    116    204
551   112   5    148    84
552   357   4    122    157
553   444   2    113    113
554   426   7    137    283
555   493   5    139    465
556   480   3    40    137
557   458   7    101    23
558   461   5    89    403
559   99   5    112    224
560   104   3    192    450
561   417   4    118    471
562   52   3    149    406
563   271   6    188    62
564   136   2    189    391
565   437   4    28    146
566   501   3    72    1
567   247   5    156    347
568   395   7    117    18
569   355   3    132    406
570   355   4    107    167
571   193   2    95    461
572   460   7    190    495
573   478   5    105    438
574   127   2    23    22
575   377   5    95    347
576   95   6    28    205
577   487   4    131    26
578   236   4    121    271
579   458   6    138    353
580   533   2    191    225
581   341   6    170    196
582   275   7    161    403
583   441   4    5    138
584   327   2    70    50
585   92   4    64    119
586   570   6    123    425
587   45   7    110    143
588   574   7    166    499
589   38   4    32    237
590   219   7    165    281
591   514   5    167    23
592   539   7    92    249
593   242   4    130    88
594   314   7    108    211
595   112   6    99    252
596   250   3    53    419
597   174   6    48    326
598   291   4    69    132
599   158   7    126    411
600   416   6    58    53
601   440   2    179    7
602   498   2    134    51
603   108   4    94    24
604   427   6    155    265
605   410   3    90    134
606   402   6    117    302
607   35   2    16    63
608   97   3    102    69
609   163   3    182    347
610   64   7    114    15
611   108   4    66    429
612   77   2    182    251
613   207   4    153    196
614   96   4    49    481
615   485   7    41    486
616   430   5    21    200
617   397   3    156    209
618   35   7    56    113
619   189   2    150    396
620   116   7    32    42
621   299   4    173    278
622   128   6    78    246
623   528   4    178    23
624   153   4    79    265
625   485   4    135    166
626   32   5    47    357
627   148   7    181    197
628   268   6    37    296
629   584   7    10    330
630   437   2    33    426
631   573   6    178    265
632   275   2    9    8
633   117   4    144    318
634   119   2    169    379
635   622   6    10    491
636   290   5    91    199
637   271   4    178    270
638   355   6    68    273
639   227   7    46    447
640   262   7    186    140
641   531   4    30    493
642   238   2    86    14
643   598   5    88    329
644   23   6    38    267
645   408   4    170    11
646   523   7    199    13
647   121   7    199    354
648   221   2    68    182
649   150   4    43    61
650   471   3    54    88
651   455   3    123    198
652   605   4    199    131
653   531   6    8    379
654   24   5    17    274
655   529   5    165    355
656   428   6    16    190
657   396   7    62    155
658   199   3    63    198
659   6   7    187    104
660   401   7    119    322
661   268   2    137    261
662   177   7    95    487
663   579   6    127    37
664   215   4    150    132
665   655   4    18    16
666   183   3    185    312
667   345   4    126    10
668   24   4    170    273
669   134   2    118    323
670   423   5    124    453
671   394   6    64    67
672   374   3    87    285
673   316   2    124    214
674   52   5    147    199
675   332   3    76    309
676   161   2    194    116
677   225   2    27    195
678   340   5    131    133
679   296   4    38    371
680   288   5    133    101
681   337   5    68    117
682   387   4    56    88
683   3   7    128    315
684   392   7    105    133
685   199   6    54    383
686   586   7    77    235
687   338   6    93    297
688   584   7    127    215
689   389   4    97    186
690   528   4    160    496
691   19   6    67    450
692   633   7    53    70
693   147   7    192    2
694   206   6    129    272
695   15   7    141    293
696   318   5    104    100
697   469   7    44    170
698   516   2    112    371
699   542   2    134    39
700   344   3    159    159
701   650   4    99    418
702   11   7    115    487
703   402   6    15    396
704   292   6    91    344
705   416   4    5    161
706   273   2    99    286
707   246   3    168    206
708   600   2    137    292
709   335   4    134    20
710   170   7    114    488
711   441   4    95    324
712   520   6    10    252
713   694   5    30    495
714   388   7    171    16
715   38   7    64    277
716   649   5    105    471
717   258   3    80    304
718   407   7    49    111
719   362   5    61    300
720   82   2    149    269
721   307   7    192    88
722   280   3    54    371
723   79   2    37    406
724   490   7    107    182
725   238   6    43    226
726   431   2    144    35
727   360   2    85    65
728   403   6    76    324
729   238   2    32    422
730   235   2    176    68
731   302   6    27    133
732   98   5    18    428
733   620   5    109    470
734   141   2    16    33
735   281   2    34    25
736   81   2    126    293
737   402   3    81    223
738   598   4    64    276
739   148   5    86    105
740   225   5    42    55
741   245   6    79    268
742   345   2    6    326
743   183   5    183    90
744   357   4    161    409
745   350   7    77    450
746   623   5    122    275
747   157   5    31    356
748   183   2    78    324
749   531   2    71    217
750   743   6    32    108
751   179   2    58    394
752   485   2    132    268
753   463   2    139    226
754   166   4    166    374
755   143   6    69    212
756   178   5    138    332
757   732   3    87    315
758   753   4    34    30
759   350   3    29    18
760   425   2    88    42
761   138   7    191    16
762   136   3    65    357
763   647   3    197    383
764   26   6    154    278
765   101   3    77    193
766   616   3    16    58
767   189   6    141    164
768   391   5    144    197
769   748   4    58    142
770   175   7    113    331
771   70   7    131    313
772   310   4    13    122
773   230   2    182    43
774   171   6    121    439
775   574   5    175    440
776   437   6    32    393
777   342   4    102    463
778   664   6    31    226
779   246   4    145    491
780   688   7    147    126
781   636   4    1    228
782   229   3    111    310
783   693   6    74    415
784   427   5    57    357
785   748   7    196    298
786   751   4    111    364
787   446   7    127    2
788   67   6    197    56
789   583   4    193    26
790   55   4    136    443
791   404   6    37    131
792   76   3    46    431
793   640   6    178    496
794   637   4    184    485
795   75   3    129    59
796   251   6    129    247
797   697   6    112    187
798   26   3    183    398
799   298   3    48    387
800   343   4    99    330
801   33   5    7    241
802   312   6    120    111
803   315   4    157    309
804   659   5    47    450
805   447   2    134    300
806   421   2    177    294
807   620   5    183    73
808   44   3    10    63
809   428   6    69    285
810   107   6    77    40
811   143   2    189    7
812   624   4    104    22
813   283   2    135    56
814   326   2    164    222
815   549   3    113    487
816   166   7    75    459
817   153   6    129    283
818   81   3    46    287
819   321   5    21    47
820   815   7    39    472
821   485   6    165    256
822   805   7    3    208
823   257   7    70    45
824   26   5    108    280
825   266   5    111    366
826   340   7    74    257
827   671   4    126    74
828   456   4    73    370
829   514   7    90    444
830   794   3    87    468
831   541   3    163    7
832   201   3    187    354
833   379   7    69    264
834   639   6    71    289
835   423   2    123    180
836   526   5    52    453
837   565   7    8    375
838   131   4    37    372
839   188   3    29    375
840   799   7    108    25
841   126   7    187    81
842   774   2    76    138
843   641   6    51    104
844   398   6    44    395
845   544   2    174    41
846   178   6    36    287
847   689   7    46    282
848   98   7    140    81
849   693   5    93    435
850   643   6    20    35
851   790   7    7    175
852   41   2    135    464
853   529   6    11    96
854   222   2    117    140
855   629   6    93    275
856   727   5    137    272
857   124   6    61    114
858   765   5    137    28
859   745   5    73    315
860   744   6    35    350
861   24   7    62    61
862   42   4    4    465
863   272   3    122    29
864   157   7    44    60
865   733   4    116    99
866   448   7    45    400
867   705   7    179    85
868   75   4    52    485
869   286   3    70    425
870   604   4    14    26
871   552   6    54    434
872   224   3    176    221
873   322   7    53    147
874   744   3    91    92
875   755   3    145    91
876   420   3    171    147
877   532   5    132    199
878   620   3    175    229
879   714   4    125    202
880   217   4    64    492
881   598   3    152    253
882   201   5    119    124
883   392   4    3    92
884   240   3    154    175
885   393   6    92    441
886   809   2    179    305
887   399   5    72    230
888   496   3    10    199
889   146   7    1    79
890   611   5    150    213
891   129   6    173    498
892   617   7    135    4
893   556   6    82    123
894   708   4    197    242
895   385   6    71    489
896   536   4    9    90
897   170   5    156    43
898   150   4    23    248
899   400   5    121    157
900   764   2    160    175
901   789   7    196    385
902   246   2    178    219
903   342   2    53    298
904   325   5    90    457
905   735   6    55    414
906   14   6    143    154
907   359   4    183    80
908   256   7    167    344
909   360   4    166    402
910   431   3    146    375
911   196   6    55    82
912   324   5    108    206
913   314   2    9    428
914   422   6    96    270
915   277   5    12    13
916   592   7    148    100
917   504   5    85    370
918   538   5    134    8
919   556   4    13    398
920   917   2    80    482
921   899   2    35    123
922   892   4    162    137
923   60   7    26    410
924   392   2    53    273
925   306   6    55    197
926   898   4    84    83
927   362   3    104    450
928   780   2    28    194
929   861   5    150    199
930   596   7    181    385
931   163   5    49    70
932   479   7    14    245
933   622   3    55    2
934   723   7    196    343
935   807   3    160    466
936   654   6    78    121
937   855   7    36    70
938   848   7    13    355
939   464   5    166    71
940   289   7    42    366
941   363   4    43    289
942   438   7    153    449
943   363   5    69    385
944   685   7    170    105
945   881   6    89    125
946   187   3    66    115
947   603   4    18    372
948   529   2    159    366
949   658   3    3    45
950   793   5    161    293
951   512   4    18    247
952   74   3    38    202
953   706   6    169    261
954   819   3    76    472
955   325   5    126    326
956   402   5    24    203
957   831   4    155    462
958   802   7    99    231
959   266   4    30    355
960   91   6    157    120
961   325   7    127    282
962   378   6    49    344
963   861   6    169    41
964   354   7    168    363
965   506   7    196    176
966   469   2    131    157
967   752   6    192    348
968   528   2    181    120
969   146   7    128    307
970   865   7    58    138
971   850   5    69    208
972   687   4    104    227
973   724   5    122    363
974   917   2    47    486
975   205   6    91    459
976   725   2    148    216
977   457   6    46    26
978   681   6    136    166
979   942   5    185    289
980   535   3    49    336
981   302   4    41    92
982   303   7    181    418
983   735   5    163    292
984   27   2    145    414
985   496   2    123    18
986   513   7    15    363
987   643   2    12    90
988   403   6    170    339
989   195   5    53    32
990   637   5    197    313
991   236   6    150    410
992   588   7    125    385
993   273   6    69    233
994   341   4    42    195
995   238   7    184    363
996   74   6    19    442
997   914   6    104    120
998   692   3    97    284
999   736   7    10    196
1000   858   6    183    178
1001   441   4    69    37
1002   848   3    190    486
1003   866   3    112    58
1004   582   5    103    2
1005   944   5    167    48
1006   421   4    20    30
1007   277   6    117    180
1008   479   6    141    271
1009   384   7    97    190
1010   630   3    4    139
1011   401   7    198    278
1012   557   5    118    204
1013   494   3    35    226
1014   438   4    46    40
1015   683   7    149    430
1016   500   5    9    408
1017   641   3    23    226
1018   317   6    97    101
1019   1014   4    101    316
1020   511   5    141    141
1021   245   4    180    8
1022   820   6    125    18
1023   725   6    199    442
1024   79   6    32    347
