1   0   5    14    1
2   1   7    141    131
3   1   3    136    315
4   2   5    192    57
5   2   3    154    253
6   1   7    175    424
7   5   6    5    110
8   4   4    28    357
9   3   4    195    20
10   5   7    12    492
11   4   6    71    402
12   4   3    70    489
13   6   6    118    251
14   11   7    162    332
15   2   7    147    499
16   14   2    196    378
17   3   6    1    27
18   6   2    40    205
19   6   4    11    342
20   17   4    22    74
21   14   5    87    324
22   13   5    20    292
23   15   5    116    445
24   4   3    34    192
25   12   3    164    125
26   9   7    36    185
27   2   2    118    263
28   13   4    48    10
29   26   3    151    77
30   16   3    161    18
31   6   3    26    245
32   13   5    64    373
33   24   3    137    439
34   28   2    157    394
35   29   2    45    211
36   22   4    82    493
37   10   5    61    255
38   13   5    195    400
39   25   5    126    234
40   34   6    20    468
41   9   4    125    124
42   1   6    29    362
43   20   7    25    21
44   23   4    167    484
45   17   5    14    160
46   1   4    146    282
47   30   5    75    207
48   27   5    97    20
49   30   2    163    325
50   17   3    13    182
51   3   2    137    444
52   30   3    81    339
53   3   2    86    319
54   24   5    145    88
55   20   7    57    215
56   39   4    58    131
57   30   7    158    54
58   18   4    25    371
59   44   3    142    64
60   27   3    92    173
61   43   2    18    32
62   17   5    188    111
63   31   3    93    335
64   7   5    75    379
65   42   6    91    419
66   26   2    50    298
67   63   7    196    423
68   5   3    2    203
69   9   2    164    67
70   59   5    72    498
71   41   5    143    150
72   40   6    181    112
73   69   7    14    170
74   55   5    55    399
75   43   7    43    164
76   68   7    192    200
77   19   3    186    18
78   14   2    159    443
79   47   6    66    342
80   16   4    166    86
81   45   7    190    155
82   48   2    160    342
83   26   4    135    87
84   81   7    146    187
85   62   3    104    150
86   13   7    40    274
87   3   7    137    210
88   25   3    22    385
89   78   2    192    247
90   65   3    13    45
91   83   4    48    261
92   23   6    167    217
93   66   4    92    73
94   61   6    139    156
95   81   5    151    2
96   58   2    121    474
97   43   4    47    481
98   25   6    186    264
99   59   7    10    424
100   31   6    180    149
101   54   4    82    211
102   67   4    49    384
103   6   7    64    229
104   87   6    69    45
105   102   3    168    215
106   46   4    148    135
107   9   4    49    442
108   84   7    159    93
109   64   4    177    117
110   57   4    131    78
111   51   5    119    179
112   50   5    123    76
113   3   2    53    108
114   10   4    45    226
115   62   2    39    241
116   38   3    65    41
117   70   6    91    395
118   100   2    72    313
119   104   3    127    476
120   108   4    134    385
121   42   6    122    38
122   41   4    56    99
123   55   6    183    92
124   79   6    191    482
125   48   2    21    443
126   22   5    156    43
127   103   2    1    82
128   108   4    83    478
129   11   7    143    461
130   107   7    199    285
131   106   3    199    342
132   52   6    130    209
133   69   7    9    241
134   76   6    155    345
135   38   2    127    170
136   63   5    159    223
137   2   2    86    157
138   94   4    180    40
139   74   2    170    43
140   9   2    149    288
141   74   2    53    124
142   131   7    159    462
143   105   7    30    202
144   17   6    77    358
145   21   4    37    495
146   68   5    198    156
147   13   5    118    43
148   38   6    66    193
149   57   3    176    102
150   63   7    195    56
151   9   6    157    240
152   19   3    145    306
153   26   5    132    358
154   114   6    16    395
155   108   5    18    37
156   82   7    97    396
157   33   3    53    124
158   104   5    32    283
159   46   3    134    397
160   45   4    29    179
161   109   6    73    408
162   129   2    87    198
163   12   7    121    84
164   50   7    108    239
165   154   6    105    58
166   140   4    162    237
167   34   2    184    144
168   68   2    176    267
169   69   2    105    65
170   66   6    173    442
171   54   4    42    56
172   112   4    83    410
173   68   5    114    239
174   36   5    169    448
175   151   4    9    373
176   173   4    149    228
177   135   5    124    11
178   139   7    13    288
179   44   3    106    454
180   149   2    96    462
181   56   5    177    435
182   24   4    116    254
183   34   2    149    176
184   36   3    148    438
185   68   7    172    96
186   175   2    68    468
187   144   3    7    306
188   128   3    102    324
189   24   4    181    202
190   49   2    22    153
191   59   6    132    173
192   149   7    62    94
193   52   7    169    66
194   59   5    1    228
195   169   6    47    160
196   129   3    98    303
197   110   5    182    412
198   185   7    119    111
199   184   2    116    53
200   138   4    190    438
201   164   5    170    300
202   182   6    56    258
203   88   4    59    399
204   69   7    71    405
205   156   2    72    412
206   132   3    22    370
207   87   6    178    64
208   201   2    115    372
209   207   2    122    364
210   139   2    34    145
211   108   6    152    340
212   92   5    197    245
213   134   7    86    282
214   34   2    46    440
215   93   6    157    184
216   35   3    50    324
217   123   4    78    161
218   113   3    127    127
219   49   7    197    230
220   147   6    125    211
221   157   6    193    162
222   41   6    64    297
223   51   7    86    83
224   153   2    187    283
225   222   5    101    187
226   178   7    125    417
227   157   4    45    188
228   102   6    25    485
229   174   5    98    286
230   137   6    50    417
231   3   3    36    405
232   100   4    94    138
233   194   5    51    70
234   7   5    151    28
235   77   3    176    350
236   36   2    167    7
237   105   6    80    423
238   108   2    58    29
239   9   5    6    311
240   189   6    129    191
241   237   6    1    406
242   70   3    130    490
243   204   5    85    356
244   20   5    118    372
245   131   4    41    334
246   101   2    97    462
247   244   4    165    167
248   79   5    45    224
249   165   7    142    66
250   32   6    97    188
251   22   6    140    359
252   225   7    50    451
253   131   2    85    308
254   46   7    167    28
255   46   3    20    414
256   26   6    88    198
257   175   2    118    199
258   54   2    110    484
259   43   3    4    63
260   46   5    196    173
261   139   6    71    96
262   153   3    19    440
263   242   4    92    277
264   115   3    39    426
265   241   4    108    309
266   57   5    54    325
267   62   5    61    386
268   264   7    41    143
269   62   6    43    196
270   255   6    160    358
271   20   4    36    436
272   28   4    135    460
273   100   2    192    457
274   209   7    101    46
275   203   2    4    19
276   184   7    77    44
277   170   5    192    93
278   47   2    169    104
279   215   6    181    344
280   192   3    94    94
281   104   5    195    437
282   185   4    68    1
283   162   6    14    70
284   271   3    89    374
285   42   6    168    334
286   220   6    16    365
287   138   7    44    194
288   134   6    146    486
289   133   5    56    443
290   230   4    159    391
291   233   5    28    111
292   227   4    21    269
293   205   2    99    423
294   71   2    60    314
295   15   6    83    285
296   16   5    129    316
297   242   7    12    465
298   53   3    159    308
299   59   5    53    355
300   203   7    115    87
301   207   5    190    445
302   36   4    71    397
303   34   4    121    246
304   267   2    96    412
305   201   3    193    414
306   69   3    85    404
307   4   2    18    157
308   29   3    47    177
309   169   5    73    266
310   32   2    172    287
311   243   7    96    263
312   167   4    44    167
313   285   5    5    324
314   125   7    141    55
315   136   3    75    43
316   90   6    145    423
317   236   3    123    477
318   16   6    194    478
319   228   5    150    490
320   14   5    191    472
321   33   7    146    29
322   249   3    77    39
323   46   3    10    325
324   194   7    163    175
325   140   7    9    193
326   279   4    50    203
327   77   2    159    103
328   49   7    168    127
329   115   7    171    458
330   247   6    180    350
331   140   6    152    499
332   177   4    11    238
333   95   4    84    90
334   309   4    35    7
335   143   4    58    395
336   262   4    53    30
337   307   7    135    390
338   309   5    157    113
339   155   3    3    104
340   155   7    154    140
341   239   2    113    404
342   228   7    92    385
343   43   4    87    392
344   178   2    13    30
345   46   2    48    6
346   166   4    165    67
347   22   2    162    355
348   215   3    24    179
349   91   5    11    99
350   296   6    65    469
351   195   5    147    44
352   178   5    179    158
353   48   3    173    475
354   316   7    129    446
355   283   2    122    301
356   109   6    64    448
357   100   3    100    151
358   312   7    4    122
359   147   5    115    472
360   344   3    145    179
361   64   5    46    157
362   250   7    159    137
363   109   5    13    128
364   238   4    47    105
365   255   7    109    34
366   292   2    17    336
367   26   4    115    396
368   324   7    95    62
369   261   7    182    80
370   255   5    161    386
371   180   4    41    309
372   120   3    17    268
373   305   7    166    85
374   283   3    75    173
375   129   2    157    329
376   292   7    146    118
377   186   5    75    352
378   15   3    52    95
379   95   6    179    353
380   4   7    122    273
381   67   5    85    246
382   6   6    97    96
383   10   3    138    116
384   376   4    109    4
385   54   3    192    351
386   254   7    189    403
387   246   6    149    74
388   283   7    57    369
389   250   6    34    121
390   181   6    184    430
391   21   2    130    95
392   70   4    198    377
393   80   6    161    101
394   19   7    106    4
395   190   6    190    130
396   295   3    181    157
397   143   5    86    328
398   360   2    172    330
399   264   5    30    30
400   117   7    124    63
401   329   5    40    190
402   31   4    126    216
403   234   6    99    281
404   125   5    6    317
405   196   5    28    321
406   98   5    156    4
407   326   2    36    228
408   266   2    65    296
409   194   2    164    212
410   312   5    73    40
411   220   2    192    361
412   180   5    110    70
413   289   4    173    121
414   117   6    195    39
415   342   5    13    491
416   348   7    147    278
417   334   2    84    400
418   255   4    95    66
419   51   6    167    83
420   230   7    115    211
421   151   7    146    261
422   247   6    144    476
423   37   2    4    95
424   222   6    144    127
425   365   6    60    422
426   89   7    85    25
427   373   6    128    189
428   72   2    68    334
429   200   6    25    384
430   257   7    48    409
431   316   7    84    25
432   157   2    187    328
433   198   6    9    73
434   22   2    34    482
435   325   2    30    114
436   348   4    78    431
437   322   4    96    100
438   99   7    187    339
439   190   3    169    81
440   295   4    186    403
441   77   6    77    447
442   271   7    131    268
443   145   2    121    184
444   295   4    70    307
445   98   3    5    306
446   327   5    29    327
447   162   4    28    92
448   326   2    154    102
449   5   6    48    313
450   180   6    121    317
451   182   4    194    84
452   365   7    133    161
453   261   5    197    317
454   203   3    149    193
455   419   3    168    85
456   54   7    198    229
457   222   7    133    343
458   215   6    35    456
459   322   6    173    319
460   39   2    139    489
461   365   4    145    492
462   69   4    3    452
463   429   3    179    257
464   20   6    96    271
465   285   7    45    168
466   266   3    24    178
467   44   7    130    376
468   252   6    31    318
469   26   7    4    256
470   154   6    144    67
471   448   5    14    433
472   112   4    197    422
473   205   2    160    485
474   3   7    13    190
475   59   4    161    136
476   21   5    114    279
477   455   5    197    444
478   40   5    167    446
479   383   7    29    398
480   328   5    56    35
481   429   2    84    378
482   64   6    150    388
483   418   3    122    419
484   323   6    102    110
485   310   7    27    277
486   210   6    35    129
487   398   4    193    97
488   219   6    151    29
489   8   6    54    269
490   117   4    34    394
491   353   4    55    60
492   321   2    182    120
493   348   2    56    215
494   125   4    149    184
495   122   5    76    126
496   22   7    82    140
497   249   6    112    393
498   416   3    129    29
499   90   5    143    348
500   103   3    2    405
501   397   3    110    430
502   211   5    172    199
503   334   2    178    48
504   239   2    66    90
505   94   2    120    236
506   100   6    85    407
507   469   6    59    310
508   328   5    9    252
509   246   4    108    119
510   267   3    199    183
511   395   5    187    493
512   65   3    199    322
513   31   6    113    452
514   334   2    144    312
515   107   2    35    226
516   116   7    129    474
517   464   2    54    21
518   191   5    132    196
519   260   2    108    60
520   363   7    93    309
521   440   7    168    447
522   94   4    31    156
523   305   5    70    291
524   453   4    144    386
525   454   5    47    300
526   428   5    11    485
527   391   7    163    228
528   208   3    106    460
529   344   2    58    399
530   456   5    155    39
531   194   6    43    431
532   12   6    17    307
533   181   7    1    439
534   178   2    107    209
535   304   6    173    79
536   45   4    42    309
537   477   5    68    298
538   282   6    30    49
539   117   6    132    157
540   371   4    95    430
541   164   6    23    240
542   14   4    110    351
543   105   7    26    207
544   26   5    82    240
545   501   3    91    192
546   28   4    198    351
547   520   3    103    19
548   360   7    16    256
549   384   2    40    438
550   424   7    69    148
551   35   6    35    21
552   426   7    170    43
553   500   2    137    303
554   332   6    94    207
555   271   5    192    486
556   228   2    180    397
557   474   7    97    100
558   493   7    144    287
559   38   5    59    415
560   166   2    135    119
561   333   5    13    308
562   479   4    83    415
563   412   3    35    314
564   480   2    150    123
565   546   6    107    394
566   72   7    115    122
567   334   5    11    316
568   88   5    99    192
569   228   3    48    131
570   532   7    159    388
571   108   4    184    163
572   209   6    162    138
573   158   3    2    17
574   357   4    160    211
575   27   6    157    28
576   303   2    89    356
577   198   4    63    467
578   86   5    117    483
579   455   6    129    291
580   51   2    44    95
581   279   3    128    26
582   214   2    136    145
583   572   5    23    94
584   353   3    34    37
585   332   4    134    283
586   61   2    2    221
587   150   2    89    330
588   464   4    145    392
589   265   5    145    289
590   375   3    23    209
591   445   4    51    79
592   418   3    50    490
593   359   3    133    150
594   425   6    72    337
595   445   4    163    180
596   521   2    128    385
597   276   3    42    135
598   314   3    128    442
599   484   5    39    95
600   148   2    107    246
601   32   2    135    175
602   574   2    129    11
603   411   6    162    358
604   12   4    188    120
605   422   4    45    2
606   269   2    10    458
607   324   2    83    246
608   111   7    95    297
609   428   4    195    56
610   260   6    81    244
611   190   6    171    209
612   546   3    164    155
613   155   7    179    340
614   520   4    79    31
615   100   4    29    329
616   233   5    86    425
617   190   5    23    28
618   572   5    103    18
619   569   4    120    260
620   386   6    144    256
621   78   4    100    203
622   452   3    112    230
623   315   2    182    453
624   125   7    84    429
625   293   3    91    359
626   209   2    82    480
627   19   2    27    317
628   303   5    140    403
629   114   3    137    446
630   228   5    169    305
631   533   7    60    123
632   436   2    128    419
633   493   5    5    452
634   114   6    30    335
635   4   7    196    247
636   87   4    167    106
637   91   2    71    231
638   53   5    186    442
639   85   3    7    98
640   450   7    39    421
641   210   4    136    413
642   596   4    38    317
643   620   5    5    27
644   130   2    113    18
645   340   4    151    287
646   259   4    183    312
647   20   5    64    171
648   151   2    50    33
649   520   3    58    281
650   572   4    104    193
651   333   4    188    441
652   104   2    58    290
653   323   7    199    331
654   577   4    138    232
655   529   4    140    397
656   81   7    35    33
657   249   7    89    451
658   25   5    137    107
659   202   6    54    392
660   340   2    130    135
661   3   3    12    144
662   8   7    80    497
663   492   4    43    195
664   61   7    47    175
665   10   7    172    211
666   243   7    134    245
667   46   4    158    67
668   619   5    165    300
669   346   7    16    253
670   665   2    100    268
671   50   3    53    255
672   589   4    169    388
673   479   2    4    236
674   4   6    139    287
675   387   3    186    91
676   317   4    148    177
677   66   3    64    383
678   594   6    74    358
679   607   4    157    236
680   542   5    170    366
681   428   2    16    29
682   370   6    91    83
683   653   2    96    75
684   661   2    146    109
685   467   6    176    438
686   560   7    98    128
687   150   4    61    390
688   573   5    100    154
689   471   7    77    237
690   248   3    143    356
691   582   4    194    275
692   76   4    43    398
693   319   4    14    444
694   328   4    61    103
695   169   7    63    321
696   684   7    104    298
697   514   2    43    265
698   510   5    12    427
699   344   6    126    123
700   10   4    56    96
701   249   3    35    306
702   376   4    118    305
703   319   7    23    132
704   6   2    96    475
705   207   7    110    18
706   120   5    132    106
707   99   6    140    145
708   203   4    161    244
709   633   3    111    38
710   428   4    143    99
711   389   4    68    174
712   108   3    162    211
713   41   6    92    328
714   126   3    84    382
715   44   4    6    269
716   390   4    9    180
717   167   7    106    376
718   657   7    196    488
719   535   2    100    260
720   701   7    72    321
721   663   7    42    115
722   354   6    36    75
723   3   5    39    95
724   645   3    9    277
725   499   4    104    269
726   464   4    40    298
727   263   6    28    309
728   458   6    137    95
729   364   3    6    428
730   299   6    177    323
731   310   7    108    460
732   38   7    141    449
733   366   7    113    233
734   47   4    140    238
735   726   6    93    11
736   267   2    151    177
737   663   5    60    36
738   337   3    180    189
739   104   4    75    263
740   353   2    138    428
741   639   6    199    180
742   212   6    130    185
743   704   5    134    285
744   379   7    184    316
745   137   7    186    351
746   474   2    1    291
747   5   6    88    453
748   364   6    65    15
749   157   6    172    263
750   142   3    95    180
751   384   5    76    158
752   131   6    121    330
753   601   6    53    386
754   510   2    179    242
755   199   7    3    205
756   628   6    162    133
757   96   4    167    241
758   440   4    16    318
759   300   6    70    423
760   149   3    20    246
761   383   2    79    251
762   174   6    181    63
763   725   4    64    255
764   463   5    128    216
765   133   3    134    362
766   386   7    89    327
767   634   2    137    238
768   712   6    87    99
769   327   2    99    311
770   130   6    152    237
771   189   4    130    403
772   382   7    136    464
773   171   2    105    281
774   132   5    20    159
775   419   6    114    264
776   158   3    7    295
777   497   5    15    470
778   214   7    148    302
779   378   6    179    185
780   14   7    109    290
781   20   7    35    130
782   44   2    102    140
783   465   7    122    451
784   447   6    30    112
785   148   3    6    82
786   301   3    82    222
787   692   4    123    119
788   107   6    91    91
789   727   7    180    8
790   629   2    5    472
791   599   4    125    310
792   594   5    155    123
793   54   3    143    458
794   214   2    130    58
795   230   5    148    311
796   598   3    38    446
797   205   2    127    167
798   475   4    146    320
799   146   7    171    243
800   255   3    36    85
801   381   5    160    345
802   111   6    182    276
803   5   4    13    449
804   350   6    101    116
805   676   7    66    459
806   719   2    3    266
807   135   6    140    216
808   760   3    59    234
809   770   5    155    42
810   87   3    154    320
811   621   6    47    387
812   512   3    160    168
813   278   5    44    295
814   765   2    163    356
815   305   5    156    217
816   62   5    53    328
817   682   4    95    446
818   158   4    160    12
819   186   5    42    371
820   76   4    85    46
821   758   2    31    280
822   262   3    114    53
823   134   7    84    357
824   56   3    134    235
825   40   4    25    477
826   579   6    94    217
827   616   7    117    347
828   755   3    194    195
829   692   6    134    307
830   380   7    115    325
831   338   3    17    337
832   408   4    85    37
833   122   6    160    47
834   154   7    143    181
835   101   2    151    176
836   752   5    172    489
837   719   2    111    285
838   404   4    9    214
839   661   2    18    350
840   592   5    185    243
841   795   3    159    74
842   808   3    136    11
843   2   3    151    322
844   135   7    5    76
845   529   2    97    298
846   160   6    178    46
847   246   7    73    362
848   16   3    7    1
849   432   5    9    26
850   489   4    4    13
851   305   6    64    477
852   111   4    127    397
853   263   7    190    294
854   345   2    62    143
855   412   5    132    337
856   410   6    11    364
857   15   7    11    114
858   722   5    58    15
859   48   4    49    419
860   154   7    53    137
861   689   5    92    172
862   121   4    132    93
863   337   5    98    189
864   136   6    112    153
865   77   2    136    415
866   626   4    28    232
867   489   7    119    457
868   320   4    25    254
869   344   3    147    302
870   532   4    39    77
871   342   6    73    210
872   446   7    134    267
873   244   6    181    293
874   59   6    32    371
875   8   5    30    274
876   827   3    27    284
877   76   6    23    72
878   591   7    33    197
879   584   7    71    393
880   252   6    180    381
881   36   4    170    472
882   670   3    62    429
883   428   7    55    460
884   818   4    72    368
885   520   4    168    321
886   337   6    56    169
887   701   4    55    123
888   654   7    55    423
889   830   3    88    405
890   62   2    86    196
891   569   7    91    53
892   402   7    69    394
893   75   3    113    373
894   46   6    72    339
895   241   5    156    127
896   108   3    174    496
897   560   5    165    462
898   813   7    54    310
899   45   3    183    428
900   628   2    18    498
901   4   3    106    258
902   62   3    111    369
903   640   6    31    3
904   722   2    40    385
905   164   7    11    335
906   446   6    122    19
907   764   2    141    308
908   755   2    8    377
909   104   7    13    241
910   336   7    40    101
911   19   7    98    309
912   878   2    18    27
913   68   4    79    27
914   174   6    104    141
915   181   6    121    24
916   852   7    170    9
917   370   4    141    351
918   823   2    32    331
919   569   5    2    279
920   721   6    171    103
921   467   5    45    419
922   724   7    100    405
923   356   7    102    476
924   576   2    127    25
925   670   2    4    351
926   90   3    72    275
927   286   5    130    92
928   898   7    80    253
929   897   2    117    194
930   598   7    64    267
931   610   7    77    1
932   466   7    166    110
933   312   6    45    327
934   686   6    126    438
935   686   2    16    343
936   655   6    60    37
937   99   5    18    93
938   507   3    41    458
939   558   3    163    48
940   815   3    189    66
941   854   5    198    163
942   221   2    41    1
943   851   3    59    108
944   851   4    109    119
945   278   4    190    202
946   409   5    67    170
947   1   7    196    498
948   401   2    102    260
949   537   2    131    81
950   945   2    168    266
951   205   6    134    5
952   235   6    52    343
953   756   4    145    257
954   904   2    113    294
955   138   6    60    202
956   79   6    53    338
957   20   2    189    148
958   433   2    80    59
959   929   3    194    6
960   688   3    77    135
961   916   4    86    142
962   951   4    104    199
963   230   7    140    33
964   693   4    71    224
965   675   5    152    95
966   672   4    126    319
967   525   4    14    261
968   364   7    37    140
969   233   6    160    162
970   721   5    84    65
971   525   5    11    356
972   856   6    88    476
973   159   5    160    373
974   84   4    149    196
975   558   5    106    116
976   118   7    42    250
977   898   4    126    187
978   21   6    146    28
979   577   6    196    264
980   496   5    80    179
981   276   4    58    41
982   588   5    154    28
983   487   2    142    165
984   710   3    177    350
985   740   3    113    21
986   465   7    29    241
987   672   6    187    115
988   747   3    174    422
989   835   5    47    366
990   602   4    178    232
991   401   6    21    326
992   485   3    143    204
993   407   7    157    347
994   839   3    128    354
995   386   5    173    211
996   221   6    17    168
997   332   4    157    301
998   601   5    17    74
999   668   3    23    234
1000   936   2    43    265
1001   78   5    116    228
1002   704   6    105    249
1003   503   2    26    182
1004   48   6    111    302
1005   465   6    13    423
1006   720   3    195    386
1007   354   6    80    245
1008   262   3    178    145
1009   616   3    3    42
1010   768   4    37    443
1011   971   3    143    477
1012   154   3    5    248
1013   930   6    126    112
1014   559   7    113    243
1015   865   5    132    144
1016   191   2    164    336
1017   98   5    100    439
1018   220   3    147    280
1019   317   7    60    256
1020   734   7    60    59
1021   86   6    96    42
1022   791   4    183    293
1023   991   6    182    180
1024   618   3    85    278
