1   0   2    23    48
2   1   3    146    296
3   1   3    29    229
4   1   3    56    269
5   3   2    148    206
6   4   3    53    61
7   1   4    76    460
8   2   3    54    442
9   5   2    103    437
10   4   5    10    291
11   4   7    175    417
12   5   6    3    466
13   8   2    141    399
14   3   6    30    347
15   2   7    86    17
16   14   3    140    493
17   3   5    97    382
18   15   3    81    416
19   9   7    35    185
20   18   3    128    14
21   3   3    153    73
22   5   2    136    171
23   2   5    158    143
24   21   7    111    17
25   9   2    15    368
26   1   5    140    71
27   25   5    3    388
28   22   4    92    398
29   12   4    197    292
30   14   4    9    377
31   7   2    133    332
32   8   5    40    385
33   21   2    56    4
34   13   4    62    24
35   19   2    2    400
36   28   5    144    236
37   2   7    24    420
38   11   3    29    222
39   24   4    46    430
40   38   7    130    469
41   11   4    40    240
42   40   4    28    201
43   36   5    120    106
44   31   6    144    221
45   2   7    20    439
46   13   3    33    271
47   5   5    143    226
48   40   5    113    317
49   11   5    51    406
50   39   5    157    33
51   1   3    193    90
52   38   3    174    109
53   20   3    172    480
54   37   2    184    88
55   11   7    129    315
56   20   7    32    47
57   52   3    20    335
58   55   5    82    169
59   19   7    26    484
60   19   6    156    276
61   26   2    83    296
62   7   2    148    491
63   33   2    145    146
64   41   3    150    105
65   23   2    152    134
66   58   3    15    415
67   17   6    77    464
68   59   4    102    480
69   60   6    129    422
70   62   6    146    129
71   14   4    161    7
72   5   3    176    60
73   51   5    73    260
74   8   5    108    114
75   5   7    103    72
76   23   7    62    360
77   55   7    62    261
78   62   5    56    233
79   67   2    130    293
80   65   4    22    184
81   53   2    49    200
82   58   2    177    40
83   15   7    92    420
84   33   7    126    20
85   73   6    153    89
86   67   7    90    116
87   42   7    191    181
88   46   6    151    474
89   53   2    20    290
90   53   3    189    5
91   3   5    69    306
92   86   6    96    260
93   68   5    177    247
94   77   3    181    102
95   77   6    27    303
96   73   7    187    447
97   22   7    19    269
98   49   7    45    260
99   17   3    125    332
100   48   6    20    170
101   91   6    85    43
102   95   5    49    279
103   73   6    199    468
104   25   5    178    195
105   62   3    199    247
106   52   3    137    226
107   93   6    111    5
108   50   4    125    9
109   39   2    187    140
110   69   2    199    361
111   20   7    25    414
112   36   3    29    221
113   67   4    190    393
114   26   2    38    78
115   112   2    63    4
116   21   6    155    304
117   113   7    7    159
118   52   7    95    96
119   110   3    65    494
120   8   6    160    489
121   9   7    112    111
122   65   5    15    87
123   95   6    25    115
124   50   3    146    315
125   121   3    86    360
126   42   5    156    250
127   8   6    190    157
128   63   2    155    440
129   30   6    68    129
130   93   5    86    371
131   97   2    11    253
132   128   7    188    288
133   97   2    124    375
134   39   6    69    98
135   2   2    15    151
136   103   7    111    356
137   129   2    81    176
138   19   3    67    52
139   121   4    77    185
140   126   4    13    364
141   22   5    27    112
142   38   4    12    288
143   58   6    167    57
144   84   7    64    11
145   43   4    163    160
146   107   3    80    152
147   77   5    189    419
148   93   7    55    409
149   133   2    19    147
150   73   5    36    168
151   93   2    106    496
152   33   7    8    460
153   37   7    154    402
154   137   6    49    187
155   139   4    43    344
156   41   3    37    399
157   142   7    73    14
158   107   2    98    413
159   142   7    160    421
160   100   2    54    293
161   17   7    172    30
162   40   5    87    401
163   77   6    131    386
164   103   5    42    6
165   117   7    148    326
166   160   4    83    53
167   151   5    73    310
168   23   3    169    390
169   166   7    151    244
170   41   6    95    179
171   71   3    155    52
172   76   6    162    491
173   170   3    3    100
174   112   2    60    320
175   125   5    110    432
176   158   3    197    169
177   152   5    9    460
178   100   4    41    495
179   37   6    65    169
180   167   4    41    395
181   78   2    75    171
182   116   2    4    404
183   82   5    128    251
184   114   2    87    489
185   108   2    35    440
186   132   3    108    113
187   12   4    177    339
188   155   5    28    482
189   69   5    158    173
190   103   2    132    91
191   172   7    172    56
192   168   2    120    413
193   174   2    14    201
194   102   3    187    146
195   25   3    48    76
196   83   4    157    229
197   183   6    26    488
198   86   2    106    112
199   149   5    126    238
200   12   3    179    214
201   176   3    105    337
202   192   4    13    62
203   128   3    5    410
204   169   2    75    297
205   136   5    139    477
206   67   4    56    463
207   90   2    67    129
208   33   6    188    224
209   71   2    117    149
210   208   4    195    82
211   206   2    119    138
212   185   6    49    113
213   156   7    117    21
214   22   2    86    253
215   84   6    52    178
216   84   2    25    116
217   100   2    179    461
218   139   6    46    459
219   82   5    172    29
220   66   4    7    387
221   148   7    108    495
222   166   5    9    342
223   206   3    3    56
224   27   3    170    52
225   88   2    191    110
226   56   4    111    449
227   148   5    21    84
228   107   4    68    109
229   104   2    186    32
230   34   7    65    63
231   112   4    71    275
232   225   4    4    249
233   209   3    91    130
234   56   5    23    38
235   114   7    3    228
236   139   6    4    73
237   90   4    101    178
238   119   4    142    437
239   97   7    78    458
240   15   6    156    369
241   51   2    15    272
242   12   3    150    356
243   109   2    73    357
244   17   7    72    376
245   100   7    73    315
246   202   6    21    324
247   140   5    90    242
248   135   3    158    378
249   218   3    42    373
250   21   6    182    92
251   101   5    95    297
252   193   7    177    199
253   234   2    156    88
254   142   6    65    114
255   239   2    160    451
256   107   2    35    286
257   247   4    73    478
258   37   3    23    270
259   53   2    96    262
260   77   4    145    248
261   164   7    138    482
262   32   3    67    188
263   110   7    109    339
264   47   6    87    431
265   13   6    192    106
266   68   6    40    478
267   209   5    47    333
268   192   4    75    422
269   139   6    177    411
270   44   5    181    266
271   26   2    35    254
272   62   6    133    96
273   182   6    129    71
274   160   6    77    234
275   253   5    124    251
276   216   4    105    162
277   200   2    193    168
278   139   3    151    138
279   244   6    74    281
280   63   5    13    168
281   253   4    118    131
282   111   6    182    2
283   164   6    120    284
284   80   3    56    415
285   244   2    48    245
286   252   6    47    265
287   160   6    94    153
288   254   4    92    186
289   231   5    41    207
290   185   3    94    361
291   102   6    15    241
292   198   7    9    385
293   250   6    171    75
294   11   6    158    141
295   159   7    167    78
296   143   3    9    307
297   98   6    107    457
298   191   7    101    91
299   41   2    94    65
300   60   6    13    272
301   220   2    172    314
302   204   7    137    318
303   243   4    18    321
304   102   5    136    252
305   80   6    36    108
306   239   7    184    265
307   220   7    170    432
308   20   5    21    355
309   179   6    38    388
310   41   6    51    415
311   152   2    61    230
312   257   4    5    330
313   295   6    174    34
314   209   2    199    319
315   18   5    75    347
316   109   3    194    36
317   165   2    55    18
318   283   6    131    86
319   291   5    55    378
320   92   7    71    202
321   115   3    98    204
322   159   2    113    441
323   248   5    71    116
324   13   2    152    13
325   195   3    194    76
326   268   4    92    100
327   79   7    140    326
328   127   3    97    147
329   177   2    61    106
330   132   2    89    230
331   124   7    38    433
332   117   6    180    463
333   169   3    83    439
334   296   5    113    9
335   323   2    155    112
336   56   4    136    471
337   320   7    190    142
338   158   2    180    295
339   155   3    142    62
340   297   2    23    173
341   180   4    12    305
342   125   2    118    213
343   174   7    141    309
344   57   4    42    80
345   329   5    193    393
346   284   6    189    439
347   302   5    99    357
348   265   2    171    456
349   74   6    78    182
350   230   5    100    400
351   155   6    31    175
352   54   2    181    214
353   69   7    74    48
354   308   2    52    266
355   144   6    175    72
356   170   3    131    433
357   108   2    198    471
358   64   7    27    27
359   313   6    38    30
360   347   4    110    134
361   140   2    89    218
362   175   6    164    182
363   38   4    152    1
364   275   4    53    437
365   276   5    112    151
366   117   7    187    63
367   85   2    5    423
368   9   5    175    316
369   200   5    39    101
370   348   5    24    117
371   196   5    47    323
372   98   5    58    327
373   87   5    88    154
374   164   7    47    357
375   2   5    198    196
376   187   6    17    44
377   286   5    43    203
378   3   3    148    460
379   86   6    18    218
380   252   2    115    28
381   80   4    5    486
382   280   2    48    40
383   359   2    133    343
384   165   7    10    423
385   226   2    157    405
386   54   2    74    413
387   230   7    124    310
388   355   7    99    8
389   10   3    23    205
390   128   5    107    394
391   70   6    72    306
392   3   4    77    235
393   386   3    138    384
394   352   7    75    403
395   120   6    116    172
396   51   2    162    356
397   112   4    9    259
398   381   2    102    408
399   102   2    190    118
400   10   5    68    442
401   251   5    80    266
402   151   4    161    145
403   315   6    74    211
404   300   5    34    54
405   9   7    189    116
406   380   7    104    325
407   28   3    139    420
408   387   7    102    92
409   93   6    183    445
410   116   7    12    363
411   205   3    21    393
412   356   2    186    285
413   110   5    28    363
414   196   3    154    352
415   175   3    69    453
416   337   6    84    151
417   236   7    156    79
418   3   2    164    114
419   277   7    11    264
420   79   2    58    85
421   343   6    105    154
422   290   4    34    475
423   144   3    19    462
424   2   3    132    402
425   140   7    123    27
426   317   2    147    312
427   229   3    181    254
428   232   3    185    86
429   200   3    27    386
430   224   6    173    238
431   193   4    121    380
432   225   3    49    84
433   253   4    176    466
434   385   6    181    283
435   242   7    30    49
436   149   2    197    215
437   177   5    103    79
438   131   7    171    364
439   123   3    50    458
440   197   4    109    70
441   115   7    28    414
442   49   4    74    297
443   234   2    137    310
444   158   7    135    434
445   146   3    94    193
446   372   2    57    59
447   171   6    179    62
448   134   4    178    58
449   115   7    64    2
450   81   4    109    146
451   53   4    197    398
452   136   7    196    473
453   38   4    169    466
454   286   6    101    405
455   19   3    180    460
456   124   5    47    421
457   98   4    31    297
458   75   2    181    225
459   96   2    82    482
460   428   6    115    313
461   24   2    48    414
462   90   6    156    202
463   431   7    190    387
464   174   3    23    422
465   234   6    32    48
466   240   2    140    477
467   3   2    178    44
468   22   2    90    147
469   195   4    91    271
470   441   4    96    60
471   309   2    104    270
472   146   3    129    259
473   181   5    123    45
474   128   2    162    239
475   324   6    152    322
476   239   7    129    154
477   266   2    110    44
478   47   2    104    296
479   143   6    94    397
480   67   4    144    121
481   282   4    51    350
482   60   7    161    457
483   134   5    96    60
484   204   5    100    335
485   361   5    123    127
486   294   7    149    63
487   161   6    4    442
488   71   7    46    246
489   475   6    46    281
490   393   3    78    77
491   4   2    197    61
492   70   2    155    426
493   452   3    166    464
494   470   5    112    449
495   32   5    141    484
496   146   6    134    118
497   404   6    187    369
498   461   7    158    285
499   434   7    151    304
500   68   7    116    305
501   47   7    166    268
502   101   6    108    496
503   224   4    61    322
504   399   2    146    296
505   44   2    146    268
506   72   7    38    72
507   244   5    86    8
508   480   3    156    152
509   246   5    48    421
510   453   7    139    375
511   105   2    131    81
512   92   7    170    144
513   150   2    78    447
514   433   2    10    5
515   95   7    98    441
516   396   6    90    163
517   132   3    141    278
518   311   7    73    388
519   285   3    149    226
520   320   4    191    15
521   352   2    64    476
522   232   3    65    491
523   130   6    54    316
524   149   7    127    220
525   173   3    26    459
526   280   7    38    401
527   142   4    97    96
528   477   6    40    318
529   330   6    105    407
530   100   4    19    91
531   193   3    71    82
532   390   4    197    168
533   114   3    13    172
534   483   7    105    4
535   384   6    195    499
536   1   7    145    361
537   331   4    199    219
538   409   5    74    372
539   68   2    179    351
540   209   7    165    486
541   255   6    106    443
542   378   7    2    183
543   499   4    196    15
544   492   3    161    144
545   296   7    73    160
546   496   2    42    471
547   504   6    160    259
548   441   2    123    400
549   35   3    173    380
550   497   4    161    5
551   228   7    192    476
552   449   7    160    19
553   281   6    157    178
554   285   5    149    90
555   66   2    184    265
556   233   2    47    351
557   551   4    14    69
558   460   5    89    298
559   476   2    180    3
560   171   3    154    77
561   204   2    184    246
562   192   7    105    214
563   421   4    156    240
564   247   2    7    157
565   394   2    145    115
566   369   6    65    376
567   189   7    144    208
568   366   7    20    340
569   237   3    192    229
570   353   2    82    92
571   211   7    72    265
572   177   4    82    382
573   317   3    184    305
574   64   2    184    222
575   512   4    26    284
576   93   4    72    332
577   484   3    14    412
578   223   3    180    453
579   114   2    50    155
580   141   3    118    222
581   296   3    110    451
582   58   5    119    426
583   227   7    136    222
584   343   7    190    453
585   456   7    39    395
586   493   4    122    207
587   9   4    65    180
588   529   3    20    47
589   390   7    72    42
590   169   7    142    66
591   213   5    178    475
592   88   3    198    445
593   296   7    3    238
594   348   7    186    85
595   419   6    140    294
596   109   4    96    358
597   296   4    41    116
598   329   6    195    444
599   214   2    76    447
600   365   5    119    207
601   406   7    68    246
602   10   4    82    232
603   25   3    175    343
604   485   6    119    241
605   91   5    196    99
606   225   3    126    180
607   61   3    141    37
608   21   6    103    394
609   289   6    143    450
610   351   5    135    214
611   579   2    106    490
612   354   4    113    388
613   437   5    8    215
614   167   3    141    298
615   25   2    56    243
616   562   5    166    68
617   237   4    70    339
618   3   6    144    255
619   7   3    70    92
620   86   6    84    113
621   302   2    196    80
622   81   6    97    427
623   580   3    93    336
624   60   7    5    107
625   464   5    78    52
626   107   6    187    470
627   286   6    104    139
628   549   7    194    37
629   336   5    116    167
630   134   7    30    96
631   598   7    53    324
632   224   2    175    98
633   323   2    154    152
634   86   6    88    200
635   575   6    83    256
636   137   5    92    121
637   285   2    21    244
638   193   7    109    159
639   521   3    120    104
640   253   4    29    192
641   267   7    90    102
642   476   6    181    254
643   106   7    129    317
644   265   7    114    118
645   352   4    169    109
646   38   5    71    359
647   121   5    59    464
648   231   2    135    113
649   422   3    93    482
650   383   4    131    111
651   583   7    5    49
652   201   6    77    255
653   186   4    195    304
654   466   2    142    365
655   154   6    124    149
656   589   2    191    243
657   621   6    187    446
658   550   4    96    310
659   317   3    35    86
660   153   7    5    327
661   554   7    59    168
662   148   6    124    322
663   41   5    80    202
664   286   4    82    274
665   606   3    115    417
666   375   2    91    446
667   659   6    60    276
668   135   6    129    271
669   545   5    108    76
670   514   2    90    163
671   378   2    138    346
672   110   6    192    306
673   495   6    144    163
674   629   2    32    321
675   127   7    19    475
676   399   5    156    89
677   434   6    10    124
678   112   4    150    432
679   674   4    154    474
680   402   6    95    159
681   407   7    19    299
682   274   5    192    41
683   214   4    153    138
684   653   5    176    291
685   636   6    33    46
686   187   5    84    491
687   71   5    77    476
688   330   4    146    60
689   32   7    178    253
690   330   7    66    232
691   195   2    89    329
692   370   4    27    129
693   302   3    80    268
694   201   7    128    249
695   470   5    106    449
696   409   2    60    325
697   553   2    111    145
698   509   3    24    479
699   218   2    144    363
700   186   6    181    157
701   688   4    157    81
702   523   5    173    111
703   528   2    93    208
704   189   5    114    173
705   578   6    16    221
706   155   5    25    53
707   544   4    54    167
708   177   3    102    282
709   426   5    6    53
710   92   5    52    60
711   249   4    113    159
712   2   6    173    445
713   71   7    144    6
714   57   6    159    224
715   3   6    27    249
716   59   6    35    394
717   168   5    168    282
718   390   5    132    329
719   74   3    125    121
720   489   4    184    431
721   19   2    38    32
722   108   5    35    467
723   247   6    124    66
724   519   2    106    488
725   598   7    100    444
726   695   6    132    345
727   250   2    110    349
728   342   7    84    492
729   391   2    99    357
730   247   3    145    120
731   500   3    115    228
732   33   2    175    368
733   165   5    60    286
734   392   3    61    91
735   211   2    73    150
736   733   3    13    386
737   53   4    198    313
738   531   3    10    34
739   306   3    36    335
740   37   3    83    477
741   720   2    89    333
742   660   2    94    225
743   389   4    1    112
744   533   6    62    464
745   394   6    37    458
746   565   2    67    355
747   25   7    140    199
748   745   3    41    466
749   585   7    155    63
750   362   6    121    40
751   332   3    149    167
752   455   4    108    192
753   674   4    180    360
754   419   5    195    55
755   443   6    162    121
756   431   2    94    257
757   471   6    63    362
758   39   2    153    413
759   308   5    171    113
760   97   4    74    32
761   434   5    140    69
762   341   2    85    210
763   153   2    145    81
764   689   7    190    57
765   282   7    137    297
766   1   3    17    199
767   330   3    109    291
768   567   3    150    229
769   679   6    38    108
770   294   6    128    48
771   221   6    7    262
772   372   4    167    199
773   734   4    103    275
774   585   6    64    422
775   377   3    130    161
776   561   6    173    412
777   292   6    24    285
778   309   5    172    396
779   448   7    87    212
780   667   2    123    159
781   40   7    103    41
782   331   2    24    494
783   572   2    110    91
784   95   3    27    233
785   603   7    58    109
786   423   6    73    340
787   137   3    19    123
788   581   4    1    345
789   293   4    32    90
790   479   4    46    312
791   355   5    113    9
792   467   4    36    8
793   160   6    128    63
794   358   6    73    360
795   765   3    151    83
796   176   3    30    172
797   392   5    15    99
798   47   7    189    180
799   322   4    111    360
800   438   5    180    146
801   31   3    55    292
802   640   2    176    215
803   253   7    81    201
804   5   3    130    98
805   687   7    114    192
806   474   3    157    333
807   169   7    114    82
808   655   5    111    226
809   674   3    124    31
810   615   2    196    329
811   82   5    19    91
812   174   6    73    76
813   22   2    15    8
814   342   3    2    75
815   419   4    198    237
816   162   5    18    131
817   629   7    10    359
818   97   3    66    284
819   80   4    11    264
820   746   6    65    96
821   362   5    105    102
822   149   3    113    217
823   47   3    6    398
824   15   3    129    84
825   251   2    182    430
826   796   2    88    317
827   35   6    133    134
828   667   4    148    317
829   241   3    70    491
830   371   6    76    360
831   783   4    28    248
832   358   3    130    414
833   75   3    88    71
834   832   4    104    365
835   520   7    116    295
836   748   2    166    82
837   786   3    95    445
838   682   7    26    157
839   506   3    171    19
840   599   4    17    50
841   611   2    5    247
842   344   3    149    147
843   204   2    47    32
844   775   3    170    8
845   781   4    115    35
846   212   5    103    407
847   839   5    190    115
848   407   4    165    227
849   409   2    24    79
850   403   5    113    433
851   487   6    82    364
852   714   6    122    352
853   806   2    189    447
854   492   2    186    177
855   668   7    31    168
856   660   3    191    435
857   197   6    51    195
858   327   2    124    423
859   765   7    147    176
860   430   4    86    95
861   381   2    49    393
862   447   2    112    385
863   27   2    133    32
864   467   6    100    274
865   343   6    159    209
866   353   2    60    400
867   16   7    16    22
868   250   6    20    336
869   446   4    103    10
870   301   5    157    448
871   706   5    144    249
872   104   5    166    373
873   718   7    140    368
874   807   4    97    53
875   126   5    188    378
876   523   3    125    466
877   792   7    191    121
878   555   7    152    452
879   800   2    63    377
880   602   2    67    422
881   575   4    193    136
882   482   5    96    67
883   222   5    155    295
884   730   7    67    298
885   607   3    28    395
886   361   7    164    145
887   546   3    181    31
888   662   2    31    44
889   567   3    54    91
890   278   4    133    370
891   770   2    170    136
892   26   6    175    82
893   626   4    66    267
894   784   3    6    263
895   79   6    86    477
896   345   7    157    305
897   76   4    9    455
898   93   2    182    28
899   741   3    4    300
900   231   3    137    353
901   112   2    44    118
902   455   7    35    386
903   23   2    168    445
904   324   2    195    75
905   218   7    65    425
906   351   6    199    237
907   738   3    36    35
908   304   4    154    489
909   527   6    163    12
910   626   4    42    281
911   446   4    190    26
912   196   6    166    447
913   764   7    55    315
914   542   6    125    323
915   629   6    171    260
916   341   5    39    60
917   733   7    85    13
918   602   3    115    393
919   357   5    110    92
920   10   2    183    224
921   39   6    30    126
922   883   5    145    342
923   505   2    178    463
924   751   4    171    190
925   149   7    175    382
926   476   3    198    7
927   364   6    7    116
928   363   2    28    131
929   853   6    183    5
930   609   6    12    147
931   742   5    57    448
932   156   2    46    61
933   739   7    127    448
934   491   7    46    400
935   256   5    54    396
936   535   6    40    456
937   109   4    155    145
938   804   6    180    163
939   478   4    100    164
940   820   5    69    198
941   755   2    74    198
942   831   3    42    70
943   242   6    103    283
944   67   4    97    367
945   629   7    123    482
946   692   6    175    373
947   550   5    193    9
948   803   4    166    366
949   231   3    121    87
950   487   4    65    323
951   153   3    5    409
952   841   5    185    164
953   498   5    99    109
954   71   6    156    290
955   423   5    171    45
956   285   7    191    259
957   504   5    4    304
958   952   4    125    297
959   278   2    180    288
960   746   3    171    403
961   317   4    119    25
962   645   6    75    373
963   332   7    78    343
964   25   7    60    247
965   378   6    130    47
966   473   6    179    67
967   805   3    84    46
968   462   7    118    409
969   201   6    74    10
970   77   5    179    18
971   285   6    80    28
972   84   6    125    96
973   359   2    133    19
974   632   3    26    301
975   112   2    9    172
976   391   2    161    422
977   42   2    152    206
978   474   7    27    172
979   179   4    142    185
980   331   2    16    283
981   650   5    38    19
982   720   2    72    325
983   637   7    119    68
984   242   4    195    382
985   248   6    37    349
986   770   4    65    292
987   203   3    22    492
988   118   3    98    41
989   634   7    89    27
990   495   7    16    453
991   970   3    145    172
992   133   6    8    460
993   191   5    196    388
994   851   6    95    178
995   385   2    129    71
996   728   3    46    366
997   538   5    70    372
998   415   2    17    35
999   764   4    19    238
1000   974   6    134    343
1001   265   5    15    239
1002   334   4    116    216
1003   842   4    87    309
1004   881   3    4    272
1005   426   4    58    332
1006   938   3    155    176
1007   625   6    51    3
1008   936   6    138    175
1009   456   4    155    7
1010   900   2    27    327
1011   770   4    83    221
1012   897   2    86    189
1013   710   3    154    16
1014   560   2    179    472
1015   301   6    3    13
1016   739   4    128    109
1017   112   4    71    47
1018   644   5    34    343
1019   201   3    122    191
1020   346   3    73    25
1021   504   6    164    17
1022   113   7    35    245
1023   661   5    76    105
1024   465   6    150    11
