1   0   6    26    11
2   1   3    14    124
3   1   4    110    493
4   1   6    154    472
5   2   7    11    48
6   2   5    36    481
7   4   2    91    309
8   1   6    10    300
9   7   5    66    75
10   3   7    170    59
11   1   6    118    483
12   10   3    181    68
13   9   5    94    132
14   3   4    191    235
15   8   3    119    118
16   9   7    76    108
17   9   4    168    492
18   13   2    142    150
19   13   7    111    341
20   18   2    130    461
21   11   6    174    433
22   19   3    166    439
23   20   4    198    451
24   3   6    76    117
25   21   6    171    109
26   2   7    10    374
27   22   2    88    300
28   5   6    27    295
29   26   6    186    135
30   15   2    126    309
31   1   7    135    109
32   1   4    167    377
33   7   6    129    402
34   15   7    74    194
35   18   6    40    113
36   7   2    1    257
37   29   6    3    109
38   14   5    86    355
39   34   2    135    421
40   2   2    121    499
41   10   6    7    10
42   29   6    28    108
43   5   6    174    277
44   9   4    8    277
45   28   3    50    290
46   8   7    138    427
47   14   4    31    420
48   30   5    133    93
49   24   5    194    126
50   5   4    118    161
51   33   5    72    226
52   46   4    191    65
53   29   2    143    450
54   16   4    184    392
55   32   5    132    403
56   23   7    184    413
57   52   2    40    47
58   46   2    99    457
59   24   6    102    29
60   35   3    182    123
61   12   5    3    41
62   59   6    54    499
63   54   4    105    212
64   39   2    42    28
65   23   6    115    398
66   49   3    170    383
67   8   5    42    376
68   46   6    79    75
69   25   4    45    67
70   14   7    155    470
71   66   7    188    45
72   59   7    25    307
73   54   6    143    183
74   57   5    75    462
75   55   4    55    46
76   7   2    42    378
77   68   5    62    481
78   38   7    102    348
79   39   3    15    234
80   55   4    122    409
81   19   4    194    199
82   38   7    85    350
83   66   6    83    115
84   8   4    184    464
85   14   4    120    251
86   19   3    76    37
87   83   4    198    138
88   39   4    79    226
89   38   4    56    29
90   28   3    95    204
91   62   4    174    88
92   79   3    145    482
93   43   6    144    362
94   23   6    193    315
95   9   3    71    439
96   81   3    11    199
97   94   6    75    205
98   81   3    14    482
99   4   4    122    391
100   72   7    46    286
101   81   7    7    180
102   57   5    81    479
103   39   3    69    189
104   24   6    38    355
105   83   2    10    404
106   64   5    97    322
107   46   7    139    11
108   61   3    143    361
109   99   5    99    185
110   35   5    189    256
111   8   4    81    422
112   54   6    124    450
113   57   2    46    111
114   79   4    130    499
115   65   2    7    438
116   84   4    126    480
117   72   6    28    72
118   94   6    49    353
119   111   6    29    188
120   96   4    60    437
121   71   2    2    138
122   114   7    116    370
123   57   6    118    357
124   5   2    50    34
125   58   4    104    44
126   48   2    136    296
127   28   7    147    194
128   104   4    89    58
129   21   5    152    343
130   14   2    32    228
131   28   5    66    481
132   61   5    142    299
133   13   6    62    29
134   132   3    69    418
135   88   4    92    357
136   93   4    119    42
137   82   5    112    25
138   5   5    103    413
139   59   2    56    469
140   50   6    53    454
141   118   5    48    22
142   101   5    159    480
143   140   4    166    267
144   52   6    83    383
145   12   7    137    241
146   110   3    43    130
147   107   4    23    249
148   74   7    101    207
149   44   6    194    267
150   48   3    34    275
151   16   4    167    402
152   74   2    82    415
153   7   3    131    55
154   118   2    74    287
155   48   2    93    316
156   62   4    142    288
157   72   7    143    305
158   114   6    41    81
159   131   2    75    498
160   50   3    97    459
161   36   7    99    141
162   65   7    164    239
163   16   2    74    14
164   77   2    60    289
165   11   7    14    300
166   32   6    81    322
167   17   5    11    213
168   86   6    189    142
169   36   3    113    129
170   25   7    89    249
171   23   6    28    37
172   44   7    168    159
173   3   2    140    245
174   86   3    40    278
175   16   4    184    163
176   18   7    142    93
177   96   2    133    395
178   99   3    154    354
179   8   4    66    283
180   59   5    86    445
181   34   2    87    61
182   67   6    162    50
183   12   6    146    487
184   94   7    87    5
185   89   6    30    8
186   101   5    156    62
187   3   3    159    197
188   70   2    98    211
189   173   4    161    90
190   25   3    199    286
191   159   3    36    151
192   97   2    53    80
193   165   4    89    151
194   186   2    2    159
195   133   6    149    108
196   152   4    80    470
197   173   2    52    246
198   195   2    19    468
199   159   3    37    26
200   9   2    44    367
201   148   6    115    149
202   82   4    106    59
203   123   4    76    348
204   89   4    17    261
205   120   4    87    104
206   65   3    185    289
207   183   3    159    59
208   89   7    43    293
209   36   2    157    415
210   134   6    88    180
211   146   6    69    289
212   71   3    188    197
213   71   6    45    75
214   21   7    157    50
215   154   2    88    248
216   3   3    84    151
217   156   5    73    148
218   207   2    149    363
219   163   6    101    26
220   73   2    127    256
221   18   4    145    241
222   48   5    165    176
223   209   3    56    189
224   130   3    97    126
225   134   4    92    178
226   79   2    187    124
227   96   5    66    487
228   142   7    126    41
229   93   6    166    229
230   149   5    36    357
231   89   4    11    285
232   129   6    97    237
233   175   4    177    288
234   189   7    53    237
235   160   3    26    153
236   185   5    30    435
237   157   5    57    249
238   84   6    45    68
239   218   3    112    240
240   184   5    86    432
241   239   7    84    173
242   6   5    91    381
243   49   7    146    181
244   124   4    101    85
245   204   4    144    80
246   159   4    43    74
247   92   6    108    9
248   4   2    126    373
249   21   7    140    468
250   91   7    23    320
251   170   6    50    188
252   104   4    164    256
253   222   5    70    76
254   69   3    28    239
255   92   4    49    465
256   120   7    120    151
257   69   5    152    32
258   55   5    15    480
259   137   5    134    239
260   36   6    84    418
261   104   6    71    141
262   122   6    123    349
263   213   3    46    350
264   30   3    186    386
265   188   7    145    206
266   51   4    34    493
267   217   6    3    362
268   212   7    82    6
269   71   3    32    147
270   81   5    74    292
271   248   2    62    466
272   170   6    110    52
273   195   5    37    348
274   86   4    190    154
275   111   2    23    424
276   106   2    187    355
277   7   7    36    259
278   46   4    29    252
279   59   4    79    269
280   28   6    166    318
281   269   3    83    152
282   201   6    90    150
283   195   3    159    100
284   251   5    121    183
285   124   4    40    455
286   27   4    77    39
287   25   5    176    186
288   135   7    82    387
289   74   5    61    389
290   270   7    99    475
291   236   2    107    499
292   79   7    34    249
293   200   5    102    493
294   212   5    184    186
295   162   5    166    437
296   132   2    102    444
297   106   5    84    218
298   70   6    14    310
299   105   4    113    433
300   226   4    185    336
301   286   7    47    115
302   46   2    185    237
303   2   7    114    215
304   13   5    136    366
305   167   6    123    7
306   262   7    103    181
307   180   5    35    63
308   148   5    2    172
309   59   6    113    83
310   97   5    187    282
311   256   7    110    302
312   123   5    145    348
313   27   5    175    66
314   173   6    103    239
315   4   4    130    134
316   291   3    76    386
317   163   4    29    456
318   177   5    71    378
319   313   2    24    269
320   59   6    116    481
321   222   6    176    346
322   81   3    142    159
323   191   6    178    302
324   64   3    50    232
325   91   5    29    308
326   298   5    81    221
327   261   3    55    439
328   84   5    192    363
329   117   7    189    161
330   124   3    176    408
331   322   7    48    41
332   124   6    25    338
333   237   3    19    273
334   273   6    92    434
335   143   4    130    185
336   156   3    69    385
337   319   2    94    20
338   105   2    189    282
339   308   3    13    347
340   197   3    120    89
341   314   4    170    161
342   222   6    110    80
343   223   4    23    479
344   38   6    167    24
345   62   5    27    392
346   273   4    99    414
347   176   7    25    89
348   40   3    90    143
349   92   5    162    435
350   173   3    66    284
351   247   5    50    127
352   327   6    33    431
353   134   5    189    256
354   54   5    3    215
355   70   7    152    303
356   165   4    93    427
357   118   3    78    408
358   265   7    147    10
359   317   7    64    464
360   26   6    62    286
361   212   5    163    139
362   270   5    170    205
363   193   4    172    17
364   253   3    122    373
365   3   3    127    68
366   96   3    37    282
367   219   7    151    399
368   184   5    15    196
369   58   7    148    128
370   60   5    157    24
371   249   4    181    200
372   62   6    153    493
373   249   7    90    417
374   298   5    77    421
375   145   3    147    234
376   235   2    120    223
377   6   2    76    113
378   303   2    99    294
379   147   6    136    92
380   338   3    152    391
381   58   2    58    468
382   156   3    10    17
383   16   6    140    260
384   192   4    99    389
385   79   6    196    393
386   328   2    21    312
387   121   4    137    135
388   219   2    170    164
389   117   2    199    78
390   6   3    14    15
391   153   2    119    165
392   314   7    152    464
393   91   5    112    101
394   27   7    135    168
395   351   3    103    413
396   388   2    164    376
397   188   5    132    224
398   103   5    177    179
399   195   3    189    80
400   67   6    135    355
401   12   5    73    363
402   353   7    34    114
403   29   6    195    206
404   40   4    143    488
405   162   6    162    258
406   21   2    25    306
407   234   7    139    7
408   216   4    68    348
409   322   5    191    219
410   68   4    162    90
411   196   2    79    344
412   276   2    94    490
413   94   5    147    51
414   261   2    121    9
415   191   7    62    29
416   387   5    128    222
417   308   2    148    154
418   309   6    81    235
419   184   3    88    312
420   28   4    12    438
421   67   6    57    1
422   346   7    169    255
423   98   6    23    479
424   330   5    194    422
425   85   5    132    187
426   339   2    108    265
427   202   2    46    216
428   370   3    117    139
429   363   4    131    220
430   215   4    99    352
431   97   5    81    399
432   386   4    8    332
433   21   7    122    306
434   7   3    133    18
435   399   4    187    347
436   185   5    103    341
437   164   2    14    71
438   260   3    91    216
439   275   7    20    487
440   284   7    191    399
441   290   3    149    217
442   403   5    130    437
443   221   5    81    166
444   403   3    119    157
445   312   6    178    382
446   255   5    10    5
447   356   2    152    75
448   236   6    61    149
449   272   7    180    145
450   119   7    79    94
451   216   3    21    414
452   384   2    23    24
453   46   2    57    46
454   105   5    10    17
455   168   2    131    307
456   414   6    165    439
457   373   6    48    360
458   61   7    40    258
459   404   2    31    161
460   76   3    111    367
461   189   2    70    211
462   160   4    166    29
463   221   3    47    294
464   146   3    168    14
465   222   2    176    83
466   89   7    18    454
467   445   2    25    20
468   334   2    5    19
469   461   7    162    478
470   345   6    56    260
471   359   7    45    269
472   456   3    196    296
473   108   4    29    197
474   83   7    14    246
475   321   6    129    430
476   395   6    184    229
477   57   6    180    263
478   452   3    82    243
479   224   5    31    408
480   201   5    114    300
481   325   3    153    101
482   260   2    194    475
483   96   2    110    476
484   413   4    1    209
485   468   7    153    54
486   356   5    56    125
487   193   5    44    319
488   22   2    59    442
489   297   2    42    287
490   250   7    180    118
491   67   6    108    424
492   260   5    184    493
493   25   2    180    280
494   248   6    97    164
495   450   2    1    254
496   384   6    113    383
497   162   5    96    365
498   248   5    27    12
499   389   2    69    282
500   349   7    14    305
501   362   4    5    267
502   170   5    108    150
503   272   6    178    44
504   77   6    147    118
505   154   6    150    127
506   381   2    44    12
507   462   7    94    412
508   273   5    7    256
509   100   7    175    389
510   42   2    122    214
511   458   6    57    44
512   401   6    127    318
513   439   4    65    194
514   390   4    130    424
515   288   6    40    238
516   464   5    199    235
517   407   7    4    197
518   301   4    40    52
519   166   4    182    85
520   246   5    25    240
521   144   6    145    281
522   474   3    150    302
523   50   2    42    148
524   364   6    57    279
525   294   4    4    290
526   124   2    96    491
527   473   2    43    459
528   356   5    197    87
529   375   4    6    28
530   324   4    163    74
531   252   5    95    39
532   496   3    65    445
533   344   7    86    275
534   249   2    89    289
535   321   7    127    423
536   72   6    36    197
537   243   4    54    294
538   453   2    149    339
539   424   2    162    41
540   238   5    12    242
541   459   4    106    2
542   393   7    96    250
543   313   3    24    440
544   404   6    72    341
545   383   4    69    285
546   508   6    77    497
547   15   5    67    391
548   247   7    74    351
549   320   4    158    480
550   50   5    77    220
551   98   7    88    220
552   144   5    8    196
553   160   5    17    457
554   112   3    26    122
555   398   2    132    301
556   528   5    147    255
557   130   7    107    114
558   266   5    146    104
559   260   7    29    226
560   504   7    163    336
561   279   4    118    443
562   502   3    82    165
563   481   7    14    254
564   201   3    36    458
565   442   4    72    489
566   195   3    30    73
567   89   7    91    299
568   250   3    138    101
569   533   3    177    402
570   257   3    146    137
571   154   7    79    182
572   117   4    179    492
573   185   7    179    71
574   32   7    77    181
575   278   6    52    234
576   193   4    179    56
577   377   2    23    383
578   575   4    117    224
579   7   6    16    428
580   300   6    25    449
581   274   7    58    373
582   404   7    143    355
583   379   3    55    483
584   230   3    17    354
585   264   3    88    285
586   260   5    107    23
587   558   2    43    253
588   323   6    163    494
589   411   6    138    80
590   46   6    156    376
591   11   4    170    487
592   14   6    79    412
593   462   5    124    81
594   127   7    27    280
595   412   6    122    300
596   215   7    72    249
597   149   6    61    396
598   83   7    108    421
599   404   5    37    452
600   360   5    192    142
601   564   7    179    162
602   143   6    64    327
603   338   6    187    133
604   245   3    11    441
605   197   5    76    273
606   13   2    136    311
607   314   3    28    319
608   82   4    96    399
609   104   2    60    394
610   223   2    175    274
611   529   3    180    238
612   198   2    18    185
613   470   4    14    300
614   525   4    35    193
615   2   4    144    270
616   210   6    170    406
617   155   6    90    330
618   69   3    188    317
619   136   6    79    29
620   90   5    36    295
621   539   5    115    204
622   414   4    17    242
623   322   6    144    299
624   13   6    122    480
625   79   6    194    83
626   113   3    196    119
627   319   4    53    335
628   335   5    53    489
629   40   3    42    298
630   628   6    117    174
631   364   5    80    377
632   111   4    42    139
633   80   6    100    209
634   455   3    140    64
635   349   3    2    260
636   340   3    164    88
637   48   2    38    71
638   293   2    126    304
639   210   2    185    262
640   386   5    41    76
641   244   3    124    122
642   81   3    151    37
643   516   7    35    418
644   30   6    37    31
645   77   6    50    293
646   571   3    164    348
647   645   5    142    233
648   270   4    45    188
649   486   3    22    149
650   82   5    53    63
651   162   2    107    188
652   298   7    66    287
653   32   4    194    472
654   253   2    196    226
655   325   3    97    492
656   434   6    72    403
657   134   5    90    57
658   462   2    90    334
659   5   6    52    74
660   358   3    87    409
661   288   2    86    222
662   544   7    31    294
663   313   3    27    126
664   368   3    73    248
665   405   2    180    210
666   60   7    176    366
667   432   5    131    276
668   361   4    23    362
669   168   5    135    23
670   114   7    104    396
671   523   4    39    326
672   560   2    175    73
673   568   3    181    446
674   390   7    149    267
675   69   6    109    251
676   2   3    166    399
677   298   7    176    336
678   315   7    103    381
679   328   3    131    459
680   378   7    138    320
681   299   5    119    455
682   547   6    166    309
683   480   7    75    433
684   91   2    106    340
685   558   7    114    91
686   349   2    155    330
687   169   5    114    295
688   72   4    127    113
689   499   5    107    220
690   362   3    193    120
691   647   5    193    103
692   14   7    63    403
693   547   4    49    351
694   476   3    197    19
695   162   4    174    99
696   442   7    82    92
697   140   3    67    155
698   225   7    7    178
699   452   3    28    243
700   354   3    57    346
701   591   7    83    199
702   49   3    46    25
703   524   4    52    303
704   572   5    150    430
705   541   6    188    235
706   103   6    81    252
707   329   5    36    169
708   311   2    11    364
709   202   7    160    163
710   227   3    123    47
711   142   2    180    484
712   30   3    27    88
713   47   5    77    271
714   278   6    46    315
715   145   2    112    227
716   218   4    165    437
717   639   2    118    188
718   552   6    169    15
719   23   6    22    17
720   502   5    168    51
721   97   5    66    44
722   478   3    91    251
723   118   4    192    461
724   331   2    24    51
725   249   2    123    481
726   1   2    90    323
727   725   2    133    378
728   247   4    137    316
729   363   6    107    194
730   293   7    102    342
731   241   3    182    453
732   510   6    127    483
733   55   6    94    148
734   10   2    114    488
735   457   6    93    357
736   576   4    88    63
737   554   4    106    303
738   520   4    162    83
739   245   7    1    107
740   578   5    80    14
741   98   4    167    160
742   663   6    92    186
743   561   2    73    413
744   569   5    188    353
745   374   6    101    269
746   14   5    176    51
747   473   7    18    341
748   108   4    174    97
749   4   3    167    34
750   129   3    25    32
751   692   6    45    228
752   110   5    10    496
753   318   2    175    81
754   459   7    138    173
755   468   6    84    98
756   653   5    79    55
757   650   5    98    196
758   64   3    14    216
759   706   5    110    95
760   441   5    107    461
761   604   2    128    461
762   397   2    177    197
763   502   5    6    158
764   674   4    168    342
765   311   6    157    179
766   473   5    65    446
767   249   6    146    24
768   442   5    148    396
769   259   4    188    456
770   674   7    189    46
771   486   2    30    376
772   679   6    56    481
773   561   2    128    484
774   552   4    119    9
775   280   2    120    306
776   132   5    69    31
777   662   4    59    407
778   399   6    63    135
779   429   2    183    353
780   144   2    17    117
781   210   2    64    56
782   382   3    85    383
783   173   4    27    269
784   646   4    33    43
785   373   5    185    392
786   336   2    12    344
787   159   3    11    458
788   394   2    196    24
789   559   2    7    185
790   547   5    28    427
791   398   4    70    183
792   141   4    93    489
793   484   7    88    316
794   516   7    42    297
795   702   7    85    430
796   66   2    75    469
797   40   5    150    264
798   523   5    110    468
799   7   2    121    294
800   218   3    143    495
801   84   4    157    124
802   226   7    94    403
803   504   4    35    269
804   298   7    171    65
805   642   2    66    105
806   643   5    67    481
807   369   2    172    121
808   652   6    40    203
809   563   4    144    458
810   236   3    183    55
811   347   3    167    206
812   771   5    181    244
813   69   5    115    233
814   405   4    104    134
815   747   5    76    21
816   813   7    97    489
817   443   7    51    79
818   612   7    168    442
819   354   5    31    206
820   53   2    109    193
821   526   4    84    300
822   370   7    99    307
823   716   5    134    172
824   298   3    183    240
825   230   5    125    65
826   68   4    37    197
827   679   5    87    203
828   714   7    28    255
829   54   2    59    311
830   308   2    189    306
831   459   6    32    122
832   258   7    64    42
833   558   3    120    215
834   481   7    69    316
835   495   6    26    280
836   55   4    102    36
837   52   6    8    413
838   768   2    108    142
839   294   3    135    128
840   435   2    20    409
841   311   7    22    212
842   312   4    16    94
843   326   3    60    235
844   40   2    4    139
845   550   6    26    462
846   699   7    174    211
847   530   5    190    353
848   800   7    134    72
849   84   5    49    387
850   193   7    180    489
851   403   3    80    206
852   643   2    160    147
853   270   4    45    410
854   711   3    42    186
855   474   5    101    402
856   572   3    41    25
857   786   7    76    49
858   332   2    73    34
859   72   6    138    395
860   140   3    77    362
861   16   3    20    474
862   33   6    99    52
863   251   6    168    95
864   171   7    163    70
865   507   4    28    359
866   374   5    170    333
867   64   7    167    225
868   398   7    5    22
869   25   5    21    112
870   85   7    168    48
871   490   5    125    459
872   580   6    145    59
873   602   6    178    378
874   239   2    117    272
875   405   2    24    152
876   674   2    82    123
877   277   6    146    360
878   114   6    103    339
879   674   2    132    112
880   804   6    144    266
881   856   5    193    273
882   377   5    81    282
883   20   5    118    386
884   160   3    32    233
885   339   4    110    317
886   677   2    171    209
887   769   7    20    302
888   295   7    129    30
889   868   6    162    143
890   171   4    164    244
891   56   4    33    454
892   29   2    52    238
893   603   3    12    354
894   308   5    112    49
895   82   7    54    1
896   713   7    60    174
897   611   3    195    412
898   64   2    48    8
899   715   5    79    64
900   785   7    187    414
901   255   2    110    204
902   668   4    93    287
903   207   2    99    308
904   421   5    113    146
905   354   6    9    491
906   329   7    92    361
907   486   7    91    88
908   26   6    56    311
909   692   6    176    149
910   475   5    184    310
911   801   3    96    333
912   116   6    16    76
913   816   5    149    160
914   154   2    130    415
915   178   7    154    133
916   349   4    199    418
917   516   7    138    423
918   241   3    140    482
919   45   2    65    431
920   3   3    127    349
921   41   3    137    468
922   468   5    125    332
923   868   7    5    31
924   7   7    22    490
925   376   3    18    201
926   336   3    190    133
927   610   3    146    449
928   115   4    191    233
929   771   5    148    172
930   97   4    53    471
931   736   2    62    189
932   71   5    73    351
933   582   7    147    374
934   296   6    48    459
935   80   2    94    414
936   185   5    69    172
937   704   6    189    288
938   487   2    63    177
939   234   4    74    354
940   366   5    39    290
941   781   5    35    319
942   696   3    160    170
943   227   2    124    46
944   889   4    45    402
945   9   2    177    7
946   604   7    155    441
947   678   5    151    90
948   396   7    35    116
949   917   5    129    471
950   424   3    119    395
951   151   2    55    291
952   814   3    96    86
953   221   4    4    124
954   197   2    198    43
955   717   2    191    79
956   746   2    31    116
957   561   2    117    263
958   577   4    133    184
959   212   5    159    239
960   214   2    87    250
961   929   4    42    382
962   624   5    105    455
963   862   4    57    209
964   570   6    101    395
965   665   3    100    86
966   635   4    150    424
967   935   4    198    221
968   767   2    116    127
969   877   3    36    259
970   173   7    75    75
971   954   2    128    54
972   111   7    166    443
973   619   2    24    490
974   521   5    140    164
975   589   5    17    117
976   458   2    113    412
977   872   2    191    366
978   58   6    111    394
979   906   5    8    498
980   616   3    166    126
981   850   2    78    475
982   542   4    72    83
983   831   6    47    395
984   411   7    193    186
985   200   7    82    100
986   299   3    24    440
987   693   3    193    321
988   305   6    101    61
989   222   4    19    444
990   666   7    89    423
991   345   2    40    463
992   279   4    17    305
993   400   5    146    188
994   595   4    69    183
995   876   5    132    289
996   225   7    84    68
997   761   2    189    104
998   653   6    45    202
999   10   3    76    42
1000   846   6    103    74
1001   326   5    86    206
1002   807   5    114    324
1003   876   5    57    118
1004   634   3    91    128
1005   13   5    110    130
1006   377   7    89    330
1007   265   4    119    74
1008   700   6    81    378
1009   760   3    191    453
1010   311   7    141    136
1011   177   3    11    200
1012   66   2    108    420
1013   463   5    53    477
1014   534   4    151    143
1015   416   5    111    294
1016   794   6    2    256
1017   962   5    131    453
1018   772   4    73    308
1019   68   2    91    446
1020   372   6    155    78
1021   323   6    144    155
1022   716   5    144    281
1023   426   4    161    106
1024   357   7    145    89
