1   0   2    21    37
2   1   2    15    145
3   1   3    72    184
4   2   7    65    200
5   2   7    61    471
6   4   3    81    225
7   5   7    77    75
8   2   5    162    131
9   1   7    28    30
10   7   2    1    317
11   6   6    181    347
12   5   2    33    125
13   7   7    73    178
14   11   6    171    341
15   11   5    104    240
16   13   3    91    217
17   5   3    9    363
18   9   2    141    206
19   4   4    96    475
20   7   2    185    280
21   16   4    176    265
22   9   2    145    13
23   12   7    105    321
24   19   3    66    319
25   1   2    3    430
26   9   2    193    319
27   24   5    183    71
28   26   7    171    459
29   24   2    45    115
30   10   6    83    231
31   27   2    133    360
32   25   2    113    380
33   19   6    51    293
34   29   3    65    316
35   4   5    38    418
36   28   7    51    218
37   4   6    72    321
38   29   4    177    395
39   23   2    41    340
40   25   2    125    227
41   13   6    58    290
42   1   6    16    108
43   15   5    189    221
44   41   6    22    159
45   12   4    104    48
46   14   4    132    290
47   35   7    43    213
48   19   7    49    145
49   19   6    42    409
50   30   5    156    346
51   32   3    47    200
52   46   3    179    60
53   19   4    155    393
54   49   5    129    168
55   48   7    94    320
56   10   3    80    373
57   10   3    16    144
58   17   7    180    410
59   18   2    52    173
60   12   5    38    170
61   49   7    172    340
62   11   6    95    355
63   42   5    71    329
64   18   5    64    484
65   3   5    159    141
66   13   5    130    287
67   55   4    38    345
68   20   2    2    379
69   23   3    41    195
70   10   5    102    212
71   38   4    150    266
72   32   2    91    14
73   56   2    82    171
74   39   4    33    336
75   61   6    101    439
76   2   7    122    415
77   14   7    198    426
78   55   3    89    45
79   16   3    110    361
80   9   6    51    87
81   24   6    11    434
82   45   3    80    322
83   75   7    89    238
84   80   5    132    195
85   51   2    100    323
86   80   3    103    31
87   58   2    159    297
88   75   3    146    455
89   48   4    139    250
90   70   3    192    206
91   61   7    53    477
92   2   3    78    471
93   6   3    146    61
94   69   6    85    95
95   80   4    40    78
96   84   5    149    485
97   82   5    95    433
98   53   6    158    135
99   10   3    26    272
100   79   5    135    261
101   54   7    114    179
102   72   5    98    260
103   100   5    100    306
104   69   2    128    16
105   93   2    89    371
106   94   5    165    194
107   95   3    171    460
108   78   7    68    84
109   64   4    103    388
110   95   3    188    289
111   56   4    111    355
112   53   4    161    421
113   27   6    110    466
114   60   6    129    408
115   65   6    136    33
116   112   6    195    469
117   104   5    190    83
118   23   3    159    107
119   64   6    110    341
120   58   5    45    430
121   29   7    24    167
122   33   7    56    41
123   40   6    70    129
124   60   2    111    439
125   6   7    164    420
126   39   4    135    389
127   83   4    117    322
128   97   3    180    81
129   33   6    70    395
130   40   4    30    498
131   44   4    106    17
132   21   6    111    372
133   88   2    25    79
134   61   7    136    340
135   24   3    155    459
136   7   6    195    234
137   115   4    132    433
138   26   6    142    259
139   100   5    15    157
140   95   2    165    124
141   61   7    149    188
142   50   6    156    57
143   85   2    134    109
144   106   4    162    166
145   4   4    140    334
146   111   3    64    106
147   70   6    3    255
148   29   5    120    194
149   87   6    120    415
150   19   2    119    168
151   31   4    78    258
152   35   3    102    46
153   26   3    110    178
154   139   2    14    302
155   43   7    189    104
156   36   7    153    388
157   37   4    59    37
158   72   6    14    463
159   104   6    55    190
160   28   6    92    241
161   1   6    185    213
162   18   4    140    370
163   75   4    199    244
164   38   3    127    16
165   32   5    118    480
166   44   5    172    81
167   146   6    132    387
168   38   3    149    469
169   69   7    91    150
170   56   2    15    378
171   129   3    135    213
172   36   6    184    325
173   124   6    2    286
174   131   7    176    101
175   55   2    94    383
176   139   2    198    481
177   53   3    15    71
178   54   3    26    382
179   27   3    69    243
180   40   4    11    123
181   125   7    52    189
182   22   5    57    418
183   71   5    5    272
184   42   3    105    50
185   108   7    49    80
186   53   6    82    70
187   120   4    163    295
188   23   5    142    199
189   109   5    111    93
190   159   2    171    452
191   178   3    61    120
192   134   6    73    426
193   148   4    74    119
194   160   4    13    105
195   83   5    146    398
196   52   5    185    407
197   47   6    145    183
198   163   2    76    387
199   102   4    155    62
200   109   6    157    473
201   149   6    58    484
202   176   3    79    36
203   17   3    144    158
204   150   2    16    388
205   108   2    113    392
206   59   3    157    62
207   23   2    80    174
208   12   2    75    364
209   128   5    162    394
210   88   7    138    243
211   187   6    174    117
212   38   3    35    348
213   156   2    189    215
214   39   6    36    118
215   16   5    171    205
216   115   5    18    168
217   186   2    89    141
218   22   4    136    112
219   139   4    127    191
220   157   7    173    222
221   138   3    138    362
222   120   6    165    99
223   7   5    51    399
224   40   4    99    108
225   103   4    27    32
226   183   5    171    472
227   220   4    188    160
228   12   7    104    410
229   150   6    49    53
230   149   7    39    142
231   91   5    8    452
232   186   6    156    336
233   195   7    45    129
234   82   3    175    71
235   172   5    71    208
236   196   6    131    496
237   224   6    97    126
238   112   5    23    330
239   10   4    117    476
240   208   6    180    367
241   230   3    127    472
242   134   7    100    70
243   191   6    95    100
244   27   5    124    203
245   87   5    55    260
246   178   6    114    216
247   111   7    178    479
248   246   5    107    194
249   156   7    43    148
250   159   7    169    75
251   116   3    123    478
252   242   3    55    7
253   179   4    65    200
254   126   2    42    169
255   136   4    171    330
256   90   3    131    69
257   14   2    153    328
258   181   3    132    493
259   12   6    121    481
260   130   6    140    256
261   117   7    53    152
262   103   7    3    338
263   202   5    142    87
264   167   3    175    296
265   156   7    1    225
266   223   5    180    229
267   28   6    57    223
268   260   3    163    168
269   55   5    94    338
270   239   2    169    59
271   9   3    63    457
272   202   4    6    138
273   167   5    160    251
274   174   7    173    5
275   246   2    142    55
276   227   4    161    60
277   142   7    5    219
278   161   2    26    398
279   254   6    108    116
280   43   7    89    114
281   215   4    53    165
282   104   6    88    410
283   159   6    7    143
284   252   4    125    15
285   208   4    59    75
286   7   2    53    196
287   277   6    115    43
288   185   7    158    475
289   286   5    156    44
290   101   3    85    398
291   49   3    36    302
292   282   5    37    331
293   262   3    183    121
294   173   4    63    381
295   265   2    63    419
296   212   4    148    317
297   58   5    68    462
298   225   4    45    489
299   25   2    2    390
300   297   3    90    369
301   255   3    183    162
302   234   3    99    488
303   108   3    192    125
304   102   4    79    141
305   76   3    166    120
306   115   5    184    124
307   121   3    130    393
308   221   4    77    385
309   170   5    81    143
310   60   7    124    489
311   292   2    198    263
312   90   2    46    170
313   149   2    63    471
314   298   2    105    499
315   114   5    83    247
316   66   6    3    479
317   193   5    11    130
318   41   7    95    209
319   7   7    60    180
320   151   6    48    364
321   177   7    109    239
322   149   3    111    276
323   296   2    35    378
324   121   2    109    80
325   256   3    137    265
326   253   2    94    19
327   201   3    52    12
328   294   7    80    364
329   179   3    172    221
330   14   6    167    120
331   297   5    165    420
332   28   7    17    225
333   10   7    199    232
334   177   5    191    483
335   150   7    20    445
336   27   4    139    237
337   134   3    107    384
338   293   3    153    442
339   326   7    161    311
340   231   2    84    81
341   201   3    117    215
342   49   2    41    392
343   40   2    189    285
344   10   3    37    85
345   25   3    173    475
346   53   7    188    73
347   87   4    20    498
348   120   2    104    43
349   304   5    164    429
350   238   5    177    409
351   317   7    167    208
352   221   7    129    194
353   210   2    52    127
354   41   6    96    208
355   170   3    121    117
356   278   6    10    164
357   253   4    113    295
358   334   6    49    295
359   239   6    125    207
360   102   3    146    140
361   218   6    18    345
362   334   5    24    462
363   64   6    46    489
364   146   6    45    160
365   301   3    29    79
366   217   4    109    118
367   215   2    92    3
368   220   6    188    60
369   245   7    174    444
370   35   7    49    85
371   131   5    58    421
372   150   3    11    150
373   92   6    22    353
374   118   7    24    473
375   104   4    182    425
376   199   7    44    309
377   371   6    13    339
378   151   4    130    447
379   352   7    154    306
380   34   4    75    472
381   153   2    46    67
382   282   4    117    206
383   251   6    37    384
384   297   2    34    153
385   354   6    6    15
386   248   5    157    411
387   375   4    114    409
388   205   5    129    426
389   325   6    163    252
390   175   6    118    366
391   339   2    29    231
392   223   2    158    149
393   160   5    155    211
394   160   7    2    474
395   359   2    154    450
396   7   7    167    34
397   300   4    92    192
398   86   5    191    3
399   308   3    101    476
400   35   5    39    358
401   289   2    150    277
402   260   6    17    85
403   46   4    21    317
404   126   3    152    90
405   293   4    120    125
406   202   5    179    153
407   50   7    121    64
408   399   5    145    464
409   48   5    180    395
410   313   6    113    42
411   338   4    55    22
412   379   7    86    313
413   383   3    76    388
414   91   5    3    44
415   236   6    179    396
416   310   5    2    405
417   329   2    20    31
418   260   6    150    492
419   304   4    120    381
420   336   4    135    370
421   396   3    48    188
422   410   7    119    116
423   20   3    132    333
424   162   2    62    214
425   317   5    100    395
426   240   5    143    108
427   150   3    175    49
428   28   4    143    259
429   262   4    152    7
430   226   3    46    387
431   148   6    85    432
432   402   3    47    310
433   43   7    176    144
434   142   3    181    115
435   390   3    88    459
436   106   5    53    177
437   270   3    13    456
438   188   3    114    77
439   413   6    26    220
440   244   3    8    348
441   278   3    96    358
442   54   3    13    207
443   440   7    35    69
444   243   2    128    254
445   403   2    76    276
446   330   4    156    391
447   372   6    42    414
448   406   5    187    391
449   284   7    55    367
450   99   6    96    367
451   142   2    133    131
452   48   4    133    281
453   402   5    66    62
454   243   5    95    208
455   380   3    156    118
456   33   2    119    245
457   32   7    28    469
458   351   2    18    170
459   220   6    12    437
460   379   2    38    59
461   143   7    26    313
462   432   7    104    64
463   83   5    151    283
464   403   5    156    497
465   76   3    53    480
466   384   2    199    196
467   421   2    136    25
468   322   4    58    300
469   88   3    177    197
470   34   6    117    351
471   48   2    43    410
472   166   5    10    74
473   12   6    150    71
474   265   3    155    27
475   405   7    176    10
476   434   7    141    95
477   325   3    176    328
478   110   7    167    438
479   51   3    144    340
480   373   5    188    218
481   309   6    163    83
482   6   5    48    103
483   317   5    106    199
484   98   5    51    70
485   115   5    107    7
486   267   6    13    69
487   440   4    112    306
488   408   2    167    122
489   379   3    172    15
490   474   2    164    93
491   331   5    101    431
492   307   4    66    379
493   430   5    154    470
494   119   3    112    306
495   210   7    84    334
496   243   3    55    334
497   137   5    101    365
498   147   4    36    111
499   105   4    159    62
500   126   6    193    392
501   140   5    52    357
502   245   4    166    494
503   227   4    164    171
504   100   5    109    131
505   273   5    83    414
506   234   5    175    7
507   316   6    121    423
508   450   7    50    491
509   104   2    123    206
510   222   5    153    480
511   197   5    199    412
512   45   3    115    32
513   7   7    114    322
514   18   6    64    357
515   302   6    176    365
516   141   2    39    177
517   216   7    100    127
518   338   7    79    385
519   16   6    21    421
520   239   5    149    143
521   32   4    112    88
522   92   4    82    402
523   436   3    79    34
524   323   3    160    368
525   449   7    38    427
526   162   3    155    62
527   24   5    49    218
528   411   7    31    379
529   113   6    131    477
530   163   7    177    250
531   459   2    34    231
532   462   6    25    316
533   148   3    63    369
534   286   5    131    498
535   325   3    122    167
536   215   7    118    235
537   137   3    110    240
538   425   4    35    114
539   247   2    122    229
540   149   6    74    460
541   336   5    164    174
542   56   4    151    63
543   247   7    46    19
544   15   5    150    362
545   144   2    124    488
546   347   2    40    462
547   317   6    68    403
548   433   2    64    367
549   138   7    116    422
550   218   3    195    68
551   318   5    65    394
552   482   3    99    275
553   413   5    124    251
554   406   5    175    30
555   244   5    110    363
556   473   2    138    220
557   473   6    109    383
558   226   3    114    138
559   494   7    39    271
560   133   3    199    346
561   339   6    153    34
562   39   7    186    424
563   96   4    35    132
564   344   2    34    1
565   176   2    185    48
566   560   7    21    70
567   505   3    197    134
568   418   2    177    89
569   504   5    7    309
570   204   3    184    321
571   552   6    26    192
572   529   7    19    154
573   132   2    178    471
574   378   4    96    445
575   481   2    65    323
576   532   2    120    126
577   331   5    158    185
578   19   5    101    339
579   300   7    156    330
580   469   4    136    392
581   579   6    70    206
582   273   4    97    114
583   171   5    86    217
584   348   3    124    308
585   88   6    23    262
586   547   5    71    405
587   108   2    80    384
588   47   7    14    426
589   153   5    120    138
590   353   2    26    328
591   77   2    94    409
592   554   5    172    81
593   6   6    159    496
594   217   4    122    439
595   318   4    18    425
596   516   6    98    478
597   111   5    24    61
598   285   4    131    164
599   138   2    10    310
600   313   4    187    40
601   59   4    149    259
602   384   3    121    471
603   453   5    128    204
604   417   4    117    139
605   535   7    58    158
606   528   6    129    216
607   378   5    90    173
608   349   7    34    12
609   245   6    72    268
610   438   7    70    34
611   307   7    73    112
612   515   6    194    275
613   253   3    157    322
614   267   4    108    443
615   566   4    76    161
616   594   2    123    294
617   511   7    4    315
618   163   4    84    123
619   380   3    31    205
620   485   6    149    384
621   515   5    187    355
622   195   4    138    367
623   355   6    45    176
624   1   5    17    373
625   358   7    198    440
626   266   4    60    155
627   407   4    47    68
628   23   3    54    323
629   100   3    100    415
630   140   4    17    321
631   63   6    145    410
632   382   5    76    481
633   244   4    109    48
634   368   7    51    72
635   574   4    196    228
636   231   2    26    93
637   466   7    193    263
638   161   7    135    95
639   74   7    74    437
640   128   4    59    40
641   163   3    134    155
642   170   3    14    106
643   537   5    75    192
644   247   2    51    95
645   302   5    164    316
646   399   2    108    287
647   333   2    17    65
648   250   5    34    73
649   417   3    195    85
650   108   2    56    273
651   228   3    114    274
652   454   2    146    20
653   4   6    148    61
654   169   5    4    129
655   197   4    152    27
656   594   6    31    472
657   592   6    197    410
658   631   7    46    374
659   645   7    26    400
660   285   2    128    430
661   175   7    12    72
662   163   6    198    433
663   203   5    69    120
664   136   6    195    121
665   80   5    54    383
666   567   2    132    111
667   514   4    127    253
668   267   4    108    50
669   15   2    114    236
670   445   4    139    416
671   468   7    52    348
672   640   5    123    458
673   363   3    160    393
674   573   4    22    16
675   671   6    63    90
676   261   4    97    405
677   346   6    80    78
678   273   4    100    18
679   115   5    44    290
680   152   7    182    208
681   13   3    28    486
682   549   6    122    133
683   678   4    19    229
684   597   6    170    231
685   221   7    128    146
686   461   2    119    465
687   336   6    70    262
688   534   7    49    244
689   14   6    83    221
690   198   5    23    404
691   654   5    113    384
692   473   3    49    444
693   314   6    194    69
694   480   4    137    107
695   350   7    125    247
696   152   5    92    46
697   247   7    121    471
698   386   6    66    172
699   81   5    197    19
700   639   5    40    37
701   123   6    58    313
702   272   7    151    192
703   445   6    44    380
704   358   5    128    477
705   62   5    66    101
706   3   4    165    226
707   544   7    109    105
708   165   3    48    33
709   171   2    175    393
710   173   5    192    28
711   653   2    1    396
712   401   4    163    156
713   436   4    99    387
714   48   4    158    198
715   5   2    122    19
716   187   7    7    373
717   123   2    15    289
718   624   4    70    429
719   6   7    126    378
720   443   4    23    187
721   343   5    155    109
722   141   2    7    337
723   105   7    11    158
724   443   4    150    401
725   249   6    94    401
726   98   4    134    19
727   422   3    110    114
728   240   2    18    318
729   439   2    160    421
730   47   5    40    378
731   219   4    41    1
732   716   6    65    427
733   542   3    114    287
734   580   2    175    101
735   46   7    197    112
736   88   7    95    235
737   522   6    123    167
738   317   5    93    96
739   311   3    9    155
740   305   2    134    64
741   581   5    195    462
742   145   2    119    48
743   183   3    184    150
744   371   2    181    398
745   544   6    120    34
746   303   6    194    146
747   9   2    195    112
748   416   3    95    366
749   321   5    50    26
750   170   3    22    423
751   511   7    26    180
752   500   5    62    487
753   501   4    141    394
754   468   6    140    162
755   60   7    133    430
756   70   6    88    234
757   473   5    128    265
758   463   5    84    406
759   180   6    158    273
760   60   5    72    381
761   210   3    88    1
762   129   6    58    360
763   128   6    66    376
764   551   2    105    245
765   162   3    105    393
766   518   7    92    97
767   700   6    169    342
768   705   6    125    296
769   484   6    11    118
770   503   5    76    413
771   400   7    68    163
772   105   3    29    175
773   128   6    16    23
774   345   4    73    236
775   322   6    141    19
776   335   2    87    27
777   378   7    196    2
778   344   6    8    348
779   96   5    141    75
780   232   4    81    478
781   486   3    164    111
782   35   5    152    432
783   44   6    199    446
784   249   5    180    190
785   342   3    90    110
786   619   5    14    457
787   774   2    134    128
788   166   5    41    105
789   368   4    159    225
790   359   7    88    55
791   632   5    140    154
792   680   5    133    191
793   313   2    145    214
794   666   6    148    165
795   1   7    148    273
796   560   2    171    249
797   9   3    111    451
798   440   2    191    28
799   655   7    140    330
800   13   2    32    235
801   298   6    37    361
802   200   5    189    467
803   640   3    168    249
804   83   7    183    442
805   295   7    192    474
806   261   2    89    115
807   701   5    53    51
808   782   2    105    154
809   376   7    139    253
810   496   7    57    116
811   439   5    192    75
812   403   4    172    398
813   368   5    32    43
814   9   4    156    432
815   767   2    42    207
816   229   7    174    19
817   475   4    161    294
818   195   3    42    51
819   816   4    137    250
820   422   5    105    78
821   470   2    80    409
822   342   2    74    172
823   596   6    161    166
824   606   2    150    34
825   23   7    130    304
826   153   4    189    450
827   699   7    65    477
828   612   7    177    498
829   755   5    98    262
830   468   6    74    329
831   823   3    159    108
832   521   6    21    161
833   565   3    101    132
834   252   3    30    47
835   677   6    26    192
836   302   5    198    498
837   770   6    192    150
838   458   7    153    87
839   742   4    74    274
840   514   6    127    281
841   694   2    98    63
842   351   5    154    237
843   761   3    95    184
844   739   3    46    130
845   452   7    34    453
846   430   3    29    360
847   791   3    112    100
848   578   4    198    372
849   281   6    47    131
850   653   4    52    62
851   815   2    75    50
852   304   3    65    298
853   29   3    125    226
854   373   5    56    220
855   823   3    139    260
856   45   6    87    367
857   803   5    122    443
858   554   3    72    169
859   568   6    113    241
860   86   2    3    491
861   12   3    76    347
862   551   2    4    493
863   283   2    158    420
864   519   7    196    464
865   749   2    187    389
866   438   6    16    252
867   362   7    161    227
868   787   3    110    251
869   603   2    50    68
870   242   5    54    148
871   640   7    115    25
872   462   2    27    478
873   430   5    134    230
874   475   3    145    355
875   183   2    162    318
876   553   6    73    492
877   813   3    79    415
878   606   6    160    325
879   756   6    105    19
880   33   3    46    12
881   60   5    149    425
882   116   5    108    433
883   240   6    51    91
884   646   3    155    341
885   501   2    189    258
886   362   4    28    418
887   25   4    144    322
888   21   5    17    165
889   295   6    40    252
890   885   6    165    160
891   93   4    32    339
892   18   6    197    237
893   552   2    197    15
894   589   3    155    92
895   518   5    137    442
896   844   6    42    487
897   10   2    40    62
898   878   6    139    244
899   674   7    44    389
900   797   3    113    499
901   269   6    72    119
902   136   4    113    149
903   186   6    101    228
904   337   6    157    78
905   130   2    47    460
906   505   4    110    237
907   733   6    196    22
908   211   4    198    414
909   552   2    68    290
910   56   6    36    130
911   560   7    53    345
912   721   7    195    341
913   685   4    187    126
914   640   4    68    138
915   86   2    155    8
916   247   3    20    386
917   725   7    7    30
918   892   2    133    174
919   897   3    195    36
920   668   5    16    333
921   872   3    71    141
922   505   2    32    417
923   700   4    127    322
924   67   7    29    219
925   533   5    96    442
926   818   2    17    252
927   818   2    170    229
928   7   7    94    351
929   676   6    61    466
930   38   5    148    146
931   565   7    94    265
932   344   6    19    177
933   825   4    171    447
934   363   3    148    3
935   64   2    4    443
936   390   7    29    433
937   485   3    89    151
938   117   3    13    204
939   441   4    116    465
940   580   6    47    222
941   204   6    80    209
942   272   7    141    33
943   283   6    177    168
944   863   4    26    44
945   347   7    33    277
946   133   7    175    315
947   132   6    54    192
948   9   4    71    248
949   414   5    83    346
950   832   4    99    23
951   106   7    12    117
952   534   6    148    347
953   66   5    70    238
954   850   6    177    94
955   911   2    38    451
956   156   4    75    381
957   127   3    164    6
958   139   7    22    206
959   533   5    195    85
960   631   5    16    188
961   719   4    136    396
962   102   7    159    267
963   605   4    42    7
964   106   7    159    253
965   498   3    107    447
966   375   6    193    181
967   682   6    118    178
968   613   3    133    454
969   897   7    169    188
970   558   6    5    20
971   90   6    35    34
972   499   3    54    158
973   825   7    127    26
974   397   6    177    498
975   45   6    161    351
976   259   6    63    139
977   782   5    8    42
978   186   3    82    54
979   70   3    84    204
980   669   7    186    82
981   737   3    78    412
982   251   2    72    118
983   680   7    173    170
984   314   3    83    181
985   978   4    69    421
986   621   7    59    30
987   320   5    133    144
988   178   2    150    239
989   881   2    3    447
990   718   2    174    425
991   624   4    116    52
992   528   7    159    11
993   50   6    22    448
994   313   5    78    325
995   29   2    166    288
996   826   5    118    32
997   144   4    147    445
998   129   7    188    161
999   851   2    148    105
1000   115   4    90    182
1001   539   6    17    21
1002   788   4    126    83
1003   571   7    154    291
1004   364   2    117    309
1005   513   5    109    310
1006   313   7    79    89
1007   939   5    162    403
1008   154   7    62    408
1009   560   5    150    470
1010   988   7    7    32
1011   609   2    79    39
1012   583   3    12    116
1013   772   3    3    402
1014   426   4    155    429
1015   489   2    44    366
1016   144   3    78    289
1017   697   2    148    122
1018   777   6    45    451
1019   8   6    38    276
1020   447   3    10    177
1021   165   6    34    333
1022   878   4    150    8
1023   146   5    32    467
1024   904   6    67    87
