1   0   5    9    46
2   1   2    153    467
3   1   5    82    62
4   2   6    46    238
5   2   3    197    373
6   2   7    176    256
7   4   5    92    264
8   3   5    188    85
9   5   4    103    334
10   8   6    55    420
11   4   2    126    23
12   2   6    99    190
13   7   2    75    35
14   4   6    164    92
15   5   5    33    126
16   14   2    183    249
17   7   7    191    90
18   15   5    125    494
19   5   4    166    105
20   5   5    118    353
21   3   5    195    144
22   10   2    140    430
23   6   7    95    426
24   14   3    69    144
25   17   3    145    18
26   16   3    86    417
27   1   7    118    61
28   20   7    176    295
29   15   6    55    373
30   22   3    6    243
31   15   6    62    75
32   24   2    26    427
33   1   5    65    354
34   12   6    89    147
35   32   3    118    9
36   11   5    186    170
37   16   3    65    341
38   12   3    86    125
39   30   3    129    217
40   34   7    129    87
41   20   6    22    338
42   10   3    116    469
43   27   2    30    334
44   8   7    130    174
45   36   5    111    437
46   34   5    108    42
47   11   7    199    168
48   34   5    125    322
49   26   6    117    475
50   44   2    176    187
51   15   5    79    309
52   3   4    156    2
53   30   2    32    186
54   31   5    120    222
55   45   3    68    212
56   24   6    97    374
57   52   5    23    21
58   21   7    184    113
59   8   3    100    417
60   27   3    165    45
61   30   6    137    50
62   48   2    35    335
63   8   3    46    48
64   48   3    6    363
65   52   7    92    330
66   16   4    131    279
67   38   6    164    69
68   17   2    78    445
69   29   7    15    269
70   55   7    163    126
71   25   2    133    229
72   6   4    143    446
73   39   7    125    481
74   15   5    155    160
75   71   5    73    72
76   56   3    177    206
77   37   6    50    35
78   52   6    194    35
79   3   3    54    123
80   31   6    118    344
81   69   4    157    172
82   7   3    26    309
83   79   5    175    275
84   53   6    67    137
85   34   7    184    239
86   59   5    14    423
87   4   7    138    367
88   72   3    90    497
89   1   7    48    240
90   29   4    22    270
91   33   4    84    348
92   57   6    98    232
93   60   5    114    397
94   18   3    183    428
95   88   3    153    171
96   86   2    142    158
97   82   7    136    494
98   18   3    55    395
99   32   5    49    420
100   31   5    185    420
101   55   4    12    146
102   69   6    68    147
103   58   6    48    148
104   21   3    56    304
105   79   2    20    211
106   43   5    47    20
107   65   6    170    89
108   12   6    140    178
109   53   2    170    358
110   51   3    71    130
111   44   6    41    139
112   2   4    116    181
113   95   6    99    206
114   41   6    104    337
115   94   2    185    84
116   97   6    164    24
117   108   2    179    165
118   89   7    145    80
119   31   7    191    69
120   25   2    178    157
121   6   7    193    148
122   20   4    160    90
123   82   5    135    59
124   118   3    99    270
125   51   4    31    56
126   75   7    49    390
127   1   2    34    340
128   17   5    48    413
129   5   3    152    371
130   60   6    10    469
131   110   7    147    465
132   101   6    136    88
133   130   6    94    478
134   84   3    33    361
135   11   3    29    419
136   73   3    29    326
137   64   3    182    496
138   11   4    24    337
139   54   5    116    359
140   41   6    92    399
141   61   7    98    101
142   136   2    168    495
143   137   6    148    106
144   25   4    169    135
145   17   3    103    22
146   75   3    15    353
147   102   2    51    84
148   98   5    158    179
149   14   7    41    113
150   110   6    73    451
151   29   2    138    484
152   139   5    102    352
153   115   3    42    122
154   107   6    50    327
155   53   6    47    88
156   65   4    72    92
157   136   7    110    352
158   6   5    42    467
159   47   6    17    324
160   145   7    39    129
161   32   2    162    335
162   19   7    186    172
163   27   6    193    477
164   94   5    9    212
165   7   2    135    358
166   164   7    38    362
167   91   7    164    241
168   112   3    27    113
169   52   3    182    468
170   22   3    21    418
171   135   4    127    141
172   62   5    126    441
173   47   7    120    210
174   36   5    117    9
175   154   2    52    414
176   130   2    66    30
177   42   7    21    466
178   6   4    193    206
179   165   5    70    351
180   45   2    155    146
181   16   5    98    396
182   54   3    102    4
183   115   4    17    471
184   87   6    136    395
185   127   5    5    390
186   54   3    3    338
187   146   4    198    266
188   126   7    72    254
189   48   3    79    175
190   7   5    120    269
191   186   3    26    144
192   81   2    127    346
193   167   5    89    94
194   29   4    3    444
195   61   4    187    191
196   82   3    85    285
197   7   7    59    473
198   120   3    57    299
199   100   4    59    435
200   96   5    28    180
201   70   7    88    23
202   155   3    82    120
203   168   5    131    38
204   157   3    40    78
205   199   6    3    384
206   121   4    14    92
207   179   3    69    162
208   147   5    135    207
209   193   7    34    337
210   4   7    97    87
211   39   6    83    117
212   62   4    127    256
213   64   6    3    365
214   96   7    101    420
215   176   2    83    275
216   82   6    181    3
217   87   3    181    131
218   60   5    16    58
219   104   5    63    26
220   56   3    75    236
221   81   5    21    34
222   112   7    182    191
223   186   4    189    219
224   192   5    72    269
225   219   6    136    398
226   153   4    44    140
227   206   3    43    412
228   19   2    16    493
229   222   7    67    332
230   40   4    83    291
231   26   3    172    469
232   163   5    157    427
233   44   7    4    93
234   197   4    52    325
235   130   6    24    69
236   73   3    31    98
237   229   3    59    385
238   125   6    71    26
239   134   7    50    377
240   32   2    14    428
241   131   4    22    15
242   160   6    8    37
243   157   2    78    380
244   85   2    148    40
245   117   7    36    486
246   218   6    159    190
247   138   4    149    420
248   219   5    53    497
249   26   7    6    182
250   28   5    72    214
251   18   3    80    332
252   216   6    185    129
253   78   6    163    449
254   38   7    184    121
255   157   6    193    257
256   122   5    76    128
257   147   3    85    379
258   165   5    193    266
259   178   7    179    3
260   8   2    175    346
261   42   4    113    322
262   233   6    96    166
263   188   2    197    213
264   111   6    169    408
265   48   3    160    337
266   146   7    47    301
267   245   4    51    211
268   265   4    57    96
269   127   2    195    268
270   40   4    98    368
271   130   6    61    270
272   128   2    32    309
273   38   4    187    355
274   22   4    26    242
275   70   2    115    60
276   244   3    110    401
277   267   3    173    313
278   252   7    165    328
279   84   3    152    325
280   127   2    74    308
281   75   2    92    138
282   126   7    84    197
283   82   7    67    3
284   24   5    46    91
285   188   3    155    190
286   50   3    91    411
287   94   4    183    252
288   231   3    152    185
289   16   6    138    174
290   40   7    8    373
291   8   4    113    39
292   128   5    137    294
293   250   6    176    25
294   91   2    160    406
295   202   3    126    396
296   8   2    178    133
297   236   7    147    256
298   93   5    76    357
299   242   4    182    114
300   110   6    152    407
301   146   2    52    391
302   81   3    172    454
303   100   5    58    468
304   264   5    111    110
305   22   3    18    492
306   160   6    105    383
307   1   7    130    385
308   206   7    14    320
309   191   2    79    356
310   153   2    57    242
311   206   4    47    135
312   280   4    105    259
313   206   7    26    299
314   137   2    150    206
315   74   3    117    332
316   293   6    78    491
317   208   7    102    88
318   56   4    162    111
319   281   5    141    241
320   49   4    135    345
321   66   3    117    251
322   282   5    49    193
323   25   6    121    200
324   41   3    53    425
325   319   6    21    185
326   90   7    110    343
327   311   3    172    10
328   261   6    1    344
329   41   4    41    238
330   99   3    54    218
331   130   4    56    414
332   139   5    100    389
333   167   3    59    393
334   278   6    171    299
335   208   6    111    155
336   228   4    20    345
337   256   2    87    150
338   273   6    156    183
339   228   4    192    209
340   218   4    8    259
341   43   3    40    95
342   240   3    68    445
343   129   6    53    219
344   37   4    181    467
345   54   3    119    332
346   328   3    100    181
347   118   5    28    50
348   207   2    97    391
349   143   5    171    196
350   7   5    48    387
351   139   6    144    442
352   279   5    191    250
353   121   7    198    362
354   343   6    142    222
355   84   6    163    32
356   3   4    53    298
357   309   3    31    441
358   247   2    37    421
359   239   4    154    157
360   225   5    90    418
361   333   6    116    85
362   93   2    171    68
363   1   7    185    338
364   350   6    57    415
365   144   7    124    270
366   127   4    193    359
367   231   6    130    221
368   70   7    158    126
369   221   6    199    49
370   6   6    37    105
371   162   3    89    413
372   286   4    149    440
373   327   4    57    247
374   252   3    178    152
375   44   2    55    173
376   235   4    95    339
377   14   4    53    56
378   237   2    101    337
379   128   3    153    450
380   331   2    127    164
381   281   3    49    241
382   373   5    17    293
383   261   5    24    175
384   43   3    198    367
385   222   3    114    72
386   160   3    85    340
387   256   2    58    308
388   55   2    37    111
389   353   7    111    119
390   7   6    158    362
391   355   7    30    445
392   250   7    175    187
393   368   5    2    74
394   232   3    82    388
395   11   3    1    450
396   227   5    166    279
397   159   5    196    274
398   358   2    68    325
399   312   4    29    100
400   324   3    159    393
401   32   7    59    297
402   239   5    35    423
403   389   4    70    359
404   117   5    154    426
405   144   6    107    165
406   274   4    155    24
407   132   6    158    174
408   150   7    131    156
409   123   7    183    52
410   358   3    154    443
411   298   5    50    398
412   115   7    44    72
413   383   7    195    258
414   60   2    6    257
415   233   3    170    326
416   21   5    108    376
417   326   5    95    168
418   181   5    66    366
419   81   6    165    31
420   270   3    163    45
421   253   3    37    361
422   149   4    32    270
423   105   4    47    409
424   185   4    32    299
425   312   3    3    301
426   51   2    172    416
427   284   3    191    392
428   221   6    55    241
429   249   5    93    168
430   361   6    77    250
431   30   7    35    35
432   308   2    142    339
433   182   3    182    46
434   392   5    5    418
435   295   5    131    88
436   418   4    48    336
437   55   4    27    249
438   84   2    183    137
439   247   6    163    358
440   140   4    156    257
441   320   7    13    402
442   326   2    68    490
443   235   6    82    399
444   185   6    168    29
445   3   5    61    427
446   114   6    114    208
447   227   5    156    34
448   105   6    144    486
449   18   6    127    186
450   237   3    117    77
451   386   7    92    105
452   352   7    181    439
453   262   3    96    128
454   330   4    156    392
455   380   6    13    122
456   191   5    134    38
457   376   5    183    158
458   277   7    191    153
459   7   3    191    34
460   434   3    165    34
461   120   5    160    35
462   378   3    35    151
463   58   7    16    334
464   360   6    140    39
465   27   2    146    411
466   294   3    81    366
467   27   7    136    446
468   193   6    150    60
469   14   4    192    420
470   134   2    157    305
471   6   3    169    328
472   357   4    9    208
473   48   7    142    318
474   4   3    14    21
475   367   5    112    265
476   409   5    32    332
477   418   7    190    494
478   452   4    138    478
479   49   4    86    331
480   144   7    142    495
481   28   4    95    118
482   422   2    111    120
483   329   3    153    257
484   349   6    88    410
485   456   3    138    11
486   353   6    44    105
487   14   3    178    479
488   362   4    191    316
489   18   5    95    470
490   243   7    126    141
491   173   4    149    58
492   68   3    29    308
493   289   7    98    44
494   244   3    77    108
495   337   2    190    405
496   494   7    51    408
497   41   2    80    186
498   433   6    124    233
499   116   6    129    176
500   191   7    140    369
501   412   2    156    149
502   13   7    28    324
503   143   7    31    142
504   283   2    183    27
505   418   7    116    104
506   321   5    148    388
507   264   2    21    305
508   203   5    108    11
509   490   3    33    348
510   241   6    112    454
511   420   3    12    158
512   308   4    133    118
513   81   4    19    188
514   195   5    46    31
515   155   2    132    286
516   462   2    167    203
517   188   5    16    185
518   497   7    174    347
519   291   3    28    305
520   136   4    157    120
521   26   4    179    131
522   87   7    8    104
523   239   5    15    429
524   48   2    109    265
525   201   5    53    453
526   166   5    190    138
527   300   4    51    369
528   219   4    71    466
529   475   3    168    205
530   84   5    61    476
531   17   7    52    145
532   174   7    100    189
533   160   2    68    68
534   209   2    116    436
535   160   7    199    349
536   205   5    78    294
537   296   6    34    321
538   493   5    175    33
539   255   7    173    53
540   67   7    54    456
541   393   6    112    281
542   331   5    163    346
543   335   4    101    330
544   137   3    32    458
545   435   6    184    258
546   212   5    192    378
547   511   3    166    15
548   314   7    150    165
549   350   4    36    320
550   175   3    144    486
551   261   3    134    498
552   83   6    182    292
553   273   3    196    215
554   28   3    152    307
555   82   7    147    135
556   173   5    49    136
557   65   2    188    119
558   505   5    192    89
559   426   7    119    184
560   33   6    174    367
561   276   4    147    30
562   502   4    123    2
563   469   7    98    278
564   36   7    68    68
565   418   6    37    138
566   45   2    38    303
567   376   4    71    459
568   489   2    182    353
569   152   3    134    129
570   413   7    57    443
571   380   6    81    159
572   56   3    59    429
573   291   5    57    491
574   99   3    66    24
575   349   3    92    181
576   114   2    46    451
577   422   5    163    463
578   201   3    134    399
579   439   6    73    447
580   560   5    20    431
581   373   4    68    287
582   358   2    149    62
583   409   5    140    461
584   430   7    63    204
585   463   2    139    270
586   203   7    4    450
587   557   6    109    129
588   246   7    126    374
589   38   4    105    451
590   315   6    8    196
591   199   5    62    29
592   83   3    51    499
593   571   4    184    38
594   509   3    9    394
595   188   7    110    341
596   25   5    50    374
597   246   2    63    486
598   478   7    143    385
599   217   2    15    179
600   68   5    155    243
601   414   2    92    17
602   55   2    154    268
603   287   7    32    85
604   244   2    151    468
605   601   3    29    155
606   218   7    95    214
607   96   2    158    378
608   143   6    72    366
609   359   5    34    396
610   555   5    95    93
611   252   2    112    405
612   427   7    47    406
613   363   3    102    262
614   59   3    145    435
615   540   6    16    43
616   215   7    196    449
617   5   4    172    497
618   546   6    116    29
619   378   3    57    212
620   304   5    102    265
621   285   6    144    373
622   269   4    88    166
623   66   3    51    247
624   481   3    46    329
625   519   5    121    157
626   183   7    22    332
627   432   4    182    306
628   375   5    117    56
629   15   6    176    449
630   7   3    12    355
631   105   4    142    297
632   615   6    58    182
633   279   4    114    55
634   72   4    96    270
635   212   3    183    286
636   633   5    120    316
637   305   6    153    230
638   224   2    68    28
639   134   3    169    200
640   573   4    133    487
641   133   3    175    156
642   358   6    2    106
643   388   4    132    168
644   227   3    151    55
645   238   7    172    228
646   239   7    53    388
647   380   6    23    258
648   19   2    64    263
649   228   2    150    432
650   258   7    100    127
651   78   4    114    212
652   214   4    128    162
653   508   5    86    266
654   393   4    79    470
655   196   6    30    363
656   70   6    138    343
657   166   4    187    308
658   430   5    47    454
659   453   4    80    124
660   527   6    1    477
661   381   6    175    121
662   440   7    9    207
663   595   7    92    235
664   458   7    83    108
665   267   2    74    349
666   411   5    17    73
667   57   6    113    363
668   504   5    66    324
669   271   6    8    138
670   15   7    131    281
671   609   2    120    423
672   585   5    17    71
673   284   5    188    1
674   289   2    11    430
675   567   4    186    34
676   362   3    140    237
677   192   6    182    415
678   440   5    74    190
679   491   4    147    463
680   463   5    152    417
681   327   5    53    439
682   543   7    145    32
683   472   4    149    65
684   463   5    4    289
685   183   2    99    283
686   465   2    162    248
687   455   2    171    360
688   255   5    185    314
689   75   6    158    261
690   615   3    176    57
691   93   3    101    359
692   215   7    107    393
693   574   7    19    267
694   418   3    171    308
695   272   4    37    402
696   567   2    36    335
697   666   4    129    490
698   179   5    39    432
699   361   2    141    359
700   650   6    110    240
701   612   2    92    488
702   458   5    59    196
703   86   4    109    440
704   363   6    39    213
705   517   3    130    207
706   603   6    158    115
707   556   4    162    227
708   37   7    53    106
709   254   3    114    119
710   347   7    78    18
711   693   6    122    427
712   244   7    178    340
713   339   7    139    304
714   101   5    74    396
715   389   6    80    206
716   343   4    25    162
717   517   4    185    109
718   686   6    135    38
719   48   4    25    9
720   122   6    107    415
721   77   4    140    370
722   126   3    92    193
723   57   2    141    92
724   528   5    79    93
725   680   5    127    23
726   585   6    52    78
727   553   3    192    168
728   366   3    143    129
729   10   2    98    183
730   278   4    87    466
731   265   2    162    186
732   148   7    155    210
733   715   5    169    136
734   347   7    24    379
735   540   2    104    221
736   711   3    157    59
737   628   7    162    146
738   571   2    102    45
739   197   2    155    261
740   293   3    3    43
741   671   2    36    12
742   392   3    103    86
743   35   7    126    141
744   29   2    42    273
745   293   5    164    61
746   76   7    48    334
747   259   2    38    232
748   273   4    14    327
749   495   2    123    370
750   378   3    1    307
751   624   2    187    9
752   35   6    177    364
753   360   6    188    308
754   200   2    78    482
755   559   2    92    370
756   155   5    162    12
757   368   7    79    60
758   535   6    37    428
759   96   7    66    459
760   15   3    198    212
761   33   6    34    146
762   697   6    70    248
763   624   2    96    196
764   438   3    58    271
765   658   6    76    110
766   186   7    186    190
767   44   4    25    358
768   573   3    112    275
769   648   2    58    160
770   417   4    107    421
771   408   2    152    222
772   249   4    170    461
773   221   4    25    445
774   715   2    125    418
775   345   4    119    440
776   573   6    95    472
777   44   2    135    182
778   644   2    3    75
779   740   3    141    453
780   409   5    75    285
781   550   7    169    297
782   257   6    23    176
783   129   3    166    180
784   213   7    98    493
785   405   3    43    204
786   444   5    78    438
787   253   2    14    426
788   633   3    149    196
789   746   4    171    218
790   697   7    38    175
791   214   2    173    481
792   646   7    45    80
793   201   6    140    387
794   364   3    111    423
795   563   4    19    221
796   431   6    176    367
797   782   6    21    28
798   469   2    125    37
799   755   4    124    45
800   165   3    127    126
801   124   2    89    123
802   534   7    136    105
803   196   3    32    73
804   108   5    107    454
805   667   5    99    41
806   355   2    90    430
807   37   2    165    296
808   468   6    26    60
809   541   6    66    251
810   57   7    155    488
811   467   2    169    76
812   47   7    78    344
813   476   4    186    248
814   242   7    73    373
815   727   2    75    197
816   740   3    125    309
817   378   5    148    404
818   636   4    137    230
819   339   2    196    12
820   747   6    21    476
821   657   6    188    424
822   359   5    32    257
823   351   6    81    357
824   386   2    135    467
825   814   5    142    199
826   621   4    177    10
827   658   5    195    389
828   629   7    121    78
829   301   4    159    263
830   250   7    113    42
831   574   2    136    42
832   737   4    185    216
833   623   3    93    484
834   540   4    99    302
835   279   3    80    366
836   420   3    153    229
837   573   7    28    76
838   661   4    9    286
839   93   5    11    386
840   512   6    60    146
841   625   2    17    303
842   781   3    41    159
843   291   4    98    28
844   421   2    20    159
845   283   6    124    380
846   650   3    196    241
847   210   3    9    166
848   477   4    121    211
849   398   2    197    272
850   634   6    73    146
851   834   3    149    427
852   218   5    125    228
853   766   3    156    377
854   848   2    55    202
855   740   7    185    261
856   694   7    77    53
857   307   4    183    73
858   548   6    126    348
859   440   2    189    24
860   372   7    91    160
861   53   5    144    17
862   854   7    15    120
863   218   5    155    151
864   597   3    157    272
865   176   6    16    219
866   387   3    173    380
867   234   2    107    492
868   291   2    131    327
869   243   3    174    144
870   592   2    84    298
871   555   2    117    354
872   76   2    191    111
873   827   6    102    347
874   283   7    69    484
875   162   5    15    217
876   12   7    97    242
877   168   6    167    49
878   60   6    42    317
879   254   3    65    343
880   651   4    46    66
881   275   5    94    21
882   840   4    11    25
883   451   2    115    221
884   691   5    36    367
885   817   7    144    343
886   735   4    134    400
887   164   4    37    222
888   43   2    85    336
889   206   4    33    265
890   633   7    99    53
891   332   4    74    223
892   806   4    89    211
893   162   2    40    248
894   838   7    40    321
895   428   4    3    335
896   339   7    73    63
897   765   6    96    36
898   895   6    123    279
899   269   4    70    407
900   19   4    155    401
901   623   6    89    86
902   331   4    36    371
903   824   3    51    215
904   744   5    9    421
905   121   5    190    121
906   567   3    163    34
907   282   2    132    442
908   134   6    115    257
909   558   4    101    335
910   582   2    182    417
911   536   2    158    89
912   347   7    38    25
913   845   5    110    398
914   754   3    45    77
915   642   7    103    329
916   111   6    33    104
917   534   2    141    32
918   828   4    173    40
919   73   3    113    179
920   813   5    68    167
921   778   4    152    275
922   659   2    182    7
923   847   5    30    187
924   435   7    148    421
925   710   6    183    300
926   741   7    146    208
927   181   5    120    137
928   229   3    168    149
929   120   6    164    498
930   797   3    102    341
931   178   4    137    490
932   552   4    163    216
933   236   7    90    418
934   376   4    40    247
935   132   7    167    148
936   820   3    173    430
937   664   3    164    82
938   783   4    96    30
939   261   2    130    193
940   15   6    191    34
941   916   7    163    337
942   795   4    123    100
943   159   6    154    304
944   938   4    11    427
945   107   5    87    424
946   191   3    76    28
947   919   2    42    367
948   234   4    64    474
949   683   4    139    53
950   895   7    60    131
951   138   3    68    12
952   813   5    117    93
953   903   2    123    310
954   655   4    146    201
955   444   5    150    68
956   192   2    169    127
957   448   2    134    360
958   769   5    54    106
959   165   2    184    282
960   649   6    146    254
961   712   7    137    268
962   932   5    86    469
963   58   2    127    477
964   943   6    191    214
965   372   3    129    398
966   601   2    7    453
967   470   5    90    301
968   632   6    121    122
969   101   5    82    470
970   39   5    151    308
971   510   3    91    67
972   113   5    110    149
973   919   6    17    173
974   691   7    68    70
975   732   5    192    123
976   219   4    97    356
977   84   2    131    224
978   453   2    159    332
979   401   2    38    459
980   679   7    105    320
981   529   3    35    336
982   618   7    143    484
983   877   7    35    389
984   834   6    188    16
985   722   7    193    421
986   108   7    88    21
987   366   5    63    237
988   755   3    20    249
989   620   3    79    278
990   601   2    92    88
991   367   7    84    293
992   822   7    89    149
993   414   3    82    293
994   631   6    121    72
995   718   2    163    414
996   604   6    17    176
997   588   3    172    470
998   413   6    177    332
999   919   6    96    470
1000   119   5    29    435
1001   814   3    109    186
1002   83   2    176    95
1003   148   5    110    267
1004   14   2    194    457
1005   590   6    119    486
1006   163   3    27    86
1007   96   6    84    441
1008   407   7    55    22
1009   314   7    111    260
1010   287   2    44    255
1011   979   6    54    73
1012   572   7    74    229
1013   56   3    77    362
1014   558   7    58    240
1015   289   2    1    73
1016   290   6    164    479
1017   976   5    144    28
1018   839   4    149    405
1019   307   2    126    211
1020   597   6    6    462
1021   24   6    76    463
1022   552   7    145    106
1023   137   7    3    446
1024   229   7    192    102
