1   0   6    17    8
2   1   3    128    475
3   1   2    117    187
4   2   7    148    245
5   1   4    110    412
6   3   7    20    228
7   3   3    170    409
8   5   3    59    179
9   2   2    73    123
10   4   5    8    106
11   9   6    21    144
12   2   4    154    374
13   1   4    107    435
14   6   2    91    198
15   13   2    49    217
16   9   4    140    479
17   5   5    74    454
18   12   2    104    121
19   15   6    10    430
20   15   6    89    395
21   13   7    178    378
22   2   7    37    180
23   6   4    183    152
24   5   2    106    209
25   14   5    53    250
26   9   2    184    414
27   19   4    59    283
28   16   6    74    348
29   18   5    104    311
30   15   6    162    281
31   25   5    30    262
32   4   7    84    97
33   24   2    53    226
34   24   4    78    431
35   7   5    159    412
36   4   7    138    483
37   12   3    132    345
38   33   7    117    159
39   27   7    41    461
40   12   3    34    361
41   7   4    32    381
42   19   4    139    302
43   24   3    1    177
44   3   7    18    208
45   1   2    61    466
46   26   4    186    20
47   30   4    157    247
48   10   4    18    405
49   8   6    2    338
50   38   2    60    21
51   28   4    122    156
52   28   5    179    285
53   6   7    5    379
54   6   2    6    439
55   19   6    116    245
56   45   5    62    80
57   53   4    91    131
58   22   5    85    49
59   23   5    158    235
60   11   7    52    290
61   26   6    6    239
62   16   3    79    454
63   59   2    137    305
64   48   2    171    145
65   15   4    168    208
66   4   7    7    487
67   47   7    50    255
68   39   3    104    227
69   27   2    15    377
70   39   2    173    168
71   56   4    35    386
72   50   5    46    330
73   59   2    158    14
74   67   7    97    282
75   45   5    196    497
76   26   5    74    248
77   55   6    113    16
78   27   2    61    284
79   73   2    8    142
80   63   7    45    168
81   61   4    88    292
82   79   2    78    497
83   16   2    139    140
84   80   3    42    205
85   68   4    174    130
86   41   3    122    285
87   22   3    180    234
88   25   6    60    122
89   51   7    177    431
90   61   5    152    384
91   68   5    32    64
92   53   6    122    439
93   7   4    104    388
94   14   2    167    2
95   34   2    129    181
96   32   4    28    350
97   63   6    102    421
98   68   7    99    298
99   24   5    79    442
100   96   5    69    326
101   17   7    93    284
102   72   7    57    50
103   66   7    155    152
104   35   4    61    92
105   12   4    192    337
106   83   7    199    349
107   48   7    177    270
108   15   5    178    297
109   1   6    126    328
110   65   2    187    128
111   105   4    129    314
112   24   2    90    495
113   107   6    100    112
114   64   5    73    44
115   24   5    140    476
116   44   2    154    321
117   52   3    147    137
118   80   5    71    379
119   100   2    59    160
120   2   7    80    219
121   71   6    100    193
122   64   4    141    84
123   80   6    57    187
124   117   7    93    399
125   121   2    145    405
126   17   5    71    205
127   111   6    66    440
128   111   5    5    36
129   119   7    79    72
130   122   2    28    489
131   61   2    78    417
132   97   5    80    180
133   62   6    179    413
134   39   7    119    212
135   76   2    143    145
136   126   5    133    395
137   126   7    96    193
138   33   6    88    332
139   112   4    26    53
140   50   5    80    270
141   21   5    14    454
142   131   6    65    310
143   92   2    115    227
144   68   3    162    317
145   128   3    18    139
146   51   5    64    214
147   14   2    80    255
148   84   6    35    311
149   43   4    64    278
150   76   6    33    456
151   126   5    5    318
152   19   3    179    442
153   138   4    9    491
154   78   5    159    327
155   109   5    84    164
156   81   4    69    283
157   9   7    161    209
158   30   3    83    359
159   81   4    145    311
160   83   2    30    210
161   39   4    50    236
162   11   2    101    43
163   24   3    60    290
164   97   2    78    228
165   117   3    56    476
166   120   5    153    247
167   143   4    149    320
168   126   7    170    391
169   149   7    48    473
170   18   3    54    402
171   16   5    157    301
172   60   7    167    209
173   96   3    62    10
174   149   6    166    13
175   1   3    147    409
176   23   7    137    490
177   103   7    93    395
178   150   2    98    499
179   118   3    163    321
180   132   3    65    206
181   97   4    27    81
182   90   3    27    96
183   122   3    72    350
184   64   3    170    324
185   32   6    73    399
186   86   7    9    256
187   51   5    54    258
188   182   5    13    266
189   3   2    95    439
190   69   5    100    373
191   117   6    177    97
192   72   4    72    75
193   133   6    94    423
194   64   7    171    324
195   112   7    165    321
196   36   6    133    122
197   167   5    13    90
198   40   6    23    180
199   69   3    66    367
200   14   7    55    337
201   59   6    13    99
202   116   6    23    80
203   62   4    181    53
204   108   7    179    269
205   190   4    88    288
206   141   4    103    76
207   120   2    91    201
208   60   6    5    162
209   33   7    46    473
210   2   6    107    485
211   135   6    1    455
212   75   6    62    355
213   88   4    5    220
214   8   2    124    299
215   56   3    195    293
216   157   6    9    31
217   116   5    167    71
218   13   3    87    249
219   138   5    34    390
220   22   5    101    472
221   50   2    198    301
222   47   2    20    406
223   118   4    110    12
224   158   6    117    191
225   180   5    106    152
226   32   6    105    330
227   158   4    121    433
228   205   3    94    208
229   126   4    172    125
230   139   4    43    30
231   66   4    14    8
232   89   7    108    359
233   81   2    147    280
234   8   6    151    403
235   106   4    120    46
236   148   3    138    419
237   87   5    150    89
238   206   6    38    464
239   30   4    9    296
240   29   7    94    195
241   122   5    28    400
242   128   3    109    423
243   100   7    122    203
244   172   4    108    53
245   175   7    36    19
246   134   5    60    432
247   218   5    48    207
248   132   6    159    29
249   62   5    89    234
250   206   5    150    315
251   244   5    58    307
252   52   3    32    53
253   184   5    31    268
254   147   5    84    3
255   2   2    52    187
256   196   5    47    135
257   37   4    99    333
258   19   3    146    80
259   61   2    90    498
260   65   5    37    387
261   205   7    82    56
262   213   2    54    459
263   91   4    70    36
264   252   4    171    473
265   1   2    113    46
266   17   3    52    383
267   13   3    198    423
268   207   5    40    2
269   89   4    196    448
270   160   2    34    211
271   192   2    78    92
272   199   2    22    360
273   15   2    116    131
274   130   6    113    334
275   132   4    78    20
276   181   2    18    323
277   20   3    165    458
278   155   2    32    406
279   122   5    82    364
280   248   3    159    175
281   179   7    149    149
282   37   2    100    420
283   16   6    141    483
284   70   6    1    278
285   72   3    25    60
286   58   5    1    152
287   235   3    107    316
288   241   6    82    181
289   116   2    69    25
290   219   6    153    271
291   115   7    19    130
292   252   7    161    488
293   291   4    27    2
294   181   3    158    310
295   48   3    15    222
296   132   3    109    274
297   287   2    50    192
298   209   2    98    144
299   128   6    120    134
300   73   6    185    466
301   15   6    14    91
302   95   5    132    101
303   195   4    186    193
304   228   6    10    222
305   247   7    158    495
306   84   4    100    353
307   233   6    143    422
308   71   6    151    191
309   70   7    117    401
310   147   5    47    259
311   226   4    132    296
312   192   3    2    171
313   17   2    35    463
314   299   2    57    231
315   143   3    20    308
316   104   4    87    406
317   112   6    143    90
318   213   6    83    445
319   125   6    124    70
320   233   5    191    229
321   245   7    31    105
322   291   3    35    94
323   103   6    10    163
324   234   3    177    365
325   85   5    117    414
326   278   4    60    37
327   35   6    122    427
328   42   4    160    213
329   188   2    16    71
330   247   7    182    111
331   3   3    143    111
332   202   6    150    140
333   12   5    23    454
334   88   7    98    388
335   60   2    85    94
336   145   5    89    78
337   198   6    68    398
338   242   3    90    413
339   247   6    48    283
340   338   4    178    173
341   301   4    136    326
342   216   7    46    124
343   205   4    89    262
344   109   2    1    264
345   126   5    114    196
346   41   3    179    120
347   162   2    106    407
348   49   7    175    391
349   329   5    54    133
350   326   3    174    144
351   45   6    21    349
352   287   6    158    362
353   191   2    45    30
354   292   7    135    448
355   66   6    137    261
356   147   6    174    64
357   204   4    106    349
358   21   2    73    150
359   274   4    80    365
360   300   7    170    371
361   99   7    153    103
362   251   6    154    137
363   195   2    130    362
364   242   2    17    423
365   77   3    79    109
366   352   7    5    222
367   251   3    146    80
368   48   7    128    248
369   164   3    51    215
370   186   3    49    439
371   289   6    81    424
372   206   2    141    329
373   259   2    87    421
374   208   2    160    101
375   354   3    166    261
376   202   4    162    251
377   118   4    160    153
378   176   5    101    400
379   308   6    181    475
380   135   5    99    466
381   183   4    158    453
382   232   5    123    56
383   118   2    8    134
384   320   4    60    451
385   189   7    70    277
386   383   5    127    397
387   278   7    100    153
388   193   7    190    410
389   153   5    81    77
390   183   4    172    125
391   233   3    196    346
392   352   5    157    289
393   22   6    144    157
394   103   7    134    353
395   342   7    19    85
396   8   4    24    463
397   46   3    113    51
398   157   4    150    147
399   224   2    46    169
400   356   3    157    121
401   57   7    198    177
402   40   2    188    453
403   325   5    26    246
404   314   6    158    284
405   288   2    33    109
406   216   6    74    40
407   298   6    71    125
408   76   2    4    393
409   385   6    189    118
410   16   7    93    495
411   398   6    20    343
412   157   4    33    253
413   168   6    169    120
414   123   3    64    241
415   58   6    56    176
416   339   3    48    383
417   116   7    9    427
418   160   2    40    146
419   30   2    127    321
420   234   4    119    313
421   207   6    130    99
422   114   2    19    244
423   153   7    190    486
424   211   3    150    446
425   23   6    4    86
426   2   3    16    343
427   328   3    102    17
428   375   4    65    243
429   294   4    13    273
430   157   2    145    310
431   401   2    198    32
432   413   3    93    272
433   424   7    40    198
434   118   7    104    47
435   357   4    21    252
436   258   6    40    109
437   349   3    117    397
438   122   3    199    9
439   178   2    63    201
440   426   6    52    149
441   378   6    101    231
442   306   7    96    58
443   30   4    57    305
444   169   2    92    444
445   248   2    115    484
446   372   5    185    468
447   179   4    49    166
448   263   7    193    411
449   427   4    110    389
450   349   2    118    410
451   364   5    92    272
452   386   6    145    473
453   227   4    169    57
454   236   4    166    378
455   160   7    5    83
456   72   2    101    30
457   56   5    104    282
458   84   4    94    371
459   11   2    49    398
460   92   5    5    453
461   416   5    63    19
462   93   4    176    36
463   208   7    128    7
464   350   2    104    202
465   65   7    32    412
466   71   7    53    434
467   232   4    13    169
468   317   4    82    198
469   52   5    40    307
470   445   2    15    112
471   450   7    169    237
472   220   4    168    204
473   71   6    128    200
474   59   3    80    232
475   268   2    179    331
476   447   7    143    474
477   311   4    136    313
478   204   3    144    350
479   154   2    114    316
480   116   7    92    25
481   92   4    168    41
482   176   5    128    250
483   17   2    30    45
484   333   6    68    65
485   289   6    100    208
486   22   3    139    445
487   186   3    103    430
488   215   2    2    280
489   52   2    130    287
490   6   5    90    359
491   416   6    150    455
492   372   6    54    302
493   465   6    38    363
494   31   2    12    434
495   168   2    66    213
496   370   2    110    380
497   307   5    199    479
498   22   7    177    446
499   82   3    12    214
500   54   2    30    107
501   469   2    129    462
502   271   7    160    357
503   407   4    142    88
504   279   4    172    299
505   139   2    125    334
506   204   5    115    323
507   55   5    51    21
508   234   5    105    142
509   287   4    38    276
510   24   4    168    387
511   463   4    79    62
512   390   4    188    414
513   365   5    84    79
514   35   2    9    109
515   490   3    183    475
516   451   2    137    229
517   202   5    182    390
518   324   5    163    204
519   190   2    102    46
520   487   2    118    436
521   13   4    9    235
522   262   5    28    53
523   116   3    31    61
524   322   2    184    244
525   190   2    106    87
526   395   3    145    435
527   496   6    65    23
528   60   3    154    438
529   258   4    123    269
530   389   3    123    15
531   204   7    132    160
532   430   4    91    190
533   308   6    57    30
534   349   7    41    329
535   129   7    65    351
536   148   5    67    474
537   113   2    115    166
538   131   4    102    188
539   45   3    18    457
540   292   7    55    271
541   261   2    72    9
542   391   5    34    384
543   248   7    67    368
544   54   7    189    499
545   117   5    146    463
546   220   4    46    57
547   299   2    104    491
548   541   6    102    88
549   64   5    134    72
550   378   7    90    86
551   36   5    152    62
552   547   2    121    201
553   115   4    160    469
554   535   3    113    444
555   369   2    89    114
556   350   2    27    284
557   212   3    175    358
558   442   2    121    15
559   458   7    168    439
560   68   4    187    459
561   184   7    19    483
562   555   6    151    427
563   18   4    195    249
564   267   2    116    259
565   52   7    36    430
566   465   5    93    424
567   374   3    153    37
568   24   4    96    345
569   273   6    40    311
570   391   7    172    148
571   334   2    41    118
572   287   6    70    499
573   109   4    93    240
574   485   7    45    174
575   168   7    147    377
576   234   5    143    169
577   48   6    152    5
578   237   2    119    198
579   339   5    101    238
580   489   5    88    18
581   397   5    52    13
582   10   4    86    485
583   306   3    48    87
584   428   2    142    449
585   16   2    158    494
586   262   6    9    447
587   516   7    181    131
588   182   3    175    437
589   7   7    151    403
590   233   3    41    215
591   295   6    156    75
592   455   4    101    246
593   444   2    12    242
594   564   4    41    234
595   72   3    138    414
596   95   4    156    382
597   418   3    144    18
598   529   5    11    408
599   203   5    58    479
600   455   2    149    158
601   443   2    141    64
602   252   3    72    390
603   585   4    64    255
604   357   5    47    366
605   595   6    9    333
606   285   6    6    240
607   465   4    122    17
608   440   4    5    211
609   565   7    140    360
610   537   6    65    342
611   86   7    109    404
612   429   6    44    385
613   35   5    89    194
614   169   4    160    139
615   201   2    49    190
616   516   5    165    282
617   406   6    10    4
618   7   4    140    476
619   488   2    75    154
620   423   5    13    495
621   299   7    131    458
622   241   3    85    399
623   75   6    101    91
624   390   4    195    368
625   167   7    145    406
626   230   3    21    349
627   323   3    42    442
628   484   2    124    269
629   529   5    37    236
630   228   2    72    243
631   171   2    155    267
632   20   5    82    95
633   66   7    136    67
634   180   2    104    267
635   316   5    174    112
636   625   7    85    200
637   189   7    75    243
638   82   6    36    395
639   499   2    87    224
640   85   3    3    129
641   196   3    99    23
642   327   4    145    179
643   348   5    72    207
644   557   4    73    141
645   630   4    40    95
646   620   2    168    424
647   640   3    181    320
648   589   2    74    25
649   219   7    143    95
650   535   7    2    1
651   533   5    88    201
652   17   2    164    451
653   438   6    135    34
654   462   3    50    445
655   374   2    143    131
656   251   6    19    187
657   235   3    15    272
658   119   4    173    315
659   386   2    74    70
660   151   5    89    159
661   28   5    16    448
662   375   4    9    285
663   152   5    108    435
664   69   5    130    390
665   558   6    6    476
666   27   2    186    351
667   368   5    78    338
668   120   6    75    294
669   134   3    156    329
670   112   4    66    91
671   98   6    45    105
672   484   5    102    40
673   552   7    115    64
674   428   4    61    114
675   554   5    24    216
676   419   7    73    228
677   540   4    52    306
678   60   7    55    399
679   136   5    31    467
680   585   7    190    122
681   115   2    157    410
682   101   5    64    273
683   37   2    123    323
684   353   7    147    114
685   519   3    26    81
686   390   5    141    421
687   659   6    187    199
688   546   6    60    358
689   651   3    58    302
690   392   5    177    150
691   326   3    66    188
692   406   3    54    257
693   489   4    198    128
694   554   7    102    166
695   563   2    181    282
696   653   7    145    307
697   269   4    184    457
698   472   6    166    409
699   521   5    188    309
700   574   2    160    452
701   154   5    174    101
702   609   5    8    244
703   667   7    34    453
704   58   5    150    222
705   266   6    87    216
706   75   4    76    299
707   165   2    196    411
708   409   4    176    237
709   587   3    94    20
710   680   6    11    467
711   677   4    37    212
712   439   2    68    470
713   141   3    124    378
714   695   3    8    207
715   53   2    168    148
716   463   3    137    34
717   495   4    55    103
718   377   5    148    447
719   422   4    179    57
720   223   7    104    219
721   210   6    142    47
722   193   7    49    51
723   206   3    157    14
724   439   3    110    494
725   109   6    14    75
726   329   6    118    241
727   211   2    16    326
728   68   6    91    421
729   273   5    146    56
730   591   2    165    469
731   148   3    148    218
732   64   3    41    190
733   499   5    62    432
734   546   7    137    129
735   270   7    138    183
736   477   5    178    107
737   580   6    116    53
738   453   5    102    159
739   372   3    93    456
740   115   7    46    494
741   735   2    176    146
742   15   2    178    158
743   10   6    19    142
744   675   2    146    364
745   605   4    19    83
746   630   4    116    194
747   379   5    25    363
748   508   6    27    155
749   476   3    99    450
750   430   6    109    176
751   153   6    1    27
752   512   6    136    405
753   358   5    31    266
754   6   4    132    352
755   538   4    117    158
756   566   6    16    160
757   363   7    175    129
758   293   2    195    486
759   108   3    114    225
760   478   2    125    497
761   3   4    160    399
762   346   4    94    298
763   331   6    190    11
764   411   2    186    282
765   617   6    92    65
766   545   6    111    54
767   357   6    114    412
768   18   6    37    399
769   125   2    150    201
770   182   6    168    226
771   310   2    96    219
772   219   6    168    102
773   562   2    187    74
774   65   6    22    404
775   743   3    93    25
776   33   6    138    114
777   675   5    34    347
778   767   5    189    229
779   161   3    31    212
780   51   5    198    345
781   565   5    199    427
782   86   5    51    31
783   561   7    89    262
784   594   7    91    324
785   413   4    28    469
786   334   7    46    383
787   72   3    46    211
788   176   4    49    118
789   583   6    132    81
790   754   5    49    191
791   501   3    193    394
792   699   2    11    397
793   107   6    93    355
794   22   2    103    351
795   83   2    39    470
796   154   2    17    71
797   454   6    64    53
798   704   5    44    197
799   708   2    91    346
800   473   3    36    152
801   547   3    101    274
802   9   6    185    329
803   520   4    9    483
804   162   6    74    336
805   280   5    40    193
806   72   3    19    336
807   671   2    77    292
808   126   3    160    260
809   749   5    3    376
810   584   5    71    438
811   356   4    199    368
812   648   7    180    131
813   187   6    17    89
814   748   6    169    270
815   81   7    99    87
816   416   6    162    11
817   146   5    12    94
818   159   7    40    326
819   197   6    145    208
820   453   5    155    107
821   253   6    171    103
822   508   3    152    395
823   300   4    161    478
824   740   7    5    335
825   384   2    54    134
826   130   2    85    228
827   595   4    182    395
828   427   3    110    153
829   91   5    31    308
830   316   6    122    42
831   709   6    144    162
832   495   3    167    385
833   245   4    39    235
834   783   5    1    75
835   784   2    10    69
836   267   6    46    328
837   76   5    47    207
838   4   4    43    326
839   330   6    8    256
840   836   6    58    43
841   224   4    171    17
842   803   2    75    208
843   492   2    74    31
844   285   6    8    143
845   139   4    108    295
846   347   4    140    77
847   233   6    16    247
848   89   4    158    225
849   15   4    170    486
850   399   2    178    388
851   111   3    188    365
852   803   2    67    217
853   120   6    36    46
854   663   5    159    150
855   525   5    121    334
856   827   2    130    54
857   192   4    68    448
858   793   5    199    243
859   449   6    93    392
860   704   4    94    298
861   843   3    94    36
862   181   5    133    216
863   220   5    43    397
864   796   7    130    407
865   587   6    87    483
866   792   7    132    315
867   527   4    113    28
868   327   2    79    307
869   525   3    16    410
870   503   3    40    327
871   183   5    121    39
872   553   2    138    358
873   469   7    161    497
874   512   2    136    489
875   77   6    9    12
876   416   2    84    49
877   544   2    73    85
878   693   2    86    458
879   320   5    49    207
880   630   3    191    138
881   253   7    55    179
882   156   4    52    36
883   236   7    104    357
884   93   4    172    145
885   658   2    40    376
886   874   3    24    370
887   57   4    62    305
888   796   5    108    127
889   751   7    182    406
890   111   6    28    47
891   307   5    149    293
892   240   5    18    267
893   148   5    177    7
894   261   3    182    82
895   287   5    165    468
896   658   6    60    29
897   72   3    188    208
898   785   7    173    418
899   713   5    179    106
900   836   7    155    28
901   357   6    16    345
902   369   3    35    243
903   126   7    195    123
904   597   3    146    269
905   312   6    43    23
906   333   2    89    490
907   599   6    70    21
908   227   5    180    62
909   771   2    189    251
910   156   2    132    296
911   746   7    55    9
912   402   7    125    437
913   825   3    23    336
914   664   4    20    259
915   12   7    24    298
916   360   7    172    427
917   534   5    196    63
918   679   5    17    21
919   206   2    49    163
920   743   3    86    443
921   626   5    37    152
922   20   4    188    234
923   185   4    76    194
924   84   3    141    87
925   431   6    128    30
926   845   6    195    400
927   21   6    125    17
928   922   5    193    53
929   177   7    94    458
930   62   3    195    91
931   354   5    79    316
932   706   3    44    434
933   93   7    117    173
934   503   4    132    173
935   140   2    164    361
936   355   4    167    18
937   48   3    163    394
938   354   5    119    88
939   699   2    88    337
940   268   2    48    97
941   739   2    33    23
942   663   4    162    4
943   818   5    22    494
944   885   5    91    306
945   32   2    159    180
946   39   6    172    433
947   579   5    182    68
948   153   4    127    274
949   474   5    124    467
950   252   6    144    193
951   520   6    25    293
952   105   6    181    450
953   744   6    165    285
954   929   4    36    378
955   307   5    25    41
956   940   2    72    251
957   134   6    177    480
958   647   6    40    415
959   276   2    158    24
960   718   3    62    190
961   268   2    163    30
962   120   2    8    286
963   17   4    119    100
964   68   7    170    169
965   49   3    37    69
966   458   2    130    389
967   536   7    58    132
968   945   2    124    100
969   554   2    21    484
970   775   5    87    224
971   925   7    8    17
972   373   7    24    204
973   459   5    42    107
974   679   4    184    451
975   468   2    54    165
976   316   4    76    334
977   688   4    33    242
978   6   7    93    262
979   65   7    89    470
980   758   7    118    91
981   90   6    184    344
982   234   7    44    312
983   127   4    27    226
984   794   4    71    312
985   427   5    174    229
986   302   4    167    479
987   81   2    83    214
988   209   2    37    198
989   629   4    130    379
990   438   5    54    348
991   872   4    117    325
992   979   5    13    208
993   569   6    164    474
994   756   7    52    184
995   265   7    81    318
996   253   7    176    150
997   467   2    158    171
998   710   2    73    437
999   31   5    22    461
1000   668   5    70    400
1001   81   5    196    410
1002   383   4    112    63
1003   421   2    166    310
1004   290   4    186    169
1005   598   5    122    178
1006   964   2    181    261
1007   901   2    114    116
1008   768   7    91    199
1009   15   4    172    361
1010   861   6    150    55
1011   135   5    188    383
1012   448   3    6    262
1013   1004   4    140    184
1014   843   2    115    417
1015   804   5    149    263
1016   788   6    81    218
1017   279   2    5    372
1018   288   5    87    187
1019   110   5    40    171
1020   217   2    119    91
1021   146   2    59    260
1022   897   4    80    413
1023   774   2    104    216
1024   119   6    83    247
