1   0   5    2    40
2   1   4    90    199
3   1   5    19    216
4   1   5    99    114
5   2   3    82    65
6   2   4    119    216
7   5   3    116    102
8   4   4    86    222
9   7   6    95    401
10   4   3    168    382
11   4   2    30    156
12   6   3    55    311
13   11   5    197    176
14   8   2    2    187
15   10   7    193    138
16   11   7    190    447
17   6   4    27    340
18   15   2    74    496
19   2   7    166    78
20   4   3    53    239
21   15   7    109    484
22   9   5    159    153
23   2   2    151    109
24   2   3    87    214
25   19   3    143    147
26   2   5    142    358
27   17   4    77    386
28   6   2    61    9
29   7   2    82    85
30   24   5    195    276
31   29   5    109    2
32   21   5    93    129
33   5   5    117    361
34   17   3    187    141
35   29   7    80    203
36   17   7    171    396
37   17   2    84    202
38   7   7    19    431
39   9   4    104    365
40   20   7    88    310
41   37   2    154    240
42   31   6    13    398
43   34   3    140    354
44   12   6    182    193
45   27   6    7    323
46   32   5    162    471
47   9   2    75    199
48   46   7    14    307
49   17   7    64    9
50   4   3    97    447
51   38   3    194    336
52   18   4    17    53
53   12   7    185    63
54   19   3    149    192
55   6   4    183    484
56   48   4    185    20
57   18   5    64    483
58   27   5    95    262
59   47   7    37    479
60   55   4    2    119
61   32   4    133    286
62   3   7    10    187
63   41   5    38    280
64   50   2    171    15
65   44   2    111    448
66   33   5    103    422
67   65   2    81    441
68   19   6    152    426
69   39   5    32    211
70   15   4    187    479
71   2   6    91    104
72   64   7    15    436
73   37   4    174    145
74   67   6    75    202
75   70   7    24    3
76   31   7    69    76
77   25   3    146    62
78   63   7    180    499
79   42   4    37    111
80   59   6    5    242
81   21   7    134    375
82   70   2    123    371
83   22   7    71    378
84   74   4    121    85
85   22   2    44    328
86   77   7    19    226
87   83   2    197    341
88   22   4    92    204
89   49   6    178    114
90   16   2    167    342
91   69   2    189    73
92   48   6    187    323
93   36   3    59    167
94   64   5    125    249
95   46   3    36    222
96   76   4    154    255
97   8   4    2    6
98   62   4    20    477
99   48   6    64    311
100   56   2    13    43
101   63   3    41    273
102   14   2    168    60
103   54   4    176    495
104   99   7    131    366
105   4   3    128    480
106   95   7    143    176
107   13   3    33    470
108   53   7    139    441
109   76   5    180    59
110   102   2    6    152
111   16   2    13    73
112   65   3    24    151
113   98   4    60    36
114   41   2    27    313
115   104   3    121    305
116   65   7    112    115
117   56   7    122    338
118   1   2    161    208
119   40   2    111    186
120   24   2    9    377
121   91   5    184    389
122   23   4    77    148
123   5   7    55    308
124   55   4    9    18
125   123   4    48    21
126   14   5    128    464
127   42   6    25    291
128   63   7    178    144
129   102   6    104    5
130   28   5    161    27
131   100   7    185    496
132   113   2    120    128
133   84   6    177    346
134   126   6    32    418
135   89   6    120    445
136   125   3    37    174
137   94   5    46    218
138   33   5    23    72
139   22   5    122    402
140   27   3    60    238
141   36   2    37    111
142   8   7    158    439
143   133   2    17    77
144   4   5    84    350
145   11   7    38    447
146   66   6    24    135
147   75   6    1    54
148   59   7    100    119
149   138   5    196    243
150   107   4    137    124
151   126   4    175    387
152   141   4    81    75
153   25   3    126    79
154   70   6    167    392
155   150   2    150    294
156   98   5    93    227
157   18   3    153    326
158   77   3    131    392
159   126   7    167    143
160   32   2    65    200
161   4   4    9    379
162   19   7    157    127
163   140   7    132    222
164   37   5    18    177
165   66   5    172    370
166   42   7    117    174
167   23   5    146    479
168   114   3    58    321
169   139   2    188    495
170   95   6    168    353
171   120   4    34    474
172   79   7    38    400
173   160   7    59    231
174   114   7    2    261
175   57   6    180    352
176   34   3    38    249
177   91   4    69    265
178   100   5    32    144
179   60   6    117    333
180   73   4    95    157
181   34   5    82    79
182   117   7    190    385
183   21   7    127    267
184   31   6    69    316
185   83   4    28    73
186   166   5    22    30
187   92   3    145    330
188   23   2    41    19
189   34   7    58    408
190   94   7    79    454
191   83   3    144    402
192   97   4    176    222
193   77   4    134    66
194   81   3    183    56
195   192   3    66    163
196   94   2    145    370
197   63   2    75    462
198   19   3    57    65
199   85   6    156    93
200   19   3    125    316
201   113   2    81    369
202   114   2    199    458
203   180   7    21    152
204   182   4    113    199
205   16   4    44    352
206   78   3    125    300
207   33   2    135    313
208   55   4    93    217
209   82   2    184    155
210   136   5    59    310
211   16   6    180    495
212   39   6    32    173
213   76   5    69    205
214   22   3    50    149
215   149   2    7    335
216   74   4    96    85
217   200   3    159    31
218   44   2    106    463
219   166   7    147    232
220   190   2    168    342
221   106   6    186    496
222   79   4    122    138
223   189   3    27    216
224   63   2    44    16
225   131   4    174    308
226   165   3    17    140
227   192   7    49    248
228   202   6    42    445
229   24   6    87    20
230   186   7    199    133
231   43   7    142    52
232   197   7    75    259
233   149   2    55    18
234   110   3    92    407
235   10   2    55    448
236   205   6    56    399
237   172   3    107    123
238   35   5    66    277
239   159   7    86    245
240   118   5    199    433
241   159   5    154    172
242   186   2    94    139
243   241   4    20    54
244   164   6    144    138
245   138   2    194    457
246   130   5    69    37
247   211   7    138    144
248   97   6    30    353
249   84   6    169    148
250   212   5    136    162
251   23   2    104    149
252   200   3    106    391
253   212   2    30    426
254   15   3    137    456
255   14   4    124    213
256   250   5    198    47
257   196   4    158    8
258   217   5    129    418
259   246   5    24    427
260   72   5    142    308
261   9   2    74    184
262   76   3    79    5
263   37   3    127    188
264   50   2    140    288
265   230   6    184    453
266   221   4    114    479
267   73   7    138    62
268   102   7    45    356
269   171   2    149    251
270   180   5    13    403
271   67   2    174    280
272   139   3    29    15
273   111   5    9    377
274   128   5    87    61
275   142   5    136    177
276   237   7    18    490
277   37   6    24    278
278   261   5    82    391
279   248   4    6    332
280   45   2    59    66
281   1   7    26    315
282   122   5    105    38
283   76   4    100    162
284   34   4    35    22
285   100   4    142    14
286   175   2    73    409
287   283   6    124    122
288   162   5    45    303
289   115   5    15    163
290   196   5    164    381
291   6   4    67    252
292   10   3    94    422
293   154   4    66    195
294   257   2    111    358
295   86   4    24    171
296   220   5    146    496
297   88   7    4    392
298   186   6    147    404
299   130   5    81    376
300   64   5    47    484
301   114   2    91    108
302   41   6    68    262
303   147   2    31    57
304   166   7    65    130
305   122   7    79    80
306   226   3    139    9
307   240   2    72    286
308   298   7    146    68
309   33   7    134    39
310   15   5    7    413
311   187   6    121    473
312   207   7    138    24
313   106   4    6    191
314   6   2    145    471
315   75   4    154    458
316   113   3    152    176
317   236   4    129    484
318   185   5    66    204
319   208   4    197    440
320   59   3    130    286
321   123   2    103    264
322   312   2    196    486
323   54   7    169    243
324   192   3    72    493
325   265   7    24    290
326   13   6    65    228
327   288   2    111    350
328   233   3    109    294
329   235   7    88    14
330   174   4    46    490
331   101   7    8    246
332   256   2    178    87
333   231   4    29    321
334   276   4    139    55
335   41   4    76    431
336   88   7    68    43
337   254   6    71    107
338   137   3    18    301
339   205   4    64    137
340   105   6    178    487
341   159   6    166    317
342   117   6    164    451
343   209   2    21    195
344   36   6    38    411
345   269   5    93    183
346   45   3    16    236
347   145   7    146    202
348   337   7    188    262
349   46   3    94    329
350   91   7    101    199
351   261   7    8    484
352   169   3    183    378
353   102   7    149    435
354   191   5    81    26
355   239   4    173    110
356   94   2    77    499
357   353   2    174    261
358   287   4    181    69
359   204   5    111    40
360   300   2    71    126
361   359   5    157    442
362   106   2    113    94
363   343   3    115    357
364   145   4    3    242
365   153   4    175    366
366   37   7    2    120
367   121   2    65    75
368   300   2    4    126
369   97   5    166    353
370   167   6    133    485
371   15   7    5    5
372   241   6    165    411
373   133   6    55    231
374   181   7    49    357
375   198   2    60    18
376   137   4    184    139
377   22   2    108    156
378   119   4    187    84
379   117   3    173    472
380   255   6    193    286
381   50   7    9    400
382   312   6    35    178
383   221   2    57    347
384   6   5    12    483
385   166   3    59    403
386   317   4    182    164
387   264   5    16    111
388   181   5    79    374
389   123   7    188    382
390   98   3    20    263
391   389   3    146    201
392   194   3    90    307
393   3   2    118    428
394   206   6    99    254
395   225   2    152    64
396   170   5    138    480
397   76   2    152    117
398   332   7    190    293
399   209   5    2    215
400   224   4    108    154
401   56   4    173    269
402   368   5    127    307
403   208   5    100    202
404   171   5    148    265
405   292   4    58    373
406   311   4    194    90
407   68   7    143    332
408   134   4    169    60
409   159   4    175    40
410   228   7    131    417
411   99   3    170    52
412   131   2    64    267
413   358   4    112    480
414   122   3    24    205
415   264   6    197    303
416   112   4    82    256
417   98   2    68    51
418   237   5    160    166
419   158   3    198    438
420   285   2    141    400
421   297   6    148    407
422   250   6    140    63
423   50   5    17    188
424   3   7    42    203
425   346   6    125    345
426   64   2    21    292
427   141   7    115    305
428   262   4    191    209
429   236   2    75    322
430   268   4    121    468
431   317   2    193    266
432   175   4    33    115
433   22   5    93    214
434   220   2    48    81
435   414   4    29    122
436   229   5    136    120
437   167   6    166    377
438   238   5    129    46
439   358   7    44    104
440   120   2    40    155
441   408   5    168    52
442   174   3    18    454
443   129   4    49    227
444   305   3    96    5
445   146   7    82    20
446   303   7    9    16
447   328   4    49    267
448   425   2    32    99
449   171   3    75    48
450   214   3    79    220
451   376   2    8    128
452   183   5    39    329
453   37   3    71    243
454   18   5    126    408
455   151   2    16    442
456   63   2    12    446
457   190   2    162    495
458   32   7    118    438
459   157   2    176    329
460   377   3    87    29
461   341   4    122    447
462   104   3    36    485
463   77   3    43    117
464   8   4    182    456
465   226   3    67    299
466   70   7    93    455
467   76   4    158    1
468   332   7    100    207
469   62   6    166    91
470   289   6    116    233
471   80   6    169    384
472   279   2    132    352
473   347   7    107    131
474   418   3    160    230
475   328   6    176    185
476   385   5    161    207
477   43   6    114    165
478   386   4    6    34
479   462   4    100    345
480   93   6    167    238
481   287   6    5    453
482   1   5    52    420
483   281   3    17    305
484   175   3    51    9
485   186   7    89    37
486   392   6    185    55
487   226   5    175    252
488   476   4    117    239
489   166   3    129    9
490   68   6    133    305
491   436   7    29    236
492   146   5    101    292
493   350   2    129    385
494   332   4    36    468
495   200   6    93    351
496   449   5    77    266
497   389   6    184    325
498   430   4    198    218
499   244   5    140    211
500   369   7    111    119
501   281   5    49    488
502   24   2    83    390
503   142   7    128    104
504   73   7    165    452
505   441   7    145    486
506   465   6    73    470
507   265   3    165    59
508   404   5    87    136
509   243   2    16    20
510   262   6    80    457
511   459   7    155    194
512   134   7    185    257
513   257   6    125    250
514   246   5    16    253
515   511   3    135    403
516   238   2    164    98
517   214   6    99    289
518   324   2    152    327
519   132   7    44    47
520   364   5    128    194
521   168   7    133    420
522   422   5    45    96
523   463   3    117    371
524   267   5    40    140
525   2   5    44    271
526   476   6    123    177
527   384   5    186    212
528   482   7    147    374
529   121   4    131    63
530   4   3    26    23
531   453   4    49    145
532   230   5    178    170
533   2   2    33    444
534   237   4    85    417
535   268   6    192    163
536   467   5    15    383
537   308   5    95    339
538   344   5    158    467
539   285   3    27    399
540   262   2    180    448
541   329   3    33    267
542   340   4    84    371
543   228   7    195    168
544   469   2    52    394
545   514   7    36    193
546   356   5    121    473
547   118   4    51    351
548   356   7    7    327
549   158   3    122    388
550   217   3    160    336
551   216   7    113    324
552   117   7    62    313
553   114   6    162    263
554   50   5    166    281
555   436   6    22    159
556   73   4    63    167
557   498   7    9    378
558   361   7    185    336
559   52   7    32    296
560   57   5    196    211
561   101   2    186    482
562   437   5    8    216
563   465   3    180    366
564   300   4    13    497
565   310   4    118    240
566   509   7    61    112
567   384   5    36    465
568   320   6    25    49
569   16   5    47    74
570   49   7    121    9
571   540   6    160    9
572   229   2    187    182
573   349   7    159    444
574   197   3    129    441
575   185   5    38    452
576   381   4    62    494
577   297   4    80    422
578   16   7    134    287
579   345   7    130    40
580   532   6    10    202
581   347   2    53    96
582   59   4    76    201
583   72   2    54    307
584   504   6    165    308
585   510   6    76    117
586   110   3    44    21
587   169   6    185    396
588   527   6    20    180
589   413   7    29    393
590   488   3    131    329
591   156   6    155    275
592   21   7    58    470
593   120   4    191    83
594   16   2    150    436
595   539   3    10    408
596   3   5    120    475
597   500   2    80    62
598   245   2    146    370
599   371   2    101    439
600   260   7    126    43
601   227   2    33    12
602   183   2    97    339
603   572   6    118    276
604   202   5    108    270
605   309   2    136    94
606   482   6    168    66
607   536   5    173    430
608   115   5    49    97
609   62   5    191    337
610   36   3    163    492
611   40   7    21    375
612   523   7    88    234
613   312   6    26    219
614   566   3    122    388
615   153   6    106    457
616   567   4    24    332
617   314   7    15    269
618   173   3    140    160
619   258   5    126    304
620   581   5    165    186
621   204   7    87    353
622   108   5    23    278
623   116   5    151    124
624   304   4    193    17
625   470   7    145    109
626   163   5    135    459
627   194   5    82    123
628   373   2    130    471
629   224   6    93    322
630   30   5    107    324
631   23   3    135    252
632   610   2    173    294
633   438   4    175    162
634   269   4    49    341
635   393   4    22    13
636   372   4    43    128
637   45   6    52    108
638   51   7    31    273
639   493   4    82    229
640   251   4    178    418
641   475   6    58    112
642   328   4    64    71
643   490   5    165    268
644   113   7    64    393
645   330   5    107    244
646   272   7    128    499
647   553   6    47    423
648   577   6    109    401
649   596   7    53    50
650   324   5    115    427
651   147   5    157    290
652   286   6    175    139
653   151   5    88    49
654   236   5    183    256
655   313   3    154    52
656   485   2    190    256
657   653   2    68    62
658   515   6    47    477
659   147   4    106    393
660   284   3    20    150
661   343   4    30    80
662   635   5    116    87
663   278   5    79    322
664   167   5    101    194
665   540   4    124    94
666   248   6    68    157
667   513   4    177    143
668   567   3    41    31
669   198   6    189    362
670   260   6    16    199
671   507   6    193    211
672   515   4    152    339
673   28   4    182    11
674   417   3    64    51
675   56   7    76    17
676   331   3    132    234
677   380   5    76    155
678   620   5    164    2
679   297   3    189    415
680   561   5    108    172
681   405   7    13    176
682   448   5    95    473
683   454   5    100    470
684   466   7    47    101
685   675   3    134    181
686   366   6    15    86
687   669   7    57    394
688   178   7    129    282
689   391   2    39    351
690   141   7    171    325
691   256   4    38    227
692   526   5    126    151
693   283   4    2    254
694   7   4    129    114
695   249   7    49    411
696   551   5    165    255
697   493   2    168    192
698   366   2    173    379
699   20   6    164    478
700   480   4    159    219
701   62   2    9    482
702   427   2    25    374
703   120   2    22    464
704   470   6    47    51
705   310   7    141    405
706   643   7    145    162
707   581   5    113    212
708   580   5    32    392
709   430   3    137    196
710   228   4    40    139
711   251   3    162    247
712   26   5    24    458
713   466   7    94    66
714   43   6    176    477
715   448   5    157    357
716   504   6    155    81
717   152   6    189    288
718   505   2    162    330
719   262   3    98    30
720   303   6    12    216
721   535   7    146    376
722   140   7    55    421
723   711   6    76    227
724   451   5    130    183
725   125   5    91    406
726   168   4    11    292
727   596   3    121    495
728   424   4    128    42
729   321   7    96    267
730   16   5    86    94
731   512   4    192    141
732   50   2    4    362
733   321   5    59    26
734   636   6    175    281
735   241   5    98    444
736   131   2    113    270
737   359   2    107    423
738   696   3    165    374
739   113   4    74    458
740   455   6    28    341
741   705   6    59    210
742   307   4    105    72
743   593   6    107    488
744   725   5    86    124
745   393   3    63    20
746   284   4    100    263
747   243   7    76    88
748   314   4    155    267
749   70   2    1    385
750   351   4    22    244
751   581   5    199    156
752   445   6    78    428
753   568   3    109    80
754   288   5    17    14
755   114   5    31    440
756   288   5    160    453
757   456   7    76    248
758   410   2    89    328
759   147   2    100    67
760   433   3    49    164
761   80   7    152    257
762   105   4    119    32
763   13   7    63    249
764   516   4    12    445
765   46   7    199    453
766   654   3    15    373
767   511   6    59    232
768   614   7    16    450
769   42   4    22    434
770   474   3    189    311
771   87   2    47    244
772   717   5    130    417
773   255   6    76    76
774   206   7    38    85
775   573   6    110    277
776   740   5    162    196
777   29   3    63    457
778   61   7    41    476
779   50   6    32    366
780   301   3    6    499
781   476   5    166    246
782   205   5    91    53
783   503   5    84    9
784   30   5    183    94
785   487   7    191    397
786   343   7    158    403
787   333   7    172    292
788   292   7    171    237
789   474   4    186    63
790   5   2    42    133
791   512   2    180    483
792   534   6    120    267
793   587   2    122    106
794   264   5    124    428
795   609   7    164    76
796   373   6    123    32
797   584   5    69    377
798   316   6    90    13
799   687   4    167    374
800   545   6    129    449
801   295   7    163    315
802   625   4    85    360
803   583   5    81    390
804   39   3    141    462
805   750   3    84    318
806   362   4    86    42
807   124   3    61    492
808   701   2    132    100
809   289   3    7    368
810   55   2    31    119
811   453   4    127    426
812   382   5    20    121
813   743   7    95    57
814   243   3    52    21
815   625   6    11    271
816   16   2    17    374
817   196   6    171    228
818   62   2    44    392
819   64   2    17    433
820   322   7    92    340
821   568   7    84    179
822   271   3    148    77
823   666   5    82    465
824   183   6    173    335
825   535   5    171    274
826   651   3    127    297
827   219   6    168    160
828   621   6    180    291
829   125   7    146    477
830   244   3    147    286
831   771   3    79    264
832   495   7    106    397
833   47   2    121    391
834   218   4    36    445
835   151   7    165    176
836   426   5    102    471
837   226   7    32    58
838   416   2    70    203
839   42   6    187    23
840   612   5    197    133
841   406   2    105    186
842   247   3    26    412
843   335   5    119    103
844   119   6    176    9
845   395   4    145    147
846   565   2    69    374
847   240   6    97    17
848   703   3    127    52
849   455   5    113    277
850   657   2    151    232
851   738   3    180    111
852   728   2    25    372
853   271   5    35    401
854   794   6    91    423
855   739   7    123    9
856   82   4    157    115
857   264   7    111    311
858   836   4    4    211
859   53   5    86    182
860   373   7    46    439
861   661   3    49    45
862   741   3    45    343
863   588   3    157    48
864   56   2    161    424
865   654   6    163    314
866   235   4    14    152
867   176   5    82    219
868   14   7    11    461
869   736   7    186    341
870   640   3    193    227
871   816   7    14    267
872   329   5    127    372
873   60   2    147    64
874   121   7    192    359
875   474   7    88    119
876   633   7    191    61
877   778   2    189    396
878   549   2    160    52
879   539   7    82    62
880   539   6    174    321
881   44   5    99    361
882   416   4    130    385
883   516   3    23    473
884   203   7    118    263
885   164   6    18    116
886   791   4    44    414
887   828   5    148    457
888   510   6    42    373
889   477   5    179    300
890   864   4    36    300
891   458   2    104    60
892   92   7    60    381
893   213   4    56    261
894   852   6    170    330
895   491   4    98    88
896   731   6    30    252
897   160   2    134    379
898   412   7    95    451
899   653   7    56    413
900   703   6    133    224
901   566   5    121    462
902   606   5    68    271
903   223   6    132    36
904   265   7    59    316
905   343   5    83    434
906   416   3    172    217
907   351   4    61    251
908   388   4    52    426
909   388   4    21    115
910   488   5    196    372
911   341   5    93    127
912   210   3    130    17
913   610   3    35    270
914   309   3    67    278
915   396   7    22    67
916   666   2    197    33
917   276   7    164    247
918   219   6    197    267
919   895   3    84    449
920   718   2    148    140
921   21   4    61    202
922   23   4    20    369
923   905   3    132    383
924   771   7    116    362
925   90   5    153    261
926   40   5    181    204
927   46   4    40    84
928   847   4    35    448
929   368   5    137    173
930   416   2    114    94
931   388   2    91    260
932   638   3    2    104
933   714   5    167    381
934   206   7    141    100
935   173   2    17    291
936   856   6    13    278
937   394   6    159    65
938   228   7    38    44
939   32   7    143    485
940   486   7    31    368
941   685   4    165    281
942   11   4    185    434
943   642   5    44    316
944   340   2    159    7
945   324   7    158    36
946   368   3    119    118
947   569   6    19    332
948   290   3    75    408
949   803   6    167    41
950   935   2    75    298
951   884   6    30    101
952   558   5    20    457
953   772   3    127    234
954   20   6    23    491
955   207   4    173    429
956   437   4    56    118
957   625   5    52    198
958   425   5    79    226
959   872   3    173    214
960   18   7    36    348
961   531   5    139    18
962   658   4    56    80
963   720   2    46    361
964   93   6    171    215
965   823   3    60    464
966   412   3    65    320
967   99   3    50    168
968   805   6    54    339
969   113   6    157    271
970   857   4    164    469
971   451   6    37    384
972   614   2    146    73
973   182   3    146    377
974   28   6    11    490
975   195   6    65    471
976   261   2    161    248
977   567   3    15    299
978   331   6    34    60
979   348   3    107    483
980   179   2    99    461
981   133   2    102    469
982   429   4    55    341
983   296   3    43    199
984   144   6    74    228
985   631   5    6    428
986   399   7    17    391
987   318   5    143    134
988   647   3    132    300
989   934   7    28    398
990   86   6    36    287
991   824   4    199    26
992   627   3    156    69
993   554   5    48    451
994   218   4    144    303
995   394   4    132    440
996   538   3    141    447
997   449   5    101    208
998   892   4    149    250
999   346   2    81    415
1000   484   7    91    419
1001   854   6    95    218
1002   446   7    166    155
1003   249   6    120    20
1004   540   7    191    120
1005   196   5    93    27
1006   543   2    122    140
1007   699   4    155    47
1008   938   2    32    221
1009   205   5    139    205
1010   101   3    167    418
1011   584   7    68    240
1012   413   4    16    356
1013   511   3    73    56
1014   863   5    63    475
1015   670   6    120    397
1016   622   3    1    474
1017   536   5    26    310
1018   79   2    103    268
1019   210   4    5    4
1020   590   4    44    286
1021   473   7    48    115
1022   16   2    163    271
1023   490   4    25    243
1024   472   4    54    138
