1   0   6    15    6
2   1   2    85    430
3   1   2    81    115
4   1   2    48    421
5   3   5    198    483
6   4   5    160    356
7   1   4    197    92
8   3   6    126    328
9   2   3    74    371
10   7   6    48    151
11   3   2    176    97
12   5   7    168    308
13   9   5    134    212
14   4   6    174    182
15   13   3    17    402
16   8   4    133    485
17   7   3    49    104
18   7   5    55    347
19   13   5    48    2
20   7   6    122    461
21   5   7    39    11
22   8   4    69    205
23   19   5    57    156
24   10   2    71    96
25   14   3    5    146
26   19   6    24    16
27   20   7    34    23
28   21   2    113    268
29   5   6    89    465
30   8   5    125    301
31   25   2    124    8
32   14   4    193    335
33   17   5    98    468
34   7   3    79    171
35   17   2    127    25
36   2   6    165    196
37   17   6    53    5
38   5   3    137    84
39   25   3    114    217
40   38   6    113    342
41   12   6    161    194
42   9   4    189    411
43   9   2    173    64
44   37   3    112    286
45   41   7    113    5
46   44   5    47    242
47   35   2    139    327
48   17   2    150    310
49   16   7    60    324
50   1   6    110    8
51   48   3    181    158
52   3   3    102    195
53   40   7    52    384
54   9   3    30    350
55   53   3    179    3
56   26   2    2    138
57   8   2    114    259
58   9   5    199    442
59   20   2    55    264
60   49   6    1    135
61   12   3    37    324
62   11   7    118    352
63   58   4    168    48
64   23   4    196    183
65   4   5    164    275
66   6   7    98    154
67   31   3    8    487
68   34   6    34    356
69   65   3    46    475
70   14   4    8    183
71   14   4    105    287
72   4   6    36    381
73   47   7    23    71
74   6   2    2    164
75   44   4    163    437
76   51   7    168    104
77   72   3    76    145
78   5   4    76    420
79   17   6    158    429
80   8   5    63    474
81   66   5    99    208
82   19   5    77    418
83   37   2    119    203
84   17   6    16    209
85   25   4    9    117
86   32   6    172    95
87   17   4    28    482
88   41   4    122    286
89   86   2    64    85
90   46   5    94    345
91   34   2    171    182
92   59   7    23    294
93   22   3    114    246
94   74   4    31    490
95   80   7    31    166
96   9   6    50    219
97   60   5    117    32
98   47   2    164    85
99   97   3    176    57
100   51   6    116    455
101   11   4    21    376
102   80   2    28    451
103   50   5    90    322
104   41   7    195    251
105   56   4    139    378
106   93   7    45    144
107   53   5    16    79
108   27   3    173    283
109   95   7    52    17
110   1   7    94    455
111   54   3    26    462
112   64   7    13    221
113   95   6    141    198
114   25   5    145    13
115   55   4    90    117
116   56   7    65    400
117   55   3    59    189
118   75   5    90    57
119   115   6    91    230
120   110   5    72    341
121   65   3    67    381
122   86   3    41    64
123   77   6    198    66
124   6   2    45    468
125   30   2    184    386
126   88   6    50    120
127   65   6    65    180
128   25   3    114    311
129   80   6    69    400
130   112   6    142    468
131   106   7    134    69
132   126   7    93    83
133   85   4    55    253
134   99   7    120    215
135   111   5    165    123
136   66   3    69    367
137   22   7    53    244
138   63   2    100    337
139   114   6    106    375
140   58   5    20    454
141   113   7    1    408
142   59   3    67    44
143   141   2    40    375
144   34   7    155    404
145   118   6    82    490
146   30   5    165    170
147   110   6    22    401
148   32   7    45    310
149   100   4    115    209
150   146   5    47    217
151   73   5    180    232
152   124   7    107    406
153   20   6    119    360
154   5   5    98    78
155   148   5    136    75
156   31   6    158    4
157   36   3    101    34
158   115   5    78    242
159   89   5    158    340
160   64   6    34    240
161   36   6    119    145
162   98   4    133    267
163   41   7    29    279
164   160   4    82    149
165   159   6    35    210
166   32   5    126    281
167   124   6    160    394
168   154   7    160    314
169   124   2    128    321
170   57   3    166    63
171   86   7    145    302
172   23   6    22    199
173   152   6    123    240
174   20   6    72    7
175   123   2    9    429
176   127   4    33    464
177   114   5    146    126
178   149   6    144    373
179   98   4    121    175
180   61   7    143    490
181   175   3    57    269
182   76   7    11    260
183   66   5    191    346
184   18   2    194    141
185   10   2    122    405
186   83   4    19    212
187   154   7    131    410
188   72   2    12    60
189   107   4    151    17
190   97   7    32    495
191   175   2    26    375
192   134   7    192    476
193   61   6    123    213
194   99   5    57    215
195   129   5    45    413
196   82   4    147    222
197   96   5    185    258
198   33   6    137    348
199   102   3    69    46
200   12   5    155    45
201   151   4    17    197
202   56   3    173    118
203   187   6    191    228
204   146   4    9    162
205   83   7    177    428
206   186   6    23    349
207   107   7    148    64
208   119   2    38    145
209   122   7    142    102
210   175   5    31    426
211   195   3    148    19
212   108   2    63    110
213   200   2    4    491
214   32   6    44    33
215   43   7    148    436
216   157   2    35    467
217   176   7    185    225
218   91   6    121    407
219   39   2    65    121
220   101   7    104    250
221   77   4    16    193
222   35   6    12    333
223   127   3    157    189
224   124   2    131    480
225   130   5    72    166
226   45   2    95    380
227   151   2    29    119
228   57   3    142    82
229   143   2    13    74
230   130   5    84    452
231   167   7    97    343
232   168   4    36    293
233   197   5    27    308
234   86   7    82    485
235   81   7    82    462
236   63   7    60    356
237   135   6    139    217
238   79   6    101    191
239   232   4    132    34
240   167   4    64    346
241   152   3    35    158
242   233   2    171    176
243   103   6    98    335
244   211   3    36    22
245   20   6    92    93
246   6   4    130    188
247   33   7    125    40
248   103   2    152    449
249   101   7    140    147
250   83   2    21    21
251   59   4    59    214
252   208   7    114    308
253   225   6    2    288
254   155   5    97    36
255   242   5    193    340
256   153   4    12    242
257   235   2    194    323
258   135   3    154    418
259   155   2    37    203
260   92   6    153    77
261   258   2    36    383
262   46   4    177    313
263   15   7    185    444
264   57   6    23    452
265   112   5    179    205
266   161   5    183    177
267   139   5    35    228
268   92   5    23    73
269   250   6    139    390
270   188   2    166    264
271   154   3    78    266
272   82   6    145    25
273   269   3    54    304
274   189   2    151    95
275   249   6    50    62
276   145   6    36    269
277   123   7    155    80
278   163   3    34    442
279   80   6    144    404
280   98   5    65    240
281   24   6    92    194
282   162   3    112    227
283   29   6    143    78
284   95   7    130    308
285   249   5    30    30
286   96   2    55    251
287   160   6    71    276
288   183   4    106    187
289   42   7    33    194
290   28   7    149    191
291   229   7    132    236
292   196   6    71    474
293   222   5    80    154
294   46   6    71    439
295   178   5    93    423
296   230   6    29    105
297   183   7    70    375
298   244   6    37    379
299   266   2    87    445
300   291   3    149    14
301   297   6    189    472
302   14   6    152    494
303   255   7    47    491
304   107   2    95    371
305   228   2    6    394
306   9   5    88    427
307   105   2    21    93
308   131   7    75    359
309   305   7    5    54
310   297   6    11    192
311   38   6    68    117
312   209   7    190    59
313   128   2    21    228
314   83   2    20    243
315   129   2    122    382
316   116   7    196    250
317   104   3    124    498
318   280   4    150    295
319   217   7    65    412
320   172   2    4    99
321   154   7    79    230
322   285   7    169    483
323   219   2    195    321
324   152   2    111    349
325   269   7    172    102
326   34   4    148    314
327   221   5    143    280
328   63   6    88    393
329   77   5    42    213
330   171   5    82    190
331   231   5    107    260
332   258   7    23    452
333   266   4    51    346
334   198   7    66    288
335   76   2    37    21
336   159   7    59    148
337   256   2    193    278
338   16   3    69    144
339   115   6    111    169
340   219   5    120    403
341   205   4    173    347
342   87   2    137    383
343   120   3    100    99
344   209   6    118    185
345   130   4    8    96
346   34   6    46    219
347   159   6    19    353
348   40   6    195    120
349   254   5    97    252
350   241   3    53    206
351   268   6    118    337
352   236   6    109    99
353   294   4    111    38
354   341   4    108    206
355   285   5    148    61
356   260   5    33    499
357   79   5    21    398
358   113   5    36    437
359   251   3    88    224
360   213   2    55    57
361   120   7    85    355
362   295   4    187    299
363   130   4    97    254
364   136   3    147    143
365   152   7    148    320
366   320   5    3    258
367   245   6    173    119
368   19   3    80    490
369   29   7    168    432
370   232   4    32    220
371   93   6    96    403
372   314   6    175    480
373   181   6    125    10
374   302   3    109    113
375   331   6    187    24
376   302   4    168    35
377   117   2    101    232
378   120   7    103    288
379   282   3    144    137
380   64   4    1    216
381   103   5    93    384
382   184   5    163    172
383   377   7    15    12
384   19   3    135    302
385   44   3    78    53
386   197   4    162    493
387   94   2    91    173
388   8   5    62    479
389   217   5    140    358
390   335   7    177    123
391   132   7    49    217
392   219   4    158    388
393   103   2    50    397
394   350   6    159    114
395   195   4    30    246
396   375   6    111    263
397   216   5    109    447
398   165   7    34    33
399   274   2    115    142
400   20   4    45    349
401   347   2    39    79
402   94   7    112    451
403   147   2    67    257
404   142   5    52    272
405   234   6    72    179
406   163   4    4    499
407   224   2    99    373
408   248   4    105    323
409   353   4    16    281
410   11   3    112    262
411   71   6    62    334
412   141   7    125    81
413   47   5    159    81
414   216   2    35    48
415   212   3    133    211
416   60   6    8    145
417   104   4    71    160
418   21   3    151    211
419   52   5    43    156
420   261   3    142    101
421   406   5    3    252
422   47   4    17    393
423   398   7    145    484
424   398   5    196    138
425   368   5    109    155
426   407   5    90    292
427   206   6    15    81
428   345   5    106    198
429   72   7    38    364
430   403   6    20    270
431   122   5    19    217
432   394   3    1    289
433   4   2    186    420
434   96   7    181    195
435   170   7    125    220
436   264   4    57    20
437   276   5    18    162
438   428   3    102    25
439   79   5    159    161
440   399   2    155    277
441   249   3    139    7
442   141   3    116    364
443   439   4    196    464
444   142   6    71    471
445   416   3    21    480
446   225   4    39    170
447   12   6    188    259
448   332   3    8    34
449   373   7    54    320
450   448   4    168    263
451   346   4    43    90
452   222   5    172    358
453   123   5    50    79
454   368   7    88    117
455   296   7    170    373
456   264   2    15    30
457   317   3    93    61
458   367   5    12    121
459   88   3    186    14
460   99   3    21    165
461   406   3    152    387
462   57   2    11    360
463   275   4    79    201
464   148   4    101    209
465   313   7    157    268
466   121   3    126    357
467   275   2    161    452
468   385   6    17    108
469   352   5    75    222
470   44   2    136    137
471   48   5    96    442
472   392   4    189    259
473   106   2    147    259
474   77   3    188    149
475   417   4    188    488
476   166   3    157    343
477   72   7    97    35
478   37   2    119    186
479   244   2    89    81
480   52   2    58    278
481   110   6    108    150
482   303   2    163    123
483   437   6    45    30
484   3   7    19    23
485   172   6    149    275
486   16   5    191    431
487   134   4    140    366
488   78   5    155    7
489   188   2    186    494
490   466   4    25    133
491   12   3    195    133
492   416   7    96    67
493   453   3    137    495
494   320   3    88    228
495   454   2    148    199
496   236   3    189    171
497   188   7    123    190
498   322   2    121    165
499   416   6    15    280
500   115   4    122    154
501   149   5    174    101
502   390   7    100    377
503   62   2    1    468
504   45   6    135    74
505   73   6    34    10
506   72   4    47    431
507   203   7    40    32
508   335   2    49    252
509   352   2    30    9
510   346   6    16    89
511   61   7    126    37
512   101   3    36    214
513   178   6    146    420
514   461   3    51    27
515   293   2    60    233
516   464   6    184    138
517   483   6    114    149
518   474   5    26    116
519   33   7    107    342
520   248   4    8    323
521   20   7    113    367
522   57   2    95    40
523   77   7    35    327
524   177   7    59    154
525   246   6    23    108
526   248   5    154    189
527   66   2    59    156
528   173   2    155    45
529   412   4    65    37
530   266   7    198    80
531   477   3    96    333
532   312   6    161    197
533   405   3    73    291
534   369   2    66    495
535   301   6    58    313
536   463   6    100    403
537   317   5    34    273
538   41   5    58    325
539   83   5    8    246
540   486   3    38    444
541   33   5    8    374
542   450   7    55    451
543   404   4    110    484
544   402   4    57    106
545   135   6    110    18
546   510   7    107    482
547   316   4    139    449
548   153   7    33    468
549   524   4    81    410
550   524   4    65    65
551   252   7    110    487
552   518   7    124    136
553   108   5    28    380
554   7   7    177    298
555   112   5    168    252
556   89   5    51    119
557   325   4    195    166
558   244   2    30    115
559   472   7    183    206
560   481   4    169    474
561   200   7    177    198
562   354   2    104    372
563   458   5    20    232
564   45   7    158    151
565   52   6    11    234
566   425   2    123    228
567   552   6    57    36
568   553   3    109    419
569   212   6    158    256
570   501   7    43    331
571   8   3    113    180
572   129   5    109    55
573   521   3    12    282
574   452   7    98    234
575   39   4    108    396
576   481   7    93    40
577   465   4    195    444
578   527   3    44    64
579   72   6    65    45
580   13   5    22    484
581   357   6    103    406
582   242   7    118    332
583   519   2    169    156
584   68   5    130    328
585   512   7    77    408
586   568   7    62    306
587   175   5    174    300
588   567   7    193    279
589   436   3    193    360
590   313   7    131    153
591   380   7    156    141
592   369   7    160    50
593   74   4    68    347
594   249   3    117    284
595   65   3    175    203
596   65   2    28    68
597   87   3    15    74
598   260   6    182    443
599   398   2    110    113
600   244   4    74    28
601   137   4    115    416
602   520   6    112    188
603   569   3    140    261
604   410   4    7    455
605   363   3    49    27
606   183   2    53    302
607   125   7    56    155
608   552   6    112    179
609   598   6    195    465
610   488   2    173    281
611   275   3    74    396
612   22   5    160    230
613   454   4    98    111
614   318   5    160    475
615   341   6    38    440
616   330   4    77    320
617   489   5    64    284
618   465   4    98    33
619   10   4    62    173
620   491   4    7    489
621   154   5    168    16
622   352   2    112    493
623   205   6    80    238
624   45   2    142    133
625   306   3    167    221
626   289   3    66    314
627   54   2    37    7
628   439   2    166    67
629   106   7    83    38
630   413   5    113    495
631   35   7    64    290
632   290   7    130    229
633   4   3    113    411
634   553   6    189    127
635   528   5    143    67
636   250   5    68    309
637   172   2    33    435
638   375   5    57    477
639   106   3    99    26
640   26   4    167    32
641   596   6    156    289
642   181   6    120    232
643   540   7    32    418
644   543   5    140    451
645   408   3    88    153
646   116   7    29    236
647   114   3    23    380
648   32   2    140    276
649   342   6    6    66
650   7   6    85    174
651   177   2    158    369
652   87   2    166    115
653   83   6    6    63
654   112   3    101    226
655   293   4    46    42
656   530   3    191    13
657   571   5    80    444
658   37   5    194    1
659   226   5    63    162
660   592   4    176    140
661   269   6    166    140
662   447   3    136    450
663   125   2    88    77
664   328   4    30    355
665   346   5    185    440
666   540   7    79    401
667   67   7    132    96
668   254   6    139    392
669   350   2    171    263
670   338   4    98    441
671   407   6    33    21
672   573   6    142    147
673   661   4    130    205
674   376   4    79    104
675   131   2    14    55
676   168   5    57    276
677   565   6    129    32
678   101   4    31    187
679   96   2    95    411
680   250   2    76    37
681   519   6    151    235
682   217   5    104    226
683   283   7    168    353
684   352   4    8    343
685   394   4    67    301
686   198   5    157    316
687   176   7    155    155
688   457   5    147    197
689   209   4    119    319
690   65   6    55    345
691   57   6    191    499
692   30   7    24    252
693   35   2    186    408
694   443   3    153    178
695   524   5    178    451
696   240   7    132    107
697   389   6    197    285
698   317   4    184    374
699   521   4    85    8
700   7   7    121    200
701   220   2    66    52
702   623   3    104    28
703   367   5    101    182
704   647   2    36    368
705   549   6    1    327
706   170   2    31    362
707   390   5    27    372
708   280   5    57    223
709   618   4    25    14
710   481   3    121    456
711   652   3    149    35
712   78   6    67    180
713   114   4    154    262
714   164   6    32    279
715   516   4    135    238
716   274   5    161    283
717   178   4    110    354
718   417   7    112    468
719   410   3    182    331
720   336   4    82    8
721   711   3    182    298
722   133   5    167    337
723   288   4    13    449
724   342   5    105    296
725   82   6    50    176
726   47   4    13    50
727   224   2    196    56
728   418   2    172    180
729   668   5    162    17
730   503   3    24    496
731   695   4    131    176
732   683   6    166    180
733   75   2    9    398
734   643   5    184    209
735   237   7    155    143
736   287   6    57    343
737   557   5    122    270
738   417   5    80    357
739   504   5    140    327
740   626   6    103    423
741   481   6    6    372
742   155   2    185    451
743   614   6    22    309
744   620   7    86    218
745   497   4    188    291
746   221   7    38    309
747   659   4    117    131
748   682   4    36    198
749   493   4    189    253
750   264   6    23    14
751   442   6    137    331
752   308   2    168    428
753   129   6    76    374
754   121   5    156    421
755   516   2    113    120
756   597   4    86    298
757   201   3    144    121
758   237   3    82    251
759   380   4    55    42
760   174   5    186    81
761   643   2    116    345
762   440   6    15    215
763   46   7    146    305
764   658   6    120    124
765   195   3    143    294
766   207   7    52    13
767   121   3    10    207
768   42   2    18    146
769   546   4    193    435
770   451   5    7    55
771   407   4    27    494
772   173   3    110    116
773   291   6    153    20
774   258   7    73    239
775   21   4    44    116
776   757   7    158    322
777   506   6    78    349
778   731   4    165    79
779   602   3    117    469
780   595   4    147    226
781   245   3    133    457
782   335   5    93    307
783   243   6    66    250
784   205   5    186    121
785   148   5    4    440
786   397   3    67    291
787   615   4    149    247
788   314   5    189    278
789   650   4    85    10
790   39   6    175    135
791   57   4    173    497
792   370   2    114    356
793   105   5    38    184
794   465   3    76    37
795   137   3    110    187
796   748   5    73    85
797   538   5    101    467
798   288   4    112    257
799   332   5    172    70
800   305   5    60    390
801   6   6    27    138
802   564   2    102    493
803   528   5    49    252
804   4   4    47    185
805   91   6    53    473
806   543   2    55    207
807   612   6    112    346
808   126   3    195    257
809   204   3    20    10
810   282   5    150    87
811   774   7    135    16
812   596   6    194    391
813   249   3    30    161
814   501   2    128    286
815   158   3    144    100
816   242   7    3    42
817   594   4    118    312
818   718   5    105    68
819   453   5    160    283
820   240   6    72    10
821   191   6    139    235
822   676   7    18    100
823   84   3    160    302
824   183   6    189    27
825   90   3    139    17
826   532   4    43    458
827   176   4    159    380
828   678   7    22    25
829   660   6    139    252
830   67   6    9    56
831   438   7    197    2
832   28   5    164    303
833   72   6    80    42
834   224   6    192    464
835   20   6    103    128
836   668   6    32    274
837   733   5    4    391
838   758   4    191    339
839   150   3    16    479
840   816   2    109    45
841   595   2    148    172
842   395   3    99    404
843   521   2    63    146
844   688   6    183    8
845   615   4    114    169
846   88   5    141    473
847   325   3    18    320
848   54   6    148    283
849   721   3    89    2
850   539   3    184    247
851   47   4    66    284
852   243   3    140    99
853   472   6    34    25
854   806   7    116    403
855   435   2    155    3
856   461   3    57    70
857   61   5    169    457
858   781   3    50    176
859   294   5    54    197
860   733   3    185    331
861   611   5    92    195
862   279   2    95    124
863   54   5    137    316
864   550   4    164    386
865   595   2    49    477
866   634   3    35    12
867   441   3    136    215
868   669   4    190    24
869   797   2    149    291
870   455   3    48    333
871   827   3    196    264
872   482   3    60    43
873   415   5    53    91
874   426   2    21    401
875   819   4    12    315
876   702   3    177    47
877   10   4    164    262
878   303   6    170    451
879   596   7    194    407
880   291   2    176    491
881   153   6    153    172
882   356   7    26    317
883   313   2    164    86
884   215   6    18    356
885   763   5    86    285
886   848   7    186    234
887   816   2    70    12
888   338   4    75    448
889   729   3    179    90
890   701   5    168    40
891   99   2    133    173
892   604   2    191    143
893   647   7    41    445
894   55   2    20    368
895   673   5    116    428
896   188   5    8    411
897   683   3    63    234
898   97   2    189    234
899   403   4    80    117
900   885   4    14    101
901   142   4    13    270
902   249   5    156    464
903   721   3    145    451
904   549   2    35    364
905   630   6    159    120
906   489   5    132    434
907   713   4    115    88
908   526   7    185    327
909   61   7    10    70
910   643   4    36    279
911   501   6    153    150
912   868   5    62    403
913   778   5    173    498
914   59   3    91    359
915   849   2    22    47
916   746   5    129    12
917   382   2    110    160
918   602   3    178    400
919   541   2    100    9
920   384   4    124    490
921   245   2    27    266
922   381   3    76    107
923   872   4    86    417
924   585   6    104    407
925   864   4    6    367
926   720   6    35    214
927   795   3    182    211
928   907   4    73    443
929   633   5    112    41
930   679   7    183    235
931   509   6    81    442
932   46   2    158    266
933   681   3    108    264
934   361   7    173    96
935   125   3    111    485
936   196   4    86    287
937   743   7    151    250
938   907   2    55    428
939   442   2    118    321
940   153   4    114    136
941   264   3    53    58
942   411   5    66    169
943   925   2    157    73
944   470   2    189    385
945   937   4    136    465
946   1   5    132    376
947   794   4    154    303
948   51   6    138    63
949   905   5    190    454
950   547   5    17    342
951   599   7    123    476
952   405   4    75    355
953   371   7    98    285
954   756   7    40    424
955   36   4    99    347
956   196   6    7    253
957   14   3    172    325
958   33   2    79    367
959   655   2    116    189
960   181   4    5    204
961   25   3    129    37
962   505   4    186    163
963   289   3    6    255
964   774   7    34    185
965   64   2    9    305
966   717   6    115    318
967   733   5    104    279
968   143   6    161    87
969   107   2    189    101
970   810   3    120    12
971   205   6    150    121
972   760   5    147    415
973   96   5    175    476
974   450   2    155    414
975   424   6    82    293
976   615   6    108    428
977   890   3    133    208
978   553   3    97    355
979   527   3    153    253
980   663   6    97    25
981   84   4    195    474
982   575   2    2    408
983   748   7    39    385
984   475   4    191    125
985   723   4    91    446
986   508   5    109    416
987   698   3    130    129
988   187   7    53    263
989   197   7    134    449
990   203   5    179    260
991   245   3    1    462
992   668   3    195    275
993   799   2    6    319
994   45   5    41    61
995   92   2    164    466
996   930   4    20    134
997   815   2    167    215
998   778   2    65    294
999   771   5    42    411
1000   186   2    193    209
1001   926   2    35    62
1002   707   5    119    393
1003   399   5    89    354
1004   149   5    80    199
1005   497   3    20    362
1006   257   4    48    5
1007   784   4    167    140
1008   867   2    15    346
1009   569   2    105    380
1010   586   7    150    84
1011   743   5    153    267
1012   567   5    138    214
1013   252   5    174    447
1014   1012   3    113    328
1015   702   2    55    452
1016   690   3    167    197
1017   363   4    36    385
1018   317   7    175    293
1019   155   4    199    142
1020   823   4    21    436
1021   466   6    172    279
1022   188   5    10    83
1023   452   2    70    446
1024   512   2    192    357
