1   0   5    29    43
2   1   3    66    424
3   1   7    75    486
4   2   4    178    251
5   1   6    52    139
6   3   2    67    495
7   1   2    189    426
8   2   2    51    198
9   6   6    145    102
10   7   2    140    440
11   2   7    146    304
12   7   4    22    29
13   8   6    42    148
14   7   5    113    54
15   5   6    142    106
16   9   3    184    283
17   10   5    95    143
18   13   4    46    48
19   12   2    193    475
20   2   7    123    225
21   17   3    104    68
22   9   7    143    109
23   21   2    29    307
24   10   6    23    109
25   11   4    43    137
26   11   4    59    424
27   3   5    49    477
28   25   7    10    165
29   14   4    24    346
30   21   3    129    65
31   26   7    3    386
32   24   3    196    141
33   8   2    5    315
34   5   6    183    306
35   31   4    61    486
36   33   6    43    1
37   27   3    56    317
38   8   7    1    409
39   29   6    5    319
40   5   4    58    315
41   31   2    127    498
42   10   7    102    465
43   11   3    150    437
44   6   7    167    78
45   17   5    167    219
46   35   5    189    52
47   43   2    118    300
48   40   3    160    464
49   1   3    130    38
50   9   2    107    289
51   44   7    166    370
52   50   3    57    95
53   32   7    14    309
54   36   3    169    205
55   25   3    82    348
56   50   3    107    181
57   38   2    166    423
58   24   7    125    115
59   32   5    81    285
60   44   6    124    272
61   25   3    156    282
62   35   5    14    493
63   52   7    116    286
64   38   4    57    474
65   13   7    5    466
66   25   2    29    79
67   54   7    87    317
68   30   6    16    215
69   25   3    129    13
70   65   6    190    281
71   21   6    44    84
72   17   4    8    482
73   57   4    179    66
74   57   6    171    333
75   55   2    21    34
76   60   6    9    131
77   71   6    95    463
78   17   2    97    201
79   46   7    61    329
80   45   4    195    448
81   47   3    87    136
82   63   7    66    325
83   37   4    145    416
84   23   6    14    488
85   75   4    116    133
86   34   7    59    112
87   12   6    189    458
88   72   4    193    307
89   36   5    18    244
90   18   4    122    188
91   23   5    27    386
92   33   2    56    436
93   36   2    54    400
94   49   4    184    134
95   20   7    122    308
96   5   7    40    161
97   25   2    95    385
98   30   4    153    218
99   42   6    14    429
100   70   4    10    165
101   92   5    143    154
102   62   6    1    184
103   45   3    156    177
104   50   7    191    461
105   100   5    135    20
106   83   7    117    279
107   75   5    106    474
108   14   7    67    176
109   72   3    172    394
110   106   7    45    252
111   14   3    158    371
112   69   2    136    449
113   109   3    13    330
114   23   5    161    22
115   54   7    106    197
116   44   2    6    117
117   109   5    198    63
118   62   7    195    367
119   29   3    172    444
120   107   6    36    122
121   9   4    135    121
122   56   7    182    224
123   17   2    178    485
124   87   7    167    111
125   99   7    131    89
126   124   6    197    25
127   50   5    61    122
128   19   7    134    456
129   67   3    57    126
130   17   7    63    405
131   10   6    135    127
132   129   2    130    1
133   64   6    7    27
134   132   6    143    288
135   92   2    64    223
136   131   6    190    163
137   66   2    69    376
138   35   4    199    272
139   8   3    145    303
140   55   7    113    268
141   8   3    19    383
142   117   2    30    227
143   78   4    30    356
144   61   6    167    78
145   50   7    76    245
146   139   2    178    405
147   106   3    41    71
148   63   6    9    315
149   62   4    121    446
150   110   3    107    282
151   55   3    32    179
152   68   5    24    246
153   73   7    11    239
154   75   5    45    128
155   54   4    109    413
156   19   6    86    95
157   51   7    101    362
158   150   6    54    462
159   67   3    19    422
160   1   6    112    345
161   32   6    178    327
162   62   5    155    251
163   145   3    151    492
164   114   7    74    19
165   24   5    28    332
166   143   6    15    288
167   104   6    193    245
168   145   3    7    437
169   11   6    143    144
170   128   4    2    476
171   163   4    122    443
172   134   2    40    267
173   115   7    199    187
174   15   5    68    117
175   11   4    3    326
176   131   7    129    374
177   73   4    148    467
178   35   5    199    280
179   142   3    94    421
180   54   3    113    89
181   18   7    52    4
182   3   2    54    174
183   146   5    111    329
184   50   4    132    275
185   35   7    119    202
186   1   2    79    271
187   162   7    36    59
188   100   2    103    249
189   47   6    45    346
190   26   6    176    162
191   150   5    193    58
192   24   6    93    293
193   180   4    162    158
194   154   3    25    351
195   116   5    186    181
196   49   3    38    1
197   106   2    71    149
198   64   5    12    180
199   8   4    170    441
200   29   2    141    73
201   28   6    50    397
202   141   6    11    326
203   35   3    64    113
204   167   5    178    355
205   135   6    86    113
206   110   4    91    484
207   92   4    154    328
208   155   5    24    14
209   142   7    16    87
210   53   2    64    344
211   128   7    189    137
212   147   7    75    138
213   179   6    190    75
214   86   7    5    367
215   159   3    48    221
216   1   7    75    248
217   149   6    160    178
218   119   5    162    282
219   160   4    84    243
220   110   2    53    77
221   71   4    132    325
222   116   6    194    298
223   114   3    119    278
224   60   5    190    260
225   144   2    185    199
226   61   2    152    328
227   99   5    166    263
228   137   3    38    47
229   167   2    195    253
230   113   4    18    337
231   217   6    8    263
232   77   5    192    273
233   37   3    29    164
234   4   3    61    134
235   69   6    103    215
236   181   3    54    260
237   165   4    37    371
238   65   3    75    312
239   35   4    182    286
240   149   3    195    187
241   232   4    163    252
242   98   6    137    111
243   2   6    185    250
244   91   4    16    133
245   19   5    142    136
246   66   4    189    327
247   112   4    121    164
248   16   3    22    451
249   163   5    11    239
250   161   6    96    279
251   28   2    12    498
252   61   3    116    475
253   92   5    174    255
254   136   6    138    44
255   54   5    14    473
256   235   6    192    178
257   32   6    120    190
258   199   4    120    198
259   213   5    187    418
260   14   2    112    426
261   185   5    187    246
262   249   6    70    194
263   39   6    80    268
264   44   6    66    202
265   227   6    154    325
266   123   3    70    453
267   11   7    25    168
268   5   4    146    223
269   121   3    170    383
270   263   4    94    495
271   52   2    40    199
272   24   7    147    222
273   128   2    30    307
274   221   4    76    7
275   194   3    161    107
276   164   6    50    161
277   18   2    191    24
278   103   5    28    256
279   207   3    194    143
280   231   6    106    169
281   278   7    39    73
282   201   7    108    322
283   54   2    164    480
284   233   2    147    449
285   83   3    179    58
286   274   5    45    165
287   58   5    89    371
288   278   6    169    43
289   9   5    195    119
290   3   7    37    281
291   220   6    2    130
292   241   5    182    74
293   101   5    85    386
294   117   5    141    202
295   185   2    171    495
296   72   6    147    168
297   264   7    180    489
298   125   6    44    234
299   259   5    136    114
300   195   4    23    238
301   151   3    116    201
302   120   4    151    357
303   220   5    129    339
304   269   7    104    51
305   100   7    118    109
306   188   4    50    116
307   290   7    117    440
308   11   4    182    30
309   80   2    47    434
310   138   7    41    8
311   146   3    13    32
312   79   7    33    351
313   46   2    95    274
314   219   3    9    440
315   118   2    199    488
316   124   2    186    264
317   63   4    123    58
318   37   3    158    378
319   181   3    150    219
320   307   3    32    294
321   42   3    176    266
322   160   7    92    392
323   290   5    5    331
324   109   5    190    448
325   242   6    93    247
326   208   7    150    191
327   62   3    24    129
328   9   2    184    414
329   188   3    35    393
330   277   4    70    411
331   310   5    86    335
332   226   7    124    482
333   152   7    40    133
334   87   5    112    447
335   130   3    11    191
336   191   6    139    54
337   272   2    65    47
338   182   6    188    414
339   195   7    44    288
340   112   3    35    109
341   270   6    43    288
342   211   3    2    464
343   310   2    32    122
344   342   3    93    464
345   115   2    51    486
346   63   6    176    79
347   312   2    94    313
348   270   3    64    57
349   249   6    130    211
350   108   7    34    415
351   23   6    72    145
352   232   4    55    128
353   247   2    18    240
354   51   3    80    363
355   250   6    158    289
356   204   5    79    399
357   229   7    137    433
358   93   3    3    105
359   304   5    198    475
360   179   6    90    206
361   90   6    162    451
362   261   3    171    4
363   139   4    151    156
364   22   5    187    71
365   51   6    176    484
366   315   4    50    337
367   271   7    85    330
368   99   2    18    117
369   335   7    194    471
370   52   6    132    356
371   33   7    95    459
372   21   5    56    117
373   182   6    119    124
374   144   2    161    285
375   108   5    98    169
376   200   5    10    485
377   128   2    120    149
378   91   4    94    161
379   2   3    195    263
380   214   7    191    424
381   89   4    85    177
382   290   3    99    421
383   90   5    48    412
384   126   2    28    187
385   197   2    87    72
386   129   5    134    144
387   151   7    153    491
388   334   4    176    70
389   301   3    98    214
390   97   7    44    471
391   376   6    100    63
392   365   6    99    159
393   290   7    79    26
394   9   4    2    387
395   18   7    164    312
396   112   5    174    403
397   268   6    56    224
398   317   3    73    339
399   65   5    154    352
400   276   4    185    322
401   116   5    87    45
402   320   4    82    293
403   312   6    133    449
404   323   2    61    357
405   215   4    86    113
406   76   2    99    196
407   47   4    157    44
408   107   2    44    125
409   237   3    69    1
410   62   6    73    39
411   21   2    14    454
412   71   6    29    438
413   333   3    155    306
414   237   4    70    353
415   122   5    96    468
416   134   7    80    350
417   364   7    52    422
418   19   5    8    436
419   219   5    159    421
420   26   5    196    373
421   127   7    20    316
422   63   3    63    157
423   273   3    71    59
424   332   3    76    22
425   11   3    117    8
426   114   7    175    218
427   208   5    83    416
428   137   6    55    460
429   175   3    106    211
430   23   3    161    100
431   161   3    3    280
432   414   2    54    133
433   430   6    137    225
434   3   4    27    55
435   393   6    163    61
436   279   6    100    434
437   206   2    67    374
438   32   7    172    195
439   170   2    163    157
440   266   4    157    467
441   67   7    81    498
442   19   3    136    316
443   23   5    103    19
444   408   5    14    285
445   9   4    146    379
446   212   4    98    112
447   352   6    198    130
448   21   6    17    396
449   56   5    139    442
450   260   2    12    84
451   286   7    38    249
452   410   4    6    391
453   138   6    99    259
454   422   6    173    35
455   97   5    120    492
456   283   5    16    126
457   264   3    112    139
458   27   7    92    416
459   328   2    49    377
460   388   5    95    194
461   338   4    139    438
462   179   3    49    51
463   187   6    198    44
464   11   6    197    113
465   431   5    186    160
466   327   4    180    129
467   405   3    86    283
468   307   7    134    107
469   189   6    175    248
470   167   7    6    377
471   318   3    46    439
472   32   7    46    204
473   311   4    114    272
474   167   4    185    458
475   184   5    164    340
476   219   4    84    323
477   217   7    184    120
478   208   2    41    49
479   271   3    159    201
480   45   5    55    271
481   313   3    20    337
482   205   7    145    53
483   306   4    182    360
484   143   2    146    124
485   270   3    173    280
486   442   7    49    330
487   268   7    111    104
488   284   2    18    470
489   117   4    78    353
490   49   6    45    262
491   274   2    14    281
492   442   5    155    465
493   383   7    171    403
494   436   4    110    485
495   486   6    132    460
496   234   7    173    178
497   297   3    50    293
498   356   7    114    365
499   428   6    135    369
500   325   4    24    208
501   111   5    43    305
502   11   7    65    425
503   317   7    143    138
504   113   7    12    275
505   374   3    152    280
506   414   5    36    236
507   231   2    102    169
508   427   6    161    36
509   209   6    80    57
510   363   2    36    435
511   244   6    19    182
512   124   5    32    402
513   493   4    90    457
514   288   3    156    109
515   49   4    6    454
516   491   3    52    254
517   197   7    50    358
518   316   7    139    245
519   435   7    137    287
520   432   4    31    373
521   144   3    6    493
522   255   2    105    312
523   405   4    113    114
524   29   7    96    339
525   269   2    164    489
526   189   6    45    129
527   26   5    42    216
528   352   6    9    336
529   243   2    142    449
530   472   2    41    485
531   48   2    186    119
532   450   4    74    479
533   275   2    65    334
534   71   4    142    162
535   521   7    110    240
536   200   4    112    14
537   15   4    170    271
538   390   7    114    200
539   311   6    109    367
540   20   5    131    128
541   459   4    36    16
542   59   4    24    493
543   438   7    182    119
544   416   2    149    349
545   338   7    150    326
546   234   2    124    180
547   26   4    122    214
548   188   5    79    269
549   306   2    58    392
550   526   7    118    140
551   246   4    132    424
552   191   4    131    362
553   424   3    184    468
554   540   7    124    163
555   268   4    178    452
556   464   7    54    17
557   537   3    116    357
558   273   5    179    314
559   414   4    132    280
560   345   4    62    294
561   334   4    44    117
562   428   5    143    376
563   40   2    136    137
564   405   2    49    447
565   526   4    77    75
566   401   4    115    261
567   464   5    75    87
568   43   7    95    487
569   466   6    111    276
570   283   3    138    48
571   224   7    196    189
572   477   4    166    414
573   115   2    75    80
574   15   5    154    182
575   217   6    146    33
576   243   7    191    298
577   518   3    189    456
578   392   4    147    46
579   340   2    193    121
580   429   6    25    473
581   20   2    43    267
582   201   7    112    295
583   20   4    87    283
584   122   4    43    46
585   41   6    132    198
586   167   6    198    250
587   133   4    196    438
588   563   4    69    151
589   430   5    22    53
590   583   4    126    22
591   338   4    180    391
592   224   2    183    265
593   486   2    139    362
594   194   7    167    302
595   37   7    134    26
596   363   5    46    317
597   558   3    104    306
598   495   5    12    486
599   419   4    142    239
600   221   4    114    333
601   373   4    120    136
602   70   6    181    408
603   420   7    57    344
604   452   4    176    54
605   68   2    110    108
606   368   2    197    464
607   8   6    172    168
608   162   4    57    254
609   170   4    26    178
610   481   7    153    402
611   274   4    56    496
612   105   7    130    278
613   197   4    63    235
614   272   5    13    191
615   77   5    85    176
616   17   6    10    338
617   275   5    47    110
618   60   6    25    369
619   111   6    40    195
620   535   5    169    101
621   565   7    59    362
622   376   7    128    174
623   359   6    19    102
624   591   7    46    431
625   206   3    135    461
626   301   6    105    398
627   20   2    191    420
628   526   5    164    322
629   624   7    154    93
630   11   4    37    160
631   6   5    138    358
632   84   7    132    156
633   622   2    89    209
634   578   3    38    358
635   336   4    31    363
636   600   6    37    466
637   545   6    124    377
638   41   6    98    305
639   387   6    6    445
640   466   5    107    372
641   86   2    30    105
642   114   5    86    417
643   520   6    41    430
644   262   5    100    26
645   205   7    77    323
646   157   3    123    111
647   95   4    162    177
648   382   2    68    241
649   219   4    68    204
650   420   4    195    37
651   180   6    155    88
652   397   3    146    83
653   270   7    161    377
654   410   4    104    132
655   36   2    158    61
656   650   2    117    295
657   565   2    197    412
658   651   5    113    226
659   216   7    72    492
660   577   7    186    430
661   461   5    82    57
662   301   5    188    109
663   299   7    116    259
664   154   6    106    447
665   437   3    103    293
666   493   3    47    24
667   553   2    176    58
668   102   3    24    138
669   93   5    2    135
670   505   6    1    313
671   343   7    96    117
672   352   2    77    441
673   106   4    6    403
674   305   6    35    233
675   281   3    99    59
676   644   2    93    155
677   663   2    38    213
678   512   2    99    314
679   413   3    25    491
680   300   2    176    232
681   665   4    10    150
682   202   7    191    499
683   654   5    166    34
684   668   7    101    351
685   576   5    43    303
686   386   3    24    396
687   312   5    162    19
688   425   2    138    404
689   446   6    167    402
690   583   7    37    170
691   668   7    66    497
692   500   2    182    188
693   452   5    87    374
694   265   4    162    20
695   131   5    161    363
696   485   4    198    404
697   121   7    194    284
698   378   7    78    139
699   198   3    91    487
700   526   4    146    244
701   209   7    1    395
702   107   5    71    94
703   328   7    23    464
704   578   3    147    25
705   181   5    31    298
706   365   5    118    212
707   52   6    139    294
708   602   2    13    339
709   498   2    80    479
710   289   5    153    310
711   400   5    182    176
712   364   3    81    16
713   89   6    108    418
714   395   3    112    462
715   621   3    47    486
716   498   5    133    355
717   35   3    83    216
718   437   7    103    421
719   44   7    25    461
720   296   7    182    479
721   102   7    39    240
722   226   7    144    245
723   626   4    173    118
724   491   2    160    425
725   555   3    30    435
726   426   3    41    423
727   113   4    90    352
728   333   5    181    443
729   147   5    83    74
730   177   5    112    448
731   188   3    101    319
732   688   4    24    54
733   547   7    28    278
734   454   4    111    406
735   67   2    30    214
736   86   5    172    480
737   340   5    127    20
738   2   4    115    292
739   249   5    154    413
740   83   7    36    80
741   310   3    25    399
742   379   3    189    319
743   483   7    26    473
744   431   5    188    248
745   341   4    179    477
746   605   6    23    241
747   122   3    4    225
748   549   4    5    137
749   499   7    193    375
750   239   2    156    194
751   144   3    56    387
752   515   5    57    389
753   350   3    28    226
754   482   4    50    14
755   393   6    63    24
756   119   7    179    40
757   291   5    111    257
758   41   3    131    493
759   309   6    177    414
760   463   3    167    87
761   323   7    185    164
762   630   5    75    97
763   747   4    65    307
764   390   4    35    52
765   653   6    132    454
766   384   7    142    88
767   152   4    171    337
768   656   5    107    370
769   444   3    59    225
770   569   4    84    24
771   437   3    32    359
772   345   3    123    31
773   383   5    19    467
774   438   3    121    298
775   591   2    16    435
776   42   7    140    282
777   175   7    151    362
778   116   7    16    171
779   444   2    25    325
780   137   5    23    270
781   157   2    163    80
782   639   7    33    141
783   396   2    24    433
784   671   7    180    195
785   135   5    161    209
786   224   3    112    429
787   426   2    163    271
788   447   7    55    451
789   311   2    20    162
790   668   2    172    141
791   179   2    97    98
792   253   4    43    419
793   174   2    124    224
794   624   6    139    170
795   379   5    86    209
796   180   7    24    184
797   704   6    135    272
798   692   7    21    127
799   604   2    77    6
800   205   6    93    227
801   725   2    16    375
802   511   5    50    364
803   243   6    137    24
804   224   2    28    111
805   152   7    1    133
806   380   2    198    448
807   422   4    119    499
808   345   3    173    360
809   352   6    9    101
810   408   5    139    64
811   427   5    113    338
812   748   3    118    304
813   451   3    68    268
814   436   3    5    75
815   19   2    26    230
816   498   7    88    366
817   159   2    80    307
818   209   3    122    255
819   175   7    162    348
820   117   5    56    318
821   368   3    132    110
822   61   7    9    293
823   462   6    104    182
824   118   6    194    31
825   768   4    10    263
826   394   4    89    301
827   227   5    134    414
828   447   2    79    135
829   119   7    84    227
830   762   4    50    31
831   320   6    16    129
832   330   5    107    93
833   631   6    175    107
834   454   6    178    422
835   396   3    167    302
836   145   5    14    245
837   302   3    135    279
838   82   7    1    345
839   379   7    5    411
840   740   2    64    164
841   606   4    123    107
842   98   5    77    216
843   181   4    76    33
844   829   2    193    94
845   796   2    162    72
846   607   2    177    494
847   530   6    173    314
848   457   2    104    370
849   451   7    31    279
850   235   3    183    100
851   611   6    187    244
852   202   2    22    486
853   672   4    128    172
854   431   7    157    145
855   255   7    49    53
856   339   2    184    27
857   386   2    9    328
858   740   3    1    158
859   521   5    149    165
860   678   2    127    123
861   430   2    160    390
862   412   7    121    213
863   226   2    134    288
864   70   6    68    111
865   496   2    182    374
866   440   3    118    64
867   367   7    87    282
868   575   2    31    228
869   198   5    34    159
870   828   2    159    187
871   869   7    182    352
872   515   5    99    74
873   209   7    167    438
874   383   4    127    305
875   616   5    186    28
876   117   4    193    363
877   81   6    8    344
878   738   4    63    449
879   13   5    33    240
880   475   6    185    146
881   823   2    100    320
882   604   2    78    373
883   813   3    87    424
884   109   7    46    112
885   234   6    174    330
886   440   2    182    339
887   278   3    167    62
888   2   7    130    450
889   762   3    156    334
890   614   4    86    469
891   722   3    68    474
892   9   7    60    287
893   85   6    15    300
894   520   5    127    240
895   310   6    60    317
896   671   5    62    203
897   670   5    198    175
898   723   3    53    203
899   421   6    166    109
900   821   3    35    96
901   403   4    47    497
902   25   4    11    161
903   241   2    30    303
904   7   7    122    67
905   903   7    190    487
906   486   5    172    78
907   863   7    183    361
908   489   5    13    376
909   618   4    57    56
910   847   4    7    356
911   892   7    48    250
912   658   4    91    324
913   360   5    60    102
914   524   2    193    138
915   543   2    78    273
916   644   3    38    91
917   710   3    10    465
918   387   7    92    392
919   173   2    89    320
920   378   4    33    404
921   699   7    108    451
922   231   4    113    100
923   502   2    133    322
924   520   6    122    123
925   283   7    24    9
926   726   2    118    27
927   857   2    149    86
928   329   6    130    454
929   44   7    119    346
930   372   4    21    278
931   588   7    79    345
932   496   3    192    103
933   641   5    183    267
934   522   2    72    184
935   304   6    139    437
936   150   7    75    465
937   691   6    178    427
938   604   7    101    94
939   359   3    33    78
940   603   6    185    164
941   807   4    54    90
942   128   5    192    463
943   694   2    5    381
944   855   5    83    216
945   79   7    17    156
946   587   4    180    429
947   544   3    9    466
948   804   6    119    53
949   844   5    83    390
950   72   4    140    255
951   709   7    52    421
952   620   2    153    466
953   656   4    30    273
954   434   2    59    276
955   394   5    189    204
956   39   2    125    263
957   877   3    183    323
958   802   4    83    157
959   822   5    157    416
960   285   2    72    279
961   574   3    159    341
962   646   7    78    484
963   947   5    182    24
964   113   7    28    271
965   787   6    96    43
966   484   3    194    315
967   435   2    177    247
968   180   3    64    206
969   70   4    58    264
970   478   2    31    457
971   374   3    63    419
972   526   2    72    332
973   787   7    140    259
974   761   4    72    6
975   393   2    12    338
976   770   7    17    252
977   297   4    190    350
978   829   4    33    220
979   766   6    2    190
980   10   5    48    35
981   411   6    132    233
982   71   7    39    93
983   40   5    38    253
984   519   7    34    67
985   562   3    129    262
986   710   6    136    96
987   741   5    22    284
988   655   2    163    449
989   876   6    53    1
990   62   3    22    316
991   338   5    69    399
992   573   7    56    7
993   741   4    165    490
994   537   7    18    56
995   409   5    106    206
996   61   2    138    210
997   715   5    154    191
998   115   4    159    54
999   169   7    55    47
1000   53   7    198    132
1001   257   4    174    122
1002   798   6    107    104
1003   671   5    190    85
1004   550   7    115    385
1005   173   7    102    111
1006   944   4    189    132
1007   931   4    190    195
1008   954   3    46    273
1009   974   7    131    284
1010   574   3    156    228
1011   793   3    195    426
1012   727   3    195    238
1013   562   2    115    137
1014   808   2    46    71
1015   827   2    35    326
1016   384   3    145    114
1017   909   4    7    356
1018   598   3    147    40
1019   752   5    67    195
1020   881   6    74    55
1021   561   3    2    409
1022   323   2    130    86
1023   403   2    112    468
1024   917   5    122    261
