1   0   7    28    2
2   1   5    127    374
3   1   2    166    447
4   2   5    184    449
5   1   4    152    269
6   1   3    134    63
7   2   6    109    137
8   6   6    48    141
9   6   5    36    104
10   5   2    19    347
11   8   5    42    136
12   6   4    184    396
13   10   6    99    464
14   12   6    148    328
15   7   6    80    409
16   3   3    143    448
17   15   4    11    316
18   4   4    75    484
19   5   4    133    140
20   11   6    138    106
21   14   3    163    377
22   15   5    127    197
23   2   3    172    13
24   11   4    104    474
25   11   3    162    364
26   22   6    111    261
27   8   5    175    274
28   15   2    140    127
29   25   4    2    145
30   7   6    136    125
31   24   2    119    47
32   27   5    64    133
33   16   5    14    371
34   25   6    75    227
35   26   2    172    206
36   9   3    182    433
37   8   6    18    372
38   34   7    177    476
39   24   2    198    132
40   29   4    41    116
41   10   7    20    449
42   39   6    2    141
43   24   2    6    448
44   11   3    105    330
45   40   4    74    113
46   37   7    189    185
47   10   5    38    116
48   44   6    52    63
49   30   2    75    392
50   22   6    10    315
51   24   2    78    34
52   2   6    29    403
53   13   2    72    201
54   26   6    87    371
55   40   4    119    92
56   3   6    153    291
57   31   6    128    320
58   33   2    177    53
59   18   4    106    206
60   28   5    51    364
61   53   3    92    54
62   40   4    21    111
63   56   7    25    323
64   6   4    32    335
65   7   4    196    264
66   63   3    79    106
67   39   6    103    117
68   29   4    24    142
69   39   6    30    439
70   32   7    34    35
71   51   3    140    155
72   65   2    66    73
73   50   6    11    169
74   5   4    24    11
75   15   4    145    404
76   17   5    184    216
77   6   2    5    313
78   16   7    82    112
79   68   2    144    230
80   51   2    78    276
81   6   6    169    3
82   47   4    139    232
83   45   3    57    476
84   32   2    120    342
85   83   4    92    281
86   37   6    137    119
87   64   6    117    491
88   56   3    151    258
89   37   5    15    465
90   53   7    103    402
91   71   5    149    324
92   34   2    182    488
93   12   3    114    300
94   79   3    93    193
95   32   4    67    452
96   5   6    153    480
97   95   2    139    483
98   77   4    179    265
99   39   2    180    41
100   75   7    174    138
101   50   3    156    116
102   68   4    183    274
103   40   6    87    368
104   63   3    142    439
105   84   7    3    205
106   50   4    17    186
107   55   4    69    349
108   44   6    64    384
109   8   3    159    230
110   107   6    135    452
111   60   2    7    75
112   30   6    60    350
113   18   3    103    394
114   59   7    90    261
115   32   6    30    394
116   73   3    129    277
117   49   7    171    241
118   105   4    126    493
119   55   7    101    181
120   109   5    117    83
121   21   2    121    151
122   57   4    14    191
123   89   2    145    31
124   99   3    70    25
125   120   5    48    113
126   59   7    34    338
127   10   3    54    259
128   105   7    133    161
129   75   3    198    242
130   6   2    178    399
131   100   5    193    302
132   46   2    79    353
133   16   7    170    260
134   14   2    93    72
135   4   3    8    389
136   116   6    185    298
137   109   6    32    360
138   84   2    83    321
139   112   3    102    425
140   10   6    107    197
141   38   6    131    141
142   115   3    51    6
143   11   3    86    57
144   41   5    12    199
145   32   5    41    160
146   28   7    161    189
147   51   5    132    208
148   87   7    18    201
149   64   7    17    451
150   35   2    51    29
151   113   2    46    196
152   12   7    80    318
153   28   5    104    307
154   115   3    152    53
155   126   3    17    280
156   57   3    4    137
157   94   2    118    383
158   41   4    112    304
159   147   7    76    301
160   11   2    95    208
161   80   4    57    393
162   42   2    175    284
163   37   5    92    9
164   98   6    161    339
165   27   2    154    132
166   101   2    179    228
167   47   7    162    116
168   80   3    164    451
169   88   4    197    243
170   96   6    39    300
171   6   3    47    32
172   124   3    166    222
173   75   2    2    295
174   2   7    186    409
175   39   2    106    106
176   93   3    124    441
177   175   4    60    366
178   175   3    129    127
179   176   7    14    209
180   168   2    99    499
181   128   4    127    345
182   114   2    178    72
183   5   5    198    344
184   75   5    138    200
185   43   5    76    43
186   111   2    29    474
187   127   5    84    74
188   77   7    2    196
189   60   7    68    192
190   49   6    161    108
191   6   5    136    143
192   87   7    17    249
193   177   4    142    379
194   119   6    199    63
195   63   6    31    139
196   176   5    148    492
197   183   3    171    36
198   111   3    74    243
199   129   2    116    225
200   96   5    180    253
201   177   2    33    49
202   104   3    187    8
203   151   2    87    171
204   26   4    143    27
205   88   5    52    26
206   153   5    143    344
207   156   3    196    348
208   111   3    108    291
209   17   4    126    248
210   194   7    23    293
211   193   3    60    146
212   13   7    78    403
213   72   3    144    483
214   134   7    35    14
215   152   3    95    227
216   30   4    13    184
217   206   5    70    467
218   195   6    194    275
219   200   7    51    80
220   80   2    176    317
221   108   2    48    375
222   111   3    140    396
223   9   2    197    457
224   123   6    21    185
225   49   7    134    76
226   90   7    47    235
227   95   5    11    257
228   133   6    99    22
229   81   2    8    32
230   185   3    199    299
231   147   4    78    467
232   200   6    40    461
233   219   4    194    117
234   56   6    59    68
235   38   4    138    20
236   196   7    104    166
237   76   7    186    47
238   22   3    168    474
239   80   7    78    419
240   212   2    136    354
241   202   3    32    276
242   135   4    20    405
243   83   5    131    169
244   1   7    41    112
245   50   3    29    396
246   76   3    84    107
247   190   4    129    266
248   104   3    24    246
249   201   2    81    348
250   65   3    89    118
251   143   5    157    97
252   85   3    93    373
253   20   6    64    27
254   215   5    25    470
255   166   7    4    355
256   169   2    100    161
257   176   5    146    77
258   167   3    144    19
259   51   2    53    356
260   26   4    166    471
261   6   6    70    331
262   44   2    109    86
263   245   2    66    402
264   244   3    67    4
265   68   5    60    147
266   74   7    180    215
267   170   6    22    353
268   237   2    59    286
269   207   2    147    322
270   248   7    167    290
271   208   2    146    179
272   161   7    164    47
273   126   2    164    325
274   92   2    118    11
275   147   2    20    458
276   181   3    141    42
277   71   2    72    455
278   86   6    109    64
279   106   2    78    279
280   133   7    55    461
281   131   6    110    384
282   47   4    39    457
283   54   7    83    459
284   149   4    170    116
285   206   5    7    185
286   37   2    26    27
287   227   2    109    109
288   131   3    99    317
289   57   5    116    470
290   209   3    98    62
291   181   6    182    184
292   89   5    129    244
293   11   3    184    17
294   21   7    112    47
295   289   5    97    77
296   53   2    103    294
297   293   2    127    37
298   174   7    61    207
299   67   5    149    36
300   24   3    141    190
301   169   2    77    409
302   132   5    123    48
303   165   6    164    462
304   132   5    131    22
305   49   6    32    464
306   188   4    58    188
307   185   6    138    79
308   282   6    107    361
309   186   4    174    312
310   143   2    49    428
311   231   7    124    1
312   154   6    99    51
313   170   3    38    43
314   118   4    124    451
315   30   6    121    103
316   128   2    49    104
317   20   3    125    103
318   215   2    90    14
319   128   5    115    474
320   279   6    47    178
321   93   3    193    14
322   21   3    180    23
323   77   5    9    75
324   199   6    60    448
325   171   5    47    443
326   67   6    30    344
327   97   6    51    236
328   250   3    192    228
329   263   7    102    51
330   73   7    8    203
331   199   2    148    155
332   209   7    195    49
333   183   6    16    358
334   244   7    159    123
335   270   5    186    252
336   115   3    14    189
337   285   4    64    427
338   116   7    138    345
339   102   2    58    292
340   195   2    198    296
341   167   3    55    153
342   149   5    65    27
343   85   6    115    236
344   215   2    57    29
345   115   3    71    180
346   294   6    11    203
347   195   4    99    185
348   182   5    47    46
349   345   4    174    275
350   129   5    163    141
351   31   3    58    231
352   124   2    146    367
353   255   3    60    323
354   132   5    140    401
355   158   3    57    331
356   78   3    159    405
357   295   7    164    190
358   275   7    69    95
359   340   4    38    448
360   20   2    33    300
361   90   4    136    207
362   185   3    115    139
363   27   5    21    187
364   121   2    45    182
365   90   3    80    409
366   351   2    4    87
367   156   2    145    77
368   336   6    50    320
369   316   6    64    90
370   85   6    193    258
371   109   5    43    32
372   208   5    12    462
373   259   6    180    280
374   332   6    9    467
375   108   3    90    226
376   41   6    133    408
377   209   7    94    287
378   269   3    48    256
379   281   6    58    465
380   227   2    146    54
381   352   2    139    422
382   25   6    150    485
383   187   5    22    297
384   20   7    94    215
385   328   3    198    90
386   18   5    179    73
387   137   4    39    3
388   370   3    198    270
389   15   6    147    46
390   184   3    147    411
391   290   5    79    33
392   96   6    105    159
393   385   7    150    43
394   76   7    49    493
395   143   2    37    467
396   318   7    20    46
397   34   6    194    28
398   58   5    103    247
399   94   3    179    416
400   331   4    35    451
401   149   3    188    455
402   341   5    83    29
403   298   6    12    376
404   111   5    191    380
405   331   5    196    395
406   334   6    102    497
407   10   5    108    270
408   364   3    189    109
409   252   4    148    111
410   71   2    135    414
411   154   7    169    342
412   71   4    173    418
413   298   6    54    79
414   204   6    81    351
415   109   6    25    486
416   206   7    189    171
417   142   7    115    487
418   62   2    27    71
419   87   4    141    254
420   344   2    96    346
421   344   7    100    123
422   388   2    140    256
423   154   6    179    350
424   137   6    22    270
425   235   3    129    439
426   22   7    158    330
427   93   3    57    416
428   327   2    156    39
429   116   5    109    399
430   56   4    185    283
431   192   3    192    56
432   424   5    117    279
433   109   6    105    8
434   9   6    19    422
435   299   7    74    482
436   393   4    154    139
437   382   5    19    27
438   180   2    14    380
439   288   7    49    374
440   405   6    132    437
441   8   7    6    139
442   47   7    25    25
443   48   7    143    158
444   281   6    160    64
445   157   3    21    137
446   176   7    82    392
447   63   3    67    380
448   393   3    128    389
449   232   2    25    164
450   81   6    81    23
451   74   2    64    487
452   248   2    127    152
453   159   7    191    58
454   395   3    174    324
455   282   5    24    358
456   314   3    133    145
457   136   6    47    46
458   29   2    180    296
459   135   3    44    466
460   230   3    168    421
461   125   5    141    402
462   279   6    109    132
463   460   5    40    166
464   454   6    83    452
465   106   7    92    41
466   88   7    80    82
467   187   3    117    92
468   356   6    116    317
469   462   7    124    446
470   433   2    174    396
471   402   2    134    101
472   266   6    76    478
473   75   4    20    271
474   347   4    48    261
475   298   4    154    318
476   426   2    163    26
477   322   5    188    164
478   224   4    191    170
479   60   4    147    414
480   240   2    48    317
481   65   3    82    376
482   76   2    24    132
483   50   4    184    294
484   35   3    183    428
485   168   4    38    455
486   423   6    29    228
487   240   3    88    322
488   476   5    152    34
489   105   4    103    103
490   159   6    83    450
491   107   2    97    107
492   59   3    138    203
493   284   5    193    190
494   336   7    157    106
495   31   2    199    394
496   310   6    114    207
497   396   4    79    404
498   417   3    101    359
499   251   3    60    268
500   3   6    84    290
501   257   4    23    459
502   249   7    60    88
503   78   7    21    271
504   69   4    70    20
505   75   5    64    128
506   249   6    5    54
507   250   2    127    89
508   216   6    100    466
509   348   7    114    52
510   132   7    187    484
511   15   7    191    208
512   386   4    6    331
513   261   4    75    293
514   9   4    179    353
515   305   4    164    294
516   298   2    11    322
517   17   4    51    260
518   146   2    51    101
519   236   2    11    163
520   88   3    144    419
521   42   6    130    163
522   424   4    43    295
523   284   5    62    128
524   411   7    175    283
525   372   4    134    430
526   382   7    109    134
527   258   6    66    462
528   392   6    163    111
529   27   4    46    141
530   462   5    182    97
531   342   6    12    77
532   530   6    187    183
533   469   2    137    218
534   338   4    128    417
535   59   7    6    131
536   60   6    183    402
537   50   3    174    279
538   298   3    118    103
539   255   5    143    206
540   198   2    133    433
541   459   5    145    71
542   299   2    56    345
543   304   6    21    475
544   187   5    142    311
545   276   7    190    85
546   266   5    197    176
547   268   3    47    281
548   8   7    46    8
549   425   2    67    78
550   467   5    61    347
551   214   5    42    336
552   203   5    163    339
553   96   6    171    240
554   446   6    35    210
555   451   7    65    45
556   512   5    89    1
557   314   7    66    488
558   406   2    159    73
559   481   5    180    451
560   443   7    115    422
561   129   2    70    436
562   231   4    73    244
563   366   4    109    382
564   146   6    145    19
565   436   3    177    53
566   62   4    176    75
567   352   6    98    79
568   278   2    87    46
569   532   3    126    297
570   301   7    61    55
571   89   2    102    271
572   313   4    127    79
573   100   6    189    11
574   343   2    131    80
575   498   4    155    265
576   311   2    189    341
577   445   4    37    1
578   551   7    161    127
579   284   2    182    171
580   283   3    167    360
581   521   4    131    230
582   200   3    19    313
583   293   4    81    98
584   368   5    16    165
585   559   3    131    320
586   424   5    121    313
587   13   5    40    182
588   429   4    48    345
589   37   7    67    192
590   70   5    164    316
591   27   5    54    473
592   359   3    147    427
593   475   3    18    237
594   223   3    55    62
595   223   7    52    399
596   113   2    113    376
597   38   4    183    225
598   388   7    133    327
599   544   6    33    403
600   175   6    25    233
601   178   3    18    147
602   406   4    12    416
603   315   2    132    93
604   572   6    166    371
605   253   2    88    78
606   454   4    1    210
607   605   6    12    338
608   494   4    32    324
609   265   7    131    399
610   176   7    69    108
611   377   5    190    139
612   392   5    137    122
613   447   3    148    204
614   547   6    82    273
615   462   5    175    115
616   598   7    74    376
617   543   2    11    443
618   286   7    101    491
619   463   4    182    244
620   526   4    187    235
621   494   4    145    206
622   381   4    147    86
623   61   5    117    13
624   238   6    2    378
625   337   5    175    133
626   209   2    66    254
627   229   6    42    428
628   141   6    5    136
629   263   4    7    483
630   524   5    172    275
631   233   3    136    124
632   483   6    4    454
633   574   3    141    262
634   263   3    133    259
635   568   7    118    356
636   487   4    38    247
637   65   2    30    126
638   269   6    4    340
639   544   7    114    253
640   638   4    167    370
641   245   5    59    204
642   577   7    30    245
643   54   4    95    311
644   303   7    150    447
645   110   2    48    134
646   564   2    82    208
647   331   2    164    23
648   508   4    133    413
649   535   4    148    18
650   490   5    6    384
651   98   4    177    3
652   375   2    146    157
653   203   6    192    400
654   436   2    59    152
655   457   5    141    105
656   554   3    181    194
657   175   6    31    483
658   411   2    32    219
659   342   3    14    232
660   309   3    187    295
661   580   6    53    349
662   552   3    48    422
663   27   3    166    273
664   103   5    186    222
665   518   3    164    391
666   184   4    28    370
667   592   4    14    390
668   539   6    174    78
669   29   6    189    390
670   178   7    17    220
671   262   7    86    11
672   172   4    157    280
673   507   7    27    171
674   647   6    10    420
675   9   6    145    496
676   123   2    133    303
677   412   6    50    2
678   135   2    59    306
679   416   4    39    443
680   396   3    23    472
681   612   7    82    328
682   646   5    85    449
683   453   7    1    182
684   41   3    130    150
685   645   2    36    278
686   315   3    61    298
687   573   5    89    422
688   146   3    104    210
689   109   6    153    254
690   391   3    145    214
691   152   4    141    396
692   23   7    124    297
693   454   2    57    291
694   558   5    161    319
695   447   4    23    447
696   655   4    184    208
697   523   2    69    282
698   279   3    170    378
699   184   5    75    314
700   413   4    57    380
701   551   3    101    29
702   287   7    181    286
703   310   5    149    492
704   625   5    55    64
705   254   7    176    397
706   625   7    129    139
707   140   7    173    54
708   310   5    68    329
709   607   4    74    476
710   283   7    34    282
711   456   5    52    462
712   573   5    176    303
713   238   2    74    405
714   38   4    80    215
715   590   5    38    279
716   375   5    71    469
717   206   7    104    220
718   251   7    36    185
719   507   2    192    142
720   166   7    64    52
721   246   6    30    471
722   626   2    63    306
723   669   6    55    272
724   248   6    199    235
725   603   7    125    492
726   578   5    74    94
727   182   2    14    425
728   476   7    125    478
729   84   3    60    439
730   531   5    22    425
731   54   5    155    242
732   177   5    50    289
733   233   2    134    237
734   103   3    29    116
735   450   3    83    441
736   179   3    145    121
737   503   3    77    158
738   185   7    92    259
739   91   6    169    487
740   322   6    109    339
741   624   2    102    347
742   700   3    193    241
743   154   6    112    269
744   27   4    38    244
745   18   7    133    142
746   66   5    2    219
747   8   2    24    255
748   24   2    77    340
749   64   6    195    278
750   684   7    183    44
751   334   2    186    389
752   161   3    77    440
753   526   2    43    346
754   181   3    175    222
755   87   3    170    260
756   234   2    50    17
757   678   6    142    256
758   330   5    29    250
759   740   5    106    483
760   2   7    179    239
761   163   4    165    210
762   639   6    169    314
763   215   6    147    396
764   506   3    12    380
765   649   6    5    60
766   579   3    35    145
767   25   2    41    189
768   398   2    101    137
769   374   4    1    432
770   349   7    95    27
771   597   2    100    327
772   260   4    166    395
773   732   3    42    393
774   676   7    35    375
775   643   6    129    43
776   432   7    183    162
777   757   7    19    53
778   747   5    132    98
779   573   4    195    373
780   374   5    183    210
781   451   6    13    247
782   182   5    178    309
783   318   4    11    133
784   167   5    128    67
785   736   6    172    191
786   368   5    8    110
787   755   7    116    422
788   585   5    171    37
789   611   6    22    126
790   653   5    75    236
791   583   6    100    153
792   255   4    90    481
793   310   3    178    446
794   572   5    107    178
795   296   3    44    181
796   737   7    84    428
797   654   2    135    396
798   280   6    20    379
799   89   2    68    255
800   429   2    198    103
801   218   5    188    345
802   125   3    105    371
803   325   4    139    317
804   796   3    58    155
805   335   2    180    335
806   705   6    58    226
807   598   6    17    11
808   367   6    197    28
809   503   2    128    266
810   98   7    118    293
811   579   7    186    262
812   781   7    96    165
813   92   5    56    328
814   740   7    80    220
815   491   6    48    121
816   636   5    108    426
817   38   2    23    488
818   593   7    56    378
819   245   6    10    415
820   188   2    100    64
821   55   2    128    338
822   362   7    169    140
823   50   2    111    391
824   670   2    106    409
825   204   3    170    342
826   797   2    190    242
827   67   6    4    478
828   189   3    68    439
829   491   2    63    219
830   400   2    94    131
831   18   7    2    84
832   224   3    191    228
833   737   6    193    296
834   636   3    54    24
835   336   7    24    67
836   111   7    141    135
837   797   5    8    408
838   763   2    100    71
839   300   5    8    351
840   119   4    196    82
841   226   7    185    491
842   61   7    18    34
843   468   5    82    207
844   497   2    159    92
845   120   5    14    59
846   158   7    183    454
847   176   6    114    388
848   697   2    105    129
849   592   5    67    360
850   512   6    91    38
851   399   5    142    432
852   485   5    181    41
853   820   7    169    407
854   406   7    144    381
855   75   3    30    436
856   798   6    7    415
857   241   4    3    289
858   490   4    193    412
859   235   6    44    37
860   728   7    146    157
861   687   7    30    227
862   682   5    177    190
863   464   3    66    251
864   758   7    127    419
865   853   5    88    192
866   684   6    88    492
867   580   7    141    479
868   345   2    125    480
869   760   5    29    407
870   377   2    25    102
871   602   2    42    27
872   496   7    88    341
873   619   7    114    13
874   346   6    151    12
875   661   7    118    397
876   135   6    190    309
877   315   5    65    112
878   261   4    146    311
879   706   6    29    223
880   107   2    154    486
881   794   3    139    345
882   177   7    14    258
883   512   2    18    9
884   732   6    28    460
885   295   2    137    14
886   17   5    195    100
887   838   4    160    99
888   6   3    93    379
889   756   7    194    156
890   867   3    180    180
891   229   2    173    339
892   308   2    103    215
893   749   6    11    46
894   245   4    23    392
895   464   4    59    432
896   717   7    62    110
897   335   7    34    81
898   514   6    93    259
899   761   3    156    70
900   658   4    105    153
901   788   2    176    32
902   167   5    8    329
903   599   4    27    216
904   744   6    37    316
905   569   7    143    217
906   370   7    50    461
907   651   3    99    54
908   890   3    120    345
909   296   4    130    166
910   111   4    122    334
911   502   3    13    147
912   221   6    36    154
913   847   5    179    347
914   443   3    64    174
915   91   7    146    497
916   864   3    8    256
917   276   7    81    307
918   898   2    192    396
919   706   5    114    443
920   340   5    112    88
921   573   7    142    158
922   419   4    143    121
923   589   2    45    234
924   696   6    151    219
925   422   6    58    84
926   889   5    157    222
927   899   4    93    201
928   664   4    49    113
929   583   6    130    432
930   692   2    185    490
931   48   3    159    485
932   58   4    117    420
933   874   6    127    230
934   524   2    127    309
935   912   4    132    474
936   766   7    95    276
937   360   5    174    150
938   751   2    99    6
939   83   5    36    452
940   545   3    88    256
941   394   7    99    209
942   145   3    198    83
943   634   4    176    101
944   519   2    50    10
945   472   6    16    179
946   676   5    110    442
947   864   2    189    69
948   111   2    135    236
949   319   4    190    498
950   425   4    13    25
951   817   3    187    480
952   689   6    122    2
953   49   3    182    94
954   788   2    183    437
955   445   5    72    350
956   412   7    21    337
957   666   6    99    165
958   819   7    172    372
959   476   5    181    279
960   11   2    104    63
961   648   2    114    488
962   586   6    1    305
963   448   4    14    317
964   242   5    50    454
965   196   2    164    374
966   839   5    197    404
967   826   3    111    45
968   463   6    34    150
969   467   6    7    190
970   882   6    158    75
971   473   6    67    85
972   851   4    22    324
973   60   4    153    164
974   496   4    99    198
975   371   4    171    148
976   650   6    79    25
977   670   5    67    64
978   669   5    167    100
979   321   3    119    242
980   975   6    110    388
981   558   3    153    12
982   555   3    55    417
983   711   4    96    193
984   441   2    73    131
985   249   4    36    127
986   905   5    159    324
987   29   4    195    492
988   813   2    146    231
989   359   3    156    326
990   25   2    135    307
991   257   2    160    420
992   843   2    108    21
993   638   5    100    116
994   45   4    130    494
995   429   3    114    410
996   634   3    110    255
997   335   5    16    67
998   428   7    161    10
999   531   4    42    300
1000   320   7    89    289
1001   221   6    144    358
1002   642   6    37    119
1003   521   3    173    485
1004   758   4    197    54
1005   1002   6    118    216
1006   179   2    154    220
1007   953   3    122    231
1008   936   5    188    415
1009   595   3    115    144
1010   652   7    88    392
1011   323   2    160    496
1012   811   7    97    64
1013   637   7    132    249
1014   509   3    70    471
1015   185   5    156    16
1016   341   5    100    355
1017   488   2    153    410
1018   974   3    36    67
1019   211   5    172    286
1020   91   5    198    124
1021   944   2    72    55
1022   480   3    179    234
1023   175   4    135    378
1024   462   2    22    258
