1   0   2    5    49
2   1   5    154    21
3   1   6    10    29
4   1   3    48    103
5   1   6    61    228
6   1   2    102    113
7   2   2    132    43
8   6   7    159    352
9   5   5    194    47
10   5   5    134    232
11   2   3    198    2
12   4   6    155    120
13   8   6    21    18
14   7   2    48    466
15   12   2    83    459
16   1   7    168    462
17   3   6    79    207
18   3   6    158    240
19   2   6    48    333
20   13   6    147    132
21   19   7    138    193
22   15   2    188    471
23   13   2    135    203
24   5   6    51    453
25   3   4    126    259
26   21   7    76    416
27   11   5    12    344
28   2   5    104    179
29   15   5    190    73
30   21   6    17    329
31   27   7    15    490
32   23   5    31    377
33   24   4    135    393
34   13   3    1    163
35   22   2    134    346
36   5   3    43    35
37   28   4    11    231
38   27   2    136    125
39   30   3    120    61
40   2   5    193    209
41   20   4    136    304
42   1   5    62    470
43   41   4    147    2
44   31   4    90    229
45   1   3    80    220
46   27   4    194    138
47   1   7    23    450
48   23   7    4    397
49   15   7    131    83
50   35   4    193    137
51   43   5    17    264
52   31   3    20    58
53   13   5    88    328
54   6   7    121    133
55   9   6    74    95
56   50   6    2    172
57   33   5    47    393
58   52   2    13    225
59   55   7    22    494
60   19   2    162    375
61   25   2    110    178
62   51   5    148    251
63   46   2    112    18
64   36   6    74    357
65   42   4    171    114
66   61   2    146    32
67   17   2    193    8
68   35   3    56    460
69   26   5    40    301
70   29   3    35    474
71   32   6    95    30
72   38   4    80    154
73   68   4    136    145
74   58   3    154    307
75   58   3    162    403
76   49   2    195    353
77   31   6    84    479
78   15   3    165    122
79   31   2    196    448
80   63   5    113    410
81   1   4    178    313
82   47   6    23    70
83   78   3    181    158
84   38   3    175    134
85   51   7    50    118
86   78   2    101    305
87   20   4    27    467
88   70   6    13    379
89   64   7    145    140
90   2   6    21    318
91   80   5    69    99
92   22   7    69    409
93   53   3    108    353
94   34   7    138    254
95   82   2    80    359
96   76   4    88    210
97   27   5    156    414
98   46   4    91    433
99   26   4    12    313
100   75   2    79    232
101   98   6    134    128
102   100   2    129    166
103   61   3    44    417
104   53   2    1    118
105   22   6    94    326
106   89   2    153    51
107   44   6    198    109
108   15   6    155    326
109   97   4    10    343
110   108   5    130    374
111   32   3    129    25
112   101   3    181    102
113   79   4    69    370
114   20   4    59    407
115   107   5    74    196
116   18   4    133    199
117   99   6    2    3
118   41   3    116    191
119   54   5    27    268
120   1   5    159    366
121   96   4    7    464
122   33   7    112    126
123   98   3    79    473
124   51   3    68    23
125   27   5    98    351
126   30   2    191    66
127   102   6    43    320
128   98   6    198    363
129   55   6    15    150
130   69   6    102    127
131   27   4    108    491
132   116   5    169    36
133   54   7    86    465
134   17   2    33    451
135   78   6    10    20
136   21   4    192    12
137   18   7    149    342
138   47   2    135    378
139   129   2    128    304
140   26   5    30    264
141   75   5    122    136
142   14   4    197    62
143   25   4    196    191
144   86   7    178    135
145   19   4    147    244
146   46   7    129    163
147   103   2    3    237
148   22   5    199    125
149   74   5    175    406
150   7   2    17    335
151   14   4    4    241
152   59   2    36    403
153   127   4    80    166
154   31   3    198    418
155   91   5    173    462
156   97   4    127    296
157   105   5    64    41
158   12   6    90    399
159   73   3    41    227
160   158   3    21    163
161   150   2    193    330
162   3   2    197    79
163   124   5    184    492
164   76   6    195    388
165   125   4    66    447
166   23   5    182    98
167   70   6    9    274
168   19   2    50    369
169   66   6    140    218
170   145   7    180    369
171   45   6    135    409
172   81   3    192    217
173   42   2    88    242
174   90   4    195    173
175   93   7    127    330
176   37   6    161    289
177   42   2    123    344
178   98   6    188    471
179   146   7    103    326
180   68   5    12    31
181   122   2    184    316
182   28   4    194    488
183   148   6    44    333
184   133   5    125    410
185   47   3    33    257
186   76   3    128    459
187   80   6    116    433
188   66   5    33    297
189   38   3    84    193
190   26   7    49    286
191   169   3    188    467
192   63   4    30    428
193   136   2    94    189
194   12   2    36    84
195   99   6    42    249
196   144   5    167    458
197   16   4    94    226
198   114   5    127    130
199   25   7    64    401
200   119   7    59    406
201   109   7    159    423
202   30   3    58    222
203   79   2    113    156
204   48   4    124    437
205   35   2    11    266
206   174   3    27    483
207   69   6    72    175
208   132   7    83    290
209   68   6    145    428
210   110   2    166    315
211   191   7    177    243
212   49   7    174    420
213   104   7    164    167
214   75   4    193    322
215   87   4    48    259
216   60   4    172    195
217   16   6    194    115
218   115   2    159    389
219   19   5    107    418
220   179   2    56    219
221   164   2    154    395
222   170   6    154    397
223   89   3    172    38
224   193   7    124    484
225   193   7    81    280
226   85   3    190    411
227   115   3    106    20
228   141   4    113    266
229   131   4    24    239
230   175   4    146    227
231   151   4    119    377
232   166   7    183    295
233   53   5    118    370
234   166   4    191    80
235   74   7    38    430
236   60   2    21    136
237   5   6    140    340
238   121   6    163    100
239   191   4    56    407
240   12   4    7    346
241   213   3    159    61
242   150   6    30    337
243   43   2    62    52
244   26   5    54    477
245   240   3    193    276
246   124   6    68    37
247   237   7    143    263
248   17   5    85    41
249   127   6    38    438
250   22   5    29    318
251   164   7    186    273
252   47   7    114    269
253   35   2    164    130
254   10   7    141    163
255   64   7    79    459
256   58   7    126    453
257   24   3    118    70
258   6   5    36    40
259   5   7    1    158
260   241   3    50    150
261   165   2    129    299
262   211   4    178    383
263   221   2    84    143
264   41   4    174    446
265   145   3    44    279
266   182   7    30    85
267   28   4    122    303
268   48   6    180    264
269   76   7    42    250
270   32   2    22    288
271   161   4    177    330
272   104   7    8    309
273   261   4    129    168
274   21   4    44    464
275   203   4    141    447
276   208   5    89    21
277   14   6    191    129
278   220   2    178    261
279   70   3    29    24
280   86   2    112    386
281   222   5    120    187
282   14   3    196    134
283   148   4    89    124
284   272   6    29    311
285   195   2    137    359
286   121   4    144    469
287   268   4    151    74
288   196   4    191    238
289   261   7    106    397
290   285   3    37    3
291   62   3    86    74
292   32   6    49    355
293   172   2    84    221
294   5   7    38    380
295   255   6    165    345
296   255   4    165    136
297   232   5    49    353
298   57   4    114    186
299   246   4    195    189
300   161   7    139    156
301   211   3    134    312
302   187   6    93    136
303   229   4    164    88
304   190   4    157    371
305   38   7    16    208
306   215   4    72    107
307   92   6    73    88
308   120   4    34    150
309   133   4    15    187
310   266   2    17    213
311   170   5    103    76
312   189   5    53    490
313   73   7    147    266
314   273   2    138    362
315   18   6    182    480
316   22   7    80    325
317   191   6    131    441
318   181   5    16    41
319   176   5    138    111
320   284   7    163    256
321   240   4    59    34
322   219   3    20    407
323   115   2    176    346
324   284   2    31    236
325   300   2    141    352
326   233   7    133    92
327   123   5    111    38
328   86   6    89    300
329   184   2    61    44
330   240   6    117    325
331   253   3    103    497
332   192   2    164    187
333   254   3    86    35
334   148   7    76    78
335   245   4    158    285
336   48   5    156    230
337   141   3    194    430
338   177   6    57    386
339   28   2    12    362
340   94   4    64    286
341   256   6    51    263
342   96   2    68    290
343   243   7    47    124
344   20   4    79    86
345   300   6    18    225
346   116   5    29    134
347   310   5    154    348
348   160   4    151    300
349   236   5    72    261
350   130   5    184    115
351   280   3    100    222
352   261   6    141    139
353   314   3    56    121
354   48   4    17    396
355   164   4    184    410
356   59   4    92    480
357   43   3    105    172
358   290   6    169    258
359   5   6    144    420
360   240   2    45    163
361   7   4    127    144
362   24   5    134    197
363   247   3    106    80
364   36   5    49    212
365   229   2    97    434
366   145   7    103    448
367   145   7    151    138
368   289   7    50    65
369   304   6    67    357
370   89   5    50    129
371   179   5    104    135
372   346   6    157    457
373   188   5    173    100
374   242   7    145    364
375   278   7    6    431
376   169   5    92    83
377   278   5    108    5
378   146   3    131    423
379   181   5    44    298
380   151   2    44    118
381   247   5    54    194
382   263   2    44    148
383   80   5    86    193
384   26   2    14    245
385   33   3    102    4
386   149   7    142    359
387   88   3    142    220
388   216   5    163    185
389   374   3    52    452
390   366   2    57    168
391   165   6    88    78
392   388   6    43    85
393   343   6    143    56
394   377   7    129    287
395   273   4    115    51
396   284   3    133    484
397   163   2    100    52
398   87   3    164    44
399   171   7    108    468
400   107   4    113    285
401   368   2    67    79
402   188   4    83    96
403   48   2    151    251
404   115   2    174    169
405   166   4    24    42
406   303   6    11    145
407   322   5    185    453
408   128   3    160    275
409   76   3    23    457
410   63   3    15    155
411   145   7    26    415
412   130   4    162    17
413   73   3    151    240
414   159   3    70    481
415   300   6    69    110
416   243   2    191    242
417   115   4    89    79
418   247   6    179    487
419   130   3    108    417
420   171   2    190    33
421   343   6    18    199
422   207   5    173    371
423   222   2    59    36
424   100   3    44    256
425   77   4    41    275
426   229   3    137    344
427   413   6    153    148
428   246   5    165    329
429   126   5    106    263
430   324   3    30    206
431   385   4    125    330
432   207   4    176    243
433   411   7    70    443
434   246   7    79    80
435   147   5    103    260
436   364   4    173    151
437   128   3    16    136
438   118   2    173    202
439   295   6    107    302
440   17   4    133    93
441   157   2    70    191
442   362   6    165    228
443   187   3    193    337
444   131   6    137    430
445   82   3    147    74
446   58   5    98    104
447   430   2    84    364
448   428   6    171    185
449   258   7    69    295
450   75   2    11    133
451   191   6    93    267
452   235   2    40    4
453   293   3    37    80
454   298   6    38    210
455   270   2    153    304
456   273   6    182    491
457   47   6    132    7
458   126   4    138    372
459   445   7    190    352
460   30   5    101    420
461   300   6    125    97
462   162   4    18    161
463   38   4    121    473
464   21   2    148    47
465   292   5    52    491
466   412   2    189    379
467   232   2    6    139
468   254   2    4    488
469   403   7    120    75
470   270   5    56    175
471   192   2    165    295
472   398   3    102    358
473   274   3    83    421
474   95   5    127    212
475   245   4    126    273
476   136   3    81    409
477   100   3    150    425
478   381   4    46    122
479   411   5    66    15
480   136   7    106    386
481   45   3    100    286
482   74   3    64    39
483   70   7    12    477
484   223   5    186    53
485   316   3    48    323
486   124   5    95    228
487   1   4    20    346
488   298   6    136    42
489   418   6    58    383
490   431   6    146    231
491   269   2    128    259
492   283   7    174    444
493   303   6    167    275
494   174   4    152    407
495   68   2    63    242
496   42   3    98    84
497   324   6    21    173
498   125   2    29    106
499   117   5    54    145
500   300   4    63    116
501   390   7    150    326
502   126   6    1    249
503   185   6    163    437
504   306   3    171    275
505   123   7    102    263
506   25   3    185    215
507   337   3    1    334
508   93   2    114    94
509   450   2    75    480
510   127   5    21    310
511   100   2    199    112
512   177   7    111    99
513   163   5    80    351
514   372   3    192    88
515   108   7    21    39
516   3   5    103    450
517   42   7    55    107
518   389   2    39    343
519   425   3    182    147
520   440   6    67    407
521   280   7    149    299
522   18   2    89    187
523   268   6    78    7
524   40   7    61    111
525   286   6    42    334
526   255   6    193    144
527   97   7    11    171
528   74   3    24    88
529   265   2    36    364
530   273   4    97    239
531   310   4    7    258
532   326   2    111    206
533   101   5    113    22
534   176   7    37    235
535   291   4    5    317
536   109   5    161    19
537   354   7    107    367
538   315   6    151    141
539   72   5    177    450
540   72   3    11    306
541   483   4    18    289
542   425   7    106    313
543   62   4    99    381
544   160   6    119    454
545   484   5    64    108
546   326   5    78    87
547   397   2    82    52
548   289   5    64    481
549   264   4    71    410
550   202   5    171    347
551   241   6    53    412
552   89   5    22    433
553   29   7    134    121
554   141   7    22    391
555   440   7    151    342
556   236   3    183    158
557   242   4    48    384
558   9   7    37    330
559   45   3    2    30
560   299   2    199    272
561   474   6    164    407
562   502   2    161    221
563   485   4    34    334
564   11   7    153    468
565   203   4    178    31
566   14   2    79    267
567   530   5    97    352
568   546   6    171    226
569   34   4    77    215
570   502   2    43    290
571   319   3    21    430
572   28   5    26    249
573   391   4    125    19
574   412   2    47    46
575   566   7    38    119
576   468   4    34    210
577   284   3    100    262
578   445   7    26    297
579   109   2    146    351
580   390   6    135    182
581   552   5    154    156
582   365   5    198    428
583   514   5    192    73
584   396   7    88    266
585   344   3    182    217
586   392   4    198    313
587   264   3    99    264
588   175   4    79    463
589   313   5    76    106
590   588   2    10    475
591   70   5    23    92
592   308   4    27    336
593   95   2    63    326
594   214   2    17    495
595   106   4    178    391
596   389   7    156    208
597   376   4    129    259
598   405   6    187    433
599   493   3    8    449
600   286   6    124    150
601   74   2    110    63
602   234   7    119    205
603   304   6    163    260
604   580   4    140    370
605   366   4    54    384
606   395   2    110    105
607   415   6    86    258
608   137   3    7    265
609   240   5    172    75
610   69   4    107    468
611   89   3    111    164
612   142   5    48    416
613   244   7    58    377
614   84   2    91    172
615   139   4    158    402
616   431   6    124    489
617   62   4    37    46
618   5   6    20    464
619   244   3    131    209
620   560   6    27    410
621   410   7    66    129
622   261   6    32    1
623   83   7    136    117
624   90   3    135    113
625   414   3    192    104
626   83   4    108    394
627   506   5    168    293
628   316   5    61    238
629   181   2    5    196
630   431   2    100    281
631   478   3    193    289
632   334   4    73    449
633   24   5    9    182
634   29   6    111    88
635   317   3    131    7
636   450   3    176    225
637   391   7    162    331
638   485   4    55    222
639   135   7    81    102
640   502   5    127    239
641   391   3    190    423
642   402   3    79    372
643   430   2    86    190
644   460   4    134    49
645   625   2    135    228
646   45   6    115    54
647   106   4    178    291
648   611   7    13    286
649   484   3    6    86
650   126   6    6    285
651   552   2    92    309
652   573   4    27    78
653   270   5    45    62
654   648   6    67    451
655   10   4    16    30
656   71   6    192    282
657   270   2    165    389
658   8   2    172    355
659   232   6    59    229
660   414   4    46    202
661   349   6    199    153
662   46   5    114    301
663   15   6    54    288
664   170   6    87    285
665   123   3    51    135
666   11   7    90    310
667   433   3    134    474
668   397   3    70    321
669   113   6    53    319
670   69   4    117    77
671   194   4    118    152
672   599   6    123    429
673   666   6    24    76
674   225   6    153    396
675   62   5    139    270
676   362   6    105    276
677   559   2    4    415
678   76   6    71    174
679   111   5    88    146
680   484   6    29    381
681   172   6    95    51
682   31   7    143    65
683   330   7    158    84
684   345   2    62    294
685   478   3    196    73
686   611   6    110    497
687   539   3    65    344
688   288   5    134    257
689   285   3    53    214
690   151   2    149    61
691   206   7    182    433
692   324   7    129    248
693   126   5    58    14
694   559   6    27    192
695   153   5    3    22
696   208   2    2    394
697   13   5    53    184
698   43   7    93    130
699   572   6    64    479
700   567   3    16    460
701   179   7    155    84
702   20   7    88    245
703   428   4    123    177
704   83   3    178    457
705   277   6    120    356
706   181   3    123    4
707   668   2    189    55
708   398   7    45    7
709   360   6    138    32
710   282   3    23    277
711   603   7    80    248
712   452   3    45    326
713   328   7    67    483
714   108   5    76    228
715   572   3    130    274
716   408   6    160    44
717   333   4    186    200
718   317   7    24    411
719   230   2    92    92
720   197   5    109    373
721   607   6    8    497
722   633   7    72    258
723   342   6    25    102
724   426   2    131    31
725   247   7    166    360
726   144   2    155    299
727   278   7    141    309
728   603   7    142    338
729   452   5    115    449
730   659   7    81    84
731   617   3    162    35
732   610   6    198    118
733   86   7    64    12
734   597   5    8    359
735   516   2    139    30
736   65   7    62    413
737   608   4    186    437
738   542   5    8    159
739   322   3    130    242
740   590   7    73    309
741   215   6    177    275
742   141   5    129    488
743   382   4    174    114
744   412   5    81    262
745   433   4    7    456
746   574   3    95    372
747   256   4    7    184
748   11   2    110    338
749   307   3    104    65
750   729   6    50    270
751   325   7    16    254
752   168   2    19    481
753   638   7    18    143
754   590   4    62    26
755   537   2    82    422
756   221   3    125    303
757   754   4    192    122
758   125   4    188    278
759   211   4    49    439
760   444   7    168    372
761   106   4    40    82
762   757   2    188    44
763   2   3    115    205
764   364   3    139    365
765   56   4    101    52
766   713   3    197    2
767   92   4    159    4
768   548   7    112    276
769   105   7    170    69
770   92   4    37    22
771   372   4    177    133
772   570   6    43    400
773   95   3    72    122
774   297   4    77    458
775   579   7    199    378
776   66   2    115    29
777   359   5    55    366
778   492   2    1    369
779   656   4    1    30
780   641   5    84    175
781   116   3    2    344
782   147   6    75    189
783   191   2    52    293
784   382   7    75    325
785   643   6    27    376
786   58   6    29    130
787   238   5    40    37
788   104   4    78    283
789   366   2    8    352
790   418   4    104    296
791   167   5    69    69
792   755   2    28    61
793   205   2    150    173
794   142   4    144    129
795   415   2    199    226
796   309   7    43    295
797   129   2    124    252
798   108   6    173    476
799   763   4    65    399
800   739   3    159    94
801   166   6    10    236
802   527   4    129    280
803   652   7    33    352
804   672   6    63    286
805   679   4    155    100
806   758   6    26    273
807   428   5    161    486
808   543   7    119    132
809   714   5    19    104
810   477   3    49    216
811   515   2    119    166
812   63   4    170    159
813   249   4    20    208
814   282   7    172    15
815   646   6    84    65
816   423   5    154    255
817   738   4    15    114
818   466   6    111    446
819   46   4    184    195
820   59   6    196    62
821   328   7    108    346
822   439   2    16    452
823   202   7    196    352
824   257   5    141    144
825   236   5    127    407
826   420   7    77    56
827   479   4    185    38
828   81   4    51    79
829   713   3    42    436
830   339   5    113    132
831   15   5    110    143
832   529   2    106    8
833   729   3    41    481
834   768   5    107    279
835   147   5    80    258
836   473   4    80    381
837   598   2    11    236
838   207   5    192    246
839   373   5    140    174
840   584   7    114    215
841   254   4    149    236
842   672   2    174    37
843   336   3    34    461
844   544   3    151    364
845   27   5    36    213
846   819   3    71    474
847   283   4    96    256
848   378   5    55    180
849   837   6    146    396
850   701   3    98    247
851   36   4    43    174
852   301   5    66    247
853   808   7    61    294
854   220   4    21    476
855   617   3    178    336
856   88   6    16    58
857   149   2    139    98
858   362   7    47    397
859   1   5    27    191
860   752   5    130    420
861   743   7    139    182
862   820   7    63    408
863   44   5    166    87
864   142   3    107    457
865   686   5    171    104
866   81   2    96    315
867   780   2    148    385
868   322   2    86    257
869   366   3    188    207
870   86   7    159    398
871   813   3    102    297
872   786   4    88    305
873   405   5    90    427
874   411   3    73    269
875   782   2    184    214
876   732   7    166    27
877   94   6    196    479
878   182   6    49    433
879   876   7    124    265
880   45   5    29    213
881   21   7    37    445
882   369   3    120    421
883   716   2    171    261
884   811   3    165    306
885   584   7    103    462
886   450   5    81    460
887   31   5    129    11
888   194   5    184    126
889   740   5    50    434
890   412   7    54    94
891   514   7    78    256
892   711   2    48    496
893   515   7    15    141
894   579   4    62    473
895   871   3    172    34
896   464   6    44    389
897   94   7    90    88
898   717   5    178    218
899   202   7    47    317
900   370   4    24    449
901   365   5    190    222
902   137   6    55    271
903   789   2    166    134
904   794   6    79    227
905   106   3    80    256
906   425   5    96    468
907   559   4    25    93
908   238   2    60    143
909   298   6    131    163
910   733   5    22    57
911   143   6    130    341
912   89   5    148    442
913   459   2    14    137
914   671   7    159    70
915   792   4    134    381
916   249   4    28    304
917   840   5    82    320
918   829   2    38    129
919   128   3    98    110
920   917   7    157    447
921   369   6    32    459
922   197   2    150    374
923   842   5    58    236
924   186   3    139    61
925   892   7    59    335
926   868   7    113    95
927   632   5    138    46
928   720   7    183    54
929   542   2    127    92
930   71   3    117    235
931   794   7    72    12
932   225   7    172    385
933   586   7    84    252
934   605   2    50    253
935   436   4    23    305
936   97   4    31    31
937   150   7    158    245
938   689   4    114    83
939   106   5    23    304
940   258   5    30    305
941   347   7    40    46
942   270   2    114    203
943   658   7    193    477
944   766   2    171    365
945   143   5    72    365
946   735   5    24    301
947   147   5    179    52
948   7   2    6    321
949   812   7    34    289
950   582   6    136    487
951   158   4    33    311
952   846   4    49    43
953   90   7    186    152
954   671   4    182    246
955   360   2    187    102
956   478   7    22    272
957   519   6    134    379
958   54   6    66    154
959   695   7    172    138
960   553   5    147    461
961   479   7    117    135
962   539   2    68    62
963   829   5    131    195
964   273   7    135    118
965   381   2    139    490
966   410   4    155    409
967   213   6    152    220
968   701   2    161    8
969   534   6    125    479
970   311   2    13    258
971   331   4    128    472
972   447   4    39    274
973   62   5    171    81
974   652   3    48    310
975   910   6    37    264
976   281   2    127    21
977   264   7    147    194
978   186   4    21    298
979   621   4    176    146
980   788   3    8    323
981   263   4    75    61
982   154   5    31    53
983   547   3    22    78
984   332   2    193    445
985   481   7    146    374
986   479   6    127    273
987   905   3    155    316
988   51   7    129    413
989   459   2    56    59
990   360   4    66    471
991   448   5    110    407
992   270   7    88    286
993   417   6    116    50
994   317   7    54    20
995   236   4    54    19
996   373   2    143    100
997   738   3    17    337
998   931   2    2    434
999   60   6    164    37
1000   821   7    121    413
1001   334   6    83    485
1002   187   7    167    85
1003   758   3    56    103
1004   974   3    63    217
1005   918   6    120    296
1006   807   7    183    96
1007   328   5    193    385
1008   931   4    31    224
1009   448   3    161    246
1010   466   3    44    293
1011   472   5    123    475
1012   754   7    160    292
1013   630   7    172    25
1014   158   6    146    210
1015   715   6    7    208
1016   479   5    2    303
1017   728   7    23    145
1018   107   2    10    237
1019   274   4    56    443
1020   142   4    107    271
1021   451   4    176    141
1022   132   5    187    31
1023   886   2    53    256
1024   214   4    109    160
