1   0   5    22    11
2   1   6    140    347
3   1   3    47    379
4   1   7    11    396
5   1   7    20    340
6   3   6    128    126
7   4   4    28    346
8   5   3    151    20
9   5   3    57    144
10   4   6    25    30
11   2   4    182    28
12   4   6    185    59
13   5   5    118    83
14   3   3    117    100
15   13   4    85    107
16   9   2    126    70
17   7   5    12    379
18   1   4    90    349
19   12   2    10    255
20   7   3    117    368
21   4   6    19    134
22   19   4    148    257
23   6   3    35    457
24   7   6    26    317
25   14   5    29    163
26   19   7    158    431
27   5   4    126    118
28   6   7    194    15
29   15   6    196    399
30   28   6    58    382
31   24   4    50    342
32   3   3    8    301
33   13   3    17    268
34   16   6    70    159
35   17   3    81    496
36   23   4    11    259
37   25   3    178    14
38   25   6    126    484
39   15   2    98    340
40   11   7    98    480
41   37   6    182    301
42   23   4    73    109
43   32   7    102    379
44   24   5    38    473
45   1   4    16    33
46   41   4    121    161
47   32   4    81    271
48   31   7    118    391
49   14   5    193    212
50   35   7    48    272
51   38   3    122    217
52   36   3    5    313
53   20   4    44    411
54   16   4    126    229
55   18   5    188    254
56   22   7    159    345
57   46   6    118    245
58   9   3    40    484
59   8   6    124    64
60   16   3    21    314
61   56   5    42    399
62   41   5    110    285
63   27   5    83    302
64   11   4    97    122
65   28   4    75    340
66   28   4    64    325
67   41   3    135    4
68   43   6    82    201
69   14   2    121    122
70   15   2    3    204
71   23   4    83    174
72   21   6    182    203
73   39   4    147    102
74   10   3    154    482
75   60   3    103    471
76   14   4    170    120
77   8   3    58    180
78   32   4    97    19
79   35   2    153    217
80   35   5    9    340
81   4   6    34    25
82   36   2    92    108
83   72   3    115    316
84   55   5    110    414
85   11   5    50    462
86   51   4    140    356
87   44   4    85    185
88   77   7    98    194
89   36   3    44    393
90   54   6    168    70
91   52   7    40    287
92   66   7    116    348
93   9   4    57    262
94   20   3    3    471
95   93   4    138    65
96   70   3    1    247
97   76   5    34    478
98   43   5    48    139
99   34   4    139    102
100   97   4    35    250
101   48   3    6    83
102   81   4    162    235
103   16   3    157    168
104   94   7    139    479
105   10   3    23    178
106   61   7    10    243
107   21   7    148    191
108   35   7    79    400
109   33   2    168    48
110   90   7    45    343
111   33   4    141    301
112   28   6    149    113
113   41   4    105    2
114   29   3    121    399
115   6   6    102    493
116   46   7    101    99
117   30   4    39    449
118   16   2    46    46
119   32   4    78    365
120   110   5    38    480
121   85   2    6    268
122   79   2    79    442
123   114   5    197    136
124   73   6    103    101
125   116   4    64    227
126   103   5    10    36
127   120   7    56    371
128   103   3    166    270
129   111   4    98    239
130   15   5    48    313
131   11   7    2    137
132   102   2    6    260
133   8   5    20    90
134   81   6    82    494
135   110   4    123    61
136   59   5    108    45
137   61   7    193    50
138   25   7    67    33
139   100   5    121    359
140   65   5    58    496
141   107   4    192    318
142   32   7    66    459
143   6   5    85    133
144   20   5    166    384
145   27   6    89    399
146   1   7    184    338
147   52   3    81    316
148   64   3    73    472
149   84   4    125    284
150   38   4    199    116
151   95   2    52    391
152   15   2    164    440
153   86   6    74    420
154   64   2    56    105
155   120   6    19    374
156   57   4    121    470
157   46   2    93    68
158   63   5    129    292
159   145   5    42    428
160   43   6    146    130
161   154   3    170    442
162   25   2    68    13
163   120   6    2    256
164   98   6    12    437
165   158   5    137    160
166   38   2    190    236
167   122   3    67    363
168   99   4    84    308
169   161   3    109    325
170   77   4    184    278
171   133   2    188    15
172   57   5    60    321
173   105   3    52    491
174   86   3    114    425
175   79   5    16    153
176   23   3    151    326
177   47   6    192    116
178   13   2    185    265
179   134   7    177    384
180   32   7    140    477
181   76   7    41    270
182   87   3    42    123
183   84   7    185    229
184   113   2    11    30
185   129   5    29    392
186   125   3    144    399
187   130   6    28    426
188   98   7    146    72
189   187   7    124    454
190   59   7    138    374
191   158   7    86    448
192   160   6    195    252
193   38   4    30    53
194   1   7    187    344
195   90   6    93    347
196   81   6    106    118
197   1   6    172    387
198   2   2    125    425
199   148   6    102    87
200   173   6    90    326
201   121   7    5    351
202   108   6    114    465
203   17   6    104    231
204   131   3    99    13
205   190   5    50    452
206   169   5    89    345
207   185   5    97    211
208   13   5    41    71
209   168   5    121    479
210   203   2    50    474
211   98   7    2    325
212   5   5    147    254
213   129   2    7    318
214   190   2    50    86
215   22   2    16    212
216   123   7    111    59
217   52   4    99    158
218   48   6    174    452
219   130   4    9    333
220   181   4    62    85
221   207   4    104    134
222   8   7    95    209
223   151   3    151    466
224   216   2    107    39
225   26   2    196    445
226   130   7    58    389
227   3   7    185    221
228   26   4    195    24
229   173   6    135    419
230   81   3    35    430
231   44   2    195    182
232   127   3    185    43
233   108   3    89    80
234   145   2    29    17
235   65   7    48    10
236   172   6    197    264
237   178   6    92    76
238   40   2    157    122
239   214   7    19    272
240   68   5    111    135
241   42   6    112    12
242   87   7    143    462
243   46   4    112    314
244   138   6    179    332
245   176   5    6    423
246   42   6    116    426
247   134   5    102    465
248   122   7    20    194
249   231   3    78    272
250   239   7    38    88
251   101   7    51    304
252   59   5    36    122
253   185   4    116    308
254   65   2    66    322
255   154   5    175    249
256   194   6    23    307
257   100   3    119    358
258   108   3    57    101
259   251   3    194    499
260   148   4    80    229
261   1   2    151    92
262   200   3    79    411
263   5   4    116    418
264   51   5    172    394
265   85   7    6    352
266   181   5    107    129
267   212   5    112    34
268   209   2    136    32
269   103   7    138    112
270   121   4    50    323
271   199   3    114    208
272   215   5    106    311
273   270   5    91    105
274   1   6    150    315
275   245   6    86    86
276   80   3    24    468
277   94   2    142    33
278   146   2    162    451
279   26   6    158    124
280   125   5    191    54
281   102   2    158    384
282   20   4    173    291
283   17   2    154    85
284   140   3    196    66
285   230   3    42    449
286   104   5    155    19
287   9   5    183    333
288   229   3    173    99
289   5   2    182    217
290   154   2    84    187
291   136   3    141    329
292   161   7    56    54
293   168   2    107    354
294   220   2    152    438
295   275   6    13    226
296   93   6    118    96
297   245   4    138    135
298   151   2    28    159
299   215   3    90    25
300   155   2    112    312
301   169   6    176    264
302   250   4    160    444
303   118   4    154    31
304   281   3    21    329
305   298   2    70    8
306   257   3    22    182
307   74   7    175    12
308   7   3    119    78
309   80   6    150    69
310   109   3    144    23
311   47   2    165    420
312   234   3    151    473
313   226   6    115    149
314   179   3    155    96
315   119   7    145    449
316   136   3    111    296
317   171   4    33    389
318   21   6    177    201
319   298   7    83    233
320   308   7    178    33
321   283   5    141    248
322   317   5    170    24
323   69   7    195    425
324   215   6    157    244
325   302   7    31    53
326   255   4    135    18
327   219   3    146    424
328   220   6    96    218
329   210   2    116    143
330   311   6    68    88
331   245   2    86    362
332   110   5    180    280
333   318   6    44    277
334   317   7    99    343
335   193   7    16    371
336   325   7    38    309
337   207   3    153    455
338   174   5    194    122
339   261   4    58    335
340   316   4    7    105
341   216   5    189    217
342   293   2    50    436
343   99   5    28    165
344   297   7    79    78
345   124   5    184    366
346   133   7    134    406
347   297   4    30    140
348   86   2    127    493
349   225   7    6    223
350   6   4    95    299
351   126   6    78    255
352   284   5    176    143
353   244   5    123    234
354   29   4    192    71
355   230   5    171    301
356   212   2    40    371
357   166   4    191    436
358   153   6    18    254
359   195   7    178    411
360   149   5    62    328
361   6   4    117    479
362   250   2    46    190
363   184   5    30    427
364   51   5    19    348
365   242   7    185    279
366   162   7    26    196
367   359   6    160    464
368   170   4    72    145
369   80   4    142    336
370   354   6    176    301
371   125   7    56    145
372   291   4    40    86
373   121   6    194    396
374   146   3    144    125
375   261   2    6    44
376   152   6    137    414
377   188   4    17    10
378   221   3    5    361
379   76   6    5    90
380   134   6    77    40
381   328   3    14    14
382   306   7    106    263
383   192   3    1    305
384   50   2    155    285
385   219   2    28    179
386   108   5    38    88
387   95   6    95    209
388   116   6    61    316
389   211   7    86    268
390   69   6    107    266
391   44   5    48    245
392   297   2    155    304
393   359   4    51    54
394   168   6    160    18
395   151   5    196    164
396   34   5    27    55
397   108   6    61    474
398   207   7    177    136
399   3   6    133    244
400   181   5    40    355
401   81   5    132    53
402   240   3    79    450
403   216   3    4    308
404   70   5    53    255
405   385   7    16    64
406   382   6    114    6
407   10   3    87    100
408   232   7    39    113
409   10   5    178    487
410   56   7    184    328
411   120   5    147    296
412   144   2    185    209
413   23   2    69    496
414   153   3    162    469
415   87   4    116    482
416   362   5    81    429
417   291   4    48    70
418   383   2    140    189
419   63   4    145    490
420   276   7    60    432
421   211   7    32    226
422   71   3    195    267
423   419   7    16    174
424   268   4    25    389
425   365   3    147    430
426   402   2    106    442
427   225   6    23    82
428   414   6    78    172
429   236   7    51    41
430   240   3    148    167
431   208   7    177    137
432   284   2    6    61
433   137   4    96    223
434   287   2    162    168
435   236   4    44    405
436   400   7    183    272
437   432   5    60    468
438   147   7    116    251
439   29   6    95    189
440   96   7    104    267
441   379   5    31    455
442   145   5    73    393
443   379   4    148    145
444   113   6    157    340
445   212   6    85    23
446   391   5    139    470
447   347   7    65    277
448   141   2    65    412
449   58   2    91    272
450   113   2    108    160
451   372   6    121    274
452   253   3    46    240
453   200   3    56    77
454   217   3    84    2
455   137   6    95    434
456   66   2    9    258
457   339   6    162    265
458   293   6    197    65
459   346   5    97    440
460   113   5    127    177
461   9   7    156    181
462   232   7    40    117
463   421   4    29    115
464   353   6    97    83
465   181   6    36    259
466   174   2    157    145
467   203   4    78    171
468   319   3    8    151
469   80   7    62    350
470   345   7    10    125
471   61   5    157    366
472   149   2    22    470
473   444   7    27    278
474   445   5    183    287
475   343   3    4    45
476   150   5    116    422
477   363   5    35    249
478   239   5    183    398
479   447   4    186    171
480   36   7    137    181
481   319   4    165    18
482   165   3    33    132
483   426   2    31    160
484   233   7    122    415
485   224   4    38    154
486   440   7    81    402
487   479   2    184    259
488   188   3    54    480
489   100   3    131    227
490   388   6    157    445
491   362   3    198    348
492   436   3    130    298
493   264   6    2    462
494   446   4    105    498
495   38   4    164    291
496   441   3    1    347
497   206   7    22    374
498   164   6    149    129
499   380   4    156    93
500   146   4    101    425
501   387   6    167    72
502   23   5    50    329
503   475   3    20    395
504   266   6    10    394
505   468   3    110    226
506   169   7    108    380
507   141   4    91    66
508   267   5    185    234
509   164   5    34    215
510   342   2    75    427
511   162   6    170    277
512   39   2    58    435
513   240   3    55    348
514   182   3    80    206
515   242   7    142    414
516   90   3    169    433
517   296   7    149    265
518   204   2    125    303
519   322   3    170    186
520   315   5    17    234
521   76   6    11    438
522   333   2    137    363
523   175   2    29    295
524   362   4    68    146
525   171   4    26    148
526   194   2    105    254
527   62   3    134    470
528   163   3    111    468
529   474   5    2    137
530   285   5    86    327
531   205   6    82    248
532   224   4    146    21
533   212   4    37    70
534   440   6    180    21
535   57   4    195    426
536   151   5    51    163
537   354   5    42    17
538   356   7    98    146
539   11   4    90    493
540   333   7    127    262
541   311   6    188    272
542   525   2    5    444
543   432   4    5    460
544   261   7    132    396
545   409   4    136    470
546   360   4    140    235
547   305   2    2    35
548   508   4    146    162
549   378   4    64    442
550   515   6    59    365
551   477   5    54    424
552   392   6    50    143
553   476   4    89    32
554   279   6    85    263
555   391   3    59    32
556   155   6    36    380
557   293   3    44    336
558   357   5    40    22
559   371   3    198    264
560   257   4    51    11
561   315   3    136    41
562   558   7    123    205
563   173   2    13    483
564   157   6    145    247
565   100   4    26    346
566   375   4    186    358
567   226   3    127    452
568   52   2    69    351
569   358   6    110    458
570   215   3    17    283
571   250   7    150    375
572   6   5    185    157
573   469   3    22    485
574   319   5    66    245
575   256   2    111    312
576   132   4    81    203
577   145   2    99    366
578   538   5    111    484
579   539   5    51    158
580   466   7    151    358
581   480   4    53    121
582   288   2    65    199
583   224   5    33    86
584   547   4    73    52
585   250   6    166    195
586   274   5    131    102
587   428   2    112    247
588   139   2    151    97
589   390   2    117    350
590   319   4    114    452
591   2   4    22    30
592   88   2    44    180
593   338   6    35    376
594   117   7    174    490
595   77   6    66    3
596   582   4    91    419
597   143   5    149    313
598   142   4    83    426
599   339   3    2    108
600   383   7    154    400
601   309   6    7    322
602   78   5    112    252
603   290   2    60    299
604   71   4    126    68
605   543   2    16    228
606   542   7    58    456
607   372   3    161    240
608   351   6    77    127
609   318   4    93    449
610   415   4    128    436
611   546   7    5    87
612   335   3    2    195
613   81   2    54    241
614   382   6    82    235
615   66   3    131    499
616   611   7    50    289
617   304   4    110    29
618   576   4    77    87
619   458   6    70    476
620   520   3    118    310
621   130   3    198    149
622   104   6    158    23
623   13   3    121    7
624   9   5    110    53
625   444   5    88    55
626   500   3    155    142
627   35   7    152    338
628   233   4    112    390
629   47   7    4    51
630   622   5    146    118
631   402   7    94    26
632   307   5    81    16
633   83   7    49    368
634   319   6    92    113
635   308   7    50    109
636   21   2    80    353
637   581   5    47    182
638   172   7    77    14
639   364   7    35    363
640   450   3    111    183
641   591   4    184    87
642   516   4    10    403
643   475   7    41    382
644   566   5    178    483
645   548   6    125    5
646   598   6    158    125
647   226   3    14    63
648   444   5    52    279
649   416   6    23    192
650   306   6    138    267
651   619   2    56    457
652   235   3    196    109
653   493   2    188    245
654   536   3    191    345
655   350   3    151    470
656   175   4    184    477
657   246   7    179    27
658   300   2    20    167
659   9   7    33    155
660   520   7    159    404
661   33   7    128    238
662   573   4    7    137
663   509   7    179    316
664   510   7    54    366
665   108   3    10    422
666   118   6    107    43
667   388   7    127    287
668   244   7    88    221
669   424   6    28    63
670   471   5    80    230
671   353   3    170    448
672   600   6    187    406
673   155   7    193    473
674   76   2    160    131
675   160   7    24    402
676   641   4    185    6
677   586   7    122    82
678   13   4    4    427
679   433   4    179    11
680   45   4    113    387
681   117   4    189    455
682   570   6    198    233
683   582   4    138    35
684   631   7    52    334
685   594   6    182    14
686   256   2    163    280
687   369   6    178    169
688   388   7    115    125
689   342   4    142    278
690   589   6    113    431
691   47   5    182    498
692   514   5    192    74
693   616   3    190    321
694   299   6    100    278
695   163   5    135    348
696   106   4    184    492
697   531   3    12    484
698   693   5    158    325
699   40   6    138    385
700   188   2    159    56
701   100   4    199    430
702   208   7    20    359
703   129   2    134    409
704   464   2    177    18
705   314   5    179    443
706   683   7    130    157
707   684   7    7    407
708   403   2    24    480
709   643   3    3    8
710   453   5    167    348
711   54   5    110    316
712   293   2    128    34
713   152   5    11    226
714   383   6    112    217
715   484   3    142    190
716   664   3    122    83
717   200   5    120    349
718   237   4    73    357
719   420   2    68    109
720   619   3    153    107
721   290   7    191    314
722   365   2    60    305
723   178   4    180    398
724   232   4    116    497
725   416   2    128    163
726   11   4    84    162
727   660   2    178    328
728   539   2    80    316
729   631   7    10    445
730   165   7    174    454
731   66   2    68    386
732   161   6    32    375
733   39   5    71    39
734   412   5    66    322
735   488   5    33    447
736   699   6    138    134
737   710   3    107    443
738   603   7    119    199
739   186   7    141    149
740   106   6    167    40
741   686   5    96    24
742   317   7    25    309
743   466   5    34    74
744   24   2    87    153
745   454   7    74    352
746   437   5    40    296
747   279   6    170    321
748   614   3    126    24
749   401   7    188    33
750   306   6    172    183
751   250   2    29    467
752   248   2    155    249
753   624   6    50    469
754   173   7    84    390
755   209   5    9    281
756   483   5    189    315
757   135   6    66    222
758   247   7    13    74
759   53   7    63    178
760   738   5    134    478
761   359   2    61    246
762   227   4    197    409
763   256   3    48    488
764   511   3    43    426
765   145   4    120    30
766   218   6    6    400
767   675   5    49    220
768   256   4    28    343
769   591   7    151    483
770   51   7    195    169
771   641   3    37    490
772   326   4    4    141
773   634   7    19    170
774   19   2    5    270
775   112   4    191    439
776   355   3    62    454
777   154   4    187    301
778   730   7    138    166
779   715   3    198    432
780   101   6    122    140
781   343   3    78    250
782   544   4    43    427
783   490   4    141    172
784   255   4    120    417
785   642   3    67    57
786   50   3    128    196
787   421   6    189    67
788   447   5    155    307
789   243   6    115    455
790   663   3    87    139
791   737   3    13    225
792   373   4    194    302
793   381   6    150    7
794   17   6    104    28
795   173   6    160    296
796   335   4    91    28
797   550   7    61    153
798   338   2    125    263
799   727   6    58    175
800   582   6    2    150
801   150   2    121    423
802   691   4    105    39
803   458   4    25    272
804   154   2    188    48
805   536   7    179    495
806   676   2    120    201
807   249   6    128    296
808   607   5    59    472
809   237   6    179    322
810   362   5    155    478
811   620   7    55    343
812   434   3    24    389
813   788   6    179    418
814   385   4    190    170
815   303   4    75    150
816   141   6    131    308
817   133   7    74    27
818   584   4    180    140
819   119   7    42    33
820   814   5    198    77
821   456   2    142    316
822   650   7    161    279
823   326   6    189    230
824   107   4    109    375
825   790   2    188    152
826   84   3    162    283
827   194   3    179    183
828   806   4    88    381
829   503   4    126    435
830   666   7    138    473
831   715   7    18    387
832   59   6    57    261
833   351   5    118    177
834   401   2    152    226
835   329   7    112    120
836   764   6    58    444
837   357   7    26    232
838   580   2    135    404
839   224   6    16    373
840   89   7    30    392
841   56   6    100    61
842   399   6    115    169
843   57   3    9    205
844   484   6    42    450
845   780   6    109    88
846   755   5    46    246
847   404   6    72    332
848   432   4    57    106
849   391   4    172    157
850   328   3    132    124
851   24   3    101    454
852   745   3    12    384
853   426   3    63    238
854   524   7    174    265
855   108   5    30    137
856   750   7    167    206
857   334   4    40    265
858   173   7    61    8
859   363   5    73    142
860   619   5    37    33
861   292   7    144    477
862   199   7    122    152
863   699   4    114    264
864   420   4    99    325
865   774   7    194    298
866   667   3    3    204
867   840   3    25    167
868   250   3    25    139
869   116   3    147    165
870   583   5    177    412
871   761   2    154    352
872   797   3    46    16
873   190   2    55    382
874   513   7    8    218
875   335   4    23    72
876   279   7    70    228
877   167   7    77    164
878   173   5    189    375
879   606   6    24    113
880   128   5    126    261
881   288   7    173    416
882   815   3    84    220
883   494   3    76    296
884   78   4    193    97
885   618   7    176    7
886   879   2    166    380
887   726   7    4    372
888   216   3    174    182
889   821   6    140    118
890   487   5    129    275
891   531   3    105    348
892   760   4    159    178
893   712   5    196    77
894   130   5    177    295
895   778   4    172    462
896   695   2    124    72
897   232   5    177    468
898   716   3    69    274
899   691   3    11    230
900   825   3    57    137
901   354   6    123    35
902   338   6    74    386
903   732   3    102    352
904   811   5    197    315
905   26   3    37    257
906   341   4    103    239
907   891   5    184    466
908   469   3    158    211
909   592   5    76    459
910   484   2    25    325
911   768   5    42    86
912   33   7    155    138
913   514   5    101    74
914   518   2    195    47
915   36   6    71    16
916   168   4    94    15
917   862   3    192    140
918   41   5    166    279
919   69   4    138    142
920   358   4    171    397
921   625   7    40    376
922   246   2    126    450
923   712   5    54    165
924   253   6    115    149
925   794   7    87    317
926   875   3    142    207
927   456   7    174    23
928   728   6    29    59
929   917   7    78    231
930   725   2    101    180
931   271   2    93    231
932   693   7    1    386
933   540   4    3    368
934   662   6    167    477
935   80   4    169    370
936   881   2    140    405
937   724   7    13    425
938   600   3    50    178
939   852   7    19    463
940   11   2    90    312
941   120   7    190    370
942   807   7    85    51
943   304   5    121    226
944   179   3    83    241
945   931   7    98    153
946   446   7    45    487
947   368   3    145    133
948   662   3    15    255
949   140   2    70    420
950   941   5    42    55
951   842   5    41    470
952   231   6    14    392
953   526   4    100    260
954   415   4    70    364
955   166   5    96    359
956   379   4    135    68
957   674   3    180    220
958   220   3    179    414
959   827   2    40    28
960   578   7    54    419
961   467   2    1    118
962   873   4    54    118
963   418   2    77    340
964   357   3    173    261
965   410   4    115    36
966   926   5    155    196
967   308   4    182    440
968   60   5    55    344
969   399   2    71    335
970   842   7    120    308
971   375   7    6    62
972   860   2    16    402
973   720   4    83    77
974   188   6    105    477
975   771   6    10    315
976   92   3    107    357
977   141   4    171    499
978   484   5    93    93
979   68   5    14    202
980   722   3    26    457
981   339   3    151    225
982   434   7    138    313
983   924   5    51    494
984   163   3    150    431
985   457   7    145    23
986   151   4    116    91
987   377   7    79    421
988   887   2    55    244
989   249   2    118    306
990   97   3    128    295
991   775   7    175    131
992   696   6    91    49
993   558   7    13    422
994   179   2    21    418
995   473   4    79    251
996   342   2    172    78
997   270   4    188    179
998   186   3    21    147
999   975   4    176    224
1000   50   6    186    84
1001   352   2    113    58
1002   313   4    68    311
1003   779   2    38    242
1004   367   2    66    273
1005   624   7    167    431
1006   29   6    99    449
1007   663   7    157    309
1008   335   2    136    245
1009   250   4    83    365
1010   312   3    22    236
1011   95   2    43    16
1012   465   2    166    368
1013   815   6    142    144
1014   44   3    59    17
1015   849   5    50    369
1016   47   2    95    492
1017   917   3    69    85
1018   356   6    24    11
1019   807   4    86    285
1020   782   2    115    202
1021   125   7    153    384
1022   645   6    29    282
1023   344   5    61    186
1024   574   6    186    388
