1   0   6    7    32
2   1   6    91    24
3   1   6    9    162
4   2   6    30    452
5   2   3    133    204
6   1   4    156    278
7   3   5    82    76
8   1   3    66    216
9   1   3    42    138
10   8   2    65    258
11   1   6    149    170
12   9   6    138    482
13   10   6    59    162
14   10   3    1    363
15   13   4    130    461
16   11   7    186    351
17   4   4    8    405
18   7   3    88    272
19   9   6    29    238
20   18   5    171    489
21   3   2    34    78
22   20   5    135    286
23   7   2    99    86
24   19   7    33    335
25   5   6    39    90
26   4   7    126    376
27   10   7    53    220
28   8   5    187    53
29   24   7    36    222
30   6   3    96    485
31   21   4    59    198
32   10   3    126    376
33   29   2    21    447
34   9   4    135    105
35   8   5    47    159
36   26   3    106    179
37   12   4    22    7
38   6   6    164    411
39   23   2    13    339
40   10   6    163    166
41   14   5    147    199
42   13   6    87    358
43   4   5    109    420
44   20   2    182    437
45   40   6    191    478
46   44   6    10    70
47   44   5    179    397
48   10   4    151    385
49   15   5    97    90
50   29   2    51    259
51   21   4    122    59
52   10   5    119    428
53   27   2    190    185
54   44   3    123    202
55   23   3    152    267
56   32   4    107    366
57   33   3    190    390
58   43   3    1    76
59   30   5    177    448
60   20   2    117    104
61   24   6    133    329
62   23   6    179    39
63   19   3    18    487
64   22   6    183    294
65   35   6    56    32
66   39   4    30    244
67   22   6    199    484
68   29   7    110    379
69   36   2    44    204
70   31   4    144    287
71   60   2    116    103
72   46   5    83    468
73   50   4    185    367
74   53   5    66    68
75   41   4    17    378
76   8   7    48    52
77   34   7    175    45
78   38   4    5    291
79   4   3    114    98
80   73   2    60    220
81   19   5    143    332
82   12   5    9    180
83   38   7    19    425
84   50   2    75    496
85   4   6    45    479
86   10   7    21    322
87   80   6    73    261
88   2   4    45    372
89   67   3    125    106
90   23   2    107    488
91   77   7    138    90
92   32   3    42    157
93   89   7    127    346
94   47   6    71    472
95   58   4    105    74
96   89   5    9    231
97   66   6    33    214
98   42   3    16    29
99   40   2    147    10
100   50   5    137    293
101   57   4    181    47
102   10   4    150    331
103   89   5    191    78
104   86   7    68    190
105   95   6    88    197
106   19   7    108    65
107   69   2    71    339
108   53   4    150    93
109   81   2    188    28
110   98   4    17    417
111   72   7    18    94
112   6   4    176    58
113   27   7    69    104
114   108   7    17    348
115   46   5    169    85
116   2   3    8    23
117   59   2    65    169
118   102   5    29    46
119   32   4    184    227
120   55   5    95    54
121   67   3    181    235
122   35   3    161    333
123   16   3    15    491
124   100   4    159    401
125   42   4    174    48
126   73   6    114    415
127   125   4    56    341
128   87   6    135    151
129   12   6    44    477
130   30   6    19    109
131   128   3    190    325
132   89   4    148    397
133   70   5    59    475
134   106   3    16    408
135   92   6    15    367
136   128   3    6    421
137   100   7    30    292
138   130   4    191    160
139   62   2    35    147
140   94   2    67    396
141   77   6    20    235
142   136   5    66    240
143   86   5    115    29
144   49   2    126    281
145   12   5    110    226
146   64   5    71    159
147   129   6    103    416
148   60   2    1    143
149   99   2    63    308
150   9   2    156    236
151   133   3    150    274
152   84   6    13    357
153   29   2    42    336
154   40   5    27    404
155   144   6    155    418
156   100   4    114    430
157   10   5    158    480
158   108   2    6    142
159   79   4    54    495
160   79   5    127    471
161   66   3    182    474
162   56   4    130    239
163   75   2    18    416
164   147   5    25    146
165   88   6    39    108
166   150   3    6    254
167   76   3    2    232
168   25   2    106    231
169   85   6    138    436
170   153   7    90    81
171   154   4    65    391
172   169   7    4    423
173   11   6    171    405
174   44   4    193    45
175   135   4    104    78
176   124   4    111    264
177   79   2    58    80
178   26   3    197    157
179   138   5    81    200
180   77   3    30    89
181   79   7    181    195
182   94   7    132    155
183   122   7    11    11
184   27   4    151    318
185   111   4    106    371
186   140   2    195    446
187   106   7    72    486
188   111   3    199    20
189   116   3    6    134
190   171   4    129    223
191   86   7    34    20
192   1   2    130    1
193   73   7    176    443
194   186   6    173    58
195   50   3    104    469
196   35   6    50    6
197   17   7    164    71
198   86   4    2    126
199   19   6    177    393
200   44   6    157    348
201   120   6    21    5
202   186   2    93    250
203   185   7    71    299
204   99   6    70    294
205   165   5    81    344
206   182   7    150    259
207   79   4    40    49
208   64   2    55    475
209   78   6    142    361
210   43   6    6    85
211   203   5    130    309
212   31   5    149    447
213   96   7    177    441
214   109   7    86    194
215   117   6    73    357
216   167   3    102    150
217   212   5    59    416
218   196   3    17    216
219   185   6    8    209
220   38   7    166    143
221   182   2    155    216
222   185   7    35    25
223   24   2    5    253
224   112   6    157    281
225   60   2    144    372
226   52   7    39    483
227   135   6    14    150
228   181   4    94    108
229   28   4    124    278
230   36   2    111    240
231   150   2    182    62
232   218   4    150    196
233   198   4    77    340
234   78   7    90    149
235   147   2    96    226
236   82   2    96    432
237   118   3    15    72
238   176   3    21    216
239   180   7    182    90
240   122   6    108    393
241   54   7    170    226
242   37   4    123    385
243   145   4    144    208
244   240   4    112    228
245   48   7    57    489
246   75   2    168    223
247   49   7    98    443
248   171   6    180    36
249   54   3    49    291
250   46   6    138    471
251   166   4    103    344
252   69   6    174    387
253   61   6    151    419
254   98   7    123    5
255   16   5    93    108
256   234   4    75    169
257   201   6    186    255
258   146   4    68    341
259   81   5    188    209
260   234   4    40    281
261   244   3    157    220
262   69   4    125    5
263   68   4    121    71
264   96   6    1    30
265   190   2    164    359
266   241   7    133    255
267   62   3    129    303
268   15   6    105    105
269   95   7    190    474
270   111   2    84    198
271   228   6    6    119
272   179   6    109    334
273   235   2    99    481
274   268   7    58    298
275   162   3    108    477
276   144   4    148    236
277   215   6    66    368
278   263   4    121    396
279   124   4    179    455
280   159   6    43    210
281   156   3    90    201
282   41   2    9    486
283   14   5    198    440
284   108   7    110    470
285   212   6    84    406
286   76   5    184    17
287   270   5    181    465
288   281   7    97    237
289   13   6    137    281
290   28   7    57    29
291   106   5    64    483
292   120   2    36    451
293   199   3    106    44
294   106   6    99    99
295   53   7    28    396
296   116   6    154    252
297   161   6    176    8
298   93   4    150    152
299   120   3    84    474
300   221   6    12    340
301   230   2    177    298
302   175   5    79    83
303   260   5    157    262
304   132   6    120    137
305   78   2    156    300
306   3   6    109    320
307   242   2    166    216
308   41   6    79    278
309   148   5    125    110
310   52   7    156    353
311   194   4    185    352
312   115   2    76    354
313   218   6    14    17
314   269   4    55    379
315   44   3    71    311
316   98   2    165    20
317   174   7    189    190
318   306   2    109    177
319   209   4    161    219
320   101   5    103    11
321   93   6    39    70
322   55   3    194    245
323   255   5    192    289
324   263   4    1    3
325   185   5    89    274
326   4   7    137    193
327   265   7    68    7
328   176   3    175    479
329   319   6    96    265
330   203   6    92    121
331   92   5    128    288
332   330   7    53    125
333   220   7    151    299
334   327   3    14    161
335   204   6    158    160
336   159   2    165    44
337   40   3    78    352
338   175   4    116    281
339   210   4    22    476
340   337   4    151    417
341   56   6    109    278
342   303   4    174    65
343   57   7    136    165
344   122   4    55    401
345   269   3    177    457
346   293   2    117    378
347   21   2    135    204
348   157   3    10    393
349   196   5    194    243
350   214   7    191    99
351   272   4    30    113
352   57   6    113    111
353   295   2    1    260
354   184   7    183    375
355   256   5    63    386
356   127   3    2    173
357   39   5    184    26
358   132   4    181    162
359   152   4    165    315
360   272   5    66    284
361   275   2    94    323
362   14   4    59    18
363   341   7    37    392
364   234   3    8    181
365   188   4    74    357
366   266   3    149    402
367   271   3    167    291
368   305   3    67    411
369   20   6    53    318
370   79   5    4    467
371   150   4    48    298
372   60   6    45    219
373   277   3    102    329
374   278   7    48    5
375   49   6    148    241
376   206   7    38    387
377   57   3    41    7
378   361   6    35    139
379   145   6    95    419
380   291   2    19    215
381   73   3    115    390
382   344   3    19    467
383   241   4    38    252
384   221   5    8    269
385   194   3    133    451
386   295   4    37    381
387   123   6    83    170
388   339   6    44    262
389   95   5    130    11
390   167   2    95    364
391   343   7    8    239
392   347   4    40    233
393   30   4    151    367
394   57   3    122    167
395   350   6    53    240
396   133   4    134    467
397   45   4    156    15
398   273   3    7    378
399   35   4    36    127
400   205   4    129    178
401   392   4    84    382
402   274   5    79    171
403   265   3    191    378
404   274   7    128    198
405   263   7    14    485
406   220   5    142    81
407   240   7    76    222
408   382   4    192    400
409   186   6    11    36
410   121   3    177    129
411   34   7    116    43
412   35   4    39    314
413   334   4    120    116
414   119   5    147    403
415   404   4    161    358
416   277   5    182    131
417   294   4    149    257
418   308   7    62    85
419   163   6    164    458
420   213   7    107    140
421   418   4    1    193
422   65   3    178    485
423   146   2    103    320
424   123   6    15    488
425   343   2    90    232
426   22   3    29    140
427   49   6    163    489
428   82   3    89    184
429   325   4    122    283
430   318   3    68    410
431   385   5    62    379
432   106   5    134    18
433   166   3    59    446
434   404   3    82    155
435   100   6    70    42
436   220   5    95    436
437   426   3    130    435
438   119   5    80    429
439   96   5    145    198
440   313   2    146    214
441   224   2    153    364
442   96   2    44    428
443   248   6    64    480
444   361   2    92    310
445   342   2    170    366
446   56   5    36    110
447   370   6    178    28
448   347   3    32    400
449   347   6    77    127
450   101   5    56    74
451   165   2    177    153
452   100   4    190    69
453   38   5    134    117
454   359   2    64    294
455   158   6    151    223
456   334   2    9    427
457   176   6    2    108
458   419   6    192    166
459   174   4    108    130
460   259   5    99    196
461   132   6    29    118
462   21   6    188    29
463   21   5    1    344
464   61   4    80    34
465   91   5    136    484
466   163   5    79    67
467   389   6    114    422
468   264   3    56    125
469   390   2    132    1
470   462   5    16    36
471   286   2    73    456
472   458   2    63    468
473   282   2    135    186
474   193   6    6    447
475   270   6    152    261
476   422   7    195    314
477   442   7    16    107
478   279   2    195    110
479   427   6    35    327
480   273   6    130    422
481   175   4    144    354
482   130   4    86    416
483   444   2    199    427
484   430   5    190    19
485   28   5    24    136
486   458   4    43    70
487   165   2    164    124
488   111   3    127    46
489   230   4    154    231
490   127   3    174    320
491   130   2    103    470
492   80   6    79    20
493   206   7    70    490
494   226   3    77    276
495   371   2    105    73
496   104   2    72    198
497   164   3    144    56
498   394   6    25    308
499   19   3    61    174
500   329   6    183    480
501   248   2    91    144
502   364   4    182    180
503   372   5    110    23
504   59   5    5    306
505   78   3    3    104
506   206   7    186    10
507   2   7    52    243
508   381   6    129    330
509   259   3    3    415
510   141   4    153    376
511   380   4    105    196
512   267   4    94    380
513   123   2    139    431
514   93   5    139    457
515   29   2    63    35
516   217   7    176    165
517   176   5    109    8
518   154   4    5    162
519   197   7    110    67
520   78   4    82    164
521   16   7    57    322
522   257   2    89    348
523   441   4    45    321
524   469   5    90    132
525   373   4    140    201
526   307   7    38    89
527   257   5    192    200
528   124   6    7    302
529   236   7    43    297
530   36   6    126    39
531   63   3    46    397
532   155   7    123    466
533   315   7    192    146
534   122   7    18    213
535   207   2    171    329
536   472   6    148    241
537   297   7    185    115
538   109   3    136    428
539   132   3    197    425
540   415   7    147    211
541   113   7    83    432
542   458   4    90    116
543   323   3    88    190
544   408   7    159    232
545   311   3    17    96
546   42   4    12    413
547   425   6    71    35
548   457   7    161    170
549   5   5    161    209
550   196   5    108    390
551   293   4    81    25
552   386   6    89    59
553   296   4    110    459
554   247   4    38    277
555   520   3    147    175
556   312   7    5    282
557   237   7    199    290
558   298   4    9    109
559   404   5    138    368
560   352   3    74    79
561   266   4    15    89
562   325   3    107    284
563   151   6    58    279
564   369   6    137    53
565   239   5    47    55
566   115   5    34    393
567   404   5    119    381
568   355   4    71    6
569   237   6    46    80
570   251   3    105    190
571   505   4    130    254
572   502   3    97    262
573   283   5    182    337
574   287   2    34    4
575   83   2    100    343
576   374   3    44    1
577   192   2    64    411
578   135   2    38    423
579   96   5    102    54
580   508   5    71    13
581   567   2    123    75
582   276   6    167    269
583   157   2    195    303
584   382   5    60    34
585   179   4    10    468
586   508   5    150    33
587   431   3    194    321
588   264   4    122    234
589   454   5    18    28
590   477   3    152    109
591   74   6    49    317
592   322   7    128    269
593   387   7    193    367
594   519   2    137    117
595   590   4    81    80
596   502   5    54    302
597   552   5    163    214
598   317   2    45    242
599   437   3    165    178
600   505   4    25    212
601   138   6    16    484
602   527   5    47    342
603   171   2    172    454
604   201   5    10    206
605   435   7    136    197
606   87   5    52    240
607   338   7    58    34
608   541   2    189    52
609   164   7    167    414
610   30   6    142    316
611   552   7    137    202
612   14   6    135    324
613   5   6    3    317
614   305   5    14    209
615   403   3    83    303
616   20   6    134    438
617   81   3    17    112
618   445   4    46    472
619   125   7    12    30
620   385   2    85    386
621   304   3    111    419
622   439   4    56    450
623   232   2    181    346
624   289   6    172    167
625   454   7    91    128
626   216   3    70    417
627   499   5    69    401
628   81   5    106    208
629   20   7    131    390
630   193   4    137    479
631   571   6    100    202
632   241   2    37    304
633   562   7    40    212
634   325   7    65    475
635   565   3    18    51
636   52   3    10    210
637   119   5    78    123
638   136   5    31    206
639   535   4    70    286
640   299   5    76    283
641   217   5    63    219
642   497   7    46    25
643   376   3    155    70
644   57   5    92    109
645   357   7    67    21
646   419   2    188    73
647   620   7    167    295
648   73   5    85    55
649   32   5    18    20
650   268   7    144    446
651   598   6    77    492
652   313   6    123    109
653   462   6    57    158
654   411   6    125    198
655   43   7    179    396
656   49   3    141    335
657   11   3    47    391
658   36   4    191    170
659   599   4    144    186
660   271   4    86    486
661   244   2    160    308
662   35   3    92    41
663   164   2    56    327
664   349   4    21    44
665   352   6    1    242
666   515   4    185    374
667   644   2    42    161
668   362   7    110    479
669   178   4    32    52
670   473   3    115    401
671   362   5    126    193
672   559   2    89    467
673   506   2    7    266
674   220   5    8    233
675   207   4    52    81
676   534   7    7    496
677   526   7    117    494
678   601   2    175    264
679   180   4    120    246
680   374   4    199    197
681   286   3    193    249
682   599   7    135    233
683   301   7    73    22
684   153   7    88    302
685   555   5    130    413
686   192   3    24    34
687   213   5    115    381
688   28   7    178    411
689   614   7    46    120
690   600   5    121    386
691   185   7    88    263
692   434   6    13    33
693   340   5    37    411
694   689   5    161    365
695   575   2    100    28
696   335   3    151    238
697   403   4    160    447
698   109   7    106    252
699   437   7    24    410
700   362   5    106    372
701   442   3    25    158
702   461   5    47    432
703   30   5    82    276
704   364   4    95    176
705   515   7    179    176
706   531   2    186    232
707   548   6    104    303
708   531   2    55    128
709   479   4    16    147
710   165   4    126    247
711   551   5    86    334
712   240   2    14    373
713   711   3    159    266
714   685   7    129    7
715   77   4    86    161
716   422   7    168    360
717   74   3    139    18
718   590   3    138    69
719   518   7    193    279
720   284   6    67    231
721   628   3    6    134
722   484   7    93    91
723   86   5    49    246
724   455   3    170    99
725   99   3    172    327
726   711   6    184    484
727   600   2    197    212
728   617   7    195    256
729   440   5    75    232
730   336   7    108    180
731   547   6    79    412
732   216   2    154    113
733   392   7    58    227
734   108   2    193    117
735   103   5    102    344
736   15   4    27    390
737   29   5    148    32
738   119   4    150    495
739   314   5    11    73
740   101   5    127    475
741   367   5    28    218
742   462   6    89    370
743   610   7    159    387
744   633   7    22    306
745   472   4    57    318
746   113   6    55    358
747   261   5    144    350
748   369   6    31    129
749   4   3    39    476
750   511   6    62    163
751   716   7    38    437
752   266   5    182    173
753   383   6    109    346
754   168   2    12    146
755   659   4    77    385
756   626   3    169    265
757   23   5    75    124
758   137   7    65    322
759   264   4    27    463
760   87   3    93    112
761   641   3    10    100
762   448   7    36    176
763   669   3    198    99
764   88   4    149    298
765   205   6    159    468
766   176   6    131    5
767   598   2    139    375
768   336   5    113    243
769   212   6    145    104
770   46   5    163    232
771   81   2    116    54
772   611   2    25    120
773   3   3    5    431
774   652   4    47    414
775   237   2    79    31
776   634   7    63    457
777   374   7    65    156
778   345   5    123    249
779   575   2    96    90
780   471   6    35    372
781   47   5    146    296
782   261   7    58    99
783   521   4    93    146
784   229   4    105    270
785   252   3    67    494
786   135   4    89    404
787   333   6    118    325
788   664   7    8    68
789   37   2    135    395
790   477   5    25    156
791   601   2    1    345
792   485   7    112    315
793   117   3    174    294
794   681   4    51    489
795   404   7    166    239
796   592   5    46    339
797   388   4    70    26
798   746   7    102    313
799   64   4    18    370
800   200   3    61    175
801   604   5    192    50
802   618   6    88    309
803   189   4    3    419
804   756   6    35    95
805   228   6    112    486
806   397   2    161    289
807   599   2    35    111
808   165   5    113    204
809   216   5    130    51
810   533   2    99    166
811   515   4    127    449
812   383   6    117    227
813   131   5    15    495
814   460   3    38    465
815   509   3    13    360
816   281   2    137    291
817   415   6    28    477
818   596   5    21    193
819   642   2    117    91
820   797   4    169    346
821   559   7    5    88
822   196   4    171    397
823   729   3    12    22
824   74   7    37    324
825   391   4    25    409
826   25   6    138    462
827   456   3    188    461
828   384   5    22    329
829   59   5    95    107
830   95   6    75    9
831   316   5    32    306
832   778   2    6    383
833   724   6    31    72
834   371   5    112    43
835   256   3    139    283
836   206   3    33    20
837   194   7    9    399
838   246   6    183    36
839   692   2    132    190
840   217   6    89    495
841   336   6    109    496
842   627   4    127    58
843   797   4    169    82
844   598   6    108    477
845   416   4    61    141
846   604   6    95    241
847   444   6    185    444
848   235   2    128    279
849   480   2    168    11
850   833   6    136    10
851   74   4    16    152
852   791   3    192    449
853   67   3    41    270
854   204   5    198    233
855   736   2    46    384
856   406   5    7    196
857   680   5    99    445
858   660   5    57    495
859   259   6    8    150
860   767   4    118    97
861   821   7    90    291
862   824   5    77    403
863   513   5    130    423
864   315   7    195    156
865   452   6    184    250
866   49   6    46    219
867   124   5    126    1
868   296   3    183    167
869   351   7    95    384
870   668   3    168    319
871   92   3    1    217
872   783   7    175    245
873   554   3    184    1
874   635   3    121    126
875   313   5    61    238
876   727   6    125    484
877   342   6    73    189
878   34   3    146    24
879   839   5    3    363
880   766   2    155    237
881   556   5    84    445
882   705   6    135    190
883   657   2    24    42
884   138   2    119    269
885   625   6    22    38
886   525   7    152    387
887   124   5    159    267
888   727   4    146    55
889   252   3    114    298
890   704   5    64    406
891   639   7    89    351
892   611   4    5    386
893   93   3    25    301
894   323   3    194    255
895   598   5    48    422
896   553   7    40    31
897   183   4    88    184
898   752   2    183    202
899   422   5    74    421
900   358   2    115    41
901   857   3    125    292
902   190   2    45    446
903   73   7    18    481
904   220   2    5    358
905   867   2    184    34
906   869   5    6    327
907   386   3    16    343
908   327   5    13    433
909   653   7    175    447
910   810   4    141    106
911   91   3    11    377
912   752   2    102    91
913   366   3    31    33
914   523   6    114    464
915   826   6    4    329
916   452   5    171    118
917   698   3    2    55
918   82   7    103    207
919   78   4    117    210
920   40   5    178    444
921   497   2    90    169
922   279   7    19    151
923   224   5    90    496
924   712   3    140    487
925   737   4    187    94
926   718   3    139    462
927   759   5    159    232
928   13   6    72    19
929   673   5    173    401
930   705   4    161    98
931   22   6    109    386
932   596   6    54    440
933   285   2    156    186
934   631   6    72    59
935   658   6    172    419
936   528   2    109    411
937   646   4    71    49
938   162   6    132    423
939   601   5    174    162
940   433   2    106    110
941   829   3    143    487
942   478   2    40    131
943   434   5    62    1
944   565   2    95    361
945   379   7    140    499
946   553   4    179    478
947   379   5    195    74
948   290   3    118    286
949   44   6    108    290
950   837   2    136    351
951   357   2    149    176
952   613   7    160    15
953   532   3    67    295
954   820   6    8    350
955   854   4    193    80
956   107   3    44    475
957   570   2    49    116
958   950   6    184    387
959   722   7    111    58
960   518   5    115    66
961   325   5    139    323
962   270   6    156    131
963   942   4    23    367
964   340   2    156    452
965   566   4    73    279
966   518   2    189    115
967   800   6    134    430
968   629   7    125    95
969   284   2    167    14
970   450   5    100    147
971   89   2    49    110
972   502   5    112    251
973   283   5    111    145
974   783   3    73    235
975   591   4    170    193
976   587   3    127    166
977   104   6    4    118
978   667   3    144    424
979   36   6    170    380
980   857   2    7    41
981   363   7    131    329
982   687   4    132    220
983   815   7    27    268
984   288   2    35    296
985   153   6    74    142
986   577   7    126    330
987   125   3    167    30
988   257   7    119    358
989   47   2    143    76
990   737   6    11    71
991   866   7    168    91
992   56   5    56    253
993   575   6    121    37
994   641   4    135    371
995   699   4    27    470
996   362   4    86    470
997   946   2    182    199
998   479   4    107    244
999   901   5    179    341
1000   94   2    76    259
1001   740   3    112    436
1002   722   3    132    448
1003   547   7    182    206
1004   641   2    76    234
1005   685   7    142    27
1006   498   5    27    218
1007   498   2    94    409
1008   718   4    5    7
1009   667   5    155    198
1010   50   5    70    82
1011   650   2    176    466
1012   437   5    64    17
1013   147   5    9    410
1014   439   3    33    311
1015   851   6    136    128
1016   292   5    100    310
1017   281   2    192    87
1018   715   2    103    59
1019   995   5    173    469
1020   578   3    88    377
1021   799   3    191    360
1022   968   4    32    422
1023   272   3    43    48
1024   813   7    54    465
