1   0   6    7    4
2   1   2    107    147
3   1   6    97    173
4   1   5    72    322
5   3   3    192    393
6   1   7    23    42
7   5   2    62    354
8   4   6    187    423
9   7   2    13    376
10   7   3    179    156
11   1   5    41    102
12   5   3    42    154
13   11   5    176    171
14   7   3    158    123
15   9   5    27    279
16   3   7    170    356
17   1   3    11    325
18   8   4    197    42
19   9   2    77    233
20   16   7    175    255
21   10   5    154    69
22   20   6    152    3
23   11   5    43    6
24   1   5    56    398
25   7   5    23    319
26   3   2    61    266
27   21   4    85    437
28   12   4    148    311
29   18   6    188    260
30   2   6    8    477
31   19   3    17    187
32   30   3    174    88
33   4   5    63    283
34   31   7    59    244
35   27   6    48    8
36   20   6    134    416
37   26   3    169    241
38   14   7    26    447
39   20   4    154    119
40   2   4    101    202
41   15   2    165    425
42   9   3    27    148
43   2   6    97    454
44   41   6    153    484
45   6   3    69    327
46   20   4    35    77
47   40   7    97    133
48   36   2    66    208
49   17   2    42    443
50   22   2    6    428
51   7   2    183    423
52   32   3    14    3
53   29   3    69    447
54   30   5    118    387
55   24   5    195    193
56   33   4    135    182
57   10   6    9    299
58   29   7    29    313
59   49   3    57    294
60   31   6    78    379
61   24   6    24    296
62   1   6    97    351
63   38   7    37    404
64   4   2    154    3
65   48   7    121    141
66   53   3    41    2
67   31   6    84    274
68   55   4    21    53
69   50   6    83    112
70   43   5    140    338
71   38   6    77    284
72   5   7    199    259
73   17   3    106    355
74   69   6    52    27
75   43   2    67    374
76   43   2    145    401
77   33   5    3    36
78   21   4    177    256
79   69   2    188    485
80   50   4    156    204
81   4   2    83    470
82   69   6    113    93
83   11   3    55    28
84   10   2    56    13
85   71   7    33    469
86   5   6    198    394
87   70   2    25    255
88   73   6    106    392
89   42   6    167    92
90   66   6    115    218
91   31   7    42    457
92   59   5    90    208
93   72   3    137    472
94   36   2    113    472
95   58   7    47    146
96   36   7    86    407
97   15   4    69    355
98   52   3    115    410
99   46   5    155    42
100   87   2    47    272
101   88   4    179    235
102   22   4    21    383
103   6   7    43    441
104   91   5    143    43
105   49   2    38    443
106   8   4    12    196
107   56   2    153    445
108   87   5    32    356
109   92   2    4    352
110   90   2    49    366
111   82   5    72    72
112   34   4    60    460
113   34   5    41    88
114   16   3    184    432
115   98   5    50    36
116   62   7    134    309
117   36   7    130    66
118   1   7    144    231
119   36   7    150    153
120   24   5    192    450
121   15   2    95    348
122   5   4    66    27
123   87   4    38    236
124   122   7    183    26
125   108   4    77    433
126   114   5    111    478
127   95   2    155    208
128   83   3    164    28
129   78   7    84    84
130   120   2    53    244
131   14   5    170    339
132   15   6    95    57
133   51   5    10    50
134   20   6    26    70
135   67   2    160    223
136   133   7    134    156
137   57   3    81    89
138   117   3    90    92
139   89   6    13    144
140   32   4    25    285
141   40   5    120    115
142   110   3    187    239
143   127   7    93    84
144   109   6    22    26
145   132   2    166    116
146   2   6    184    293
147   84   5    156    35
148   118   3    69    124
149   123   4    187    222
150   14   5    9    142
151   38   6    103    278
152   40   3    38    24
153   116   3    148    158
154   82   7    155    283
155   10   4    120    411
156   108   5    126    125
157   129   4    156    466
158   95   6    92    77
159   123   6    37    416
160   144   5    178    125
161   155   3    43    46
162   75   3    128    127
163   155   2    39    308
164   38   7    166    288
165   16   3    68    94
166   69   7    185    36
167   151   5    31    153
168   12   3    32    88
169   8   5    102    60
170   77   4    129    246
171   119   7    17    105
172   76   2    118    250
173   70   6    139    238
174   20   5    29    419
175   158   7    163    107
176   6   4    183    31
177   111   6    143    313
178   150   5    133    335
179   53   5    99    349
180   4   7    147    196
181   35   6    67    260
182   31   4    60    436
183   43   3    143    492
184   93   2    169    177
185   180   7    17    18
186   29   2    111    110
187   25   7    9    92
188   61   7    38    211
189   146   7    165    398
190   133   2    23    302
191   185   3    142    224
192   140   6    142    345
193   152   4    65    263
194   123   4    69    485
195   79   7    9    241
196   14   4    29    329
197   22   4    10    231
198   149   5    69    472
199   150   7    121    440
200   64   4    27    351
201   198   5    168    143
202   112   6    152    146
203   27   4    99    369
204   50   5    152    205
205   174   6    70    53
206   18   3    194    310
207   78   6    69    270
208   141   3    9    78
209   67   3    166    488
210   203   3    187    204
211   91   7    7    175
212   98   3    52    59
213   168   2    130    344
214   17   7    71    129
215   160   6    95    394
216   14   2    32    66
217   34   5    2    365
218   195   6    153    91
219   104   4    92    6
220   189   5    125    49
221   18   7    142    459
222   63   2    171    279
223   90   7    74    166
224   196   4    136    427
225   166   7    28    318
226   123   3    4    121
227   78   3    147    81
228   107   6    111    440
229   88   5    43    9
230   160   2    163    294
231   225   7    89    478
232   222   4    90    382
233   53   7    55    446
234   121   5    79    174
235   88   6    134    266
236   9   4    87    134
237   235   5    146    415
238   25   3    198    342
239   155   2    194    212
240   205   7    126    388
241   111   5    176    315
242   58   2    173    407
243   147   3    175    196
244   139   3    194    363
245   14   4    6    22
246   223   3    57    230
247   80   2    78    346
248   79   3    160    163
249   37   6    72    233
250   148   4    7    283
251   171   2    41    168
252   35   6    166    12
253   186   6    138    398
254   59   2    39    6
255   216   7    152    317
256   156   6    132    434
257   68   2    118    11
258   165   6    101    466
259   44   6    138    368
260   216   5    177    409
261   13   4    18    46
262   7   5    133    271
263   235   3    174    330
264   156   3    186    29
265   136   2    52    283
266   14   7    16    468
267   60   5    55    232
268   233   6    86    239
269   103   5    178    152
270   240   5    26    107
271   211   4    13    112
272   43   4    30    435
273   198   5    31    313
274   138   7    14    108
275   166   7    61    115
276   3   3    6    10
277   242   6    117    252
278   105   2    174    319
279   157   6    74    58
280   142   6    97    126
281   186   3    188    475
282   139   2    8    79
283   113   4    42    498
284   75   5    9    272
285   137   2    131    487
286   230   5    7    65
287   243   2    68    115
288   222   7    177    327
289   8   7    23    110
290   265   6    26    234
291   131   5    1    150
292   65   4    189    441
293   183   7    62    159
294   135   5    177    114
295   255   3    182    107
296   242   3    89    113
297   148   4    178    213
298   87   5    123    146
299   295   4    119    270
300   160   6    98    272
301   277   2    37    99
302   75   7    160    120
303   225   5    50    176
304   185   4    54    222
305   45   6    112    13
306   204   7    176    42
307   92   5    60    144
308   66   7    173    220
309   247   5    124    32
310   130   3    63    162
311   153   4    37    45
312   213   4    169    427
313   173   6    62    222
314   302   7    10    304
315   288   2    73    386
316   145   3    53    477
317   94   2    78    428
318   308   7    199    314
319   60   4    53    291
320   37   4    22    189
321   132   2    151    68
322   202   6    23    249
323   273   3    74    288
324   226   4    167    390
325   87   3    66    454
326   259   4    88    356
327   113   6    182    388
328   6   4    43    237
329   134   3    190    444
330   182   6    167    354
331   201   7    10    177
332   55   4    12    122
333   139   3    96    2
334   266   7    108    349
335   260   3    130    160
336   196   6    58    282
337   105   3    93    408
338   5   4    121    315
339   273   7    184    35
340   269   2    25    490
341   70   4    20    454
342   71   2    164    486
343   220   2    174    391
344   262   6    151    324
345   97   7    191    284
346   111   5    98    338
347   312   6    136    318
348   166   6    137    87
349   153   3    48    222
350   347   7    27    3
351   250   5    28    129
352   315   3    19    27
353   122   3    194    280
354   187   7    123    461
355   130   2    126    421
356   282   6    61    388
357   74   5    124    90
358   338   4    20    165
359   59   6    11    11
360   105   3    16    182
361   308   7    72    216
362   279   7    138    307
363   149   2    31    255
364   238   4    60    204
365   78   5    88    395
366   155   2    181    19
367   94   4    36    311
368   266   2    147    83
369   181   2    103    498
370   157   5    187    104
371   161   3    3    413
372   94   7    18    327
373   188   6    65    156
374   105   2    77    388
375   130   6    136    454
376   4   3    2    234
377   78   6    158    456
378   157   4    196    70
379   377   3    99    338
380   77   6    193    446
381   265   6    97    83
382   289   6    59    190
383   72   7    84    300
384   89   2    22    283
385   46   3    40    154
386   148   3    3    97
387   231   5    172    297
388   353   5    37    368
389   73   4    177    42
390   160   3    152    98
391   48   5    167    229
392   291   5    33    232
393   224   4    86    223
394   322   2    38    150
395   119   3    143    392
396   5   6    151    283
397   273   7    163    376
398   205   4    92    445
399   179   5    141    202
400   1   7    199    443
401   330   3    165    147
402   180   7    26    181
403   312   3    181    260
404   305   7    177    188
405   266   2    93    343
406   347   3    58    71
407   323   2    49    321
408   386   7    119    25
409   103   7    57    337
410   91   5    12    265
411   126   2    57    141
412   63   4    29    355
413   287   6    3    76
414   81   4    158    448
415   168   4    79    317
416   149   6    112    35
417   259   6    38    265
418   360   7    62    134
419   6   3    92    289
420   366   5    145    331
421   134   2    100    35
422   185   6    181    499
423   370   5    181    259
424   34   2    75    189
425   95   5    192    317
426   14   4    50    141
427   186   7    186    489
428   396   4    17    484
429   277   7    109    410
430   252   2    35    413
431   221   4    151    35
432   403   5    53    164
433   87   3    141    292
434   68   2    119    28
435   104   6    184    145
436   11   3    108    184
437   386   3    61    450
438   101   2    147    122
439   293   6    100    442
440   66   5    4    295
441   59   6    154    491
442   74   6    134    336
443   302   2    73    428
444   163   4    168    489
445   389   5    145    348
446   251   6    151    321
447   98   5    44    5
448   12   6    121    226
449   327   6    42    139
450   267   3    7    454
451   255   6    156    199
452   157   3    43    486
453   309   5    127    125
454   31   4    100    379
455   190   6    129    320
456   257   5    77    201
457   111   3    120    197
458   156   3    190    380
459   250   3    147    1
460   415   2    86    223
461   250   6    159    210
462   161   6    118    439
463   239   6    164    470
464   163   3    185    445
465   311   6    85    230
466   312   2    10    39
467   138   5    89    75
468   331   2    24    66
469   233   7    170    135
470   9   5    3    274
471   311   2    26    212
472   348   4    43    91
473   319   4    36    471
474   388   6    18    361
475   446   7    3    123
476   174   6    14    415
477   274   2    75    425
478   442   6    86    108
479   413   4    28    203
480   337   6    35    227
481   169   3    44    307
482   373   7    111    490
483   449   7    182    101
484   106   3    199    155
485   224   2    191    37
486   19   7    71    253
487   289   7    64    301
488   276   3    186    375
489   433   7    52    402
490   155   3    119    183
491   461   3    121    9
492   410   4    2    292
493   285   5    185    439
494   485   5    5    20
495   449   7    160    258
496   259   3    149    201
497   96   5    161    170
498   475   6    94    339
499   198   3    138    27
500   129   7    11    242
501   458   6    138    325
502   275   4    72    492
503   62   4    141    136
504   271   3    54    195
505   412   7    188    306
506   113   4    177    100
507   297   3    141    285
508   207   4    153    305
509   272   4    23    482
510   152   7    194    97
511   476   6    187    483
512   27   3    48    193
513   119   3    9    52
514   300   4    192    331
515   278   5    14    134
516   397   4    154    308
517   179   2    23    427
518   324   7    150    14
519   312   3    137    207
520   291   5    106    220
521   26   4    174    140
522   403   3    188    398
523   173   3    123    362
524   224   5    101    23
525   401   3    178    191
526   286   2    3    324
527   367   7    80    496
528   469   5    44    255
529   36   4    188    368
530   523   3    145    53
531   202   6    174    348
532   311   6    57    194
533   520   3    29    435
534   65   2    41    20
535   404   6    16    103
536   379   3    99    47
537   447   4    128    129
538   479   6    28    290
539   64   7    50    466
540   3   2    146    390
541   135   6    1    118
542   327   4    54    360
543   240   5    84    94
544   141   3    172    382
545   111   4    104    186
546   197   7    14    265
547   170   5    41    77
548   228   5    95    445
549   352   3    136    284
550   193   7    179    251
551   474   5    108    238
552   283   3    185    218
553   4   4    107    324
554   76   6    106    218
555   405   7    45    110
556   448   2    184    142
557   256   4    98    153
558   387   4    57    448
559   524   5    124    489
560   30   5    157    266
561   16   2    15    421
562   120   3    101    256
563   290   4    111    430
564   95   6    85    192
565   177   4    57    411
566   34   4    107    354
567   444   5    172    169
568   85   7    183    281
569   10   7    87    370
570   242   6    7    369
571   131   4    151    357
572   280   5    105    449
573   285   4    189    325
574   241   4    65    301
575   363   2    90    332
576   378   4    111    398
577   459   3    45    77
578   81   6    185    318
579   452   4    127    240
580   66   2    47    430
581   429   7    104    366
582   570   4    82    474
583   214   6    161    139
584   94   7    15    413
585   168   2    137    334
586   563   3    187    25
587   194   4    122    241
588   257   7    81    275
589   29   3    113    492
590   316   2    185    481
591   181   4    144    150
592   204   4    136    426
593   354   6    135    376
594   587   3    92    334
595   278   2    76    451
596   219   5    28    121
597   407   2    92    474
598   29   5    21    228
599   575   6    99    46
600   213   7    122    409
601   343   5    106    368
602   421   3    147    323
603   125   4    60    191
604   8   2    174    358
605   39   7    29    372
606   364   6    51    80
607   72   4    24    256
608   570   5    89    353
609   397   6    54    136
610   243   6    191    375
611   30   5    192    108
612   191   3    183    428
613   606   3    94    305
614   546   7    4    334
615   512   6    45    293
616   287   4    52    97
617   368   2    126    7
618   396   7    118    376
619   464   2    194    484
620   475   5    16    401
621   19   3    123    221
622   153   3    6    211
623   211   6    85    424
624   349   7    69    48
625   91   4    1    195
626   526   7    94    474
627   180   2    129    203
628   356   5    7    416
629   451   7    187    362
630   309   3    113    498
631   518   5    103    179
632   91   2    103    353
633   548   3    92    303
634   569   2    146    315
635   187   7    79    340
636   236   4    53    134
637   213   4    37    108
638   30   4    48    139
639   224   6    89    258
640   424   7    177    385
641   29   4    2    257
642   446   4    91    336
643   491   4    80    304
644   508   4    125    141
645   108   5    128    126
646   595   7    161    33
647   524   5    82    349
648   149   4    172    168
649   151   5    23    447
650   412   6    124    140
651   154   5    195    241
652   380   6    40    155
653   226   4    21    478
654   176   3    41    85
655   228   2    85    250
656   519   2    48    429
657   25   6    129    31
658   111   6    130    314
659   515   7    60    395
660   604   7    141    25
661   618   4    88    489
662   625   2    2    1
663   440   6    87    16
664   362   7    180    485
665   626   2    140    236
666   420   3    133    263
667   341   4    182    65
668   220   2    115    323
669   94   5    137    410
670   419   2    20    471
671   388   2    54    453
672   611   4    112    279
673   383   4    89    450
674   582   4    116    210
675   230   7    129    205
676   599   3    124    280
677   370   7    129    112
678   11   2    44    225
679   386   6    160    307
680   1   7    152    26
681   671   7    39    206
682   539   3    179    385
683   237   2    88    247
684   29   4    197    282
685   85   7    58    67
686   200   7    109    75
687   210   2    38    375
688   277   6    86    322
689   265   2    171    8
690   481   5    76    235
691   3   2    21    185
692   670   6    21    497
693   190   7    110    38
694   144   7    162    212
695   163   7    122    78
696   385   2    153    26
697   91   2    196    96
698   367   7    131    226
699   553   3    110    393
700   451   2    28    41
701   206   2    171    70
702   587   4    111    299
703   203   5    131    141
704   413   4    4    440
705   388   4    148    18
706   265   4    9    139
707   341   3    135    494
708   368   6    176    485
709   582   6    167    127
710   7   5    182    483
711   597   3    151    224
712   281   4    67    1
713   485   7    83    498
714   476   7    173    239
715   132   7    32    439
716   235   5    61    407
717   422   5    157    403
718   700   2    40    405
719   307   3    112    336
720   92   3    3    232
721   533   4    140    277
722   432   3    163    25
723   325   7    13    13
724   489   4    19    62
725   402   5    159    290
726   150   4    191    393
727   699   7    140    107
728   245   2    24    108
729   642   2    44    198
730   589   5    2    303
731   634   5    169    107
732   504   5    151    48
733   238   2    32    489
734   163   6    16    291
735   647   7    199    249
736   468   2    96    206
737   635   2    185    73
738   545   3    115    63
739   539   2    142    492
740   582   2    135    448
741   349   3    130    398
742   611   6    156    261
743   289   7    112    495
744   58   4    180    237
745   343   4    178    297
746   153   7    9    150
747   296   3    79    414
748   465   7    102    278
749   155   3    82    129
750   286   7    120    493
751   509   4    89    439
752   263   4    108    367
753   68   2    2    354
754   720   3    156    213
755   516   3    47    303
756   488   4    194    47
757   46   5    104    129
758   504   6    3    239
759   545   3    51    449
760   41   7    28    422
761   693   6    196    231
762   716   6    21    440
763   648   3    16    468
764   181   7    16    346
765   283   6    119    368
766   372   7    33    161
767   368   4    86    113
768   713   4    180    199
769   419   3    125    351
770   705   7    41    12
771   177   2    57    277
772   338   4    60    105
773   759   2    8    380
774   184   4    148    284
775   468   3    74    446
776   147   2    41    148
777   138   4    133    496
778   22   5    112    441
779   551   7    59    127
780   707   7    59    108
781   50   6    136    18
782   750   5    99    91
783   261   5    159    89
784   780   5    192    480
785   362   4    31    32
786   52   3    107    239
787   333   6    60    173
788   731   4    154    358
789   589   6    189    247
790   585   2    109    253
791   537   4    192    392
792   100   6    5    86
793   217   7    170    228
794   663   7    21    303
795   576   5    55    257
796   682   4    119    169
797   615   5    133    375
798   770   6    176    431
799   553   3    5    400
800   53   3    50    27
801   271   6    179    376
802   628   4    145    194
803   489   5    102    422
804   41   3    192    267
805   56   5    169    333
806   139   4    44    105
807   175   3    72    230
808   626   5    38    491
809   702   4    157    282
810   298   5    13    4
811   278   6    84    222
812   435   2    161    211
813   699   6    74    280
814   245   2    84    304
815   700   6    138    64
816   39   3    160    468
817   744   3    44    306
818   121   2    121    278
819   232   2    128    362
820   338   2    74    50
821   34   4    63    183
822   349   4    118    206
823   455   4    44    422
824   342   5    185    163
825   407   5    25    100
826   67   6    157    239
827   544   5    18    315
828   803   2    100    479
829   120   5    53    100
830   684   4    78    448
831   564   6    5    478
832   390   3    97    86
833   793   6    129    433
834   495   6    193    173
835   204   5    35    23
836   264   4    80    343
837   437   6    188    391
838   483   4    126    204
839   649   6    3    161
840   52   4    150    38
841   652   3    57    316
842   595   7    139    97
843   325   5    25    247
844   323   5    94    314
845   817   4    167    319
846   730   3    60    263
847   533   7    109    169
848   558   7    99    235
849   77   2    153    479
850   472   6    30    398
851   237   5    44    342
852   50   3    158    321
853   44   6    148    375
854   361   7    11    382
855   205   5    24    393
856   389   4    76    494
857   818   4    80    138
858   326   4    187    12
859   197   5    139    280
860   616   6    23    11
861   188   3    41    499
862   583   3    119    47
863   98   6    25    257
864   30   2    147    285
865   401   2    86    242
866   51   4    168    240
867   459   2    150    162
868   95   6    146    155
869   314   6    103    315
870   543   5    66    108
871   124   5    191    430
872   354   4    9    336
873   74   6    54    337
874   339   5    61    178
875   643   6    30    443
876   707   6    20    350
877   660   6    120    93
878   495   6    21    83
879   235   6    128    305
880   35   7    24    189
881   343   4    9    404
882   422   2    107    154
883   313   6    66    356
884   628   6    86    444
885   513   4    89    62
886   731   4    51    56
887   126   4    125    95
888   254   2    178    138
889   376   4    109    490
890   186   2    58    274
891   483   6    121    197
892   765   2    178    156
893   841   4    135    489
894   113   6    17    329
895   200   2    137    290
896   693   5    142    402
897   115   6    101    145
898   204   4    41    412
899   233   3    124    153
900   701   7    50    85
901   852   4    153    10
902   290   4    188    347
903   253   2    154    206
904   705   3    154    478
905   306   7    93    456
906   416   5    28    422
907   158   3    174    245
908   110   3    59    154
909   741   3    137    15
910   705   2    125    265
911   669   5    107    227
912   280   7    25    151
913   82   4    108    448
914   586   4    84    175
915   373   5    45    454
916   470   3    198    12
917   278   6    130    115
918   216   4    132    254
919   29   6    147    171
920   610   7    26    397
921   501   7    183    44
922   145   2    74    75
923   648   3    176    42
924   688   4    135    478
925   581   5    175    399
926   915   5    180    295
927   493   5    3    474
928   500   7    102    218
929   133   5    117    336
930   743   6    44    92
931   286   6    99    167
932   713   2    33    481
933   84   3    195    395
934   577   6    179    310
935   211   4    125    429
936   429   3    25    206
937   924   6    60    248
938   130   6    156    170
939   98   3    161    21
940   418   2    187    256
941   460   6    113    483
942   904   4    195    305
943   739   6    122    487
944   203   2    68    325
945   46   7    161    344
946   629   2    52    131
947   456   2    83    377
948   165   4    109    49
949   130   5    141    451
950   259   6    87    392
951   872   6    61    132
952   508   7    76    106
953   607   3    31    491
954   263   3    53    439
955   612   5    24    256
956   945   2    101    460
957   371   3    63    353
958   99   4    45    281
959   526   5    29    251
960   486   2    78    224
961   889   2    189    285
962   146   2    34    362
963   384   2    153    201
964   820   7    59    164
965   793   3    24    135
966   381   7    101    119
967   250   7    42    26
968   520   3    89    372
969   435   7    103    356
970   753   4    47    296
971   67   4    120    76
972   455   5    116    287
973   718   4    85    414
974   567   6    122    291
975   869   5    158    360
976   820   2    3    267
977   693   7    97    47
978   236   4    135    355
979   63   3    9    485
980   2   5    75    172
981   287   7    49    53
982   62   3    23    140
983   977   6    88    33
984   625   5    144    248
985   974   2    143    109
986   351   3    85    493
987   817   2    7    472
988   263   7    44    154
989   47   5    168    143
990   577   5    125    32
991   267   2    78    205
992   977   7    120    128
993   961   2    170    379
994   170   5    13    357
995   358   7    160    155
996   108   5    61    490
997   870   2    182    494
998   121   5    43    321
999   711   6    5    481
1000   386   7    154    69
1001   478   5    67    104
1002   767   5    169    413
1003   586   2    84    215
1004   729   6    171    134
1005   18   6    51    447
1006   712   3    197    498
1007   680   5    14    250
1008   15   7    20    490
1009   172   2    80    253
1010   120   2    13    420
1011   174   6    94    54
1012   396   3    26    383
1013   346   3    43    481
1014   776   4    1    212
1015   32   2    20    158
1016   688   5    190    256
1017   686   5    180    72
1018   49   6    10    141
1019   416   7    93    124
1020   165   6    2    143
1021   396   4    160    164
1022   154   3    29    99
1023   321   6    27    386
1024   619   4    41    101
