1   0   2    1    41
2   1   2    97    48
3   1   7    166    371
4   2   7    72    440
5   1   7    48    411
6   4   6    46    23
7   2   6    19    235
8   6   2    100    462
9   4   3    152    142
10   6   7    71    404
11   7   4    98    43
12   8   3    45    186
13   4   2    164    163
14   2   2    42    254
15   5   3    47    202
16   5   7    173    72
17   5   5    111    455
18   2   6    122    117
19   1   5    82    426
20   5   7    48    193
21   10   2    161    175
22   20   7    122    474
23   19   6    112    197
24   5   4    89    176
25   19   2    38    436
26   3   2    161    326
27   16   7    168    405
28   2   4    138    136
29   2   4    105    238
30   16   2    36    168
31   28   3    191    185
32   11   7    166    21
33   26   5    171    325
34   1   3    48    104
35   23   6    79    458
36   8   4    144    231
37   29   7    18    439
38   14   6    113    184
39   14   4    21    184
40   13   3    43    103
41   36   2    91    32
42   2   6    64    54
43   15   2    99    140
44   18   4    39    417
45   23   6    174    369
46   32   6    100    197
47   22   2    157    259
48   17   4    30    254
49   6   6    41    136
50   18   4    114    239
51   41   5    145    198
52   37   3    69    311
53   5   5    1    215
54   17   2    98    367
55   16   2    88    187
56   21   3    60    122
57   23   3    40    32
58   52   7    54    95
59   27   5    46    396
60   13   2    186    371
61   17   2    33    309
62   59   4    175    380
63   52   2    91    388
64   33   2    167    283
65   52   4    82    489
66   17   2    142    250
67   62   7    117    19
68   56   2    45    379
69   48   3    89    136
70   12   4    117    206
71   5   7    160    449
72   36   2    93    433
73   20   5    101    473
74   50   6    11    254
75   73   6    67    439
76   40   6    89    185
77   22   3    132    329
78   4   3    93    254
79   6   5    22    396
80   57   7    16    47
81   25   7    45    2
82   31   2    103    193
83   23   2    22    2
84   22   5    146    100
85   42   6    78    270
86   63   4    90    482
87   68   2    190    322
88   65   4    156    253
89   26   4    106    47
90   59   6    19    131
91   72   5    86    498
92   15   7    73    498
93   86   5    5    167
94   83   6    34    358
95   45   3    188    345
96   83   7    162    467
97   32   4    25    8
98   94   3    97    171
99   59   2    105    443
100   41   3    108    191
101   81   5    197    6
102   96   4    32    295
103   13   7    106    264
104   36   5    48    300
105   60   3    169    280
106   45   6    82    398
107   39   7    22    136
108   7   7    26    125
109   100   3    154    378
110   38   2    122    497
111   62   3    27    179
112   57   5    70    246
113   108   3    37    68
114   66   2    74    1
115   34   2    34    426
116   28   3    174    465
117   76   4    152    166
118   1   2    79    209
119   112   3    56    431
120   96   6    22    486
121   53   2    48    103
122   28   5    16    494
123   34   6    188    23
124   70   6    145    122
125   67   7    184    47
126   124   6    113    397
127   47   4    107    67
128   108   2    108    325
129   21   3    141    106
130   103   6    151    6
131   4   6    172    190
132   102   6    8    142
133   45   6    138    137
134   58   4    118    418
135   68   6    158    92
136   29   5    9    238
137   5   5    7    325
138   35   2    6    85
139   97   6    83    454
140   91   6    86    440
141   4   2    156    227
142   20   6    148    142
143   68   3    45    225
144   58   4    49    89
145   90   5    60    253
146   113   7    10    435
147   113   6    51    252
148   132   5    87    376
149   63   4    16    324
150   99   7    190    293
151   108   4    103    488
152   54   4    180    450
153   26   7    166    203
154   25   4    164    114
155   28   4    101    15
156   140   6    177    333
157   52   7    54    201
158   2   2    199    61
159   68   5    38    58
160   129   3    49    166
161   156   5    137    349
162   63   7    147    236
163   128   2    172    45
164   111   6    106    150
165   141   4    95    316
166   28   2    95    421
167   32   6    41    233
168   50   2    121    165
169   10   2    7    57
170   158   2    193    85
171   110   6    45    18
172   51   6    185    257
173   96   4    101    195
174   11   4    164    379
175   170   7    33    368
176   56   5    98    441
177   129   7    109    50
178   157   7    79    377
179   65   7    134    453
180   169   2    183    306
181   42   5    43    381
182   142   2    134    272
183   46   5    75    13
184   108   3    142    103
185   77   2    89    127
186   130   3    34    234
187   123   3    169    36
188   125   5    71    203
189   26   6    51    355
190   116   5    114    337
191   126   4    75    432
192   42   3    168    434
193   188   5    14    380
194   46   4    32    459
195   83   4    26    33
196   36   4    179    376
197   72   7    97    248
198   69   4    99    436
199   69   5    29    173
200   88   6    62    432
201   32   3    68    1
202   63   5    10    250
203   129   5    7    423
204   56   3    34    301
205   38   7    62    335
206   174   6    189    343
207   32   5    162    300
208   85   4    171    128
209   123   7    33    78
210   94   3    103    193
211   72   7    151    220
212   130   4    92    76
213   29   6    157    109
214   91   6    56    43
215   155   7    162    415
216   128   5    180    435
217   100   6    107    305
218   147   7    56    243
219   67   5    82    465
220   42   6    10    194
221   4   7    22    251
222   213   3    78    284
223   114   5    12    366
224   66   3    92    489
225   33   6    163    390
226   161   2    157    47
227   155   4    94    323
228   43   3    184    75
229   106   7    170    465
230   31   6    15    126
231   225   4    20    72
232   4   3    90    322
233   102   7    72    38
234   167   7    174    387
235   56   5    177    409
236   169   5    35    202
237   230   5    108    283
238   174   2    156    15
239   12   4    61    496
240   148   2    154    355
241   142   3    173    483
242   20   3    14    204
243   65   5    41    490
244   16   2    20    128
245   33   2    54    166
246   52   5    154    82
247   229   7    129    244
248   48   4    79    303
249   155   2    62    187
250   242   5    147    255
251   58   6    170    375
252   136   7    152    116
253   132   2    179    69
254   122   5    177    227
255   185   4    83    82
256   166   5    77    211
257   236   2    146    244
258   255   2    195    395
259   65   5    109    280
260   236   5    191    251
261   66   2    123    362
262   67   3    162    361
263   108   2    160    37
264   70   2    155    405
265   258   6    24    378
266   169   2    101    446
267   156   2    79    345
268   2   3    121    392
269   118   6    101    431
270   209   7    15    354
271   242   5    160    247
272   100   3    148    59
273   237   4    9    270
274   82   4    102    56
275   5   2    23    180
276   3   2    12    358
277   91   4    99    70
278   132   4    26    342
279   154   4    36    378
280   211   2    73    11
281   133   5    145    151
282   149   6    28    221
283   256   6    183    1
284   77   6    32    289
285   230   5    9    18
286   104   2    4    321
287   124   3    196    490
288   273   4    55    393
289   8   7    32    253
290   116   7    87    436
291   219   5    14    181
292   286   7    47    475
293   147   5    69    389
294   206   2    163    371
295   220   3    22    210
296   212   2    197    216
297   33   5    109    416
298   229   3    58    420
299   137   2    132    493
300   192   2    72    464
301   299   5    191    174
302   170   5    45    112
303   148   6    118    183
304   88   6    64    461
305   189   4    2    134
306   200   2    131    234
307   102   6    135    41
308   294   7    43    9
309   89   3    12    412
310   218   3    142    62
311   293   4    11    8
312   18   7    142    6
313   297   7    33    428
314   31   2    44    312
315   200   6    40    178
316   213   3    157    405
317   186   3    127    250
318   99   5    43    335
319   50   6    93    122
320   263   4    83    41
321   126   4    7    453
322   80   2    107    189
323   131   3    187    489
324   12   5    6    470
325   306   2    86    124
326   91   3    165    129
327   253   7    72    61
328   120   3    100    491
329   249   5    46    262
330   7   7    45    104
331   282   4    57    83
332   221   4    19    398
333   330   3    106    195
334   94   2    139    164
335   63   7    93    171
336   137   6    132    254
337   291   4    151    257
338   245   5    97    257
339   96   3    35    259
340   258   6    172    413
341   241   2    194    18
342   19   4    172    493
343   182   6    160    118
344   233   3    135    345
345   272   5    93    472
346   52   4    106    464
347   47   7    16    185
348   114   7    133    396
349   37   3    152    214
350   345   4    129    83
351   115   2    150    452
352   226   2    134    407
353   254   2    127    308
354   107   5    65    108
355   290   3    61    353
356   78   3    196    374
357   47   7    137    228
358   41   2    198    423
359   234   6    42    362
360   249   4    88    203
361   269   7    162    264
362   15   6    101    429
363   105   2    90    95
364   178   6    98    143
365   67   3    25    393
366   330   2    56    237
367   167   3    163    379
368   197   7    117    265
369   175   5    195    270
370   117   7    37    149
371   225   3    179    333
372   116   3    81    426
373   300   5    192    116
374   134   7    153    48
375   62   6    35    242
376   213   7    19    278
377   144   5    26    469
378   267   6    141    215
379   182   7    21    183
380   40   5    130    169
381   152   5    51    449
382   323   6    140    110
383   133   6    104    74
384   239   3    132    248
385   342   5    108    47
386   121   3    53    95
387   334   2    136    375
388   346   7    157    34
389   372   5    151    98
390   120   7    90    220
391   159   2    162    52
392   107   7    11    31
393   109   2    112    188
394   301   3    31    101
395   117   6    139    91
396   297   5    181    480
397   248   2    18    201
398   372   5    168    264
399   311   7    14    38
400   201   4    82    120
401   101   3    77    427
402   372   4    104    20
403   98   4    174    315
404   63   7    188    479
405   7   6    126    479
406   162   7    133    58
407   193   4    66    112
408   311   3    184    193
409   301   7    81    402
410   49   3    64    496
411   122   7    10    60
412   234   2    1    104
413   363   7    101    139
414   40   3    189    74
415   237   2    106    499
416   318   3    124    371
417   212   7    60    302
418   220   2    22    51
419   140   5    173    435
420   290   2    142    363
421   394   7    186    407
422   230   4    176    273
423   124   3    46    383
424   236   4    62    256
425   46   6    79    454
426   281   4    169    448
427   28   3    89    293
428   154   2    162    353
429   82   2    171    154
430   1   4    46    339
431   420   3    95    486
432   62   3    137    437
433   308   7    11    3
434   420   5    56    454
435   209   5    178    439
436   307   2    92    460
437   173   3    15    135
438   150   3    29    198
439   5   2    78    455
440   117   5    106    173
441   279   7    137    493
442   252   7    11    299
443   105   3    50    154
444   299   2    176    321
445   94   2    115    41
446   370   4    116    338
447   125   7    120    16
448   204   5    116    464
449   421   7    48    257
450   429   7    27    443
451   299   4    131    82
452   82   2    100    17
453   343   7    100    206
454   226   7    33    352
455   72   2    163    66
456   186   3    141    101
457   121   5    174    183
458   411   2    196    155
459   159   3    197    418
460   166   5    179    317
461   121   4    139    445
462   351   3    112    57
463   310   7    31    366
464   446   3    37    137
465   47   5    33    197
466   398   3    181    108
467   126   3    45    100
468   428   4    134    440
469   399   6    75    234
470   261   2    12    181
471   246   3    84    286
472   451   5    50    93
473   40   2    60    15
474   274   4    92    405
475   269   2    70    8
476   402   4    99    222
477   21   7    145    139
478   424   7    148    358
479   271   2    55    333
480   330   2    88    433
481   284   3    111    267
482   39   3    26    137
483   308   7    95    433
484   234   6    44    124
485   116   6    3    214
486   413   7    34    401
487   130   2    83    322
488   158   5    127    308
489   225   5    139    4
490   168   5    84    152
491   222   2    181    409
492   309   6    88    18
493   405   6    148    370
494   471   5    33    43
495   421   3    20    464
496   165   5    82    313
497   234   4    81    310
498   133   3    61    402
499   7   2    136    498
500   36   7    89    299
501   170   4    171    233
502   214   7    191    231
503   232   4    190    109
504   477   5    49    75
505   310   7    176    70
506   46   6    32    40
507   176   5    187    120
508   308   7    134    483
509   313   4    27    291
510   81   7    82    418
511   341   7    117    163
512   86   6    162    438
513   358   2    175    265
514   143   4    110    26
515   200   7    107    385
516   389   7    14    416
517   477   6    79    345
518   4   5    164    482
519   67   7    156    403
520   85   7    50    143
521   32   7    193    84
522   2   3    148    86
523   19   5    138    447
524   270   7    76    133
525   421   5    153    275
526   506   5    22    295
527   106   4    182    264
528   31   3    5    398
529   484   5    178    487
530   33   5    63    131
531   112   4    92    49
532   467   3    152    80
533   383   2    31    137
534   14   3    87    148
535   337   7    83    183
536   2   4    2    328
537   417   5    38    209
538   86   2    149    107
539   498   6    151    365
540   403   3    10    418
541   507   5    70    280
542   512   6    136    85
543   301   4    191    280
544   221   3    98    287
545   529   5    61    8
546   376   3    129    296
547   522   6    26    104
548   441   6    23    209
549   320   2    174    475
550   343   3    124    342
551   226   6    60    357
552   121   5    87    86
553   79   5    147    295
554   23   2    103    499
555   449   2    31    244
556   20   3    60    422
557   62   4    63    373
558   261   4    172    334
559   71   6    169    458
560   534   7    105    50
561   288   6    51    278
562   215   7    134    37
563   364   2    62    207
564   62   4    96    92
565   325   5    84    29
566   75   6    32    488
567   355   6    51    413
568   327   6    1    191
569   549   4    80    463
570   163   3    190    95
571   384   6    100    293
572   74   7    41    406
573   530   7    109    383
574   80   4    92    98
575   275   3    185    289
576   48   7    162    428
577   371   7    187    188
578   233   2    142    483
579   338   4    65    403
580   394   4    37    413
581   121   6    58    314
582   491   2    117    442
583   76   4    106    289
584   444   6    86    396
585   71   2    3    241
586   170   7    143    447
587   249   7    187    183
588   439   3    29    169
589   160   2    189    274
590   449   3    118    321
591   443   3    176    433
592   272   2    35    207
593   563   4    67    213
594   349   6    171    225
595   110   3    183    53
596   489   2    133    403
597   554   4    197    455
598   31   2    119    82
599   93   7    124    441
600   79   7    157    95
601   407   3    116    32
602   120   4    90    381
603   174   6    65    422
604   149   6    146    453
605   83   4    103    69
606   430   7    175    9
607   95   6    22    174
608   196   2    135    429
609   101   2    196    125
610   97   5    16    185
611   190   6    1    160
612   435   3    14    64
613   84   7    158    323
614   262   7    8    221
615   495   3    51    343
616   384   6    133    16
617   608   2    150    113
618   371   6    194    495
619   292   7    52    343
620   557   3    156    209
621   600   3    64    271
622   125   7    118    432
623   255   4    139    467
624   428   6    151    118
625   561   5    27    171
626   218   6    71    72
627   146   6    49    206
628   440   6    3    376
629   621   2    77    178
630   592   3    18    342
631   175   7    133    458
632   191   5    194    375
633   488   2    128    455
634   602   7    130    260
635   42   3    6    65
636   278   7    135    175
637   338   5    85    24
638   164   5    40    192
639   276   4    151    166
640   607   2    23    429
641   40   5    60    363
642   282   3    103    496
643   24   6    61    168
644   23   5    69    238
645   25   2    62    91
646   5   4    1    391
647   144   6    106    39
648   452   4    139    410
649   415   3    109    371
650   489   5    179    336
651   10   2    101    451
652   599   6    133    72
653   513   4    26    363
654   218   7    195    373
655   465   2    68    30
656   73   2    129    205
657   482   6    17    382
658   205   7    144    90
659   385   3    90    297
660   243   2    126    107
661   283   3    195    475
662   519   5    28    344
663   592   4    22    334
664   183   7    65    258
665   87   2    139    353
666   109   7    46    92
667   84   5    17    477
668   467   2    136    166
669   484   4    57    477
670   215   4    20    480
671   21   4    79    51
672   29   6    70    254
673   571   4    31    466
674   411   2    1    216
675   95   3    197    295
676   251   4    135    430
677   619   6    119    220
678   186   5    99    56
679   23   7    170    431
680   53   5    162    497
681   29   5    36    443
682   53   4    198    369
683   537   5    62    334
684   626   4    60    293
685   218   5    126    255
686   199   3    85    323
687   189   2    103    257
688   243   2    107    246
689   677   4    145    14
690   255   7    19    149
691   686   2    38    217
692   338   2    54    3
693   512   4    52    317
694   157   4    78    403
695   517   2    193    90
696   2   3    114    282
697   280   3    66    92
698   474   4    24    16
699   607   7    1    1
700   206   5    54    110
701   113   2    190    217
702   416   2    86    306
703   157   4    4    287
704   5   3    10    47
705   316   7    144    348
706   587   6    111    481
707   510   3    134    16
708   231   4    161    487
709   192   3    77    11
710   252   6    29    294
711   247   5    175    240
712   458   3    166    140
713   181   7    141    106
714   223   4    133    72
715   11   7    59    394
716   226   7    12    182
717   639   4    118    99
718   553   5    74    233
719   65   5    105    327
720   380   6    112    190
721   424   3    125    430
722   284   6    155    142
723   495   6    102    114
724   493   5    186    282
725   279   3    11    409
726   5   4    29    380
727   364   2    15    367
728   360   3    49    499
729   186   4    34    154
730   692   6    34    295
731   468   3    197    317
732   163   2    54    26
733   244   6    56    351
734   577   5    24    164
735   305   5    35    227
736   724   2    21    457
737   521   4    87    116
738   28   7    60    161
739   563   4    24    260
740   466   3    108    156
741   275   3    123    196
742   735   4    4    426
743   512   5    125    227
744   513   3    152    192
745   332   6    35    454
746   626   5    161    159
747   621   4    51    335
748   636   4    132    390
749   214   4    173    437
750   594   6    50    129
751   135   3    195    88
752   125   7    105    262
753   476   2    35    146
754   192   2    47    172
755   113   3    166    88
756   259   4    150    293
757   501   5    137    228
758   353   7    2    286
759   559   5    19    336
760   235   7    95    195
761   369   2    163    94
762   339   5    95    339
763   102   4    75    461
764   612   5    129    484
765   449   5    104    86
766   327   5    106    297
767   757   5    36    196
768   763   5    110    131
769   636   4    20    405
770   482   7    19    410
771   435   7    12    195
772   11   2    84    430
773   314   5    57    76
774   685   5    62    459
775   723   2    173    25
776   31   4    34    441
777   682   7    179    41
778   643   2    110    294
779   355   2    114    279
780   692   2    111    223
781   247   2    117    461
782   687   7    181    464
783   617   2    140    75
784   264   2    52    8
785   436   6    91    56
786   494   2    198    489
787   766   7    33    154
788   519   2    20    8
789   370   4    11    37
790   190   7    94    464
791   498   4    132    197
792   687   2    37    99
793   150   2    91    423
794   737   4    90    176
795   397   4    4    13
796   571   6    197    136
797   51   2    55    393
798   750   2    149    232
799   527   5    166    16
800   757   7    88    367
801   518   6    51    460
802   110   5    148    279
803   507   3    171    93
804   631   5    167    442
805   77   2    115    342
806   651   5    111    232
807   592   4    6    429
808   260   5    172    123
809   776   4    107    123
810   289   7    23    169
811   203   2    18    24
812   2   6    195    22
813   50   4    103    236
814   190   7    167    415
815   559   3    120    180
816   776   6    41    206
817   116   5    68    237
818   716   3    119    233
819   542   2    24    199
820   561   6    172    96
821   231   7    94    347
822   4   7    190    12
823   617   7    10    91
824   210   3    6    474
825   210   7    8    204
826   824   5    21    51
827   264   7    151    212
828   445   4    101    45
829   293   6    132    71
830   119   2    148    397
831   744   7    180    284
832   770   6    32    364
833   665   2    20    258
834   663   2    176    33
835   456   6    50    275
836   52   7    45    21
837   483   6    171    73
838   285   4    103    178
839   380   2    69    431
840   10   2    129    366
841   364   7    34    160
842   683   2    195    284
843   629   2    173    456
844   422   7    27    343
845   430   5    154    7
846   133   3    60    73
847   168   7    141    24
848   574   6    171    271
849   259   6    89    248
850   535   4    12    152
851   91   5    105    431
852   760   6    149    333
853   621   2    103    223
854   625   6    79    305
855   382   6    143    362
856   848   5    80    255
857   423   5    2    117
858   154   5    74    184
859   651   4    16    92
860   341   6    11    497
861   819   5    54    99
862   202   4    163    287
863   524   4    101    186
864   344   4    165    124
865   434   2    63    27
866   634   6    68    323
867   576   2    39    63
868   265   3    10    69
869   6   3    156    443
870   721   3    20    108
871   404   4    3    195
872   703   3    197    280
873   485   4    42    320
874   381   5    176    225
875   526   3    128    329
876   220   5    146    275
877   11   2    56    90
878   870   5    26    102
879   728   2    174    485
880   165   4    112    234
881   548   6    127    15
882   114   4    177    202
883   5   3    86    204
884   642   3    21    336
885   619   2    169    70
886   496   3    154    414
887   246   6    33    170
888   166   2    29    31
889   431   5    197    98
890   259   4    30    239
891   637   3    194    464
892   316   4    96    26
893   482   2    164    427
894   638   7    47    72
895   557   2    180    91
896   568   3    93    414
897   566   6    72    86
898   410   5    61    317
899   303   4    150    229
900   389   3    125    28
901   315   4    105    374
902   386   5    111    343
903   312   5    13    215
904   439   5    11    484
905   138   7    148    59
906   5   6    19    422
907   142   2    22    349
908   562   4    173    373
909   276   2    111    363
910   693   4    154    437
911   366   7    196    206
912   680   5    137    134
913   552   3    95    427
914   364   4    110    39
915   350   4    149    69
916   342   4    14    210
917   249   3    38    441
918   18   2    197    424
919   507   3    85    109
920   69   4    110    11
921   592   5    199    179
922   163   3    196    223
923   679   5    109    22
924   757   3    68    405
925   406   6    184    136
926   706   4    41    274
927   846   6    97    287
928   53   4    80    256
929   656   7    95    448
930   824   3    188    304
931   488   5    161    122
932   207   5    59    7
933   514   5    69    215
934   118   7    52    71
935   767   5    191    67
936   350   7    52    387
937   447   2    180    297
938   438   3    180    216
939   651   3    63    109
940   172   7    161    116
941   270   7    79    384
942   861   7    29    17
943   458   6    124    293
944   310   3    110    466
945   756   2    168    66
946   71   2    46    157
947   233   3    175    269
948   758   5    109    325
949   18   6    24    263
950   844   2    26    107
951   172   2    187    385
952   787   3    169    90
953   485   4    170    227
954   901   6    162    209
955   538   4    6    144
956   566   3    165    331
957   697   6    139    493
958   36   2    172    313
959   335   7    42    108
960   627   3    73    62
961   511   5    151    26
962   459   3    4    395
963   908   2    153    68
964   917   6    50    89
965   514   7    152    300
966   77   5    26    263
967   714   7    139    148
968   876   2    69    407
969   166   4    76    206
970   115   3    134    208
971   773   2    15    447
972   546   5    71    330
973   909   3    50    472
974   493   7    106    367
975   170   3    187    297
976   567   4    37    313
977   871   4    38    56
978   206   5    98    455
979   311   6    78    406
980   753   4    191    41
981   723   5    1    20
982   209   4    97    48
983   642   7    22    245
984   311   2    86    236
985   131   6    106    485
986   763   5    7    231
987   36   2    10    190
988   185   3    44    57
989   362   7    69    289
990   688   4    181    63
991   960   4    124    376
992   293   3    85    134
993   136   5    184    410
994   83   3    170    269
995   344   4    171    125
996   470   2    125    332
997   633   2    167    420
998   939   4    171    468
999   479   6    78    364
1000   774   6    58    368
1001   332   2    100    369
1002   583   2    73    19
1003   860   7    74    14
1004   428   2    64    494
1005   508   5    10    463
1006   723   5    195    338
1007   163   4    108    60
1008   372   3    77    420
1009   466   3    175    210
1010   464   3    29    210
1011   801   2    162    363
1012   975   6    127    219
1013   337   4    37    291
1014   635   6    85    242
1015   72   4    58    172
1016   805   2    123    343
1017   668   4    87    222
1018   1006   7    91    385
1019   191   3    24    70
1020   901   7    182    90
1021   850   3    91    154
1022   229   7    60    468
1023   594   7    114    89
1024   230   6    174    76
