1   0   6    13    5
2   1   3    24    57
3   1   7    13    305
4   2   3    170    213
5   2   7    60    146
6   4   4    67    32
7   2   6    5    245
8   1   2    85    30
9   2   2    57    308
10   1   3    35    94
11   7   2    29    451
12   4   6    119    267
13   3   2    157    151
14   8   6    117    430
15   1   6    172    403
16   8   6    178    345
17   11   2    174    208
18   10   6    158    431
19   16   6    70    298
20   1   7    38    92
21   19   6    118    215
22   16   5    25    16
23   17   3    57    101
24   21   5    191    140
25   18   3    87    140
26   4   2    179    273
27   5   3    173    373
28   17   5    61    143
29   18   2    181    233
30   6   6    152    166
31   7   3    105    133
32   15   6    17    230
33   5   3    183    312
34   5   7    59    168
35   7   3    96    57
36   19   2    194    455
37   1   2    156    59
38   5   6    155    44
39   24   2    98    10
40   5   2    5    10
41   36   5    199    57
42   18   2    114    330
43   33   5    44    183
44   2   6    39    420
45   4   6    133    364
46   19   6    38    88
47   42   5    112    226
48   43   7    91    43
49   35   6    47    381
50   4   6    72    356
51   46   4    5    296
52   1   2    121    265
53   11   7    20    43
54   8   3    70    199
55   40   2    163    370
56   34   6    122    395
57   19   5    89    456
58   24   6    142    360
59   40   3    98    318
60   58   6    29    84
61   53   5    30    347
62   15   3    96    364
63   39   4    128    434
64   10   2    190    290
65   29   6    118    153
66   5   5    110    284
67   32   5    154    487
68   58   3    38    488
69   19   6    151    420
70   19   5    22    325
71   33   6    36    92
72   5   5    24    483
73   53   5    30    337
74   42   2    47    89
75   68   2    195    184
76   66   7    156    25
77   27   5    9    464
78   6   7    123    350
79   22   6    71    350
80   49   3    60    104
81   46   2    197    75
82   75   5    106    428
83   26   2    186    80
84   24   3    123    175
85   57   2    112    68
86   82   5    99    409
87   65   3    181    165
88   44   2    56    128
89   52   2    67    65
90   4   6    79    165
91   22   7    52    213
92   35   7    103    67
93   49   4    48    5
94   60   4    68    481
95   69   7    82    423
96   22   7    164    435
97   91   2    100    226
98   57   2    113    223
99   81   2    146    372
100   78   6    49    433
101   9   3    148    297
102   78   7    64    145
103   55   4    155    453
104   40   4    96    292
105   75   6    45    489
106   57   4    66    142
107   34   5    10    356
108   13   6    72    258
109   59   7    120    257
110   45   6    171    321
111   3   5    177    37
112   66   3    120    181
113   109   7    159    95
114   6   5    27    182
115   36   2    24    440
116   72   5    58    56
117   60   4    60    74
118   2   5    196    396
119   2   5    112    490
120   27   7    9    267
121   113   3    196    299
122   118   7    128    194
123   42   7    118    377
124   107   2    16    286
125   54   5    125    446
126   28   5    38    139
127   12   5    76    414
128   51   2    118    303
129   114   5    134    84
130   76   7    42    316
131   61   7    163    56
132   121   6    103    215
133   42   5    59    271
134   28   2    104    93
135   114   6    198    144
136   87   2    43    476
137   66   6    127    145
138   118   2    152    121
139   121   4    194    100
140   105   2    56    261
141   82   4    13    168
142   80   5    131    367
143   79   6    121    93
144   71   7    66    405
145   67   7    54    82
146   84   5    45    154
147   126   2    83    278
148   40   6    23    332
149   19   5    196    411
150   23   4    180    44
151   109   5    174    202
152   86   5    188    252
153   39   7    21    70
154   33   7    190    222
155   49   5    198    251
156   34   6    9    475
157   13   4    165    395
158   60   2    1    90
159   135   7    101    475
160   11   2    199    383
161   69   3    101    444
162   38   7    162    9
163   99   4    111    360
164   140   7    101    33
165   33   7    15    210
166   55   3    32    59
167   25   6    54    435
168   24   5    87    43
169   127   5    143    417
170   95   5    6    372
171   152   3    104    464
172   28   3    123    394
173   121   2    26    117
174   69   6    2    446
175   133   4    134    257
176   87   2    150    456
177   88   5    199    467
178   157   4    193    421
179   47   2    195    396
180   93   3    195    149
181   16   2    90    90
182   173   5    113    287
183   113   4    19    226
184   68   6    119    358
185   12   5    179    10
186   109   3    185    224
187   140   4    126    151
188   45   4    177    220
189   120   5    126    319
190   66   3    28    38
191   35   5    43    95
192   141   2    22    120
193   112   6    128    21
194   124   3    174    454
195   105   7    48    458
196   27   7    113    17
197   39   7    172    136
198   174   5    169    257
199   122   5    110    82
200   84   5    81    103
201   131   2    115    24
202   13   4    5    375
203   181   5    24    166
204   139   4    11    396
205   60   4    187    496
206   16   2    11    269
207   95   7    33    462
208   152   4    185    213
209   177   7    191    161
210   194   2    123    446
211   139   6    73    1
212   3   7    106    102
213   52   4    151    489
214   85   2    197    213
215   22   5    149    88
216   152   7    198    264
217   88   4    170    422
218   206   7    132    486
219   102   2    193    433
220   159   5    43    360
221   181   6    122    162
222   71   2    95    162
223   102   6    185    207
224   99   7    193    435
225   57   2    166    444
226   161   2    53    353
227   137   4    33    88
228   202   5    87    332
229   138   4    13    380
230   156   3    30    226
231   228   7    28    426
232   3   2    3    36
233   214   2    191    45
234   191   2    105    480
235   120   6    124    73
236   186   3    6    121
237   5   3    119    488
238   64   6    61    405
239   135   7    20    395
240   57   4    41    238
241   56   2    79    132
242   203   5    14    315
243   74   6    36    474
244   138   5    98    3
245   127   2    106    456
246   205   4    75    27
247   157   5    197    68
248   138   4    27    18
249   58   2    152    470
250   182   4    147    183
251   1   7    50    134
252   202   7    165    156
253   251   6    104    39
254   135   3    96    126
255   35   7    50    216
256   234   7    64    431
257   75   2    183    184
258   174   5    9    84
259   182   5    129    269
260   30   7    56    173
261   42   7    112    33
262   257   2    88    63
263   36   7    147    154
264   202   4    69    320
265   61   2    192    37
266   121   2    156    475
267   24   3    69    217
268   132   4    46    170
269   246   5    115    102
270   205   5    4    249
271   251   7    179    222
272   205   3    29    346
273   119   6    83    365
274   31   2    168    357
275   182   6    157    307
276   8   4    191    124
277   225   6    106    108
278   5   3    96    412
279   15   4    191    283
280   160   7    118    492
281   41   6    75    407
282   229   2    108    351
283   85   7    163    201
284   30   5    169    87
285   66   7    36    18
286   22   7    164    269
287   257   2    196    107
288   106   5    123    178
289   148   2    45    146
290   247   2    15    323
291   33   3    22    264
292   197   3    173    270
293   103   3    133    391
294   173   3    1    454
295   222   7    93    462
296   117   4    13    301
297   11   6    101    433
298   212   7    165    38
299   190   2    172    277
300   39   4    59    82
301   126   4    130    339
302   295   4    125    498
303   92   6    186    454
304   27   4    32    70
305   109   3    94    122
306   122   5    152    353
307   85   5    182    168
308   209   7    57    301
309   222   6    199    230
310   168   7    125    195
311   148   4    118    297
312   238   3    40    282
313   282   5    113    413
314   56   2    63    334
315   5   6    75    352
316   56   3    71    30
317   216   5    100    100
318   247   6    183    67
319   262   7    129    131
320   47   6    116    392
321   229   3    76    338
322   166   6    146    344
323   230   2    108    485
324   165   2    2    392
325   92   2    162    146
326   254   6    172    323
327   88   5    143    17
328   273   7    66    70
329   192   2    58    228
330   102   6    80    419
331   193   7    77    119
332   154   3    36    259
333   299   5    96    339
334   283   2    134    183
335   245   3    76    441
336   2   2    3    53
337   117   3    23    216
338   257   5    149    413
339   315   7    34    457
340   179   4    156    315
341   2   7    156    276
342   115   6    165    374
343   196   6    163    24
344   277   4    98    472
345   15   4    175    181
346   263   6    16    46
347   188   6    55    263
348   16   6    151    430
349   153   7    138    300
350   84   3    175    368
351   258   2    167    250
352   270   5    10    55
353   103   5    125    247
354   128   5    161    40
355   347   3    150    61
356   2   6    14    409
357   337   5    199    105
358   99   6    67    347
359   41   4    189    239
360   277   5    75    425
361   345   2    64    407
362   97   6    187    250
363   355   4    183    383
364   348   7    62    184
365   351   6    171    25
366   110   6    88    30
367   319   3    70    5
368   155   2    3    459
369   214   7    117    385
370   270   3    8    157
371   73   4    34    77
372   330   2    116    409
373   233   6    46    158
374   239   5    67    207
375   166   4    137    2
376   157   4    89    269
377   129   7    147    83
378   169   7    193    87
379   179   3    47    146
380   125   2    173    385
381   209   5    197    277
382   165   6    162    229
383   12   2    194    35
384   230   7    165    20
385   242   5    107    376
386   346   6    188    147
387   49   7    49    6
388   118   4    35    240
389   79   4    58    70
390   290   5    147    128
391   284   4    37    417
392   289   7    16    289
393   339   5    148    391
394   116   2    144    107
395   312   4    62    467
396   95   2    97    8
397   89   4    85    154
398   339   2    5    86
399   15   4    89    174
400   42   4    124    108
401   330   3    111    242
402   252   6    193    341
403   329   3    97    314
404   212   2    24    450
405   371   4    13    408
406   77   6    31    172
407   391   6    80    290
408   136   3    31    21
409   335   7    48    246
410   102   2    36    70
411   176   7    36    361
412   378   7    187    95
413   251   6    11    371
414   48   4    143    128
415   183   6    80    480
416   84   3    6    298
417   111   6    135    359
418   363   3    1    50
419   33   6    49    379
420   220   7    94    116
421   179   7    114    437
422   249   3    10    187
423   84   2    83    114
424   86   2    113    224
425   417   5    162    244
426   360   4    13    52
427   25   5    72    3
428   34   6    123    340
429   231   4    92    21
430   192   2    90    51
431   256   6    141    117
432   21   5    105    468
433   106   5    49    55
434   85   4    187    89
435   195   7    89    134
436   348   5    82    434
437   81   4    78    389
438   202   6    131    415
439   135   3    141    352
440   312   7    62    148
441   103   7    163    63
442   107   5    161    244
443   56   5    17    176
444   400   7    143    205
445   87   5    42    415
446   405   2    120    36
447   332   3    34    311
448   210   4    58    417
449   411   4    199    275
450   408   7    127    204
451   246   7    30    96
452   431   2    169    69
453   37   5    120    275
454   366   5    168    340
455   279   5    81    298
456   220   2    65    420
457   290   3    68    130
458   45   6    146    470
459   40   5    48    353
460   406   2    107    249
461   419   5    90    465
462   365   6    123    284
463   204   3    189    212
464   169   2    51    227
465   432   6    111    313
466   347   3    118    91
467   425   5    22    320
468   199   6    67    253
469   378   2    59    212
470   247   4    4    178
471   20   7    48    491
472   330   7    108    306
473   394   7    71    494
474   345   5    173    327
475   108   2    81    464
476   232   3    135    440
477   257   7    160    398
478   203   7    11    217
479   439   7    75    38
480   62   6    131    440
481   251   4    73    370
482   427   6    1    334
483   102   7    45    272
484   417   7    124    31
485   314   7    23    409
486   457   2    52    397
487   117   3    193    119
488   421   4    165    366
489   80   4    156    322
490   57   5    48    391
491   167   4    123    54
492   347   2    146    364
493   198   3    185    189
494   385   6    18    372
495   296   5    152    378
496   241   3    152    257
497   136   2    59    331
498   88   2    175    186
499   408   7    183    47
500   298   3    155    494
501   183   4    139    237
502   108   2    51    257
503   65   7    30    307
504   156   7    94    409
505   292   2    150    214
506   391   3    139    454
507   372   2    38    104
508   419   2    154    457
509   183   7    87    395
510   477   7    114    281
511   316   2    52    46
512   249   3    40    465
513   462   7    75    337
514   34   7    123    2
515   505   4    15    117
516   363   4    106    16
517   128   6    59    198
518   347   7    60    246
519   363   5    56    456
520   15   4    163    452
521   104   5    149    95
522   475   5    21    336
523   246   2    95    294
524   452   3    64    106
525   439   7    129    141
526   449   3    96    297
527   386   7    136    6
528   484   5    55    139
529   524   3    167    395
530   209   7    94    142
531   444   4    63    428
532   376   3    66    3
533   510   2    164    82
534   179   3    14    130
535   210   2    183    460
536   370   6    181    301
537   287   2    115    330
538   326   5    41    406
539   118   7    135    41
540   530   4    161    450
541   38   6    80    432
542   184   2    54    252
543   340   7    26    67
544   341   6    41    291
545   423   5    116    242
546   69   3    108    321
547   486   4    117    484
548   538   7    50    165
549   33   2    35    358
550   66   7    178    136
551   334   5    168    141
552   471   4    22    216
553   50   7    47    343
554   337   5    58    255
555   24   3    124    105
556   496   4    120    73
557   378   7    60    233
558   480   7    27    433
559   148   4    75    493
560   219   5    183    269
561   175   6    86    91
562   536   6    138    360
563   441   7    61    282
564   456   3    43    171
565   9   5    53    400
566   506   3    32    463
567   11   2    44    255
568   183   5    80    188
569   46   7    175    158
570   246   3    59    485
571   75   4    191    295
572   91   6    68    257
573   348   5    76    6
574   144   3    91    33
575   93   3    30    358
576   113   3    21    251
577   495   5    71    354
578   84   3    50    430
579   32   6    191    11
580   340   5    69    407
581   275   7    143    251
582   163   5    154    138
583   6   7    98    169
584   336   3    160    46
585   428   7    189    478
586   30   3    53    51
587   373   7    87    70
588   310   5    22    105
589   359   5    188    492
590   337   3    102    294
591   136   3    108    87
592   354   5    178    198
593   558   4    47    352
594   350   7    173    335
595   531   4    51    210
596   182   2    34    37
597   86   6    174    261
598   405   4    36    238
599   29   6    78    392
600   24   4    38    496
601   147   4    28    476
602   592   7    82    234
603   443   5    54    445
604   254   5    76    365
605   404   7    134    234
606   335   5    130    394
607   465   4    183    262
608   208   6    45    235
609   421   4    61    100
610   303   7    96    15
611   507   6    25    388
612   435   3    3    460
613   205   2    32    286
614   429   7    90    200
615   169   6    130    431
616   558   4    86    90
617   77   7    123    349
618   408   2    197    247
619   488   5    78    333
620   112   6    165    159
621   58   3    140    490
622   38   4    128    278
623   488   6    148    94
624   593   5    33    84
625   344   5    119    262
626   256   6    196    194
627   335   5    187    46
628   470   4    103    406
629   396   2    103    345
630   393   7    47    80
631   592   7    188    50
632   220   5    189    13
633   510   2    19    399
634   5   2    156    142
635   393   2    41    65
636   63   4    49    462
637   68   6    167    31
638   414   4    52    243
639   595   2    75    465
640   289   6    12    142
641   220   6    72    15
642   455   2    23    401
643   362   5    38    186
644   379   2    83    270
645   564   6    68    362
646   182   7    175    89
647   158   7    78    328
648   146   5    138    199
649   2   7    122    92
650   478   6    114    337
651   235   6    178    441
652   276   4    197    301
653   536   3    135    177
654   577   3    41    332
655   607   3    21    95
656   240   6    129    184
657   470   5    61    449
658   586   3    116    27
659   270   4    30    446
660   606   5    34    328
661   228   2    57    50
662   414   2    78    174
663   167   2    36    489
664   482   7    95    254
665   30   3    1    106
666   426   2    72    270
667   95   6    38    55
668   445   5    69    406
669   460   2    111    439
670   499   3    126    242
671   14   6    181    491
672   99   5    183    451
673   21   6    57    177
674   620   2    81    234
675   568   7    135    60
676   145   7    194    222
677   540   5    183    377
678   470   6    156    301
679   657   2    163    317
680   673   6    21    492
681   42   3    68    421
682   14   4    22    352
683   670   2    33    180
684   169   3    167    333
685   404   5    102    221
686   506   3    47    156
687   382   7    9    39
688   140   3    43    113
689   154   6    20    353
690   498   6    31    367
691   332   4    43    463
692   555   2    154    455
693   392   6    89    234
694   182   4    31    8
695   503   4    59    137
696   19   6    92    164
697   491   6    166    88
698   13   5    36    377
699   492   3    165    50
700   601   4    189    69
701   681   4    149    361
702   405   5    162    385
703   443   6    142    373
704   566   4    140    265
705   559   3    68    298
706   585   5    57    107
707   291   6    129    88
708   443   6    132    123
709   62   2    41    438
710   88   3    157    366
711   228   2    70    33
712   86   4    120    166
713   130   7    162    98
714   597   2    20    316
715   180   4    110    191
716   43   6    29    304
717   96   7    193    54
718   127   7    191    190
719   394   4    82    247
720   73   4    50    479
721   286   5    41    455
722   141   6    141    165
723   331   7    9    48
724   138   2    61    359
725   473   6    127    388
726   618   4    159    13
727   523   5    50    141
728   160   4    25    376
729   318   6    192    335
730   418   4    167    226
731   187   6    179    397
732   350   2    197    207
733   569   6    157    320
734   403   2    143    264
735   707   6    38    237
736   321   4    113    29
737   145   2    74    84
738   533   7    25    489
739   68   3    159    183
740   389   5    160    92
741   579   2    3    308
742   116   4    114    75
743   395   6    29    484
744   256   4    162    163
745   218   5    77    83
746   457   3    145    400
747   438   7    111    457
748   4   3    75    132
749   559   4    36    279
750   311   6    28    424
751   731   4    74    208
752   604   4    139    403
753   176   6    189    257
754   478   2    55    146
755   123   4    5    337
756   143   3    10    332
757   235   3    15    478
758   357   6    152    406
759   423   5    48    440
760   498   2    23    472
761   678   2    163    440
762   152   4    199    400
763   63   5    120    56
764   246   5    189    393
765   622   7    7    34
766   502   4    78    313
767   749   5    100    206
768   100   3    85    415
769   518   7    72    32
770   25   5    147    470
771   427   6    14    190
772   181   5    10    434
773   241   7    152    94
774   478   5    103    370
775   498   7    66    51
776   550   3    198    346
777   547   6    24    227
778   723   6    80    389
779   222   4    12    242
780   516   3    193    321
781   153   2    83    399
782   339   2    161    231
783   114   5    168    401
784   239   3    187    199
785   722   6    182    50
786   412   7    57    78
787   396   6    40    309
788   577   7    36    125
789   424   6    128    132
790   731   3    77    67
791   701   3    194    122
792   287   4    12    177
793   308   5    89    216
794   26   7    3    318
795   586   4    100    245
796   72   7    67    465
797   9   7    91    442
798   458   6    38    434
799   167   6    106    488
800   615   2    133    29
801   431   3    191    41
802   503   2    18    400
803   291   6    123    475
804   692   2    94    39
805   296   4    99    204
806   521   4    149    151
807   360   6    48    155
808   22   5    1    133
809   330   5    89    139
810   122   4    190    278
811   48   3    62    253
812   547   7    195    215
813   526   7    61    4
814   122   7    92    446
815   765   7    169    429
816   33   5    88    125
817   176   7    154    64
818   272   4    49    278
819   126   7    171    292
820   502   2    86    462
821   417   4    111    20
822   513   4    101    121
823   601   2    2    63
824   704   7    199    7
825   599   7    180    333
826   684   6    68    68
827   581   6    108    236
828   249   7    178    222
829   212   6    16    273
830   288   7    106    27
831   644   3    66    122
832   305   2    83    344
833   662   6    72    306
834   545   2    84    112
835   758   4    5    334
836   153   2    155    167
837   624   6    79    380
838   789   6    191    51
839   614   7    178    438
840   164   2    35    158
841   288   2    137    381
842   359   6    62    172
843   40   7    158    166
844   444   2    5    260
845   156   3    101    358
846   108   7    123    432
847   740   7    106    29
848   524   2    70    429
849   724   7    183    132
850   609   7    43    53
851   656   4    51    192
852   659   7    73    227
853   485   6    2    479
854   406   3    199    395
855   386   6    78    282
856   11   7    153    98
857   757   4    66    241
858   398   4    189    463
859   757   4    44    434
860   577   3    184    217
861   684   3    28    274
862   123   5    139    364
863   538   4    110    321
864   672   3    152    454
865   403   2    67    478
866   265   4    88    411
867   55   2    198    394
868   522   7    14    117
869   631   6    60    212
870   776   4    131    468
871   553   5    82    125
872   554   2    64    455
873   214   7    122    423
874   578   7    23    371
875   794   3    110    168
876   487   6    92    106
877   188   3    144    484
878   253   2    113    434
879   567   7    133    414
880   781   2    159    191
881   878   6    116    393
882   598   5    32    422
883   167   7    11    204
884   348   5    54    309
885   378   4    74    56
886   278   3    28    356
887   82   2    198    323
888   469   7    197    372
889   434   5    186    394
890   858   7    43    314
891   809   5    142    462
892   426   5    21    492
893   52   3    95    196
894   247   2    47    463
895   720   6    181    268
896   204   3    111    399
897   112   6    97    111
898   648   3    171    434
899   516   5    89    126
900   169   2    15    224
901   288   7    9    41
902   429   2    100    451
903   252   2    187    417
904   483   7    2    178
905   339   6    111    85
906   436   5    198    288
907   581   7    187    480
908   402   7    45    88
909   686   2    58    285
910   393   5    136    496
911   107   6    100    449
912   327   7    65    466
913   879   5    95    446
914   223   4    54    117
915   678   4    123    7
916   31   3    148    262
917   750   4    154    349
918   321   2    81    437
919   793   4    70    220
920   695   7    150    326
921   388   5    130    389
922   175   3    161    398
923   862   2    67    495
924   697   4    36    379
925   891   5    193    182
926   152   7    156    323
927   598   4    29    94
928   682   2    56    278
929   148   6    178    380
930   379   2    54    14
931   216   2    55    231
932   551   7    11    9
933   103   6    133    429
934   707   5    154    238
935   150   2    153    384
936   894   3    134    431
937   623   2    29    248
938   774   7    196    332
939   92   2    61    117
940   281   4    85    99
941   65   7    80    140
942   877   6    15    488
943   214   2    89    320
944   181   2    174    11
945   815   2    19    420
946   350   3    149    90
947   253   4    38    318
948   344   2    147    162
949   476   6    190    321
950   420   6    109    22
951   615   6    22    232
952   521   3    5    189
953   875   4    182    417
954   371   6    182    25
955   948   6    74    328
956   546   7    13    18
957   279   3    191    426
958   497   2    154    76
959   867   3    168    154
960   614   2    89    89
961   5   7    66    287
962   741   3    169    432
963   28   7    178    318
964   88   5    153    113
965   953   3    190    231
966   717   2    197    36
967   143   4    27    208
968   810   7    98    209
969   619   2    2    295
970   246   7    17    35
971   132   3    151    147
972   841   5    183    166
973   520   7    19    121
974   289   4    199    167
975   850   2    190    252
976   554   3    45    358
977   668   3    26    450
978   108   3    6    441
979   494   7    101    212
980   838   6    39    102
981   633   7    13    317
982   597   7    121    287
983   906   7    142    98
984   964   7    193    388
985   963   3    155    102
986   853   4    25    17
987   888   7    111    180
988   188   2    191    11
989   402   7    127    296
990   71   6    100    103
991   93   2    72    307
992   370   2    50    127
993   525   7    53    24
994   391   2    34    235
995   273   6    188    267
996   446   2    118    418
997   956   5    146    301
998   541   4    91    194
999   795   7    26    369
1000   274   2    187    74
1001   437   5    70    303
1002   374   4    164    63
1003   60   3    194    168
1004   929   3    34    287
1005   481   5    152    235
1006   886   5    115    403
1007   149   7    109    128
1008   234   5    27    348
1009   814   6    132    209
1010   323   4    83    6
1011   579   7    29    449
1012   879   2    135    303
1013   888   3    55    99
1014   758   3    108    407
1015   370   7    96    238
1016   904   4    36    254
1017   936   7    166    189
1018   734   2    151    449
1019   460   4    133    203
1020   867   5    121    457
1021   841   7    58    217
1022   476   5    101    346
1023   384   3    41    92
1024   957   6    162    427
