1   0   6    11    15
2   1   7    140    380
3   1   7    42    123
4   2   7    90    473
5   1   4    197    334
6   4   6    92    384
7   3   3    23    401
8   2   4    134    251
9   5   3    193    116
10   5   2    86    22
11   9   4    186    160
12   1   6    157    497
13   2   2    176    363
14   2   4    136    198
15   8   7    129    42
16   5   3    118    414
17   2   3    56    175
18   1   3    115    152
19   8   3    28    57
20   3   4    155    78
21   13   4    142    304
22   17   2    154    239
23   5   7    89    452
24   7   6    160    228
25   3   3    104    190
26   13   7    188    314
27   3   6    23    477
28   13   5    104    470
29   11   6    158    56
30   13   5    174    84
31   18   2    131    347
32   11   5    17    294
33   7   2    163    382
34   28   3    146    235
35   28   3    149    290
36   25   2    142    133
37   24   2    106    498
38   33   4    20    297
39   36   3    182    257
40   4   5    59    478
41   25   7    69    270
42   15   5    157    385
43   13   5    118    499
44   19   6    148    19
45   7   6    139    442
46   27   3    144    190
47   32   3    193    174
48   40   7    2    72
49   40   4    187    439
50   48   6    197    410
51   14   3    31    40
52   30   3    101    65
53   42   5    97    491
54   18   7    148    162
55   50   6    183    449
56   53   2    20    372
57   4   4    124    67
58   43   7    41    486
59   55   3    22    452
60   33   7    7    338
61   36   6    108    107
62   44   2    172    64
63   32   7    17    203
64   27   4    22    91
65   44   3    100    42
66   33   3    138    42
67   41   2    173    165
68   20   5    157    238
69   35   6    66    415
70   40   3    81    421
71   64   7    52    306
72   60   5    74    360
73   64   6    69    270
74   4   5    178    203
75   61   5    3    7
76   66   5    132    15
77   23   3    160    484
78   64   4    79    193
79   1   2    133    143
80   43   4    125    253
81   52   2    99    186
82   2   3    37    36
83   29   7    102    227
84   16   4    140    44
85   83   5    53    406
86   53   3    113    475
87   70   2    29    407
88   71   3    102    268
89   87   4    99    410
90   78   6    48    481
91   24   5    124    162
92   4   6    102    478
93   89   7    166    198
94   17   6    108    124
95   36   6    5    124
96   76   2    136    489
97   44   3    94    438
98   45   4    195    445
99   71   6    23    381
100   24   6    194    197
101   72   6    22    207
102   35   2    59    251
103   21   7    44    46
104   24   3    31    196
105   70   4    143    460
106   72   2    57    110
107   27   5    136    479
108   54   3    134    89
109   25   6    171    486
110   23   2    18    214
111   53   6    73    311
112   59   6    173    152
113   35   4    168    6
114   88   6    180    317
115   52   7    76    74
116   101   3    160    270
117   47   3    57    342
118   101   3    167    66
119   15   3    152    147
120   59   7    138    334
121   80   4    194    159
122   117   4    130    122
123   117   3    135    15
124   98   5    85    172
125   57   7    23    115
126   25   7    80    247
127   41   2    189    268
128   94   2    3    458
129   51   5    62    139
130   72   6    61    400
131   60   6    186    496
132   1   5    164    65
133   57   3    120    103
134   30   5    172    133
135   14   2    168    127
136   54   2    199    201
137   80   5    19    449
138   69   7    187    47
139   18   2    11    305
140   90   3    49    363
141   81   4    77    362
142   82   2    112    41
143   30   7    23    211
144   89   6    154    449
145   115   4    166    410
146   26   3    85    121
147   56   4    11    469
148   67   3    65    320
149   9   2    162    192
150   123   6    31    166
151   29   4    186    355
152   95   7    58    321
153   20   4    166    107
154   43   7    11    14
155   146   4    158    392
156   138   2    42    11
157   129   2    93    164
158   30   5    147    31
159   37   7    98    479
160   34   7    104    29
161   124   6    97    393
162   12   7    145    125
163   106   7    123    237
164   43   5    106    477
165   28   4    187    306
166   66   3    162    213
167   107   3    115    222
168   71   3    122    22
169   129   7    13    238
170   84   5    162    314
171   140   2    78    132
172   78   4    195    396
173   8   4    124    126
174   30   7    41    450
175   13   4    143    113
176   174   5    194    96
177   95   4    133    275
178   101   4    173    78
179   68   5    177    123
180   112   7    85    403
181   25   4    182    288
182   104   6    72    239
183   131   5    18    193
184   112   6    30    28
185   79   2    107    181
186   37   2    67    330
187   11   5    128    134
188   87   7    20    77
189   118   3    34    6
190   29   4    172    271
191   88   3    169    232
192   9   4    50    392
193   43   4    132    406
194   68   3    163    373
195   136   2    147    30
196   8   2    196    130
197   150   3    31    428
198   94   5    57    27
199   85   6    48    332
200   169   6    166    283
201   31   7    134    422
202   13   2    49    371
203   119   2    165    497
204   35   3    182    65
205   10   4    184    489
206   136   5    172    390
207   133   7    154    489
208   162   7    8    261
209   115   7    98    38
210   159   4    197    169
211   12   4    108    14
212   66   4    47    177
213   58   3    101    469
214   44   3    79    7
215   46   3    160    138
216   67   5    87    436
217   31   2    5    61
218   99   2    36    280
219   215   3    165    392
220   191   4    131    16
221   150   5    161    315
222   181   6    159    40
223   56   6    139    397
224   8   7    92    257
225   182   7    76    488
226   111   4    180    265
227   217   7    56    403
228   90   7    64    39
229   39   4    196    43
230   168   5    8    173
231   11   7    106    295
232   20   6    91    486
233   38   4    45    282
234   50   4    92    133
235   141   2    15    456
236   104   2    185    54
237   210   4    68    435
238   174   3    118    10
239   34   4    60    491
240   176   5    119    7
241   170   5    122    139
242   53   3    120    274
243   114   5    143    409
244   85   3    190    225
245   53   2    141    92
246   184   2    51    171
247   39   5    161    299
248   229   6    78    206
249   86   3    187    61
250   167   4    72    410
251   248   6    35    235
252   248   3    72    80
253   126   7    89    72
254   126   5    9    52
255   31   5    185    435
256   90   4    127    131
257   204   5    31    288
258   189   6    86    22
259   10   5    20    43
260   36   3    169    133
261   54   6    59    385
262   164   2    35    17
263   224   5    21    335
264   47   3    84    22
265   78   3    58    399
266   48   5    26    160
267   30   2    73    317
268   220   6    26    388
269   103   5    52    123
270   23   4    184    393
271   203   6    108    46
272   3   2    100    202
273   91   3    86    198
274   18   2    66    181
275   12   3    161    306
276   247   5    146    108
277   45   2    146    91
278   69   4    175    59
279   58   3    99    84
280   218   5    70    475
281   86   5    44    426
282   133   6    187    321
283   1   4    131    304
284   24   7    51    208
285   283   6    171    406
286   189   5    117    191
287   178   7    189    119
288   64   7    26    4
289   4   7    171    291
290   133   6    167    275
291   133   7    41    245
292   24   6    60    343
293   220   4    47    141
294   217   4    187    468
295   201   6    52    459
296   142   2    107    49
297   2   5    171    188
298   234   5    160    176
299   172   3    43    298
300   194   7    100    160
301   197   3    127    155
302   150   3    81    324
303   88   7    3    285
304   186   6    146    59
305   97   7    90    229
306   23   3    3    362
307   161   7    73    499
308   226   6    53    153
309   71   4    154    235
310   223   4    16    433
311   303   5    11    30
312   71   7    165    446
313   251   4    130    341
314   239   2    144    456
315   208   4    50    210
316   35   3    170    19
317   286   4    36    50
318   75   5    60    18
319   108   3    161    18
320   259   2    127    471
321   4   5    196    451
322   131   7    193    452
323   307   6    83    429
324   96   5    22    270
325   198   2    125    294
326   296   6    124    441
327   68   6    12    306
328   312   4    193    457
329   74   5    186    386
330   146   4    59    148
331   266   7    46    376
332   71   6    160    163
333   98   5    169    456
334   14   5    24    377
335   9   2    195    117
336   156   7    67    393
337   125   2    127    374
338   26   7    32    363
339   114   2    56    85
340   87   7    129    288
341   243   7    69    225
342   36   3    40    41
343   212   7    194    54
344   277   6    42    236
345   122   3    148    341
346   329   5    81    402
347   50   3    15    70
348   83   4    168    231
349   222   6    124    407
350   104   2    190    239
351   209   4    61    250
352   68   5    41    433
353   318   4    187    26
354   273   3    96    175
355   125   2    124    194
356   145   6    180    362
357   75   5    71    165
358   144   2    152    165
359   48   7    103    98
360   116   7    110    394
361   282   7    2    166
362   24   7    70    95
363   26   4    188    409
364   4   5    102    53
365   189   7    113    194
366   72   7    42    296
367   134   5    8    302
368   236   6    17    391
369   190   3    134    401
370   358   3    34    169
371   349   7    177    333
372   343   2    160    252
373   10   6    190    143
374   263   6    27    90
375   270   4    93    470
376   218   4    123    427
377   9   4    183    54
378   13   6    28    240
379   360   7    71    488
380   174   4    33    37
381   267   5    84    56
382   85   3    140    7
383   104   2    135    203
384   126   3    76    157
385   26   7    195    292
386   45   6    186    275
387   231   5    132    49
388   282   5    88    396
389   326   6    69    284
390   237   7    137    51
391   254   7    112    85
392   292   4    89    83
393   342   4    127    287
394   135   6    121    284
395   74   5    109    347
396   86   7    17    345
397   51   6    134    6
398   378   6    67    307
399   245   5    154    14
400   143   6    177    420
401   24   7    68    245
402   113   3    77    327
403   107   6    35    307
404   387   6    81    457
405   350   4    191    341
406   181   7    25    110
407   86   2    137    131
408   194   4    100    365
409   276   5    44    173
410   206   6    106    9
411   361   3    27    53
412   193   7    52    143
413   276   3    18    171
414   129   6    95    485
415   411   7    153    451
416   304   5    182    364
417   318   5    131    339
418   184   7    142    283
419   53   5    152    466
420   190   2    110    45
421   123   6    65    32
422   343   4    52    227
423   11   4    47    130
424   271   6    12    443
425   86   5    45    425
426   415   7    65    222
427   148   2    116    88
428   392   4    112    151
429   184   6    160    169
430   93   7    194    404
431   29   7    152    128
432   208   3    141    481
433   191   5    138    346
434   333   7    57    440
435   120   3    67    490
436   14   7    55    218
437   365   6    3    67
438   368   5    59    73
439   42   3    60    249
440   66   5    174    310
441   282   7    4    50
442   352   2    195    407
443   196   7    166    28
444   192   3    113    179
445   253   5    57    324
446   267   2    49    97
447   39   3    152    473
448   38   4    18    487
449   295   2    187    462
450   215   2    123    358
451   394   5    77    272
452   126   5    26    329
453   139   6    22    451
454   113   6    86    354
455   273   5    84    286
456   224   6    116    403
457   32   6    37    151
458   90   7    26    208
459   420   7    182    468
460   53   5    165    454
461   288   7    6    259
462   299   6    117    197
463   362   2    10    260
464   277   4    177    316
465   243   7    66    175
466   176   6    187    205
467   141   3    19    337
468   243   2    122    361
469   118   5    62    470
470   139   5    126    440
471   458   3    79    272
472   217   2    97    190
473   80   2    167    320
474   417   6    56    449
475   318   4    147    68
476   277   7    183    84
477   83   5    96    145
478   246   2    131    280
479   473   7    54    218
480   294   2    140    427
481   467   5    146    327
482   234   7    3    295
483   481   4    55    301
484   444   4    2    358
485   38   3    22    391
486   235   7    103    28
487   456   3    150    128
488   422   6    177    105
489   108   5    174    389
490   270   4    36    428
491   14   6    172    300
492   134   3    174    62
493   436   4    157    264
494   230   3    101    282
495   148   7    198    204
496   142   5    178    392
497   27   5    12    225
498   466   5    60    385
499   479   3    15    457
500   311   7    138    323
501   364   7    58    469
502   436   5    103    105
503   114   6    133    436
504   234   7    105    277
505   273   6    11    247
506   360   3    16    471
507   179   2    156    254
508   376   7    177    439
509   231   4    174    398
510   359   3    108    65
511   326   7    124    332
512   40   2    196    225
513   423   5    130    177
514   315   3    129    247
515   206   5    170    136
516   421   7    37    50
517   215   3    82    334
518   280   7    102    74
519   438   4    88    407
520   434   5    166    55
521   509   2    5    336
522   166   2    97    181
523   331   3    49    310
524   245   3    135    397
525   475   2    95    128
526   507   5    62    239
527   21   4    57    312
528   81   6    194    414
529   501   6    65    361
530   115   2    36    262
531   476   6    117    74
532   375   3    9    12
533   42   6    85    161
534   485   7    19    137
535   244   7    10    235
536   110   2    158    199
537   527   7    58    275
538   392   5    100    421
539   136   2    25    152
540   308   6    96    387
541   522   7    166    53
542   141   3    17    255
543   103   4    142    311
544   376   7    79    363
545   363   5    74    487
546   34   2    86    351
547   275   7    84    431
548   241   5    127    145
549   120   2    174    497
550   235   2    53    359
551   178   7    156    252
552   160   7    9    304
553   150   5    90    363
554   552   3    138    96
555   292   3    143    137
556   417   5    145    238
557   56   2    168    357
558   269   6    195    109
559   449   3    79    217
560   153   5    117    37
561   139   6    66    41
562   426   4    64    335
563   469   5    111    101
564   240   4    109    497
565   196   5    73    317
566   284   4    71    230
567   560   5    62    78
568   222   4    48    153
569   71   4    25    67
570   378   4    180    65
571   558   7    91    499
572   95   6    25    80
573   274   5    66    189
574   352   4    174    210
575   479   7    74    87
576   472   6    123    166
577   356   2    114    92
578   429   5    18    196
579   107   3    114    131
580   241   4    90    231
581   90   6    69    240
582   443   6    92    253
583   64   3    95    36
584   462   6    64    103
585   478   7    174    434
586   549   7    121    347
587   523   3    26    326
588   514   4    54    281
589   268   3    93    385
590   525   2    89    408
591   11   5    155    228
592   321   7    35    394
593   369   7    179    195
594   387   7    139    376
595   25   2    144    245
596   77   7    153    110
597   297   2    61    384
598   319   4    123    162
599   484   5    115    216
600   405   7    112    10
601   337   7    175    392
602   517   7    117    293
603   76   3    70    82
604   307   6    78    75
605   398   5    34    67
606   183   4    46    258
607   31   7    144    87
608   174   6    39    244
609   25   4    132    476
610   297   2    145    200
611   385   2    1    45
612   261   5    93    421
613   143   7    42    142
614   534   6    94    258
615   462   6    108    279
616   368   4    132    313
617   377   7    61    453
618   442   6    152    432
619   479   3    183    231
620   476   2    46    340
621   618   5    122    444
622   15   5    61    296
623   268   6    40    377
624   377   4    50    173
625   253   4    22    370
626   590   7    10    453
627   330   2    76    172
628   379   5    196    46
629   586   4    168    217
630   305   7    42    349
631   574   7    173    170
632   162   4    49    271
633   600   6    73    262
634   527   3    68    235
635   33   4    164    372
636   266   4    158    99
637   369   6    163    7
638   393   7    36    59
639   85   2    128    374
640   222   7    63    498
641   265   2    118    228
642   415   4    121    227
643   175   5    2    330
644   453   4    197    142
645   76   2    148    188
646   255   4    55    482
647   600   2    5    188
648   554   2    70    247
649   71   2    88    15
650   77   2    123    72
651   169   4    157    312
652   160   6    76    168
653   169   5    69    86
654   39   7    102    241
655   90   5    60    283
656   214   3    40    212
657   252   2    31    480
658   101   4    185    299
659   98   2    184    52
660   67   2    141    21
661   449   6    61    44
662   408   5    105    414
663   391   7    120    246
664   14   7    54    331
665   612   6    72    4
666   428   4    91    122
667   114   2    64    486
668   625   6    97    360
669   583   3    123    251
670   92   3    4    384
671   443   3    45    168
672   497   2    90    375
673   97   3    75    363
674   215   2    124    154
675   626   2    101    12
676   216   5    30    124
677   523   4    149    44
678   530   3    11    301
679   322   4    50    488
680   342   7    163    137
681   570   6    170    115
682   537   6    147    457
683   463   4    77    131
684   479   7    75    88
685   161   2    24    71
686   293   4    155    10
687   583   7    1    483
688   298   2    169    251
689   6   6    23    467
690   21   3    107    19
691   631   6    6    147
692   464   7    59    398
693   182   3    107    83
694   147   4    77    261
695   273   6    61    155
696   283   2    163    220
697   140   4    85    361
698   157   4    133    220
699   1   5    31    291
700   140   6    179    291
701   611   3    192    332
702   354   4    105    178
703   216   4    135    173
704   14   3    67    125
705   624   4    7    133
706   26   7    7    194
707   176   7    196    153
708   336   6    100    396
709   155   2    196    327
710   153   6    89    225
711   703   3    177    242
712   100   3    90    83
713   107   6    62    57
714   64   7    94    271
715   647   2    158    218
716   522   2    162    402
717   687   6    109    352
718   455   3    102    481
719   563   4    50    423
720   606   5    164    184
721   691   7    72    431
722   409   2    156    463
723   150   4    111    462
724   478   5    174    117
725   339   7    117    293
726   301   4    77    453
727   586   7    35    113
728   391   4    154    80
729   544   7    146    2
730   134   2    25    304
731   143   5    140    50
732   698   4    195    126
733   425   2    37    106
734   576   3    121    474
735   557   7    42    327
736   10   4    135    253
737   569   4    183    57
738   487   2    100    186
739   573   4    73    131
740   209   2    145    34
741   94   7    193    157
742   583   6    132    329
743   243   5    144    283
744   96   2    67    186
745   566   2    43    325
746   706   2    26    368
747   573   6    62    39
748   165   2    77    345
749   233   7    50    292
750   455   6    76    373
751   144   4    141    339
752   461   2    129    257
753   273   6    108    378
754   702   7    132    96
755   420   5    199    426
756   30   2    156    150
757   685   2    85    156
758   359   7    47    144
759   596   5    58    396
760   420   4    69    193
761   469   4    113    86
762   424   4    113    164
763   558   5    149    7
764   476   5    17    45
765   673   5    79    482
766   386   3    32    497
767   220   4    182    125
768   624   2    83    277
769   427   3    74    109
770   415   5    89    435
771   92   4    107    41
772   69   5    35    78
773   538   4    168    300
774   512   6    143    93
775   151   2    5    21
776   741   4    36    463
777   752   7    153    296
778   388   2    192    224
779   400   6    140    373
780   114   6    117    353
781   719   5    172    144
782   387   5    70    378
783   3   7    197    267
784   719   3    57    133
785   194   6    181    224
786   576   6    113    297
787   783   7    169    44
788   173   6    182    467
789   721   6    34    322
790   392   3    88    472
791   581   3    185    342
792   613   2    197    93
793   559   4    156    361
794   151   2    25    390
795   212   2    115    255
796   420   2    55    350
797   507   2    119    211
798   144   2    67    256
799   433   7    99    485
800   427   5    85    105
801   448   2    62    35
802   470   7    23    353
803   32   2    18    116
804   355   7    154    454
805   249   5    67    341
806   674   2    132    424
807   516   7    152    380
808   293   6    63    460
809   400   3    175    91
810   83   2    58    188
811   676   7    169    185
812   555   4    139    265
813   673   6    115    139
814   687   5    18    195
815   416   5    44    328
816   223   4    175    446
817   245   7    87    471
818   337   7    28    254
819   644   2    135    411
820   336   2    153    138
821   277   6    31    82
822   203   6    159    48
823   216   7    189    100
824   379   3    120    31
825   439   7    101    422
826   750   5    5    93
827   530   4    17    408
828   802   7    46    122
829   546   5    127    167
830   324   2    137    248
831   313   7    199    74
832   671   5    80    472
833   656   3    59    481
834   415   7    152    441
835   344   5    186    150
836   471   3    124    438
837   333   6    96    99
838   301   3    9    118
839   180   5    188    435
840   11   2    25    226
841   683   2    36    440
842   108   4    96    1
843   381   3    179    334
844   417   7    60    231
845   248   7    67    461
846   58   6    83    103
847   591   6    15    341
848   532   7    121    460
849   513   3    3    8
850   534   7    185    76
851   148   2    7    249
852   770   4    130    141
853   298   5    82    477
854   236   4    22    462
855   779   6    176    9
856   233   3    197    420
857   828   5    11    307
858   452   5    134    329
859   633   7    162    169
860   24   5    42    200
861   678   2    124    460
862   83   3    105    313
863   696   2    134    271
864   201   7    45    350
865   499   7    22    308
866   297   4    96    420
867   500   2    77    416
868   113   5    192    304
869   577   4    14    451
870   807   6    113    259
871   542   3    159    453
872   335   7    180    311
873   399   2    150    111
874   828   2    29    496
875   313   3    17    186
876   635   2    132    158
877   168   5    8    259
878   225   5    112    76
879   191   6    35    389
880   343   2    114    491
881   59   3    129    291
882   146   6    66    263
883   167   3    131    378
884   23   7    140    267
885   696   7    84    299
886   724   5    151    474
887   644   6    41    189
888   335   6    115    360
889   667   2    8    451
890   119   7    183    218
891   503   7    117    414
892   845   5    118    180
893   846   3    118    234
894   435   6    145    174
895   799   5    22    101
896   612   6    88    13
897   353   3    36    180
898   869   3    15    291
899   397   5    179    328
900   238   7    2    7
901   684   2    57    11
902   507   7    151    425
903   72   3    113    375
904   788   3    187    79
905   833   3    86    251
906   136   3    151    478
907   191   6    13    379
908   43   2    179    170
909   772   4    13    137
910   412   2    157    39
911   50   3    52    220
912   691   7    172    222
913   219   6    171    291
914   273   6    183    22
915   89   2    175    114
916   153   2    195    354
917   131   2    12    96
918   787   5    196    456
919   277   6    190    432
920   847   7    17    388
921   403   5    113    181
922   388   7    135    177
923   765   2    30    302
924   356   4    189    130
925   155   4    27    359
926   107   6    103    4
927   717   6    104    420
928   546   6    167    212
929   898   7    199    187
930   221   5    190    127
931   684   6    158    247
932   313   4    133    38
933   620   4    96    316
934   463   6    114    310
935   863   4    70    386
936   151   7    192    390
937   5   7    145    128
938   538   4    194    277
939   284   5    74    371
940   515   3    139    383
941   388   4    157    460
942   108   6    61    438
943   614   5    65    170
944   812   6    157    284
945   241   7    57    493
946   593   3    162    219
947   43   3    56    499
948   650   2    168    136
949   46   3    195    38
950   779   3    155    147
951   830   3    175    180
952   124   4    140    75
953   268   4    115    305
954   139   5    82    52
955   799   2    40    432
956   211   2    181    134
957   850   5    168    110
958   236   2    30    171
959   122   2    54    54
960   588   7    134    124
961   892   5    60    116
962   514   6    173    218
963   922   6    36    176
964   619   2    118    214
965   381   5    95    353
966   684   2    106    237
967   280   2    159    264
968   770   5    30    262
969   313   6    196    203
970   710   7    148    332
971   515   5    112    239
972   617   2    121    279
973   637   5    81    419
974   844   7    88    5
975   314   4    127    156
976   69   3    188    34
977   579   7    167    237
978   196   4    198    372
979   529   4    59    347
980   83   2    175    242
981   905   7    15    247
982   390   5    196    436
983   412   6    8    182
984   498   6    186    365
985   35   5    60    84
986   615   2    15    167
987   539   4    126    416
988   718   7    21    22
989   743   4    173    304
990   376   7    106    453
991   882   4    165    431
992   496   5    27    309
993   116   4    61    20
994   639   6    156    261
995   381   5    102    319
996   477   5    39    399
997   486   4    81    122
998   259   3    146    160
999   742   7    197    114
1000   700   6    6    471
1001   120   5    179    243
1002   234   2    72    75
1003   10   2    128    381
1004   775   3    128    56
1005   953   3    91    241
1006   748   4    183    477
1007   633   3    188    130
1008   407   5    39    496
1009   447   2    73    490
1010   445   3    199    365
1011   876   4    183    102
1012   670   5    10    85
1013   701   4    159    157
1014   212   5    3    432
1015   367   4    155    483
1016   863   5    122    234
1017   373   4    131    296
1018   881   2    173    324
1019   194   5    58    213
1020   559   3    131    328
1021   970   6    96    443
1022   119   5    178    64
1023   662   4    164    193
1024   259   4    109    404
