1   0   7    21    81
2   1   7    137    328
3   1   5    113    221
4   2   3    184    368
5   2   6    160    365
6   4   2    9    352
7   5   7    97    45
8   2   4    36    363
9   4   2    22    90
10   4   6    169    484
11   6   3    46    274
12   3   4    147    212
13   4   2    55    426
14   5   5    118    258
15   3   7    109    349
16   4   7    72    395
17   12   6    163    44
18   15   6    32    398
19   8   4    17    8
20   4   3    179    311
21   15   7    18    428
22   13   4    89    497
23   9   5    136    164
24   9   3    71    224
25   8   4    156    339
26   23   6    131    305
27   12   7    101    63
28   3   2    53    135
29   13   6    183    120
30   13   4    96    457
31   9   6    47    316
32   28   6    175    116
33   23   6    108    331
34   17   6    44    183
35   22   3    169    267
36   28   5    140    467
37   5   5    113    17
38   24   2    66    279
39   22   5    48    130
40   34   3    105    158
