1   0   5    63    57
2   1   4    146    351
3   1   3    130    223
4   1   2    199    463
5   1   2    107    83
6   4   6    179    6
7   3   5    177    373
8   1   5    105    326
9   1   3    149    279
10   2   5    19    213
11   9   3    19    190
12   2   5    79    474
13   2   3    31    130
14   6   7    17    296
15   13   3    147    49
16   5   3    129    50
17   12   4    8    66
18   16   7    2    112
19   10   6    97    231
20   18   4    130    497
21   18   4    13    379
22   20   5    152    221
23   11   5    188    132
24   13   4    35    342
25   23   5    41    489
26   3   3    8    424
27   21   3    43    143
28   9   6    86    70
29   8   2    59    492
30   1   5    199    165
31   3   6    184    98
32   24   7    176    160
33   11   7    39    118
34   1   5    163    262
35   12   6    168    117
36   19   5    131    237
37   32   3    48    280
38   3   7    149    445
39   9   3    189    493
40   25   6    138    147
