1   0   7    25    116
2   1   2    24    77
3   1   4    146    63
4   1   2    89    73
5   3   2    107    463
6   4   4    3    385
7   2   2    124    119
8   5   2    137    223
9   2   6    56    369
10   3   7    122    192
11   6   5    192    25
12   3   2    8    370
13   1   2    186    439
14   7   7    112    372
15   11   2    133    5
16   5   5    154    486
17   9   3    103    490
18   2   5    66    419
19   4   5    118    74
20   4   3    79    95
21   18   4    196    363
22   13   6    191    446
23   3   2    39    182
24   20   7    44    335
25   1   7    166    316
26   14   3    14    354
27   15   6    89    210
28   16   5    122    305
29   7   7    160    483
30   16   3    100    479
31   13   5    37    320
32   28   6    15    336
33   8   5    16    452
34   25   5    122    147
35   24   6    103    333
36   12   7    16    246
37   28   7    40    85
38   1   5    81    58
39   10   7    4    93
40   25   2    110    457
