1   0   2    26    73
2   1   3    187    25
3   1   3    137    350
4   1   5    88    386
5   3   3    148    117
6   2   3    186    260
7   2   5    96    235
8   6   6    164    67
9   5   4    152    432
10   2   6    124    211
11   5   7    14    282
12   9   4    35    163
13   11   4    23    55
14   3   6    12    151
15   12   3    16    337
16   7   5    51    320
17   5   3    50    266
18   3   3    41    496
19   6   5    104    234
20   11   4    79    176
21   7   4    187    304
22   8   5    80    285
23   16   2    156    237
24   4   4    147    122
25   12   7    59    347
26   14   5    32    88
27   12   3    87    277
28   26   5    82    413
29   13   4    113    19
30   20   3    74    67
31   11   6    62    140
32   20   4    80    318
33   8   5    96    184
34   14   5    33    422
35   4   4    97    93
36   6   6    129    289
37   13   4    115    281
38   26   3    75    127
39   13   5    37    149
40   35   4    192    116
