1   0   4    74    468
2   1   2    170    259
3   1   5    75    148
4   1   4    155    359
5   2   6    26    108
6   2   3    24    482
7   1   6    42    47
8   4   3    32    278
9   7   6    108    359
10   8   6    180    317
11   9   2    149    484
12   9   2    29    157
13   10   2    106    305
14   12   5    121    51
15   5   2    69    308
16   10   7    22    497
17   3   3    150    303
18   1   3    89    349
19   8   4    22    139
20   3   7    152    160
21   2   6    130    459
22   12   5    156    341
23   19   3    183    45
24   7   4    194    204
25   14   3    13    125
26   20   3    184    401
27   1   4    55    224
28   8   2    186    376
29   3   7    123    111
30   26   4    4    149
31   6   3    35    19
32   20   6    66    380
33   19   7    174    2
34   4   5    14    229
35   3   7    81    269
36   6   6    13    172
37   2   6    178    5
38   17   3    123    215
39   15   6    158    442
40   20   5    16    155
