1   0   7    71    358
2   1   4    61    480
3   1   2    70    120
4   1   3    7    439
5   3   3    15    354
6   1   7    114    179
7   5   2    41    196
8   3   6    124    239
9   5   4    182    481
10   1   3    72    491
11   2   3    122    302
12   6   6    151    5
13   1   2    60    323
14   6   7    119    328
15   1   3    68    340
16   12   3    115    215
17   1   4    10    458
18   13   2    31    371
19   16   7    172    445
20   10   4    13    110
21   5   4    63    222
22   10   5    2    52
23   12   2    39    12
24   10   3    104    459
25   19   3    122    401
26   19   5    31    372
27   2   4    12    356
28   4   6    38    347
29   22   2    180    316
30   21   2    188    30
31   4   2    153    310
32   6   3    15    27
33   23   7    104    45
34   21   3    42    477
35   31   5    41    447
36   14   7    9    292
37   31   7    81    85
38   22   5    144    173
39   18   6    63    401
40   16   3    96    441
