1   0   5    75    222
2   1   6    189    236
3   1   5    90    435
4   1   2    107    456
5   2   5    84    165
6   2   4    181    172
7   2   3    34    361
8   1   4    62    75
9   1   6    31    169
10   7   6    35    489
11   3   2    160    329
12   2   6    87    153
13   2   4    51    369
14   5   4    125    273
15   12   5    146    474
16   10   4    11    497
17   11   6    52    7
18   3   7    68    178
19   15   5    155    16
20   6   6    180    403
21   5   6    176    422
22   19   3    30    295
23   9   3    18    385
24   3   3    61    296
25   20   4    39    190
26   18   7    117    354
27   7   2    190    20
28   16   4    4    255
29   25   5    120    462
30   15   3    16    396
31   22   2    44    5
32   6   7    184    190
33   5   6    138    106
34   9   3    194    394
35   18   7    177    173
36   30   6    135    389
37   15   2    185    372
38   7   6    196    398
39   18   6    75    474
40   32   3    105    367
