1   0   7    83    45
2   1   3    158    58
3   1   2    177    476
4   2   2    120    73
5   3   4    144    176
6   2   6    83    205
7   5   5    75    199
8   2   5    114    100
9   5   6    100    67
10   2   5    103    405
11   8   6    97    14
12   5   6    39    164
13   1   7    44    481
14   10   7    15    8
15   11   4    74    317
16   7   4    57    160
17   7   7    98    244
18   12   5    177    273
19   17   3    100    169
20   6   3    25    415
21   4   4    56    287
22   16   7    145    199
23   16   7    12    68
24   16   2    122    478
25   17   3    146    238
26   11   4    131    68
27   5   5    133    186
28   1   2    79    211
29   27   3    65    142
30   25   6    146    51
31   16   2    68    16
32   25   7    149    169
33   7   5    144    278
34   32   6    178    358
35   14   5    197    191
36   34   2    80    123
37   32   7    22    139
38   10   2    103    456
39   29   2    77    3
40   30   2    50    44
