1   0   5    86    368
2   1   2    136    374
3   1   5    13    207
4   1   2    96    219
5   3   6    159    400
6   2   5    127    253
7   4   3    64    198
8   6   2    131    370
9   2   5    43    292
10   4   6    190    264
11   2   7    37    229
12   10   3    67    56
13   2   7    151    460
14   7   5    145    357
15   2   5    65    175
16   4   7    21    80
17   13   7    157    346
18   12   2    183    44
19   17   7    22    400
20   13   3    50    470
21   12   3    44    457
22   1   4    103    12
23   19   6    66    231
24   16   2    105    136
25   5   4    3    69
26   9   4    23    116
27   12   6    56    215
28   20   2    129    270
29   3   5    91    261
30   16   7    130    389
31   6   6    106    401
32   3   5    65    94
33   9   6    132    221
34   31   5    31    115
35   22   2    98    150
36   30   5    35    202
37   24   3    118    277
38   11   5    65    42
39   18   4    171    102
40   6   7    44    273
