1   0   7    99    64
2   1   5    123    132
3   1   2    184    428
4   1   2    76    142
5   1   2    40    190
6   1   4    90    273
7   3   2    184    433
8   4   7    115    295
9   5   5    196    416
10   5   7    151    120
11   6   2    144    376
12   9   4    125    250
13   10   3    80    311
14   4   7    108    278
15   12   3    24    403
16   9   6    75    463
17   8   7    71    295
18   10   6    140    363
19   11   2    96    283
20   13   4    16    161
21   9   4    140    320
22   16   5    54    362
23   12   6    126    41
24   9   3    196    115
25   17   7    74    415
26   11   6    143    449
27   6   5    94    252
28   16   3    160    288
29   3   3    70    24
30   24   7    84    423
31   27   4    73    162
32   5   6    170    58
33   12   4    5    214
34   6   7    130    236
35   4   7    103    94
36   33   2    106    285
37   30   2    150    387
38   7   4    189    98
39   10   4    59    179
40   11   7    172    369
