1   0   7    24    456
2   1   7    127    72
3   1   5    183    390
4   1   3    170    285
5   2   6    99    297
6   3   4    169    2
7   2   7    188    15
8   3   6    28    384
9   2   5    137    370
10   4   5    126    170
11   2   2    97    372
12   4   6    104    228
13   1   4    88    231
14   6   3    80    148
15   8   3    158    38
16   5   5    128    374
17   13   2    175    337
18   13   3    179    448
19   13   2    13    180
20   2   5    37    30
21   18   3    72    139
22   20   6    67    60
23   9   5    183    107
24   13   4    77    222
25   13   4    117    204
26   5   3    174    453
27   10   4    84    416
28   25   2    189    322
29   6   2    161    350
30   24   2    98    452
31   3   7    87    225
32   24   2    161    402
33   13   6    121    140
34   31   2    81    2
35   31   7    94    117
36   11   6    9    388
37   20   2    72    497
38   1   2    189    337
39   5   3    185    260
40   3   6    21    108
