1   0   2    52    246
2   1   7    195    299
3   1   4    192    353
4   2   6    40    294
5   2   3    39    499
6   4   3    35    313
7   5   7    120    224
8   5   5    23    43
9   2   2    26    435
10   8   4    161    457
11   1   3    134    269
12   2   2    184    26
13   8   4    99    438
14   8   6    192    102
15   12   3    189    211
16   12   6    6    42
17   15   7    30    59
18   16   3    99    94
19   9   3    187    451
20   8   6    76    119
21   4   3    161    403
22   6   4    27    138
23   9   4    166    166
24   7   3    69    361
25   12   5    87    314
26   7   5    127    355
27   9   3    113    120
28   15   3    39    170
29   9   6    109    493
30   15   3    133    359
31   12   4    94    93
32   23   7    133    202
33   2   6    165    309
34   16   6    91    205
35   3   7    146    194
36   19   5    49    386
37   4   6    107    413
38   6   6    51    50
39   2   3    29    39
40   33   2    7    104
