1   0   7    83    236
2   1   4    71    494
3   1   7    91    208
4   2   3    167    382
5   2   7    131    386
6   1   6    134    50
7   2   6    21    141
8   6   5    60    107
9   3   2    67    333
10   8   3    159    494
11   2   6    181    332
12   5   5    39    37
13   1   5    112    124
14   12   4    80    3
15   1   7    184    239
16   5   3    83    429
17   2   4    42    141
18   10   5    13    102
19   1   7    21    17
20   7   7    148    197
21   17   6    87    320
22   17   2    90    35
23   21   6    4    400
24   10   6    137    448
25   13   3    169    119
26   24   7    107    83
27   23   2    58    17
28   19   4    150    193
29   1   7    50    486
30   18   7    189    262
31   25   7    156    181
32   16   2    60    473
33   27   3    31    426
34   10   5    187    445
35   22   2    162    265
36   9   3    102    269
37   8   2    75    13
38   16   4    59    270
39   33   7    76    310
40   8   5    20    396
41   35   4    115    237
42   2   3    44    98
43   39   7    161    83
44   37   6    80    26
45   24   3    125    40
46   44   6    25    447
47   1   3    179    393
48   25   2    124    466
49   46   3    37    216
50   37   7    121    267
51   34   5    55    123
52   28   6    178    9
53   18   7    32    76
54   44   6    174    17
55   50   3    4    8
56   30   7    9    71
57   9   6    93    415
58   28   2    118    90
59   29   3    30    48
60   53   5    98    424
61   34   5    95    37
62   42   7    47    18
63   46   5    148    234
64   49   6    34    411
65   45   4    150    404
66   27   4    127    462
67   22   3    176    490
68   11   5    157    494
69   37   2    37    236
70   18   2    166    181
71   7   3    133    425
72   59   5    23    117
73   18   2    57    441
74   26   2    193    209
75   72   3    66    114
76   63   2    189    33
77   38   4    49    405
78   68   6    133    263
79   16   6    14    71
80   32   6    177    470
81   65   2    175    301
82   22   2    190    272
83   77   5    97    425
84   75   7    197    235
85   65   5    165    350
86   54   5    169    318
87   23   4    94    389
88   37   6    7    177
89   64   3    92    116
90   30   2    116    34
91   54   6    41    404
92   45   2    161    396
93   10   4    138    162
94   12   4    40    176
95   24   2    91    426
96   70   5    152    115
97   30   7    23    499
98   42   2    134    262
99   94   3    48    100
100   16   6    144    46
101   8   4    171    33
102   79   3    31    256
103   12   5    26    384
104   41   4    3    165
105   68   3    187    488
106   40   2    1    399
107   5   2    1    93
108   13   2    137    247
109   44   2    59    54
110   96   5    108    416
111   46   7    3    62
112   55   3    139    417
113   55   6    138    313
114   37   3    142    493
115   1   4    115    457
116   85   2    144    381
117   106   4    73    154
118   60   2    5    336
119   43   3    75    284
120   68   5    63    192
121   119   5    92    263
122   15   2    146    443
123   16   7    55    351
124   92   4    76    411
125   122   3    85    387
126   70   3    141    417
127   70   4    126    449
128   64   5    31    197
129   25   7    193    381
130   6   2    93    287
131   91   5    97    454
132   80   7    73    414
133   46   2    12    442
134   90   2    83    68
135   62   5    87    384
136   70   2    49    137
137   115   2    198    385
138   38   6    77    199
139   124   6    88    117
140   118   4    125    103
141   111   2    86    12
142   9   5    122    499
143   88   5    183    145
144   16   7    90    166
145   51   3    156    147
146   36   7    5    151
147   32   4    18    320
148   2   2    35    463
149   20   3    150    486
150   81   2    152    52
151   74   4    191    12
152   2   3    14    226
153   36   6    63    83
154   84   2    158    144
155   52   2    20    398
156   35   2    67    151
157   101   2    45    440
158   155   3    102    203
159   35   4    40    215
160   150   7    83    385
161   154   6    107    285
162   15   3    114    80
163   36   4    91    220
164   14   7    190    127
165   10   2    175    285
166   156   2    49    13
167   114   3    27    466
168   150   4    100    429
169   32   3    47    399
170   98   4    169    494
171   169   3    107    89
172   45   2    148    468
173   32   2    70    389
174   63   7    160    420
175   77   4    102    478
176   99   3    147    275
177   102   3    148    127
178   92   5    30    354
179   147   6    187    180
180   75   5    178    288
181   29   6    11    114
182   92   4    17    30
183   98   6    155    278
184   122   5    89    488
185   89   5    70    134
186   79   2    109    487
187   70   2    95    43
188   26   5    96    361
189   48   6    159    79
190   119   6    95    13
191   10   3    104    359
192   13   4    27    177
193   136   7    87    172
194   12   5    36    43
195   42   3    163    94
196   67   5    47    130
197   185   5    48    395
198   6   7    70    83
199   67   4    125    71
200   83   6    161    110
201   1   6    100    389
202   175   5    135    27
203   60   4    94    455
204   75   4    52    187
205   199   5    4    104
206   109   4    15    317
207   14   5    170    281
208   96   2    177    52
209   207   5    18    432
210   145   2    18    149
211   166   2    180    430
212   117   7    167    100
213   211   5    138    313
214   39   3    43    373
215   79   2    72    41
216   39   6    133    5
217   154   5    28    321
218   27   3    27    179
219   45   4    129    294
220   76   6    41    188
221   31   6    2    56
222   136   3    145    390
223   215   2    172    238
224   125   2    50    283
225   35   2    96    123
226   86   5    57    382
227   162   7    166    351
228   42   4    152    1
229   102   3    49    319
230   123   2    82    478
231   110   5    4    190
232   218   2    14    382
233   19   6    163    489
234   148   2    35    239
235   143   6    99    69
236   157   5    117    450
237   226   4    51    1
238   169   2    183    228
239   59   7    17    447
240   80   3    195    344
241   147   5    152    336
242   5   4    103    351
243   185   6    22    368
244   174   3    153    235
245   100   3    143    274
246   178   5    28    351
247   142   7    79    447
248   193   7    55    50
249   69   2    24    377
250   39   7    100    412
251   191   6    144    468
252   250   3    53    246
253   234   4    197    140
254   235   2    125    278
255   21   6    119    78
256   202   5    194    378
257   130   3    110    80
258   202   6    100    316
259   13   5    44    488
260   105   6    100    441
261   253   2    46    73
262   203   5    179    321
263   33   3    102    223
264   103   5    103    343
265   12   3    191    398
266   10   6    120    470
267   134   7    88    218
268   142   6    130    462
269   170   7    74    495
270   15   7    120    394
271   3   6    159    109
272   234   3    62    113
273   212   5    102    190
274   202   6    41    137
275   40   6    15    261
276   53   6    60    143
277   48   7    176    63
278   123   5    22    104
279   232   3    147    464
280   239   4    149    86
281   51   7    7    212
282   168   3    123    310
283   146   4    167    193
284   248   3    150    188
285   250   6    81    415
286   15   3    4    150
287   196   6    82    15
288   71   3    35    319
289   279   5    21    255
290   167   5    77    247
291   167   5    58    239
292   199   5    109    421
293   106   3    75    7
294   8   7    180    384
295   96   7    91    369
296   5   2    177    347
297   106   3    192    346
298   8   4    198    68
299   249   4    129    448
300   137   4    180    166
301   232   4    191    288
302   20   6    130    37
303   278   4    116    388
304   151   6    162    51
305   167   4    28    21
306   109   5    45    24
307   203   4    179    217
308   195   3    134    252
309   235   3    193    495
310   92   6    75    364
311   178   5    70    128
312   225   5    89    174
313   34   7    21    269
314   249   7    8    251
315   290   2    115    241
316   304   7    76    37
317   44   6    98    449
318   116   7    168    304
319   156   6    158    140
320   306   6    36    317
321   146   2    58    469
322   200   3    98    181
323   129   5    196    130
324   97   7    17    161
325   110   5    99    301
326   255   6    130    372
327   197   4    110    202
328   55   3    150    108
329   146   3    17    337
330   173   2    138    285
331   293   7    3    240
332   238   4    109    463
333   137   6    49    152
334   205   4    59    83
335   147   3    49    105
336   20   2    135    133
337   77   5    142    53
338   128   7    39    287
339   124   5    110    443
340   286   2    90    1
341   87   3    177    309
342   16   3    175    163
343   154   5    198    15
344   266   5    116    327
345   202   7    146    294
346   239   6    25    418
347   189   6    117    189
348   39   6    21    243
349   179   4    198    140
350   170   4    35    228
351   21   3    38    93
352   102   3    110    482
353   107   3    38    55
354   125   2    114    93
355   166   7    118    272
356   159   5    95    480
357   186   4    57    106
358   43   2    88    346
359   284   7    122    483
360   111   2    178    471
361   232   3    96    281
362   90   2    9    227
363   300   7    85    432
364   86   6    120    212
365   262   4    29    475
366   95   7    20    166
367   188   7    190    247
368   216   4    67    385
369   308   6    3    287
370   338   7    46    73
371   162   6    197    38
372   5   6    39    437
373   153   7    139    123
374   81   2    132    221
375   175   2    2    2
376   29   6    123    464
377   160   5    45    390
378   96   6    145    449
379   177   4    89    191
380   163   4    106    52
381   131   3    92    240
382   132   5    38    214
383   253   3    10    64
384   41   6    171    484
385   215   6    47    411
386   118   2    81    264
387   193   5    2    404
388   122   5    98    325
389   230   3    59    342
390   143   7    161    435
391   354   4    33    455
392   167   4    192    192
393   312   2    191    344
394   329   2    195    393
395   214   7    62    387
396   303   4    172    157
397   170   6    162    472
398   130   4    183    423
399   355   2    70    85
400   195   2    173    9
401   212   2    176    223
402   228   5    177    203
403   91   4    182    1
404   178   4    59    324
405   127   6    194    103
406   295   4    164    366
407   289   6    75    91
408   311   4    86    295
409   102   5    36    224
410   31   5    140    46
411   272   3    158    488
412   90   4    81    450
413   125   2    166    121
414   163   2    104    195
415   238   4    140    145
416   53   2    187    492
417   228   6    100    414
418   176   6    159    410
419   265   5    196    86
420   170   2    93    172
421   268   5    35    405
422   412   2    158    89
423   335   5    96    324
424   98   5    149    271
425   131   6    169    436
426   172   6    41    165
427   327   4    35    74
428   367   6    184    327
429   123   6    157    259
430   353   4    165    419
431   48   6    163    97
432   176   7    187    266
433   408   7    178    41
434   256   2    46    395
435   40   4    120    302
436   17   7    98    334
437   434   5    184    398
438   378   6    171    22
439   122   5    159    102
440   382   2    15    153
441   141   5    179    6
442   317   4    151    187
443   77   2    120    35
444   144   4    98    386
445   428   6    63    62
446   411   2    17    28
447   156   4    30    170
448   355   6    167    162
449   227   4    46    456
450   273   7    21    150
451   121   5    1    347
452   340   6    23    394
453   328   2    18    76
454   147   6    87    169
455   394   7    93    31
456   390   3    189    343
457   48   6    126    417
458   52   5    65    301
459   366   5    198    210
460   445   2    198    257
461   293   6    14    459
462   425   5    151    442
463   235   6    24    445
464   259   3    9    410
465   342   2    100    498
466   400   5    12    213
467   407   7    183    391
468   156   3    195    2
469   117   6    2    346
470   242   6    164    81
471   129   5    115    70
472   297   4    177    277
473   114   7    139    318
474   349   7    100    346
475   375   5    145    347
476   369   4    122    62
477   395   7    170    281
478   57   4    195    63
479   372   3    140    156
480   47   4    9    490
481   420   6    199    173
482   136   2    165    468
483   70   7    44    491
484   376   4    126    283
485   119   6    94    422
486   289   2    73    110
487   145   4    184    401
488   450   6    92    253
489   228   6    173    352
490   170   3    159    219
491   401   2    13    338
492   63   3    160    46
493   407   5    126    378
494   263   4    171    308
495   106   6    166    402
496   18   6    34    299
497   434   2    35    172
498   466   3    126    167
499   235   6    156    236
500   364   6    126    142
501   419   4    82    83
502   447   6    93    154
503   232   3    150    376
504   63   4    151    331
505   382   6    89    480
506   29   5    123    347
507   309   7    199    410
508   122   7    153    84
509   353   5    164    421
510   195   3    38    225
511   502   7    113    242
512   427   4    6    76
513   54   3    21    175
514   45   4    42    457
515   3   5    82    406
516   97   2    47    410
517   416   7    142    11
518   131   4    114    144
519   513   6    99    321
520   173   4    176    264
521   395   6    6    219
522   111   3    181    9
523   91   2    195    306
524   378   3    14    7
525   121   3    162    160
526   404   2    70    488
527   102   3    163    138
528   102   2    169    453
529   69   4    15    313
530   329   7    29    84
531   143   5    177    462
532   192   5    115    86
533   184   3    158    160
534   306   7    175    430
535   72   2    83    435
536   323   7    178    320
537   495   5    103    53
538   136   7    125    351
539   126   7    194    158
540   122   4    83    115
541   446   3    134    332
542   275   2    29    271
543   138   2    151    262
544   307   4    154    329
545   406   5    6    5
546   393   5    194    131
547   124   6    199    2
548   421   7    177    323
549   245   4    57    277
550   263   6    73    79
551   3   2    187    264
552   7   4    185    391
553   464   2    22    356
554   256   5    189    361
555   519   7    68    31
556   478   7    173    47
557   65   7    69    68
558   74   7    40    112
559   221   7    129    418
560   416   5    29    374
561   187   2    191    262
562   478   4    169    93
563   164   2    161    16
564   132   3    162    51
565   264   2    9    73
566   162   4    4    380
567   132   2    138    486
568   88   3    25    22
569   246   3    169    264
570   310   7    190    460
571   182   6    133    128
572   42   4    133    326
573   104   7    98    176
574   78   2    143    360
575   485   3    122    165
576   134   5    1    214
577   418   3    184    489
578   445   3    182    260
579   80   5    45    431
580   50   4    8    327
581   12   5    98    140
582   384   3    188    319
583   122   5    64    37
584   553   3    49    238
585   332   3    167    8
586   288   7    150    94
587   111   6    113    229
588   247   4    6    24
589   77   5    193    116
590   203   5    62    248
591   161   5    52    451
592   419   4    133    220
593   229   2    90    322
594   525   5    87    305
595   239   2    159    365
596   439   2    69    156
597   496   6    39    262
598   30   5    141    112
599   25   6    51    205
600   595   7    186    313
601   464   4    2    94
602   323   3    62    290
603   336   6    150    487
604   596   5    40    168
605   570   3    173    252
606   464   2    182    461
607   414   2    169    8
608   426   2    13    231
609   291   3    70    329
610   398   6    135    494
611   600   5    14    397
612   574   3    121    410
613   392   2    32    379
614   67   2    172    168
615   113   5    56    346
616   458   5    175    5
617   208   3    89    177
618   148   2    118    443
619   56   4    174    97
620   590   3    166    261
621   285   2    190    389
622   476   6    77    418
623   62   3    156    29
624   383   3    118    173
625   443   7    10    253
626   546   2    121    152
627   65   7    145    117
628   71   2    79    396
629   394   7    187    116
630   365   5    38    150
631   341   4    148    350
632   154   4    68    268
633   299   2    71    225
634   507   7    37    452
635   525   3    29    471
636   164   6    115    26
637   267   3    157    347
638   323   6    3    119
639   7   6    172    55
640   27   4    54    237
641   606   6    11    142
642   146   7    132    256
643   446   7    141    8
644   245   5    135    236
645   180   6    135    238
646   293   3    79    42
647   345   2    73    358
648   123   6    11    65
649   48   3    98    432
650   578   2    8    21
651   227   5    77    292
652   621   3    9    419
653   421   2    79    247
654   198   6    174    329
655   410   5    65    38
656   216   3    50    398
657   547   3    49    450
658   256   3    189    291
659   431   4    109    105
660   80   3    184    347
661   141   4    82    18
662   511   6    100    415
663   599   4    92    403
664   168   6    180    150
665   582   7    53    190
666   208   7    73    24
667   256   3    110    182
668   232   4    101    280
669   412   3    90    464
670   451   3    40    159
671   552   7    122    265
672   580   2    37    246
673   272   5    68    33
674   555   6    95    263
675   359   2    112    374
676   574   7    170    385
677   28   3    115    41
678   389   2    35    45
679   280   2    105    167
680   337   7    183    231
681   177   5    194    265
682   170   2    41    242
683   13   4    171    336
684   474   4    177    203
685   331   5    183    35
686   488   2    186    82
687   592   6    129    439
688   632   4    11    294
689   405   4    40    270
690   377   4    107    33
691   662   6    108    389
692   215   5    125    283
693   426   2    181    237
694   382   7    168    91
695   604   6    122    341
696   563   6    143    11
697   490   3    121    164
698   580   5    121    447
699   101   2    85    427
700   448   3    32    314
701   123   5    103    149
702   313   3    134    431
703   683   4    94    437
704   19   2    144    102
705   269   2    82    490
706   240   7    171    272
707   472   3    185    69
708   331   6    3    128
709   626   7    195    306
710   620   2    36    236
711   357   5    115    252
712   92   6    27    348
713   332   2    85    478
714   310   6    54    215
715   535   7    103    470
716   124   6    154    185
717   621   7    105    399
718   592   7    123    394
719   368   5    168    261
720   284   4    61    498
721   354   7    53    361
722   488   7    20    48
723   552   3    131    200
724   14   6    144    399
725   383   2    40    323
726   623   4    62    281
727   165   4    155    225
728   623   6    131    198
729   94   7    49    319
730   423   4    138    320
731   498   6    141    294
732   503   7    117    157
733   6   2    137    380
734   681   5    42    275
735   338   4    7    139
736   581   2    109    394
737   307   5    197    287
738   591   4    127    77
739   440   7    94    409
740   609   6    180    33
741   41   6    23    87
742   284   5    151    242
743   547   3    80    18
744   640   2    85    167
745   677   6    61    247
746   1   3    1    390
747   259   3    60    109
748   360   6    106    419
749   330   4    83    94
750   79   4    33    69
751   746   5    164    474
752   154   2    160    371
753   502   7    184    325
754   507   4    98    177
755   182   2    83    167
756   415   4    181    10
757   503   6    22    50
758   505   6    24    128
759   238   3    83    304
760   546   2    104    99
761   565   2    24    380
762   441   6    148    33
763   625   5    83    251
764   196   4    94    191
765   413   2    130    497
766   435   4    46    341
767   381   4    194    261
768   96   6    160    26
769   127   2    74    10
770   408   2    157    237
771   615   2    145    348
772   190   4    70    66
773   747   2    95    77
774   555   7    30    419
775   368   4    18    102
776   548   7    43    491
777   346   3    112    130
778   248   4    87    352
779   257   4    101    307
780   412   6    36    211
781   682   3    118    153
782   61   4    163    256
783   139   5    171    425
784   572   4    168    224
785   643   5    199    286
786   92   6    144    296
787   735   3    62    451
788   676   2    5    94
789   579   3    124    473
790   136   4    30    366
791   374   3    146    194
792   28   7    159    85
793   75   2    122    137
794   269   6    18    60
795   47   4    164    368
796   134   7    194    362
797   266   4    70    387
798   579   6    38    148
799   604   7    158    496
800   395   5    169    428
801   793   6    76    15
802   160   6    95    249
803   137   3    99    486
804   443   6    165    211
805   413   4    140    418
806   191   4    125    396
807   679   5    59    420
808   669   5    14    468
809   728   7    33    102
810   304   5    50    443
811   261   6    138    7
812   554   3    172    494
813   792   5    36    429
814   323   6    169    3
815   248   5    170    325
816   583   7    181    332
817   157   5    132    95
818   384   3    21    303
819   30   2    180    462
820   556   5    145    428
821   509   7    110    173
822   168   7    195    452
823   790   5    69    32
824   381   3    196    274
825   787   7    20    9
826   714   5    170    220
827   92   3    133    286
828   607   6    96    433
829   119   2    65    296
830   162   7    155    318
831   728   4    192    467
832   506   6    142    328
833   349   2    158    253
834   557   2    11    222
835   128   3    141    416
836   731   2    90    19
837   325   4    50    155
838   645   4    157    58
839   668   3    183    403
840   782   7    57    261
841   651   4    48    444
842   447   3    17    484
843   562   6    190    207
844   589   7    118    241
845   753   2    26    384
846   789   2    57    466
847   508   6    118    497
848   136   7    160    492
849   544   6    93    106
850   44   3    187    450
851   729   2    106    225
852   495   4    183    441
853   434   3    109    356
854   780   2    199    472
855   573   4    53    406
856   484   7    153    182
857   529   5    49    255
858   529   7    147    323
859   81   6    146    158
860   755   3    131    444
861   473   5    65    436
862   745   6    65    364
863   500   4    66    271
864   551   4    192    49
865   310   3    7    106
866   707   2    106    258
867   574   2    85    6
868   607   2    54    195
869   710   6    38    16
870   487   4    132    295
871   857   3    77    466
872   332   4    115    42
873   406   6    12    95
874   69   5    2    477
875   448   4    113    314
876   371   4    83    386
877   870   2    78    162
878   501   7    92    317
879   853   3    99    191
880   563   5    192    242
881   275   2    104    499
882   206   6    17    222
883   829   7    76    184
884   318   2    86    13
885   649   7    107    85
886   347   4    74    347
887   782   5    22    137
888   778   2    143    209
889   725   2    13    264
890   407   3    17    305
891   672   2    25    31
892   585   2    93    195
893   63   7    112    171
894   491   5    173    386
895   632   6    161    67
896   335   5    79    137
897   90   2    107    240
898   791   2    13    310
899   670   4    168    418
900   359   2    183    12
901   149   6    34    499
902   7   2    62    489
903   506   5    197    299
904   334   5    5    421
905   689   6    18    480
906   31   2    156    351
907   589   6    105    276
908   311   2    46    389
909   867   5    13    400
910   336   3    117    199
911   159   7    137    264
912   257   7    9    308
913   142   2    12    489
914   293   7    175    13
915   151   6    18    497
916   420   3    54    486
917   435   4    30    489
918   884   3    177    5
919   628   2    169    158
920   316   3    174    55
921   114   7    80    294
922   372   4    66    372
923   202   2    6    148
924   337   6    45    435
925   656   4    153    354
926   148   7    188    123
927   556   3    120    30
928   838   3    68    45
929   673   5    36    220
930   140   3    91    166
931   180   4    7    295
932   103   6    33    300
933   56   6    186    371
934   367   7    16    398
935   732   4    119    162
936   22   6    43    187
937   903   7    108    311
938   917   5    62    258
939   61   5    108    174
940   912   7    124    93
941   864   6    179    313
942   317   3    62    497
943   22   4    167    252
944   691   3    33    396
945   112   6    119    152
946   307   4    92    468
947   841   6    54    156
948   382   2    24    123
949   495   6    168    47
950   672   5    96    455
951   614   3    74    488
952   175   6    10    307
953   940   4    112    444
954   743   7    12    303
955   613   5    161    72
956   634   4    71    24
957   841   2    162    363
958   870   3    147    393
959   727   3    143    490
960   692   3    14    494
961   582   4    197    462
962   504   4    162    449
963   509   4    91    410
964   244   2    105    68
965   523   7    116    229
966   69   7    165    96
967   862   5    76    278
968   833   2    46    456
969   913   5    125    478
970   322   2    19    24
971   61   4    124    1
972   218   5    5    392
973   708   6    110    151
974   584   4    105    132
975   827   2    139    68
976   559   3    26    402
977   882   5    99    10
978   816   2    89    474
979   137   7    159    82
980   19   4    114    366
981   280   4    173    453
982   655   6    19    138
983   293   5    164    413
984   896   2    107    124
985   668   3    133    239
986   648   4    66    201
987   378   4    39    404
988   366   2    50    214
989   163   7    47    465
990   534   2    193    470
991   710   4    29    255
992   711   5    42    204
993   855   7    105    338
994   713   7    29    304
995   486   3    142    294
996   611   6    117    370
997   190   5    106    31
998   106   4    85    61
999   614   2    146    111
1000   912   7    84    139
1001   642   2    44    103
1002   886   2    3    199
1003   27   2    107    21
1004   761   5    190    298
1005   435   3    124    45
1006   753   4    21    17
1007   649   5    24    236
1008   43   5    104    484
1009   81   4    66    498
1010   681   7    132    308
1011   133   2    129    419
1012   868   3    7    31
1013   144   4    20    439
1014   695   2    53    84
1015   816   2    154    324
1016   704   4    69    332
1017   972   2    126    17
1018   800   5    194    438
1019   397   3    50    73
1020   569   5    140    94
1021   705   2    104    491
1022   450   2    88    13
1023   816   6    5    427
1024   983   4    133    240
1025   414   6    142    93
1026   145   7    66    499
1027   39   2    35    105
1028   236   6    194    301
1029   840   4    161    43
1030   343   7    24    124
1031   181   2    164    13
1032   635   4    180    240
1033   218   4    181    127
1034   626   4    124    44
1035   884   5    33    154
1036   274   5    168    389
1037   414   4    109    408
1038   548   7    80    317
1039   826   6    192    357
1040   109   4    100    399
1041   966   4    7    122
1042   909   7    64    206
1043   400   2    123    496
1044   745   3    175    401
1045   369   3    193    64
1046   925   4    22    348
1047   782   5    166    255
1048   135   6    190    269
1049   865   5    27    409
1050   553   2    111    11
1051   178   4    79    24
1052   118   7    124    184
1053   338   2    50    123
1054   413   5    189    493
1055   6   5    2    17
1056   217   2    166    371
1057   194   2    189    464
1058   395   2    171    372
1059   56   6    169    269
1060   25   5    64    191
1061   466   3    10    347
1062   819   2    123    160
1063   804   6    130    155
1064   744   6    136    123
1065   1060   5    59    309
1066   292   5    80    14
1067   738   2    34    302
1068   578   7    17    115
1069   752   3    124    88
1070   662   4    30    46
1071   850   2    16    210
1072   703   4    29    131
1073   77   6    179    453
1074   69   3    54    466
1075   438   5    171    482
1076   711   3    171    466
1077   1058   3    154    429
1078   439   3    124    27
1079   147   3    38    497
1080   95   3    181    375
1081   841   3    15    411
1082   235   3    58    275
1083   165   4    144    245
1084   1042   6    123    22
1085   959   6    149    216
1086   824   2    103    235
1087   87   2    39    164
1088   740   5    192    197
1089   287   3    43    281
1090   665   7    70    147
1091   1055   4    115    308
1092   526   5    33    465
1093   1019   5    106    209
1094   917   4    15    191
1095   248   3    92    164
1096   820   2    127    127
1097   657   4    196    362
1098   79   3    95    302
1099   874   3    156    328
1100   759   6    116    143
1101   503   4    197    90
1102   743   6    36    70
1103   7   5    169    447
1104   996   7    5    227
1105   1085   6    35    403
1106   174   4    124    329
1107   1024   3    147    271
1108   802   5    54    196
1109   259   2    53    317
1110   1003   3    153    251
1111   328   6    147    168
1112   830   6    11    387
1113   285   2    32    250
1114   115   3    4    349
1115   958   5    180    65
1116   315   5    1    329
1117   57   6    75    81
1118   382   6    156    476
1119   759   3    89    254
1120   37   6    135    108
1121   351   5    109    430
1122   862   5    67    13
1123   905   2    166    300
1124   640   7    38    232
1125   844   5    146    383
1126   48   3    152    401
1127   976   2    13    307
1128   1081   4    150    172
1129   821   3    192    150
1130   905   2    122    321
1131   368   3    20    214
1132   579   4    185    126
1133   397   4    176    329
1134   681   7    178    185
1135   779   7    136    246
1136   14   4    182    126
1137   540   4    18    271
1138   213   3    81    404
1139   609   5    136    196
1140   546   6    76    262
1141   1077   4    146    108
1142   228   5    138    347
1143   1101   7    93    106
1144   768   7    13    197
1145   863   6    150    99
1146   384   3    186    339
1147   905   6    25    9
1148   739   3    78    443
1149   130   5    18    51
1150   1060   2    163    106
1151   470   3    177    147
1152   149   5    176    420
1153   433   5    5    112
1154   468   5    133    83
1155   132   6    39    319
1156   426   4    133    414
1157   529   5    27    123
1158   924   5    12    171
1159   713   6    115    464
1160   992   7    123    494
1161   799   3    158    228
1162   509   5    100    62
1163   125   6    115    324
1164   1012   7    156    482
1165   152   2    143    2
1166   1142   6    182    305
1167   44   4    186    317
1168   511   5    136    65
1169   869   3    18    255
1170   10   4    93    11
1171   167   2    26    264
1172   371   6    119    183
1173   468   3    124    284
1174   658   4    169    396
1175   621   7    119    271
1176   1137   3    58    341
1177   1012   2    117    133
1178   760   5    99    230
1179   871   3    195    388
1180   304   7    140    270
1181   652   6    19    435
1182   463   3    141    65
1183   597   5    180    229
1184   1005   7    122    451
1185   197   4    107    246
1186   712   6    190    457
1187   481   4    174    422
1188   380   6    70    183
1189   751   7    34    391
1190   517   6    91    52
1191   1096   3    17    227
1192   243   6    31    423
1193   839   2    119    142
1194   83   7    148    84
1195   869   3    50    430
1196   610   2    37    87
1197   1139   3    130    51
1198   687   5    94    117
1199   1100   7    175    348
1200   406   5    168    296
1201   570   5    85    108
1202   783   3    169    307
1203   886   3    101    62
1204   56   5    42    333
1205   612   3    67    259
1206   1177   6    76    222
1207   1003   7    52    370
1208   211   5    2    81
1209   161   5    165    29
1210   253   6    56    61
1211   444   2    125    409
1212   320   2    96    54
1213   331   3    120    394
1214   814   6    4    139
1215   836   7    192    480
1216   807   7    184    25
1217   888   2    190    79
1218   1027   5    131    89
1219   1070   4    187    209
1220   367   7    186    314
1221   505   4    81    304
1222   1047   4    42    112
1223   558   7    113    254
1224   285   7    146    65
1225   405   5    139    193
1226   499   6    29    450
1227   381   7    115    408
1228   765   5    121    489
1229   556   2    169    35
1230   858   4    96    484
1231   61   2    14    29
1232   646   7    189    287
1233   334   3    167    62
1234   907   5    167    393
1235   747   6    131    496
1236   1190   5    88    143
1237   457   3    136    206
1238   962   3    94    472
1239   543   3    18    222
1240   1199   6    4    66
1241   1237   6    148    399
1242   558   2    117    5
1243   610   7    144    455
1244   151   5    31    69
1245   678   6    131    328
1246   68   2    102    429
1247   1131   6    65    389
1248   711   2    25    330
1249   817   5    53    337
1250   22   3    41    304
1251   211   7    150    452
1252   973   4    109    421
1253   556   6    74    445
1254   315   2    18    204
1255   962   4    37    185
1256   793   3    141    496
1257   865   6    9    345
1258   1199   2    116    323
1259   1150   6    181    119
1260   812   6    193    282
1261   1136   7    151    347
1262   358   4    10    407
1263   1017   3    20    476
1264   435   3    137    38
1265   217   5    100    279
1266   1152   5    51    162
1267   685   7    141    93
1268   848   6    112    482
1269   385   7    64    167
1270   1215   6    45    495
1271   930   2    7    99
1272   1133   6    179    64
1273   629   7    26    120
1274   1036   5    195    210
1275   764   3    73    434
1276   1225   2    97    211
1277   103   3    132    202
1278   948   2    129    202
1279   356   3    38    387
1280   1240   2    149    31
1281   450   4    133    222
1282   26   5    134    220
1283   1224   3    178    95
1284   721   5    198    407
1285   514   4    155    495
1286   553   2    129    251
1287   448   6    94    86
1288   613   6    147    326
1289   664   6    13    4
1290   1149   3    17    131
1291   392   2    153    65
1292   56   6    44    316
1293   1157   5    59    68
1294   894   5    194    134
1295   1070   4    106    100
1296   653   3    134    90
1297   253   2    55    239
1298   475   4    182    331
1299   492   7    5    469
1300   164   5    123    56
1301   995   6    17    382
1302   422   2    90    104
1303   72   4    2    162
1304   1228   3    65    391
1305   464   5    113    220
1306   863   2    58    16
1307   868   7    73    268
1308   79   2    121    87
1309   749   3    96    297
1310   99   4    34    6
1311   460   6    139    289
1312   67   2    1    275
1313   1166   7    133    143
1314   354   3    75    231
1315   734   4    169    131
1316   608   5    129    329
1317   26   3    56    99
1318   491   2    190    387
1319   385   4    34    248
1320   837   2    76    119
1321   131   3    74    27
1322   145   5    10    103
1323   1075   3    48    195
1324   484   4    172    287
1325   325   7    193    246
1326   1043   4    40    416
1327   350   6    19    282
1328   807   3    183    106
1329   749   5    73    315
1330   993   3    11    308
1331   1255   4    154    219
1332   829   2    147    120
1333   38   3    60    240
1334   668   7    103    470
1335   499   2    165    27
1336   940   3    194    37
1337   473   3    54    116
1338   306   7    104    129
1339   293   5    107    348
1340   778   4    27    293
1341   1292   2    156    8
1342   746   6    37    416
1343   955   7    95    398
1344   1075   6    80    251
1345   89   5    158    45
1346   1280   3    106    304
1347   401   2    111    387
1348   467   7    37    278
1349   1155   6    37    8
1350   1277   3    23    19
1351   312   7    148    430
1352   842   6    16    498
1353   1279   5    84    302
1354   580   3    91    49
1355   180   7    99    272
1356   783   7    119    54
1357   329   4    5    230
1358   446   7    131    147
1359   410   7    184    232
1360   126   5    107    487
1361   883   7    62    360
1362   1173   2    3    113
1363   850   2    195    32
1364   1312   7    135    456
1365   1294   3    85    146
1366   841   6    81    420
1367   886   2    53    5
1368   1068   2    173    96
1369   955   2    39    34
1370   1057   6    79    330
1371   685   5    160    3
1372   449   6    153    234
1373   1291   3    59    160
1374   538   2    123    122
1375   30   5    78    53
1376   1150   6    76    380
1377   366   6    6    75
1378   1029   5    140    10
1379   189   3    134    497
1380   882   4    86    464
1381   473   4    42    413
1382   1202   6    188    486
1383   864   3    102    160
1384   428   7    152    453
1385   811   3    180    90
1386   1271   6    6    265
1387   506   3    182    350
1388   184   6    81    360
1389   1232   3    124    52
1390   29   2    105    188
1391   1365   2    94    244
1392   234   6    6    385
1393   40   5    163    292
1394   972   6    80    74
1395   461   2    4    429
1396   793   5    58    84
1397   444   6    135    206
1398   609   6    112    3
1399   1024   6    54    122
1400   238   2    148    241
1401   743   4    158    45
1402   215   6    163    457
1403   1374   2    116    387
1404   1196   7    70    398
1405   522   4    165    493
1406   97   2    160    191
1407   612   2    185    419
1408   885   6    26    297
1409   110   3    152    405
1410   1102   5    105    355
1411   648   6    51    1
1412   287   2    181    49
1413   954   2    13    314
1414   1355   4    169    236
1415   1155   5    9    409
1416   989   2    82    265
1417   1244   3    48    454
1418   796   7    85    228
1419   1171   4    108    149
1420   1237   6    154    355
1421   1253   6    58    16
1422   1302   5    135    443
1423   1031   7    112    457
1424   208   5    191    171
1425   790   4    28    109
1426   842   4    152    481
1427   480   5    192    301
1428   214   3    169    151
1429   101   3    84    173
1430   935   4    83    267
1431   89   3    139    266
1432   1259   6    19    460
1433   878   4    160    39
1434   759   4    186    256
1435   686   7    149    490
1436   641   2    168    372
1437   1288   3    150    259
1438   1058   6    68    492
1439   1174   3    54    484
1440   228   3    25    256
1441   1082   6    128    194
1442   432   7    123    52
1443   395   3    181    271
1444   1107   3    117    255
1445   208   3    146    381
1446   910   3    93    252
1447   1285   5    160    208
1448   479   2    122    469
1449   391   7    53    56
1450   562   3    57    88
1451   1090   7    136    389
1452   482   4    163    486
1453   1333   3    180    479
1454   1081   7    35    264
1455   98   3    135    143
1456   1141   7    36    63
1457   805   3    136    373
1458   639   4    188    334
1459   1391   6    117    145
1460   1357   3    104    174
1461   1058   7    28    276
1462   911   7    114    112
1463   610   3    96    494
1464   1288   2    151    305
1465   1000   6    121    25
1466   779   7    141    212
1467   594   5    94    496
1468   1283   6    41    249
1469   1286   5    124    225
1470   419   7    96    53
1471   883   3    12    465
1472   896   7    43    40
1473   1181   2    173    340
1474   1052   5    76    262
1475   325   6    71    451
1476   1288   5    168    324
1477   626   2    169    453
1478   96   4    132    250
1479   424   7    23    154
1480   1343   2    68    320
1481   167   7    100    459
1482   1053   6    90    460
1483   1083   5    143    178
1484   335   4    197    100
1485   920   6    22    9
1486   751   6    162    134
1487   640   6    11    429
1488   1326   6    127    55
1489   200   4    168    470
1490   391   4    61    456
1491   1489   7    72    62
1492   688   4    26    228
1493   1478   5    85    68
1494   1226   4    96    100
1495   26   6    90    314
1496   1383   3    103    480
1497   193   7    16    301
1498   1376   4    27    49
1499   1107   3    145    170
1500   70   5    169    380
1501   454   6    187    252
1502   505   5    173    261
1503   495   6    181    325
1504   1464   7    94    61
1505   749   2    3    438
1506   947   3    140    410
1507   709   3    118    425
1508   951   6    40    128
1509   496   3    173    181
1510   113   3    167    480
1511   250   5    45    209
1512   1115   4    2    5
1513   1345   7    135    55
1514   869   3    136    92
1515   77   5    69    171
1516   524   2    170    129
1517   497   4    164    140
1518   538   4    69    240
1519   1363   6    178    448
1520   66   3    161    397
1521   1147   4    124    154
1522   1500   5    60    350
1523   1298   3    51    200
1524   1428   2    176    44
1525   817   6    162    128
1526   223   5    12    101
1527   244   2    168    149
1528   760   4    87    217
1529   1374   6    27    442
1530   1527   6    186    38
1531   86   7    31    123
1532   724   5    166    74
1533   703   6    133    481
1534   1386   4    97    266
1535   258   2    91    87
1536   1061   3    66    471
1537   1333   7    9    259
1538   958   2    35    384
1539   1398   4    187    316
1540   583   4    123    135
1541   1187   6    165    169
1542   169   4    113    489
1543   552   2    25    182
1544   399   7    87    432
1545   407   3    89    61
1546   1138   3    122    453
1547   1103   7    177    172
1548   1196   6    184    416
1549   512   6    174    354
1550   61   4    78    171
1551   1109   7    26    119
1552   253   7    148    291
1553   811   7    104    61
1554   1223   2    184    355
1555   1504   6    90    309
1556   1369   2    175    136
1557   416   3    115    321
1558   1086   4    114    138
1559   1086   4    106    45
1560   198   6    29    361
1561   1023   4    146    216
1562   303   7    34    390
1563   462   6    101    103
1564   219   2    68    354
1565   975   7    173    227
1566   1461   4    5    308
1567   419   3    146    246
1568   768   2    129    194
1569   647   4    95    18
1570   1296   3    122    344
1571   357   4    171    176
1572   862   7    187    427
1573   718   7    132    416
1574   1075   5    103    267
1575   1321   7    121    230
1576   391   4    35    356
1577   894   5    161    51
1578   57   6    17    280
1579   1023   5    101    82
1580   871   5    74    106
1581   513   4    80    224
1582   78   5    93    207
1583   356   7    170    362
1584   393   5    175    266
1585   278   6    1    393
1586   1180   2    47    480
1587   399   4    121    244
1588   872   6    115    23
1589   143   4    81    78
1590   1139   5    79    437
1591   380   5    55    361
1592   1423   3    145    161
1593   941   5    127    479
1594   1134   7    148    94
1595   1385   5    59    466
1596   88   4    165    487
1597   986   7    106    337
1598   771   2    121    434
1599   384   3    93    38
1600   1594   4    47    418
1601   131   3    194    407
1602   741   5    196    385
1603   620   3    195    131
1604   10   7    59    22
1605   1063   5    131    490
1606   1588   6    199    266
1607   1311   5    111    15
1608   619   2    42    173
1609   1261   7    142    282
1610   1353   6    184    4
1611   836   5    53    383
1612   9   5    32    153
1613   674   5    118    241
1614   1070   3    71    320
1615   296   6    136    425
1616   759   3    159    336
1617   721   2    31    2
1618   1309   3    86    340
1619   1544   5    24    380
1620   1170   2    52    378
1621   1146   4    166    226
1622   1397   6    158    304
1623   975   3    119    20
1624   1131   3    132    240
1625   1184   5    8    148
1626   648   5    21    224
1627   1245   3    76    273
1628   1380   3    197    389
1629   1210   4    30    276
1630   222   3    116    329
1631   1238   6    82    238
1632   1502   3    146    247
1633   393   4    101    98
1634   1217   5    71    68
1635   369   7    150    314
1636   533   6    60    42
1637   618   5    143    155
1638   223   7    60    347
1639   577   3    150    172
1640   597   3    157    209
1641   1439   5    31    187
1642   155   7    188    116
1643   648   4    88    337
1644   349   7    80    342
1645   996   7    14    258
1646   1295   3    88    187
1647   337   5    88    176
1648   887   6    70    199
1649   988   7    70    170
1650   469   3    85    148
1651   1020   4    159    37
1652   480   5    114    73
1653   1319   3    110    152
1654   595   2    24    51
1655   1250   3    107    45
1656   339   5    73    284
1657   1309   4    154    118
1658   1299   3    119    220
1659   238   3    22    22
1660   1474   5    127    447
1661   1086   3    27    249
1662   1656   4    2    430
1663   1107   7    111    383
1664   1041   7    167    159
1665   801   2    32    335
1666   924   4    90    478
1667   1196   7    95    177
1668   865   6    30    230
1669   871   2    166    323
1670   139   4    58    15
1671   1107   5    199    384
1672   84   5    135    13
1673   77   3    65    486
1674   116   2    36    145
1675   1312   5    172    100
