1   0   4    75    320
2   1   4    129    231
3   1   5    120    210
4   1   6    119    205
5   2   7    194    232
6   1   4    43    82
7   1   4    5    376
8   5   2    192    294
9   4   7    189    129
10   3   3    5    377
11   6   5    108    452
12   7   2    91    293
13   8   5    105    152
14   11   5    35    293
15   4   5    140    213
16   13   4    114    19
17   3   3    52    308
18   12   5    17    13
19   9   6    67    256
20   6   3    22    3
21   14   4    60    14
22   16   5    172    260
23   7   6    104    121
24   5   4    79    482
25   12   3    28    225
26   17   2    29    328
27   12   7    92    482
28   26   4    76    147
29   12   7    183    327
30   7   6    71    45
31   7   2    83    430
32   13   4    153    303
33   25   5    137    270
34   8   6    175    368
35   17   5    127    286
36   2   6    46    132
37   8   2    191    217
38   11   5    36    438
39   4   4    21    311
40   12   7    23    375
41   10   3    179    105
42   6   3    163    426
43   19   6    89    181
44   15   7    83    128
45   5   5    37    234
46   1   6    33    365
47   18   4    106    93
48   36   2    171    248
49   34   2    128    448
50   14   3    164    276
51   5   3    191    303
52   17   2    99    408
53   31   2    156    244
54   26   3    187    76
55   23   5    174    395
56   11   7    42    337
57   4   6    88    321
58   26   3    165    245
59   24   5    131    473
60   7   7    150    195
61   7   6    193    354
62   4   5    77    189
63   25   5    22    181
64   27   5    41    364
65   59   5    105    43
66   47   5    148    206
67   41   6    87    268
68   41   3    74    287
69   64   3    107    418
70   2   4    169    499
71   51   6    77    229
72   39   5    133    138
73   60   3    191    182
74   15   2    174    60
75   1   3    184    2
76   9   5    16    153
77   72   4    28    83
78   9   3    153    495
79   26   4    5    4
80   61   2    186    123
81   36   7    12    96
82   25   7    35    421
83   47   5    77    50
84   51   7    110    131
85   68   6    33    245
86   52   7    94    480
87   61   6    44    402
88   31   5    100    371
89   49   5    155    122
90   14   3    97    444
91   4   6    35    44
92   10   5    98    476
93   56   5    57    304
94   91   7    195    404
95   46   7    38    200
96   61   5    176    281
97   71   3    15    401
98   69   4    81    484
99   28   7    4    25
100   93   2    64    391
101   5   2    147    493
102   68   4    45    324
103   84   7    38    360
104   37   5    118    192
105   63   2    53    67
106   7   5    34    339
107   37   3    22    479
108   21   6    192    367
109   73   7    129    209
110   42   2    184    236
111   44   6    82    49
112   73   4    7    59
113   52   7    108    432
114   91   7    4    271
115   9   4    114    475
116   109   4    122    303
117   100   2    183    231
118   81   7    156    252
119   92   2    173    472
120   72   5    43    242
121   14   6    45    143
122   34   6    107    248
123   73   3    177    74
124   64   4    159    249
125   69   3    110    59
126   28   4    73    419
127   42   3    115    470
128   87   5    11    297
129   99   3    154    73
130   21   7    39    185
131   61   3    65    302
132   24   5    84    152
133   2   7    81    285
134   98   4    189    94
135   66   5    74    497
136   36   4    124    313
137   38   6    161    269
138   120   7    101    327
139   52   5    178    78
140   49   5    37    477
141   123   5    47    17
142   56   3    117    29
143   83   5    59    352
144   135   6    186    332
145   37   5    70    308
146   21   5    146    447
147   101   6    87    275
148   8   7    50    482
149   121   4    193    36
150   50   2    99    94
151   96   7    112    172
152   136   5    156    130
153   94   7    59    138
154   95   6    148    142
155   102   3    48    165
156   106   4    170    386
157   131   6    99    436
158   3   4    36    474
159   50   5    116    205
160   116   4    111    300
161   91   4    98    463
162   85   5    39    344
163   157   7    164    328
164   140   5    74    90
165   129   6    115    216
166   24   6    179    249
167   50   7    13    222
168   77   2    25    293
169   145   2    172    344
170   32   2    93    2
171   44   5    79    13
172   57   4    24    259
173   92   3    117    408
174   108   3    189    262
175   80   7    119    484
176   5   7    191    177
177   171   7    30    334
178   46   5    29    218
179   44   4    74    88
180   15   6    118    217
181   99   3    50    358
182   67   6    122    206
183   57   2    5    344
184   176   5    173    462
185   82   5    53    392
186   33   7    152    319
187   64   7    159    278
188   159   4    50    17
189   24   6    95    279
190   105   5    136    127
191   1   4    156    97
192   135   5    35    418
193   15   5    22    3
194   10   6    71    1
195   172   6    44    43
196   183   6    94    274
197   13   3    102    350
198   153   6    142    416
199   105   2    46    352
200   23   5    25    192
201   144   5    56    131
202   14   6    130    151
203   195   6    130    445
204   151   7    143    131
205   139   5    46    226
206   6   7    68    19
207   156   6    191    286
208   200   7    41    371
209   129   3    157    113
210   114   7    64    153
211   64   5    78    57
212   145   3    20    283
213   166   3    12    394
214   178   5    27    193
215   94   3    173    249
216   55   5    8    313
217   151   5    117    480
218   31   2    146    405
219   136   5    6    296
220   128   3    141    354
221   3   3    98    104
222   66   4    26    40
223   87   7    24    91
224   208   6    12    245
225   192   4    68    391
226   93   3    105    158
227   134   3    195    299
228   153   6    8    441
229   206   4    160    356
230   207   2    180    229
231   50   6    88    455
232   175   3    133    174
233   22   5    71    395
234   213   6    185    313
235   198   3    126    300
236   180   5    86    381
237   61   3    31    450
238   181   2    157    353
239   93   2    4    183
240   22   2    142    99
241   217   2    96    157
242   75   2    42    453
243   156   7    159    38
244   46   7    87    233
245   104   3    150    18
246   7   6    129    380
247   112   2    54    132
248   35   6    57    59
249   39   5    39    452
250   32   2    111    491
251   44   7    107    54
252   202   2    55    319
253   122   7    96    334
254   111   2    42    190
255   95   5    173    66
256   97   6    111    90
257   48   7    112    213
258   156   6    144    452
259   250   2    17    200
260   150   2    135    169
261   43   6    32    313
262   5   5    66    495
263   59   6    95    188
264   129   3    149    317
265   192   2    125    211
266   166   7    77    315
267   67   6    60    32
268   213   7    134    274
269   64   6    67    443
270   215   7    81    354
271   233   3    11    454
272   175   3    175    370
273   176   6    159    292
274   170   6    3    442
275   82   2    69    202
276   172   7    150    426
277   63   3    127    458
278   149   6    158    10
279   99   2    198    374
280   93   6    159    142
281   10   3    44    66
282   255   7    193    254
283   69   6    192    200
284   68   5    34    472
285   82   3    55    91
286   14   5    18    49
287   2   2    172    100
288   163   6    95    106
289   280   6    188    223
290   154   4    148    370
291   65   5    44    310
292   77   4    3    81
293   173   7    114    210
294   53   5    37    161
295   56   2    175    128
296   287   3    36    170
297   118   2    102    219
298   147   3    51    458
299   198   4    169    166
300   231   3    125    485
301   220   2    73    104
302   278   5    141    19
303   21   3    69    91
304   15   4    111    31
305   100   7    156    249
306   277   4    169    46
307   270   7    159    15
308   41   6    96    229
309   167   5    52    335
310   131   2    26    224
311   135   2    118    199
312   305   4    107    267
313   17   7    70    192
314   38   7    192    310
315   83   5    37    497
316   281   2    65    54
317   265   7    112    386
318   210   3    61    53
319   283   4    174    282
320   70   3    15    389
321   93   7    189    106
322   93   2    154    315
323   165   4    28    447
324   189   6    11    249
325   107   4    110    30
326   244   2    194    91
327   36   2    52    497
328   171   3    89    103
329   314   4    198    47
330   283   5    14    50
331   188   3    45    40
332   138   7    172    308
333   77   7    72    13
334   246   4    82    168
335   46   3    43    116
336   296   2    68    322
337   255   3    62    246
338   209   4    124    25
339   279   3    64    281
340   108   6    182    227
341   245   4    121    328
342   317   7    11    313
343   7   6    51    376
344   321   6    100    117
345   27   5    80    288
346   128   4    3    144
347   311   6    40    70
348   113   6    33    441
349   261   2    26    445
350   210   5    114    136
351   134   5    21    467
352   329   2    83    349
353   328   6    131    350
354   41   3    129    109
355   279   3    169    269
356   198   5    178    254
357   137   5    3    329
358   212   4    197    278
359   178   5    39    420
360   162   2    115    296
361   298   6    171    157
362   209   6    46    121
363   86   6    138    319
364   334   2    114    371
365   50   4    75    266
366   361   3    147    370
367   347   5    162    105
368   304   4    58    392
369   284   2    122    486
370   123   4    117    297
371   65   3    141    120
372   364   7    160    397
373   194   6    132    242
374   107   2    180    217
375   44   3    60    57
376   308   7    24    372
377   7   3    80    341
378   237   6    6    67
379   258   5    152    3
380   109   5    194    233
381   133   4    193    441
382   87   5    87    376
383   324   4    80    449
384   273   4    137    245
385   221   6    193    462
386   380   2    139    272
387   309   6    100    197
388   357   4    134    255
389   30   4    65    340
390   356   2    154    254
391   299   3    37    365
392   58   5    185    180
393   107   7    52    290
394   186   4    82    120
395   84   4    105    275
396   37   2    119    413
397   241   7    3    192
398   82   3    147    463
399   301   4    8    143
400   157   2    41    373
401   57   2    12    275
402   23   2    107    241
403   373   5    110    346
404   22   7    105    434
405   246   5    122    123
406   99   4    16    375
407   160   6    87    391
408   159   7    64    261
409   245   4    173    382
410   265   4    59    485
411   196   4    30    424
412   20   5    172    395
413   395   2    193    140
414   64   6    41    441
415   109   2    109    144
416   336   4    120    398
417   111   4    145    391
418   10   2    117    284
419   249   5    43    112
420   325   4    194    402
421   295   2    107    215
422   147   4    171    418
423   167   3    182    184
424   174   7    170    269
425   7   4    172    497
426   369   7    47    192
427   211   5    53    265
428   226   7    95    214
429   378   7    145    233
430   332   6    140    298
431   331   2    120    318
432   400   5    6    29
433   299   3    133    74
434   413   6    181    27
435   77   7    54    293
436   279   2    25    206
437   276   7    157    152
438   5   7    69    477
439   148   2    166    424
440   74   3    140    81
441   340   7    173    465
442   242   2    133    134
443   94   3    111    251
444   436   7    173    349
445   347   7    178    54
446   99   5    132    231
447   102   4    144    316
448   349   7    187    168
449   24   6    27    477
450   21   3    102    13
451   421   4    9    311
452   330   5    182    337
453   296   2    150    45
454   94   4    60    435
455   287   5    170    9
456   450   5    61    229
457   422   6    2    225
458   11   4    41    60
459   267   7    88    101
460   129   4    25    59
461   334   2    199    247
462   73   3    47    493
463   187   6    80    174
464   324   6    164    336
465   433   2    29    473
466   65   4    57    334
467   62   5    110    242
468   18   7    55    69
469   309   5    180    390
470   95   3    173    363
471   168   3    141    344
472   352   3    191    327
473   156   2    38    29
474   355   5    183    283
475   103   2    96    113
476   190   3    174    32
477   89   4    94    227
478   406   6    108    32
479   444   4    79    420
480   291   7    99    167
481   435   2    23    4
482   364   4    80    283
483   263   6    22    407
484   16   2    122    302
485   220   7    37    449
486   31   4    145    21
487   396   4    151    85
488   48   4    9    376
489   227   6    57    283
490   225   5    29    21
491   413   3    98    328
492   258   4    155    271
493   386   4    69    164
494   417   2    180    462
495   442   5    114    137
496   436   5    10    271
497   278   4    148    244
498   120   6    117    305
499   298   7    185    59
500   264   5    187    333
501   475   5    24    85
502   458   7    13    474
503   93   2    156    395
504   366   5    71    465
505   216   5    162    344
506   324   6    5    416
507   82   2    40    440
508   419   4    12    351
509   90   2    122    215
510   451   7    3    476
511   79   7    79    242
512   249   4    129    434
513   193   3    25    149
514   260   3    179    218
515   33   4    184    416
516   403   2    156    30
517   136   4    96    37
518   252   7    33    480
519   330   5    23    375
520   112   2    151    233
521   25   7    31    397
522   109   4    23    387
523   236   4    94    384
524   451   4    87    12
525   136   6    91    401
526   29   2    7    42
527   212   7    179    144
528   159   6    7    42
529   36   5    157    268
530   455   6    125    245
531   71   2    56    360
532   299   6    58    23
533   148   5    129    231
534   523   5    5    200
535   514   2    83    329
536   112   6    111    224
537   166   2    190    13
538   119   2    131    242
539   353   5    84    131
540   516   5    39    15
541   374   6    98    91
542   212   7    104    180
543   5   7    1    119
544   388   2    103    493
545   358   3    188    105
546   4   4    147    359
547   222   6    55    462
548   541   2    58    33
549   12   6    61    47
550   238   4    41    166
551   119   6    4    119
552   50   2    197    412
553   220   4    197    214
554   509   7    59    192
555   285   3    191    9
556   18   7    46    370
557   194   2    41    312
558   334   4    67    174
559   116   7    41    379
560   168   2    173    344
561   150   5    68    121
562   289   2    109    38
563   267   7    96    289
564   141   4    146    448
565   444   5    77    377
566   106   3    155    480
567   406   5    8    107
568   60   6    27    266
569   110   6    26    406
570   145   5    39    499
571   287   5    185    40
572   136   2    195    45
573   239   3    57    347
574   122   5    164    203
575   120   6    57    6
576   517   5    160    293
577   132   6    77    129
578   554   7    185    245
579   318   5    148    93
580   148   6    64    493
581   378   6    19    278
582   68   3    121    456
583   430   7    42    133
584   577   3    96    316
585   564   4    143    138
586   259   7    49    230
587   48   6    77    238
588   379   2    36    10
589   287   3    25    158
590   453   2    194    478
591   472   3    135    51
592   99   2    129    312
593   569   6    142    261
594   385   6    66    312
595   148   3    92    210
596   384   3    121    231
597   426   3    176    475
598   403   5    22    275
599   557   2    81    277
600   196   5    79    95
601   347   2    119    104
602   237   7    173    85
603   412   2    161    204
604   135   6    15    261
605   248   4    27    290
606   418   2    192    348
607   596   6    198    463
608   272   6    43    358
609   56   3    16    61
610   355   4    96    189
611   482   6    141    87
612   18   4    102    191
613   85   7    99    419
614   84   5    64    412
615   444   5    79    68
616   398   6    180    353
617   493   4    112    44
618   578   7    136    160
619   112   4    167    116
620   171   2    161    45
621   408   3    55    114
622   67   6    108    316
623   452   4    151    58
624   219   2    102    343
625   285   5    32    12
626   244   3    10    268
627   183   3    58    415
628   230   6    48    73
629   130   2    170    302
630   158   7    155    105
631   283   3    89    388
632   372   4    178    2
633   189   7    136    442
634   362   4    126    255
635   253   2    113    273
636   541   7    93    475
637   496   4    121    479
638   446   4    53    74
639   614   2    63    370
640   408   7    92    101
641   602   4    23    319
642   485   4    86    164
643   41   6    53    400
644   358   7    49    422
645   541   3    98    494
646   384   4    37    107
647   639   6    2    382
648   402   5    43    249
649   335   4    31    351
650   449   6    135    450
651   45   3    113    34
652   27   7    136    484
653   130   4    101    365
654   449   7    156    186
655   558   3    135    183
656   543   5    180    24
657   298   6    12    182
658   483   2    14    23
659   429   3    3    344
660   207   5    126    249
661   386   7    124    322
662   177   6    46    38
663   410   3    192    268
664   573   2    179    475
665   231   7    72    232
666   286   2    60    498
667   602   7    33    88
668   247   3    3    22
669   67   6    144    271
670   135   4    188    230
671   414   4    50    270
672   611   2    167    270
673   16   4    129    337
674   632   3    170    125
675   152   3    142    495
676   481   3    64    99
677   208   3    134    472
678   619   4    85    356
679   539   5    133    381
680   580   5    74    494
681   593   4    154    237
682   655   7    83    137
683   584   3    155    244
684   450   7    97    61
685   24   3    106    218
686   242   6    51    94
687   399   5    194    253
688   377   4    111    173
689   520   4    102    460
690   90   5    164    142
691   630   6    45    409
692   118   6    185    386
693   514   6    116    496
694   435   7    63    4
695   403   3    110    223
696   540   7    74    22
697   490   3    94    325
698   555   3    184    365
699   583   7    137    184
700   58   4    32    355
701   329   3    147    39
702   93   3    115    392
703   68   5    184    473
704   536   2    46    326
705   231   2    174    113
706   102   7    46    137
707   147   3    197    384
708   137   4    156    18
709   67   6    72    300
710   486   4    40    314
711   665   7    54    360
712   556   4    179    76
713   160   6    193    364
714   603   6    74    312
715   357   7    69    353
716   555   7    104    493
717   710   7    4    111
718   81   3    82    83
719   380   3    68    497
720   510   7    102    302
721   308   6    147    360
722   279   7    25    228
723   604   2    94    252
724   356   7    82    383
725   585   3    148    67
726   228   7    123    426
727   373   4    134    394
728   698   2    108    179
729   324   5    32    69
730   299   6    11    347
731   141   4    173    382
732   47   5    194    426
733   337   6    2    15
734   326   5    54    245
735   385   6    194    446
736   691   6    116    59
737   531   2    35    224
738   691   7    39    398
739   718   2    100    401
740   110   2    139    281
741   678   2    66    89
742   78   6    181    188
743   679   5    58    455
744   560   7    146    171
745   247   4    175    19
746   62   2    66    413
747   703   6    61    90
748   118   5    114    434
749   295   7    95    196
750   730   4    89    274
751   165   6    44    303
752   80   4    93    473
753   18   5    88    220
754   730   5    6    19
755   395   2    38    235
756   682   2    43    379
757   107   3    72    319
758   430   7    120    320
759   276   5    123    82
760   49   4    192    114
761   604   3    178    124
762   719   5    62    446
763   628   4    101    55
764   742   6    161    367
765   601   2    50    33
766   586   3    44    217
767   15   4    53    498
768   443   6    93    85
769   468   3    42    462
770   347   2    105    100
771   679   3    107    323
772   732   3    27    148
773   588   5    116    281
774   647   4    96    366
775   660   4    126    350
776   668   3    31    156
777   640   2    70    108
778   613   3    159    144
779   513   6    23    1
780   600   6    102    207
781   5   2    29    353
782   393   2    11    361
783   423   7    114    315
784   367   5    176    256
785   302   4    100    54
786   420   7    184    454
787   61   2    71    263
788   557   5    14    74
789   658   5    59    9
790   470   4    129    387
791   728   7    75    286
792   517   7    138    454
793   378   3    34    100
794   421   6    59    290
795   188   5    23    187
796   543   7    191    482
797   231   4    52    419
798   318   6    31    60
799   69   4    17    275
800   194   5    76    388
801   157   3    134    430
802   25   5    77    86
803   25   5    139    101
804   603   7    108    52
805   344   7    26    50
806   628   7    154    481
807   307   5    189    189
808   653   5    157    77
809   280   2    173    162
810   536   6    90    95
811   259   3    20    18
812   643   6    109    213
813   554   7    124    445
814   549   3    179    156
815   582   4    81    334
816   405   3    126    109
817   525   5    123    32
818   132   3    162    90
819   762   4    16    197
820   261   6    4    443
821   811   6    186    361
822   470   3    16    204
823   704   4    84    106
824   710   3    189    431
825   33   4    175    454
826   205   6    13    368
827   55   3    7    57
828   822   7    11    94
829   539   7    54    302
830   487   3    76    87
831   689   6    80    279
832   177   3    87    300
833   600   2    171    223
834   361   7    133    221
835   168   7    158    272
836   39   7    191    443
837   474   7    85    255
838   793   4    41    66
839   36   2    173    227
840   703   7    180    440
841   271   7    114    484
842   604   6    101    248
843   206   4    149    205
844   492   4    57    365
845   60   7    160    438
846   11   7    195    379
847   19   5    102    322
848   530   5    72    292
849   686   5    156    435
850   763   5    198    474
851   239   6    167    495
852   580   6    198    458
853   219   6    188    85
854   40   6    80    102
855   128   3    136    481
856   843   6    38    278
857   290   6    171    397
858   250   5    59    267
859   684   4    148    130
860   845   4    116    318
861   821   3    119    211
862   212   3    90    188
863   642   3    103    22
864   794   6    199    418
865   310   2    45    241
866   620   4    190    5
867   287   6    124    57
868   843   2    56    218
869   38   7    20    203
870   14   7    130    241
871   73   2    56    283
872   651   3    187    435
873   75   6    155    35
874   771   3    86    105
875   199   7    37    125
876   212   7    191    46
877   730   6    83    453
878   332   5    76    151
879   178   6    39    144
880   640   6    34    144
881   493   6    19    296
882   782   2    5    447
883   539   5    43    282
884   325   5    39    407
885   694   5    146    138
886   735   7    59    80
887   613   2    103    81
888   839   2    169    7
889   523   6    96    50
890   213   2    135    59
891   639   2    29    26
892   448   4    159    55
893   721   2    38    348
894   462   5    158    355
895   285   4    37    59
896   271   2    18    62
897   358   4    43    452
898   547   7    149    442
899   201   3    115    268
900   884   4    18    429
901   613   2    188    262
902   549   2    178    417
903   505   5    157    360
904   464   2    190    491
905   692   7    135    85
906   737   4    118    425
907   144   6    127    267
908   421   5    197    33
909   768   5    5    20
910   626   7    39    86
911   45   6    184    394
912   62   6    47    24
913   277   6    20    149
914   138   2    2    30
915   911   5    116    413
916   619   2    151    305
917   273   3    35    142
918   343   4    163    334
919   591   6    170    69
920   517   3    133    49
921   345   5    164    444
922   578   4    75    75
923   469   4    126    480
924   140   3    119    171
925   728   6    178    322
926   119   5    99    433
927   613   2    146    417
928   924   3    133    383
929   62   6    31    16
930   528   2    173    301
931   850   6    5    52
932   325   7    170    459
933   744   5    170    160
934   382   4    9    284
935   877   3    157    42
936   438   5    189    147
937   920   6    155    373
938   467   7    66    119
939   381   3    58    336
940   365   4    180    88
941   119   7    30    274
942   487   2    13    111
943   649   7    40    343
944   122   6    83    143
945   528   7    111    100
946   352   3    34    396
947   253   7    142    110
948   41   4    145    425
949   636   7    152    445
950   936   3    63    217
951   215   4    92    381
952   443   5    77    55
953   112   6    124    215
954   19   3    163    38
955   157   2    18    206
956   603   3    53    300
957   720   7    158    71
958   431   3    85    97
959   611   7    178    292
960   815   5    179    153
961   798   3    3    432
962   859   4    139    78
963   162   5    112    407
964   835   4    163    247
965   930   7    159    104
966   673   7    124    40
967   449   3    131    126
968   609   4    66    383
969   291   6    106    50
970   453   2    43    108
971   526   6    168    359
972   705   3    131    287
973   567   7    42    427
974   743   5    140    258
975   366   3    57    110
976   248   6    147    152
977   588   4    107    95
978   81   6    97    490
979   526   7    175    225
980   894   6    80    333
981   890   3    171    463
982   537   6    189    199
983   703   4    168    222
984   244   2    173    14
985   330   7    174    197
986   964   6    97    24
987   476   4    145    184
988   337   5    87    483
989   558   6    161    370
990   481   5    68    29
991   585   6    174    34
992   58   5    184    283
993   399   4    115    483
994   452   2    24    210
995   709   5    158    362
996   167   2    70    117
997   34   2    54    411
998   10   2    59    283
999   262   6    28    331
1000   144   3    111    449
1001   955   5    121    480
1002   525   7    2    351
1003   819   7    42    150
1004   947   4    130    399
1005   359   7    123    362
1006   986   2    164    184
1007   1001   5    8    193
1008   473   6    191    65
1009   248   6    9    91
1010   2   3    9    150
1011   206   5    116    31
1012   795   5    3    62
1013   1011   4    89    69
1014   31   6    13    148
1015   665   2    108    245
1016   552   6    55    4
1017   970   4    170    234
1018   117   5    9    128
1019   261   2    160    124
1020   456   6    176    231
1021   378   3    151    312
1022   220   2    154    374
1023   415   5    44    434
1024   754   6    133    279
1025   512   2    163    92
1026   742   6    197    197
1027   269   7    159    491
1028   818   7    130    341
1029   973   6    62    13
1030   978   5    93    57
1031   757   2    56    410
1032   151   5    177    213
1033   564   7    130    464
1034   940   2    96    119
1035   929   4    8    415
1036   590   6    48    44
1037   400   6    78    34
1038   370   6    150    427
1039   431   7    76    100
1040   81   4    62    406
1041   923   6    25    268
1042   863   5    46    94
1043   672   3    45    443
1044   438   7    171    288
1045   2   3    84    468
1046   156   5    34    317
1047   99   4    37    495
1048   161   5    86    431
1049   756   4    145    41
1050   372   2    71    39
1051   639   4    54    295
1052   253   7    10    80
1053   219   4    41    101
1054   140   4    32    358
1055   797   4    192    380
1056   962   3    114    462
1057   726   3    78    51
1058   26   7    83    341
1059   382   4    73    407
1060   670   7    163    155
1061   921   7    139    44
1062   419   4    38    319
1063   895   4    195    68
1064   586   4    30    476
1065   70   6    105    57
1066   656   5    80    166
1067   898   2    50    110
1068   1014   5    109    479
1069   605   6    56    180
1070   643   3    145    365
1071   884   7    8    404
1072   270   4    93    169
1073   767   3    28    434
1074   889   7    154    374
1075   201   6    161    14
1076   187   7    47    212
1077   909   2    141    72
1078   790   5    159    389
1079   510   3    183    459
1080   592   3    63    97
1081   1047   2    28    326
1082   79   2    134    240
1083   3   3    95    201
1084   645   6    71    312
1085   296   5    7    29
1086   300   3    192    167
1087   826   7    169    293
1088   155   3    187    188
1089   691   2    126    413
1090   605   6    121    244
1091   694   7    42    220
1092   926   7    190    20
1093   139   2    9    240
