1   0   3    92    4
2   1   5    47    421
3   1   6    38    381
4   1   6    137    485
5   1   3    25    347
6   4   7    171    434
7   5   3    89    143
8   3   3    62    297
9   6   7    134    494
10   3   6    169    190
11   5   4    38    46
12   7   7    165    199
13   11   5    162    92
14   7   6    139    83
15   7   2    6    411
16   9   6    188    320
17   2   6    87    86
18   15   5    159    492
19   7   2    117    330
20   5   5    161    350
21   2   7    147    215
22   18   4    52    411
23   3   5    171    91
24   5   6    150    277
25   8   2    99    286
26   2   4    35    146
27   22   6    198    200
28   14   2    176    222
29   19   7    52    140
30   14   4    45    275
31   7   2    151    360
32   29   3    161    494
33   25   4    36    290
34   5   7    22    453
35   14   6    118    258
36   25   7    68    211
37   16   6    38    150
38   7   3    144    291
39   12   6    12    340
40   2   4    99    456
41   26   7    176    34
42   25   4    67    215
43   27   7    186    226
44   41   5    140    88
45   33   6    117    404
46   36   4    124    401
47   2   5    44    461
48   34   5    99    29
49   10   5    60    251
50   1   6    142    381
51   33   4    39    81
52   15   6    102    421
53   24   2    97    236
54   41   6    56    461
55   31   6    4    108
56   14   7    175    306
57   37   2    166    237
58   21   5    93    429
59   4   4    54    70
60   13   4    165    372
61   5   7    189    39
62   22   2    105    255
63   29   3    75    292
64   61   7    70    96
65   49   6    166    383
66   16   6    87    136
67   12   3    59    493
68   38   7    5    417
69   5   5    137    345
70   12   7    3    389
71   41   5    179    467
72   65   3    30    319
73   20   2    50    111
74   34   2    91    294
75   12   7    136    169
76   7   6    101    323
77   48   4    22    394
78   64   2    167    35
79   45   5    71    130
80   53   6    53    399
81   62   6    143    26
82   33   2    185    164
83   28   7    170    298
84   40   3    31    381
85   63   6    160    229
86   21   2    100    449
87   4   3    194    432
88   22   6    161    12
89   42   5    175    59
90   34   6    8    304
91   39   7    137    219
92   19   5    133    485
93   4   6    6    232
94   57   5    87    122
95   65   2    25    295
96   35   7    146    458
97   43   7    190    44
98   87   5    184    437
99   41   2    123    99
100   79   7    193    346
101   79   5    65    286
102   9   7    194    240
103   47   6    90    77
104   52   4    117    235
105   24   2    112    159
106   100   6    64    193
107   63   5    71    133
108   85   6    52    139
109   71   6    89    446
110   52   7    89    329
111   57   6    50    24
112   3   6    166    189
113   6   6    72    389
114   6   6    28    125
115   40   2    89    148
116   106   3    37    417
117   18   2    5    271
118   99   6    170    498
119   115   2    136    497
120   49   6    73    488
121   100   7    56    144
122   76   5    91    61
123   110   2    2    244
124   105   3    29    216
125   94   7    47    413
126   43   4    179    10
127   60   6    52    33
128   87   2    191    249
129   96   6    145    312
130   124   7    142    300
131   28   6    114    388
132   80   6    80    223
133   73   6    38    22
134   55   5    67    486
135   61   3    156    413
136   40   7    11    342
137   14   3    54    185
138   48   4    71    122
139   119   6    133    180
140   130   6    11    458
141   68   3    41    100
142   85   4    16    231
143   104   7    57    218
144   123   5    194    27
145   11   2    72    241
146   32   6    188    123
147   104   4    95    178
148   5   7    192    407
149   38   7    17    438
150   132   6    102    335
151   4   3    70    394
152   29   3    71    364
153   77   4    6    287
154   87   2    129    496
155   49   2    32    264
156   76   4    89    47
157   87   2    118    436
158   93   4    197    295
159   115   2    76    468
160   89   7    41    426
161   62   4    166    237
162   126   5    103    184
163   58   3    169    469
164   113   4    124    31
165   91   4    2    116
166   157   4    76    59
167   121   4    78    106
168   14   4    8    63
169   135   7    101    144
170   166   3    148    197
171   85   5    75    322
172   41   6    79    240
173   120   2    97    331
174   135   7    24    227
175   23   2    157    186
176   109   7    197    239
177   121   7    153    195
178   149   3    101    17
179   57   5    83    154
180   139   3    191    474
181   69   2    176    176
182   58   3    105    268
183   180   7    22    54
184   139   7    46    151
185   174   6    54    325
186   66   6    53    424
187   76   6    170    364
188   90   7    133    324
189   157   5    97    401
190   125   6    133    171
191   116   6    96    181
192   50   3    44    291
193   32   5    147    131
194   102   5    192    315
195   167   6    56    8
196   104   6    30    47
197   105   4    188    497
198   12   7    55    91
199   64   5    48    280
200   144   6    175    375
201   120   3    130    78
202   170   5    169    334
203   59   4    147    298
204   160   7    131    26
205   102   6    179    233
206   92   2    59    143
207   122   6    25    487
208   23   3    14    84
209   96   4    174    374
210   32   3    114    399
211   42   7    62    212
212   208   3    84    499
213   114   6    78    183
214   85   7    153    29
215   101   3    87    398
216   93   7    196    415
217   67   7    109    7
218   216   4    118    40
219   160   4    185    322
220   8   5    145    142
221   18   4    123    472
222   80   2    18    199
223   61   6    57    356
224   130   7    74    470
225   85   5    172    412
226   143   7    141    380
227   39   6    71    293
228   85   3    190    489
229   89   2    18    291
230   113   2    58    80
231   59   6    196    425
232   202   3    9    160
233   119   3    98    265
234   111   7    183    403
235   53   3    24    246
236   171   5    125    330
237   193   5    140    348
238   202   5    82    135
239   123   4    124    82
240   190   3    87    220
241   204   3    94    23
242   175   2    164    116
243   59   4    162    342
244   26   4    75    413
245   130   2    165    394
246   54   5    187    267
247   75   5    19    282
248   137   7    153    144
249   51   5    178    184
250   219   7    137    146
251   125   2    199    183
252   55   4    180    437
253   236   3    64    79
254   93   6    39    313
255   216   2    93    263
256   117   4    197    74
257   55   6    1    419
258   160   5    40    96
259   65   6    125    84
260   240   7    57    440
261   183   7    138    215
262   184   4    63    376
263   10   2    149    227
264   208   2    38    465
265   89   3    79    57
266   155   5    105    440
267   179   3    30    264
268   231   2    131    475
269   192   5    110    269
270   127   7    98    31
271   138   7    20    222
272   96   7    191    221
273   62   4    42    115
274   40   2    76    294
275   185   7    51    105
276   220   7    5    235
277   191   4    162    459
278   128   4    143    47
279   32   2    114    35
280   252   6    124    359
281   174   7    199    43
282   240   6    121    485
283   278   3    109    280
284   281   4    181    84
285   68   6    137    424
286   203   6    192    150
287   129   7    72    78
288   158   5    13    441
289   86   4    163    100
290   137   6    199    97
291   79   4    77    91
292   48   6    97    282
293   10   2    72    350
294   61   7    84    24
295   259   5    32    55
296   281   5    180    262
297   247   3    129    159
298   116   5    71    180
299   121   3    176    186
300   254   4    144    95
301   19   7    157    74
302   143   2    169    211
303   148   3    20    416
304   127   2    179    398
305   210   2    78    152
306   179   5    112    48
307   143   2    99    295
308   106   5    121    369
309   274   7    127    168
310   14   6    177    291
311   205   6    7    133
312   149   7    30    480
313   214   6    166    74
314   55   3    125    173
315   225   3    111    51
316   37   4    126    369
317   77   2    54    131
318   106   7    87    79
319   12   6    199    354
320   159   7    196    381
321   24   3    2    117
322   63   6    26    380
323   136   6    65    422
324   262   4    108    23
325   33   2    73    57
326   154   4    75    303
327   149   6    31    437
328   12   3    49    362
329   61   6    89    494
330   241   6    121    216
331   275   5    131    137
332   17   2    133    88
333   284   2    73    279
334   133   7    199    309
335   165   6    188    378
336   204   3    152    71
337   303   5    88    403
338   158   5    71    454
339   71   5    62    173
340   318   7    51    499
341   235   7    67    168
342   29   7    70    415
343   211   4    7    267
344   293   4    9    345
345   61   4    173    349
346   266   4    198    413
347   112   4    107    365
348   66   3    183    203
349   283   5    62    262
350   19   2    79    317
351   99   3    21    300
352   263   3    149    311
353   316   5    59    271
354   149   4    122    215
355   119   6    110    54
356   319   7    45    196
357   74   4    77    307
358   243   3    152    428
359   127   2    124    441
360   290   5    188    5
361   333   2    150    133
362   129   4    140    340
363   238   2    186    455
364   63   6    190    456
365   200   2    158    356
366   332   3    190    236
367   218   5    139    222
368   55   2    27    479
369   258   7    135    325
370   24   7    46    302
371   142   7    49    256
372   329   7    168    369
373   362   5    186    426
374   359   2    137    178
375   91   3    42    403
376   137   6    123    440
377   277   5    1    478
378   85   4    30    6
379   61   3    187    362
380   55   6    199    352
381   56   4    95    308
382   51   4    100    429
383   158   6    18    43
384   329   3    56    306
385   263   7    88    51
386   152   2    51    110
387   136   5    27    435
388   110   2    101    14
389   264   5    80    289
390   330   3    68    224
391   348   5    189    425
392   388   5    125    140
393   280   5    123    117
394   353   5    91    345
395   166   6    74    73
396   67   7    121    279
397   14   4    122    356
398   107   7    123    349
399   205   7    197    43
400   111   3    23    310
401   297   3    124    319
402   227   5    120    344
403   19   7    152    250
404   161   4    45    141
405   110   5    174    10
406   397   6    145    491
407   346   7    53    457
408   128   7    40    157
409   11   6    18    368
410   260   4    86    419
411   149   5    198    313
412   339   5    76    204
413   409   6    7    228
414   63   4    165    110
415   111   2    89    118
416   324   4    88    496
417   301   2    68    318
418   181   6    170    356
419   164   6    62    279
420   58   2    100    171
421   292   4    2    482
422   28   7    56    245
423   130   3    170    3
424   22   7    182    463
425   114   7    50    159
426   380   5    166    145
427   256   4    178    244
428   79   3    56    319
429   166   3    99    87
430   236   7    31    463
431   302   7    100    265
432   375   7    21    155
433   385   4    38    266
434   316   7    59    390
435   191   7    43    92
436   361   3    187    283
437   403   6    110    11
438   146   4    1    377
439   215   6    42    165
440   158   7    11    6
441   398   6    157    402
442   268   4    43    247
443   130   5    74    196
444   223   6    166    57
445   268   3    153    8
446   386   4    13    384
447   414   3    126    158
448   377   2    37    329
449   74   2    60    458
450   405   6    114    127
451   362   4    152    424
452   251   7    144    361
453   110   2    24    140
454   131   2    139    287
455   386   2    4    453
456   437   6    112    438
457   374   6    62    376
458   157   6    52    487
459   288   4    42    45
460   192   7    70    219
461   434   2    119    470
462   169   7    100    307
463   193   6    127    393
464   279   2    19    238
465   313   6    190    315
466   382   6    63    138
467   308   4    114    13
468   116   7    50    433
469   126   3    190    333
470   347   5    104    202
471   461   7    5    6
472   298   6    128    442
473   438   7    38    204
474   334   6    60    415
475   301   5    115    211
476   445   6    175    139
477   129   7    52    495
478   321   2    17    183
479   24   5    197    396
480   274   2    36    372
481   82   5    117    39
482   452   5    22    205
483   396   7    181    493
484   277   7    156    64
485   248   6    55    482
486   221   2    191    446
487   203   7    153    487
488   228   6    26    348
489   407   4    46    485
490   116   4    146    12
491   211   5    40    204
492   454   4    175    492
493   327   3    149    8
494   110   2    110    349
495   25   7    74    276
496   50   4    131    140
497   163   4    82    201
498   479   3    115    456
499   265   4    164    136
500   59   4    35    148
501   141   5    135    332
502   132   5    103    235
503   273   6    24    323
504   241   5    7    62
505   228   3    139    434
506   243   4    187    426
507   248   3    99    45
508   294   3    101    6
509   225   7    194    36
510   63   4    196    25
511   385   3    59    23
512   477   2    105    333
513   279   6    1    126
514   461   4    127    179
515   4   3    53    182
516   3   6    107    41
517   200   6    173    105
518   374   7    122    129
519   74   4    60    371
520   453   5    15    454
521   78   6    78    68
522   194   4    25    499
523   313   7    141    492
524   197   3    55    35
525   363   6    106    154
526   412   4    34    134
527   34   3    167    248
528   525   6    88    413
529   445   7    11    416
530   330   4    132    102
531   475   5    182    301
532   41   7    177    245
533   37   4    31    186
534   325   6    135    152
535   83   7    163    446
536   118   2    75    99
537   5   2    72    463
538   419   7    26    38
539   432   7    14    104
540   431   4    57    183
541   280   2    56    280
542   251   2    70    483
543   470   7    71    209
544   344   3    5    206
545   335   4    99    248
546   458   5    23    446
547   243   7    119    339
548   188   3    145    58
549   519   5    50    294
550   142   6    91    31
551   524   2    32    423
552   94   4    123    122
553   235   6    83    342
554   368   3    137    364
555   336   5    68    186
556   127   6    57    381
557   257   6    144    410
558   19   3    81    395
559   268   2    24    318
560   13   7    188    369
561   116   5    90    273
562   150   6    54    405
563   219   2    52    18
564   491   6    68    395
565   541   4    164    264
566   520   4    74    70
567   265   6    92    426
568   357   2    52    442
569   197   3    34    95
570   494   5    13    230
571   496   7    4    250
572   70   2    124    338
573   11   7    131    129
574   388   6    139    119
575   475   4    105    158
576   375   2    65    45
577   113   6    5    239
578   435   3    134    77
579   521   7    148    373
580   292   4    101    465
581   83   4    187    394
582   227   5    91    253
583   296   2    169    452
584   95   7    191    186
585   192   6    157    435
586   174   3    55    444
587   43   6    140    356
588   467   4    74    286
589   346   6    10    302
590   308   7    65    245
591   74   6    71    422
592   566   4    139    246
593   107   7    37    321
594   3   3    133    419
595   516   7    198    341
596   530   3    60    341
597   48   7    65    212
598   257   5    52    247
599   338   7    131    361
600   26   6    195    394
601   125   3    81    395
602   3   7    89    180
603   598   3    65    64
604   275   2    130    24
605   333   6    176    450
606   532   6    22    407
607   215   6    153    356
608   267   6    146    390
609   600   4    61    311
610   238   3    153    122
611   601   2    92    203
612   22   6    31    386
613   155   6    114    379
614   361   6    135    163
615   13   2    90    260
616   281   3    65    92
617   143   6    109    16
618   62   4    41    222
619   130   7    51    114
620   460   5    172    267
621   313   4    67    209
622   169   7    122    267
623   468   7    56    469
624   207   2    135    228
625   197   5    47    92
626   592   4    174    257
627   569   4    199    331
628   438   5    122    223
629   49   2    21    353
630   492   6    47    217
631   327   6    22    186
632   461   7    147    158
633   424   5    176    284
634   558   4    38    234
635   579   5    28    412
636   480   6    24    208
637   5   4    157    415
638   481   2    21    172
639   482   7    157    427
640   293   3    32    269
641   264   7    49    238
642   528   5    187    142
643   182   2    117    226
644   123   2    141    217
645   379   6    18    234
646   535   2    105    278
647   223   3    21    419
648   139   3    44    458
649   71   4    152    408
650   118   6    186    499
651   331   4    175    236
652   323   5    8    157
653   566   6    192    327
654   609   2    9    149
655   259   5    13    90
656   137   2    123    386
657   76   6    125    47
658   256   4    16    169
659   383   2    122    129
660   84   6    78    305
661   243   2    73    399
662   491   7    176    83
663   439   7    162    363
664   317   7    120    141
665   488   4    154    148
666   21   3    3    280
667   652   4    19    102
668   281   5    175    76
669   666   7    86    447
670   241   5    77    317
671   5   6    43    63
672   142   4    147    379
673   68   7    71    81
674   11   3    123    239
675   459   6    62    476
676   459   4    118    437
677   411   4    84    279
678   295   5    91    18
679   413   2    26    200
680   622   5    196    174
681   541   6    57    406
682   406   2    187    179
683   410   6    178    174
684   273   2    131    237
685   538   5    25    110
686   419   5    72    468
687   34   5    111    144
688   16   2    39    104
689   39   6    124    244
690   603   2    174    398
691   301   4    169    93
692   117   3    102    11
693   78   4    80    310
694   588   4    146    397
695   640   3    48    384
696   177   5    76    488
697   590   4    198    166
698   224   5    67    235
699   394   7    1    177
700   283   4    110    440
701   536   7    1    181
702   68   5    172    395
703   368   6    121    388
704   116   5    120    124
705   353   4    158    25
706   364   3    16    380
707   365   4    25    417
708   240   6    86    410
709   266   4    6    217
710   190   7    90    106
711   328   3    17    205
712   587   3    183    252
713   688   6    171    405
714   250   4    23    71
715   526   4    39    29
716   713   7    80    303
717   617   7    30    359
718   667   7    91    427
719   446   4    180    12
720   120   5    26    471
721   658   3    61    216
722   514   4    65    137
723   361   2    120    365
724   296   4    78    342
725   258   4    114    328
726   530   5    72    282
727   381   5    155    395
728   306   4    93    368
729   148   3    111    389
730   10   6    115    462
731   713   4    93    256
732   53   6    154    202
733   316   4    131    273
734   228   4    96    87
735   5   6    2    15
736   408   5    134    495
737   674   6    115    218
738   116   7    40    420
739   439   4    148    115
740   113   4    37    12
741   437   4    119    258
742   75   3    66    74
743   263   6    107    365
744   674   3    97    155
745   456   3    81    438
746   667   2    126    143
747   696   7    24    390
748   312   4    148    270
749   642   6    181    321
750   58   3    56    432
751   298   3    58    482
752   181   6    96    334
753   624   4    115    389
754   515   4    155    452
755   381   2    118    86
756   587   5    28    275
757   514   7    51    344
758   35   7    174    393
759   518   2    81    423
760   609   3    81    465
761   395   4    1    139
762   19   6    35    491
763   629   4    33    475
764   570   2    3    442
765   22   4    199    64
766   653   4    152    305
767   731   6    90    255
768   228   6    137    145
769   154   7    46    394
770   507   2    146    76
771   152   5    12    374
772   264   5    36    425
773   457   4    66    424
774   7   4    114    466
775   59   5    151    68
776   626   4    56    453
777   503   4    160    197
778   644   4    28    120
779   83   7    100    30
780   23   6    196    159
781   11   4    181    243
782   773   7    92    57
783   594   5    24    429
784   664   4    30    110
785   338   6    156    418
786   295   2    81    156
787   765   6    48    193
788   477   6    137    143
789   523   7    11    417
790   109   6    149    455
791   526   3    154    339
792   184   6    91    36
793   169   5    121    292
794   268   4    192    124
795   227   7    49    254
796   382   7    150    134
797   632   3    32    67
798   415   5    198    65
799   467   4    120    326
800   737   6    116    58
801   201   5    97    327
802   284   6    110    219
803   700   2    84    36
804   637   5    13    309
805   293   6    4    413
806   566   6    79    359
807   341   2    16    363
808   677   2    96    59
809   111   2    172    278
810   611   5    17    329
811   808   3    187    311
812   543   4    93    322
813   398   2    198    213
814   745   3    79    248
815   333   4    19    322
816   158   5    15    495
817   71   4    37    367
818   268   7    165    203
819   397   3    107    412
820   178   6    51    65
821   183   3    122    463
822   495   6    147    271
823   660   2    194    294
824   784   3    151    42
825   15   7    144    286
826   751   6    139    405
827   520   3    140    477
828   26   6    94    429
829   602   6    60    199
830   487   6    75    492
831   321   7    2    166
832   565   4    10    220
833   668   4    148    81
834   815   2    36    105
835   727   5    2    22
836   650   6    66    93
837   75   2    10    108
838   501   5    163    259
839   707   6    128    357
840   236   4    162    43
841   280   3    76    186
842   50   7    164    463
843   833   3    98    205
844   650   6    26    103
845   797   4    48    334
846   240   3    120    223
847   684   5    185    378
848   802   7    10    336
849   698   6    91    484
850   102   6    19    281
851   421   3    126    289
852   202   7    71    255
853   624   6    8    491
854   468   5    36    270
855   575   5    102    9
856   625   2    26    358
857   651   6    114    482
858   367   2    137    304
859   790   3    114    475
860   121   4    91    341
861   538   6    140    380
862   36   7    18    138
863   568   3    80    459
864   530   4    1    420
865   583   3    106    32
866   840   4    71    389
867   57   6    16    331
868   161   7    133    159
869   331   2    138    132
870   48   7    173    337
871   395   3    43    297
872   83   7    147    260
873   734   4    81    216
874   228   6    111    88
875   488   6    112    130
876   336   3    59    251
877   874   2    82    91
878   478   6    91    447
879   69   4    121    248
880   256   5    176    326
881   610   7    171    32
882   236   7    163    146
883   135   5    132    232
884   285   4    118    167
885   235   2    86    130
886   719   6    176    359
887   569   2    136    186
888   874   7    78    250
889   315   2    27    284
890   761   2    157    92
891   732   6    43    9
892   513   7    38    159
893   571   2    17    464
894   199   2    62    22
895   454   3    157    78
896   678   2    112    179
897   496   6    199    470
898   744   2    61    389
899   290   2    192    419
900   648   4    5    417
901   472   7    98    339
902   814   5    78    249
903   224   3    199    175
904   641   7    67    55
905   77   2    98    491
906   567   2    31    358
907   44   4    9    493
908   263   3    184    295
909   541   6    51    6
910   56   5    37    126
911   222   4    55    67
912   771   4    139    215
913   538   6    35    231
914   437   2    116    254
915   673   4    195    433
916   855   3    138    327
917   667   5    149    109
918   110   6    183    84
919   547   7    20    397
920   480   3    179    211
921   586   6    194    364
922   535   4    83    319
923   427   5    99    114
924   679   2    26    305
925   529   3    128    364
926   907   5    60    80
927   572   6    141    368
928   444   3    47    1
929   45   2    80    414
930   336   6    145    445
931   390   2    148    482
932   558   6    53    249
933   66   4    86    240
934   425   7    58    473
935   173   5    118    242
936   115   7    174    394
937   268   5    30    379
938   229   5    110    102
939   237   3    121    210
940   441   2    89    261
941   243   3    56    141
942   539   5    56    228
943   445   7    63    49
944   399   5    48    426
945   394   7    92    71
946   397   7    85    260
947   97   2    77    223
948   867   4    62    418
949   209   6    172    294
950   752   2    193    413
951   105   7    137    392
952   395   6    52    461
953   719   4    82    387
954   918   7    91    95
955   440   7    88    306
956   512   5    125    430
957   314   4    79    30
958   561   6    6    473
959   550   2    10    159
960   251   2    113    181
961   417   7    10    111
962   767   7    192    257
963   164   6    171    485
964   562   4    68    50
965   333   6    185    137
966   769   6    35    120
967   442   3    77    175
968   680   4    133    459
969   758   6    140    349
970   151   5    186    25
971   63   4    173    61
972   913   4    153    190
973   892   4    27    172
974   104   6    14    21
975   767   5    160    64
976   796   6    46    462
977   816   5    69    167
978   188   4    119    383
979   299   5    10    38
980   108   7    199    81
981   301   2    138    115
982   912   3    153    396
983   63   2    152    247
984   473   5    22    242
985   119   2    51    163
986   343   4    91    296
987   189   7    108    261
988   519   2    149    281
989   527   4    102    102
990   686   4    140    415
991   519   5    17    18
992   625   3    101    237
993   655   3    33    100
994   753   7    112    455
995   659   2    59    252
996   65   2    159    401
997   469   3    10    10
998   182   6    29    97
999   208   6    26    396
1000   66   7    18    342
1001   100   3    186    248
1002   879   6    41    463
1003   457   6    146    352
1004   447   2    14    405
1005   829   7    147    356
1006   488   6    87    267
1007   978   4    160    321
1008   630   6    170    141
1009   857   5    104    79
1010   894   6    36    227
1011   148   7    104    211
1012   198   5    162    400
1013   826   5    81    120
1014   518   6    141    180
1015   453   4    44    375
1016   55   7    176    390
1017   796   5    143    429
1018   618   6    16    452
1019   55   7    182    46
1020   262   7    117    153
1021   562   2    103    342
1022   390   2    36    403
1023   879   7    129    271
1024   279   6    166    395
1025   117   3    82    195
1026   236   5    19    235
1027   489   6    110    278
1028   692   4    44    171
1029   204   4    83    114
1030   777   4    71    288
1031   612   2    21    350
1032   291   7    168    65
1033   792   4    87    315
1034   828   4    44    260
1035   766   6    54    77
1036   535   6    17    259
1037   249   6    55    472
1038   297   3    54    401
1039   660   4    163    494
1040   348   6    132    214
1041   756   5    151    112
1042   188   5    1    380
1043   243   6    94    407
1044   894   2    171    267
1045   732   3    89    363
1046   673   4    98    54
1047   640   7    75    185
1048   558   3    46    352
1049   551   6    12    35
1050   839   4    18    302
1051   382   3    83    397
1052   218   5    72    476
1053   103   7    91    61
1054   386   3    78    494
1055   430   7    35    460
1056   785   3    57    135
1057   373   4    197    398
1058   1032   7    198    408
1059   482   5    23    247
1060   987   2    37    472
1061   999   5    64    215
1062   29   3    138    392
1063   904   3    179    18
1064   855   3    124    78
1065   41   6    187    324
1066   704   4    12    300
1067   97   2    94    366
1068   647   7    12    263
1069   157   3    176    383
1070   957   6    88    488
1071   18   5    71    423
1072   711   2    35    226
1073   879   2    95    103
1074   675   6    177    456
1075   816   4    1    433
1076   300   3    63    159
1077   850   2    181    433
1078   863   5    73    318
1079   571   7    121    452
1080   758   7    79    337
1081   819   7    169    92
1082   63   5    28    439
1083   569   2    124    285
1084   1006   4    96    225
1085   858   4    66    487
1086   622   5    161    130
1087   68   5    108    142
1088   903   4    135    229
1089   215   6    82    163
1090   138   5    143    216
1091   56   3    174    432
1092   8   5    141    171
1093   665   2    27    60
1094   746   3    185    449
1095   61   2    105    19
1096   541   7    50    458
1097   251   3    9    357
1098   718   7    150    336
1099   440   6    192    125
1100   854   6    120    53
1101   267   7    68    128
1102   760   3    169    145
1103   983   2    17    318
1104   1094   3    17    112
1105   119   6    93    76
1106   849   2    31    258
1107   129   5    81    16
1108   925   6    90    63
1109   775   3    40    43
1110   957   7    122    490
1111   442   6    86    393
1112   108   5    47    401
1113   767   2    79    100
1114   671   7    134    292
1115   781   2    77    171
1116   443   4    197    100
1117   769   7    60    143
1118   255   2    149    402
1119   291   4    137    326
1120   308   4    143    230
1121   891   4    3    7
1122   210   7    47    437
1123   635   4    163    119
1124   239   7    146    89
1125   9   2    33    11
1126   122   5    28    256
1127   87   2    25    442
1128   249   2    54    278
1129   1127   4    17    383
1130   192   6    40    56
1131   335   2    150    1
1132   16   4    153    311
1133   286   3    83    384
1134   529   3    12    376
1135   1119   6    175    169
1136   699   4    135    322
1137   721   5    192    342
1138   1116   3    14    110
1139   727   4    94    498
1140   113   7    63    269
1141   191   6    89    145
1142   1096   7    1    193
1143   381   2    147    323
1144   17   2    188    261
1145   747   4    112    237
1146   285   5    65    103
1147   478   4    150    90
1148   924   2    125    171
1149   356   3    78    16
1150   692   5    137    317
1151   676   2    178    223
1152   656   7    117    80
1153   805   7    85    7
1154   1005   3    136    159
1155   749   5    157    494
1156   865   4    14    271
1157   621   6    85    141
1158   802   6    180    211
1159   467   7    144    384
1160   106   7    178    293
1161   228   3    138    259
1162   718   7    51    60
1163   502   5    48    123
1164   1086   5    106    330
1165   381   5    163    236
1166   584   2    30    458
1167   826   2    97    406
1168   116   5    6    414
1169   108   4    155    80
1170   792   4    62    186
1171   325   5    49    414
1172   420   2    150    54
1173   1128   3    104    275
1174   1042   6    138    333
1175   552   5    94    26
1176   610   6    76    241
1177   679   5    143    6
1178   271   7    73    67
1179   749   7    38    4
1180   156   3    20    80
1181   715   7    42    414
1182   844   7    26    87
1183   55   4    117    487
1184   980   4    94    249
1185   787   4    134    474
1186   1062   7    148    320
1187   45   7    52    420
1188   1011   3    112    18
1189   1101   5    95    251
1190   728   3    30    48
1191   763   5    63    477
1192   560   2    110    328
1193   31   7    168    257
1194   587   7    24    145
1195   647   7    70    498
1196   1118   6    165    172
1197   319   7    30    355
1198   115   3    75    12
1199   250   2    70    372
1200   487   3    7    5
1201   356   4    2    173
1202   566   4    117    430
1203   951   3    83    406
1204   638   2    25    413
1205   60   3    53    294
1206   490   3    100    133
1207   447   2    184    81
1208   908   4    127    33
1209   1139   6    64    50
1210   1033   5    88    33
1211   248   4    114    399
1212   703   6    96    244
1213   249   3    180    165
1214   459   7    168    80
1215   1129   7    135    473
1216   402   4    164    155
1217   244   6    5    386
1218   313   5    12    465
1219   784   7    123    113
1220   87   4    194    1
1221   811   4    152    453
1222   208   6    172    147
1223   217   5    141    433
1224   192   6    116    418
1225   509   3    92    123
1226   125   5    130    235
1227   676   3    13    62
1228   952   7    162    332
1229   728   2    69    498
1230   19   5    26    336
1231   470   5    89    338
1232   752   5    42    449
1233   140   3    135    69
1234   652   5    140    249
1235   1128   5    125    187
1236   897   4    39    284
1237   517   4    86    171
1238   589   7    107    21
1239   773   6    3    195
1240   1080   5    165    224
1241   522   5    193    346
1242   961   5    23    488
1243   292   6    83    432
1244   407   6    73    314
1245   999   2    82    60
1246   473   2    109    395
1247   827   5    178    120
1248   963   3    196    63
1249   104   5    135    159
1250   941   7    79    364
1251   864   7    72    458
1252   146   5    34    7
1253   787   3    146    433
1254   526   5    72    290
1255   453   2    90    195
1256   1130   5    110    435
1257   230   6    33    62
1258   611   5    156    131
1259   579   6    106    294
1260   1010   3    77    18
1261   496   4    198    364
1262   360   4    17    153
1263   1008   2    68    183
1264   1218   6    160    424
1265   907   7    38    215
1266   633   7    16    453
1267   500   5    96    195
1268   443   5    172    301
1269   772   3    43    313
1270   316   2    22    417
1271   25   2    107    198
1272   1163   2    87    186
1273   287   7    22    43
1274   1077   4    58    37
1275   900   6    145    362
1276   660   7    127    366
1277   170   7    77    270
1278   6   2    122    30
1279   184   2    56    374
1280   347   3    51    317
1281   210   7    60    139
1282   140   3    70    382
1283   124   7    57    272
1284   1033   3    153    399
1285   548   5    137    438
1286   10   5    55    142
1287   280   6    29    477
1288   982   7    151    442
1289   897   6    98    15
1290   886   4    119    214
1291   377   2    185    231
1292   1014   4    126    61
1293   268   5    150    345
1294   787   3    1    129
1295   381   2    32    147
1296   1182   5    197    275
1297   243   2    178    448
1298   1173   2    112    84
1299   902   5    199    317
1300   325   5    3    153
1301   1190   2    90    452
1302   1080   3    7    390
1303   281   7    172    172
1304   981   3    191    83
1305   1127   3    129    438
1306   1192   3    35    133
1307   109   5    184    108
1308   1045   3    38    80
1309   930   2    142    434
1310   252   3    76    115
1311   524   2    94    107
1312   434   7    37    499
1313   953   3    48    51
1314   5   6    4    29
1315   59   7    177    410
1316   331   3    81    108
1317   1175   4    68    391
1318   632   2    4    431
1319   775   2    179    155
1320   1022   5    107    431
1321   135   7    77    82
1322   224   3    167    237
1323   352   4    15    480
1324   561   2    35    70
1325   835   2    144    67
1326   637   4    63    387
1327   988   6    17    1
1328   1124   6    183    155
1329   360   6    14    283
1330   704   3    184    320
1331   914   4    152    177
1332   1053   3    46    14
1333   538   5    164    400
1334   628   7    120    372
1335   69   2    177    320
1336   302   3    129    88
1337   716   7    148    16
1338   235   7    50    37
1339   197   2    192    135
1340   582   4    100    428
1341   469   7    159    224
1342   1305   4    138    140
1343   532   3    75    298
1344   458   4    133    41
1345   1017   3    93    144
1346   836   5    179    478
1347   327   6    55    216
1348   398   5    133    127
1349   402   3    16    15
1350   573   2    84    139
1351   1018   5    7    237
1352   1074   7    55    466
1353   125   6    41    499
1354   1238   2    85    416
1355   921   6    66    146
1356   629   3    28    61
1357   199   3    83    167
1358   372   4    39    202
1359   1354   6    49    440
1360   1081   4    58    415
1361   538   6    122    161
1362   73   3    97    102
1363   110   2    99    499
1364   1088   2    59    11
1365   1250   2    172    153
1366   1165   4    117    478
1367   1027   4    158    6
1368   167   2    82    169
1369   987   2    29    39
1370   217   4    151    318
1371   1172   6    57    98
1372   894   6    29    491
1373   1187   7    20    371
1374   548   4    13    377
1375   1248   7    123    190
1376   496   5    79    157
1377   635   2    142    251
1378   80   6    166    482
1379   646   6    98    72
1380   41   5    149    270
1381   502   3    174    72
1382   1318   7    46    442
1383   1208   2    187    349
1384   1253   7    56    437
1385   1075   3    145    377
1386   50   4    163    423
1387   792   3    168    399
1388   507   3    79    209
1389   519   7    71    469
1390   794   3    54    55
1391   72   4    153    359
1392   964   6    161    96
1393   1178   2    33    366
1394   1   3    123    100
1395   187   5    57    63
1396   809   2    106    105
1397   1140   3    189    51
1398   1306   5    16    59
1399   771   3    4    392
1400   190   7    19    248
1401   152   7    142    155
1402   522   4    73    229
1403   415   5    71    249
1404   418   6    189    227
1405   986   7    50    168
1406   1051   2    61    492
1407   636   7    113    250
1408   1329   6    57    49
1409   926   5    21    68
1410   768   3    124    423
1411   136   6    69    458
1412   1135   6    109    40
1413   807   2    53    415
1414   899   5    25    176
1415   145   5    62    427
1416   568   2    115    216
1417   853   7    142    327
1418   241   7    13    118
1419   292   6    151    95
1420   1307   2    38    449
1421   163   7    47    285
1422   418   3    91    69
1423   1393   6    129    224
1424   1061   5    191    399
1425   238   3    133    4
1426   265   3    94    470
1427   799   7    194    341
1428   1208   6    107    397
1429   369   6    2    257
1430   395   3    50    263
1431   1330   4    80    114
1432   327   6    69    108
1433   1213   6    23    397
1434   6   7    143    57
1435   827   6    83    49
1436   686   4    72    114
1437   276   7    31    320
1438   399   6    145    294
1439   1124   5    115    474
1440   416   3    120    367
1441   1107   2    160    264
1442   448   5    49    239
1443   663   6    147    136
1444   1371   2    184    246
1445   883   6    175    124
1446   1161   4    102    272
1447   1258   3    140    490
1448   1431   4    199    295
1449   374   7    82    385
1450   969   3    119    35
1451   627   6    196    447
1452   463   5    13    53
1453   822   6    91    71
1454   1183   3    148    400
1455   1302   6    155    332
1456   981   4    29    210
1457   986   6    50    341
1458   1201   6    142    160
1459   1223   7    51    324
1460   814   3    108    443
1461   178   6    63    186
1462   742   4    52    66
1463   1202   7    90    357
1464   358   4    190    258
1465   1335   2    23    48
1466   1037   5    161    9
1467   1407   3    129    427
1468   971   2    172    115
1469   1398   5    78    186
1470   198   5    107    404
1471   381   5    139    251
1472   856   3    98    431
1473   1254   4    48    38
1474   1339   4    163    322
1475   1051   6    47    58
1476   521   7    36    403
1477   1454   6    48    240
1478   722   7    168    385
1479   920   2    178    432
1480   220   7    90    389
1481   1299   5    150    107
1482   668   4    128    472
1483   259   3    166    213
1484   600   4    134    296
1485   545   3    139    142
1486   208   5    85    29
1487   368   6    81    261
1488   1324   4    72    330
1489   703   3    98    85
1490   410   6    169    394
1491   1386   5    65    59
1492   788   4    78    72
1493   1009   7    5    193
1494   748   2    178    153
1495   1283   5    51    203
1496   558   3    129    8
1497   1411   5    94    128
1498   1335   4    162    320
1499   1065   2    38    409
1500   1113   5    5    2
1501   179   7    73    413
1502   636   2    32    52
1503   1475   6    67    492
1504   378   6    110    345
1505   600   2    148    89
1506   1116   6    96    193
1507   474   2    193    195
1508   203   2    50    306
1509   326   2    28    427
1510   999   5    36    124
1511   129   7    188    415
1512   1476   7    63    52
1513   949   7    187    497
1514   1142   4    26    13
1515   791   2    187    18
1516   445   3    14    94
1517   809   4    186    97
1518   319   7    161    421
1519   705   2    25    29
1520   1186   3    4    487
1521   649   3    110    440
1522   1128   2    20    322
1523   1408   4    147    341
1524   1057   4    98    354
1525   662   3    127    140
1526   95   3    180    187
1527   278   6    134    9
1528   787   2    27    430
1529   894   4    197    56
1530   1379   7    130    398
1531   1154   7    102    266
1532   1436   3    131    193
1533   1096   4    155    27
1534   801   2    78    466
1535   879   3    60    117
1536   270   6    58    10
1537   434   2    138    380
1538   1002   7    5    387
1539   516   3    48    201
1540   1106   7    14    483
1541   611   6    192    28
1542   1488   2    133    20
1543   119   7    90    369
1544   356   2    14    164
1545   256   6    82    4
1546   1126   5    10    38
1547   707   2    113    248
1548   1522   7    79    160
1549   547   5    21    140
1550   842   5    187    388
1551   1307   2    161    362
1552   1381   3    13    295
1553   1308   2    93    13
1554   962   2    75    227
1555   89   5    110    326
1556   146   2    78    440
1557   1191   4    152    185
1558   1108   3    110    224
1559   276   2    61    5
1560   833   2    80    95
1561   293   3    106    292
1562   1346   2    160    295
1563   781   5    110    307
1564   889   3    81    89
1565   769   5    158    23
1566   1451   5    125    315
1567   32   2    64    362
1568   1291   5    192    66
1569   944   3    167    1
1570   984   6    155    387
1571   548   7    11    234
1572   1526   2    166    412
1573   323   7    65    274
1574   657   2    120    63
1575   1216   5    197    174
1576   1497   4    30    242
1577   425   3    164    111
1578   816   7    93    8
1579   264   3    146    139
1580   1177   3    165    67
1581   1478   7    51    46
1582   813   4    64    452
1583   1276   3    20    364
1584   1338   4    53    304
1585   103   6    115    155
1586   904   2    83    55
1587   769   7    146    402
1588   483   5    15    292
1589   303   6    111    116
1590   94   3    145    129
1591   242   4    175    391
1592   1545   3    188    19
1593   1250   5    90    325
1594   241   2    135    12
1595   1447   3    72    315
1596   511   6    181    435
1597   717   6    83    202
1598   617   2    36    420
1599   507   4    177    369
1600   293   7    172    363
1601   37   3    99    24
1602   113   6    146    22
1603   35   5    193    347
1604   1410   4    28    292
1605   1065   6    123    328
1606   246   3    72    262
1607   458   7    44    289
1608   1368   6    127    70
1609   620   3    31    195
1610   1140   6    163    438
1611   1035   4    46    177
1612   608   4    33    157
1613   1274   2    168    73
1614   1144   6    112    378
1615   96   6    172    246
1616   729   3    154    60
1617   621   6    177    456
1618   1079   4    123    105
1619   735   2    87    239
1620   110   2    62    366
1621   906   4    114    164
1622   990   7    199    346
1623   70   2    76    440
1624   706   7    19    353
1625   818   6    192    67
1626   763   5    164    469
1627   1022   3    96    126
1628   264   3    72    22
1629   75   4    116    315
1630   683   4    99    381
1631   526   2    115    129
1632   574   2    191    468
1633   298   3    51    300
1634   39   5    154    152
1635   1059   6    100    21
1636   515   5    93    340
1637   309   3    158    120
1638   1514   5    130    56
1639   1511   4    160    277
1640   331   6    111    274
1641   1204   5    29    224
1642   1633   4    78    137
1643   210   6    42    177
1644   1514   7    141    172
1645   1545   4    67    269
1646   540   5    22    327
1647   253   4    80    312
1648   305   6    183    401
1649   552   7    183    108
1650   281   3    157    319
1651   983   4    150    402
1652   1119   3    86    413
1653   1134   7    109    165
1654   693   2    167    325
1655   1590   6    69    237
1656   1323   7    170    289
1657   1062   5    151    325
1658   232   3    168    467
1659   62   5    55    304
1660   715   5    152    107
1661   814   2    110    240
1662   364   3    117    470
1663   321   6    183    463
1664   788   6    138    415
1665   709   6    22    369
1666   636   3    34    270
1667   589   2    179    171
1668   70   2    37    232
1669   1274   6    73    316
1670   1421   4    77    332
1671   1332   7    29    272
1672   1360   5    154    391
1673   1282   2    123    425
1674   883   5    146    278
1675   908   5    88    448
1676   842   3    128    360
1677   894   6    47    251
1678   753   6    185    35
1679   1472   4    195    238
1680   1559   6    199    65
1681   1679   5    79    397
1682   1277   4    62    62
1683   1400   6    129    68
1684   1090   2    118    344
1685   1614   3    7    137
1686   20   5    7    20
1687   299   7    152    424
1688   650   2    59    334
1689   787   7    89    311
1690   1294   2    160    448
1691   1340   3    6    376
1692   114   3    134    298
1693   1020   4    21    388
1694   1350   2    108    269
1695   1040   3    184    497
1696   196   2    48    153
1697   523   5    74    210
1698   656   6    73    217
1699   503   4    177    176
1700   1635   4    42    162
1701   663   7    79    120
1702   432   3    6    319
1703   829   3    156    223
1704   996   7    156    87
1705   856   2    80    119
1706   21   2    182    278
1707   923   6    2    186
1708   1137   2    89    147
1709   1157   7    188    70
1710   1157   2    192    472
1711   1444   2    51    162
1712   910   6    151    224
1713   1527   4    109    245
1714   1359   5    7    344
1715   1423   5    37    400
1716   1625   2    125    235
1717   362   6    185    346
1718   135   6    170    365
1719   283   4    96    135
1720   917   6    30    154
1721   191   2    83    314
1722   1390   5    113    257
1723   199   7    84    297
1724   28   7    140    279
1725   862   4    114    147
1726   859   5    154    257
1727   1063   5    191    425
1728   703   3    139    128
1729   87   4    143    100
1730   1648   2    150    239
1731   104   4    15    71
1732   1306   4    18    399
1733   1474   4    7    262
1734   566   6    73    262
1735   1583   7    196    128
1736   1277   5    35    159
1737   501   2    90    87
1738   773   6    88    81
1739   379   6    182    68
1740   1454   3    70    440
1741   875   5    133    60
1742   1616   4    186    386
1743   1194   6    129    341
1744   104   4    34    295
1745   472   5    85    314
1746   160   2    101    278
1747   293   2    164    107
1748   1105   6    58    463
1749   1057   5    34    394
1750   1422   3    167    152
1751   1236   3    59    236
1752   1294   6    115    81
1753   701   4    16    177
1754   109   6    74    22
1755   561   7    14    44
1756   1504   2    193    436
1757   1664   3    55    168
1758   427   7    164    56
1759   1126   3    115    189
1760   1642   4    193    329
1761   978   5    193    132
1762   280   2    154    394
1763   1683   2    174    94
1764   1027   2    17    320
1765   864   6    198    67
1766   352   4    84    43
1767   90   5    155    198
1768   1766   3    117    24
1769   333   2    167    225
1770   737   6    22    195
1771   651   2    51    207
1772   1747   6    44    139
1773   1196   2    193    315
1774   1199   4    185    215
1775   900   2    176    84
1776   408   6    26    193
1777   1747   4    143    406
1778   986   4    80    377
1779   1517   4    144    312
1780   533   2    98    50
1781   992   3    89    499
1782   1743   4    63    440
1783   1646   4    141    338
1784   35   4    162    35
1785   1038   4    179    460
1786   1323   6    135    73
1787   632   3    191    80
1788   38   7    24    432
1789   646   7    99    468
1790   1104   3    115    188
1791   1094   6    117    115
