1   0   5    27    322
2   1   3    113    330
3   1   4    71    207
4   1   4    184    482
5   2   7    130    371
6   3   7    119    11
7   1   4    152    220
8   6   5    32    350
9   1   5    38    100
10   5   7    72    266
11   2   3    142    306
12   5   3    147    362
13   2   2    2    196
14   12   6    147    187
15   3   7    32    269
16   9   5    134    439
17   14   5    24    330
18   2   7    184    255
19   2   4    159    482
20   10   4    175    91
21   5   3    84    183
22   8   7    122    478
23   3   4    194    74
24   20   6    188    305
25   11   2    128    374
26   1   7    156    415
27   3   5    199    385
28   16   4    68    39
29   7   3    157    89
30   21   6    31    55
31   1   2    159    94
32   3   5    67    19
33   17   2    21    155
34   30   3    94    117
35   17   7    73    140
36   26   6    152    81
37   19   4    174    216
38   13   7    129    186
39   19   2    64    335
40   34   2    181    451
41   37   6    167    308
42   27   6    189    366
43   33   4    149    236
44   7   3    100    144
45   18   4    2    404
46   36   3    35    42
47   24   6    103    341
48   9   6    157    91
49   9   5    150    351
50   31   5    124    434
51   20   5    150    376
52   1   4    47    267
53   38   6    20    408
54   10   4    168    33
55   6   2    160    175
56   40   3    77    362
57   18   4    119    413
58   10   6    156    459
59   18   4    166    58
60   46   5    110    193
61   2   6    141    460
62   14   7    74    50
63   28   6    60    265
64   30   7    13    96
65   50   7    32    362
66   43   4    92    419
67   21   7    193    320
68   7   7    13    407
69   22   2    137    215
70   62   2    96    153
71   6   4    14    478
72   62   6    1    352
73   64   5    158    427
74   66   2    59    477
75   49   4    93    89
76   34   4    54    84
77   46   5    127    32
78   66   7    24    444
79   60   2    101    194
80   29   3    56    27
81   31   3    13    405
82   42   3    43    96
83   64   5    142    189
84   10   7    167    133
85   48   7    105    481
86   28   4    138    72
87   72   7    27    313
88   31   5    109    145
89   72   7    179    29
90   7   5    123    435
91   53   6    142    320
92   26   7    160    468
93   16   2    115    265
94   54   5    53    78
95   6   6    1    345
96   74   3    33    478
97   74   4    162    58
98   35   6    110    301
99   42   2    28    366
100   76   3    47    142
101   63   3    167    320
102   49   3    41    216
103   69   2    194    308
104   74   2    87    205
105   24   4    175    2
106   35   4    55    305
107   12   5    85    45
108   11   6    167    132
109   85   4    27    5
110   100   6    24    177
111   38   3    107    42
112   60   4    10    85
113   39   7    124    155
114   96   5    73    73
115   64   2    32    308
116   9   5    87    149
117   99   4    99    452
118   73   3    178    266
119   9   6    115    425
120   31   3    190    338
121   29   6    109    210
122   63   5    113    348
123   69   2    96    442
124   22   3    66    320
125   92   4    46    117
126   8   3    130    486
127   51   3    154    65
128   9   3    98    413
129   118   2    141    52
130   128   6    118    431
131   62   3    12    6
132   79   3    146    195
133   55   7    179    263
134   1   5    142    231
135   38   7    102    14
136   95   4    19    316
137   18   7    65    164
138   120   5    132    35
139   95   2    84    252
140   86   7    189    24
141   15   3    1    454
142   90   5    173    278
143   121   4    171    219
144   21   3    147    217
145   22   6    40    276
146   108   2    59    101
147   79   2    91    37
148   128   7    54    393
149   5   5    64    7
150   37   4    196    73
151   8   3    60    136
152   27   3    55    338
153   103   3    150    116
154   142   4    44    367
155   88   4    19    150
156   112   3    81    422
157   111   4    5    462
158   3   4    124    379
159   150   2    115    82
160   130   4    135    153
161   86   6    60    248
162   80   5    191    117
163   114   7    111    308
164   151   5    107    9
165   49   3    120    342
166   102   2    72    381
167   163   6    41    476
168   61   4    108    89
169   74   2    187    39
170   104   7    143    45
171   75   6    198    337
172   167   2    70    427
173   152   4    160    278
174   101   2    177    368
175   167   2    28    214
176   130   2    10    140
177   107   2    199    194
178   117   3    144    167
179   131   4    26    482
180   169   3    107    26
181   70   7    184    202
182   22   7    151    335
183   156   5    130    305
184   8   3    86    310
185   67   4    31    465
186   21   5    43    151
187   69   6    126    63
188   70   7    88    145
189   39   7    117    164
190   49   4    154    98
191   37   2    67    325
192   97   4    149    331
193   83   7    16    89
194   88   2    126    268
195   128   7    140    322
196   47   6    45    186
197   194   5    198    101
198   146   5    180    166
199   146   5    161    292
200   22   3    164    360
201   67   2    115    308
202   103   6    44    129
203   11   5    91    191
204   174   4    152    129
205   198   6    187    232
206   126   3    102    242
207   59   4    13    420
208   112   7    63    51
209   48   4    190    307
210   47   5    170    84
211   8   6    102    383
212   17   5    63    194
213   53   5    139    443
214   173   2    128    85
215   157   3    59    498
216   206   7    3    59
217   82   4    102    39
218   18   3    90    69
219   66   2    67    96
220   182   3    187    139
221   21   3    83    315
222   136   6    90    246
223   221   5    58    82
224   217   7    177    365
225   62   6    147    208
226   164   4    184    378
227   73   5    179    406
228   46   3    4    171
229   206   7    18    14
230   209   6    63    210
231   124   3    107    195
232   119   6    107    274
233   199   2    193    129
234   167   5    144    348
235   217   5    157    230
236   58   4    183    496
237   17   5    149    424
238   235   6    158    1
239   153   2    55    179
240   162   7    156    400
241   216   7    195    145
242   91   2    120    176
243   92   4    133    310
244   81   3    195    21
245   69   3    193    461
246   237   7    155    465
247   139   2    143    467
248   58   4    116    70
249   15   5    166    167
250   171   6    77    221
251   29   7    103    217
252   12   4    98    299
253   213   6    59    66
254   134   5    54    427
255   134   2    86    231
256   245   7    58    247
257   95   2    109    33
258   179   2    114    61
259   48   2    89    386
260   189   3    178    45
261   102   6    191    119
262   4   2    41    430
263   187   3    191    88
264   54   2    138    248
265   137   7    19    304
266   256   6    71    335
267   187   6    163    209
268   188   5    101    235
269   80   4    179    402
270   117   3    47    97
271   37   2    19    205
272   187   6    83    91
273   78   5    131    44
274   166   5    80    132
275   155   4    103    162
276   187   6    142    20
277   269   4    134    236
278   75   2    93    152
279   242   6    83    417
280   25   5    53    243
281   35   6    170    301
282   205   2    47    446
283   88   7    43    213
284   112   5    7    318
285   110   4    95    291
286   222   4    55    150
287   184   7    80    104
288   91   3    76    88
289   281   2    11    26
290   137   3    38    7
291   233   5    55    454
292   53   3    197    450
293   153   4    7    288
294   165   7    144    337
295   104   2    158    253
296   200   2    83    223
297   151   7    32    105
298   230   5    176    139
299   88   6    151    218
300   142   2    195    162
301   14   5    99    402
302   57   7    135    19
303   226   2    198    414
304   211   3    24    216
305   20   2    195    111
306   183   7    140    15
307   24   6    99    41
308   257   7    26    341
309   230   5    39    125
310   37   2    55    95
311   83   3    187    234
312   75   6    36    366
313   99   7    45    299
314   119   5    30    461
315   158   6    91    441
316   52   3    11    255
317   231   3    111    280
318   280   4    128    108
319   123   2    116    296
320   22   7    48    445
321   314   5    103    317
322   261   6    179    377
323   182   6    81    269
324   248   5    37    2
325   117   2    119    127
326   93   6    85    196
327   239   5    71    178
328   214   3    48    258
329   207   7    131    100
330   184   7    29    245
331   260   3    63    333
332   75   5    76    15
333   28   7    113    422
334   35   5    101    420
335   44   6    129    146
336   6   3    98    218
337   190   4    1    6
338   306   7    188    404
339   183   7    145    424
340   333   3    91    298
341   61   3    189    121
342   94   4    143    456
343   128   4    187    371
344   64   3    110    163
345   199   6    20    423
346   18   3    34    454
347   287   6    52    262
348   114   4    62    261
349   257   7    199    127
350   104   3    30    4
351   31   6    57    83
352   123   2    28    4
353   110   2    130    459
354   340   4    128    459
355   318   4    178    392
356   305   2    37    338
357   267   3    51    339
358   221   3    137    405
359   154   3    23    30
360   339   7    76    215
361   64   3    111    146
362   281   7    98    194
363   197   6    65    98
364   243   5    198    51
365   284   4    72    175
366   158   4    97    121
367   127   5    63    401
368   109   3    59    392
369   193   2    51    243
370   70   6    168    365
371   319   7    113    181
372   151   3    134    257
373   210   2    174    463
374   123   6    130    349
375   274   4    38    380
376   325   5    105    224
377   152   3    110    88
378   226   7    93    249
379   279   5    79    185
380   29   4    105    105
381   359   5    155    404
382   236   2    106    242
383   238   2    179    465
384   288   5    6    248
385   8   2    16    484
386   376   6    128    479
387   334   7    162    232
388   16   4    72    98
389   249   5    173    364
390   118   4    139    326
391   82   3    143    126
392   327   3    179    486
393   377   5    65    134
394   308   3    20    138
395   268   7    12    183
396   146   4    6    84
397   371   7    17    52
398   290   2    181    68
399   152   2    132    396
400   73   2    197    115
401   278   6    75    489
402   360   2    15    416
403   235   7    22    464
404   192   2    24    476
405   234   4    188    414
406   343   4    132    325
407   309   6    27    1
408   370   5    9    15
409   330   2    126    9
410   241   6    145    250
411   391   5    39    272
412   338   2    18    226
413   67   3    52    247
414   130   5    28    312
415   396   6    163    313
416   254   6    187    72
417   367   6    58    403
418   204   4    146    309
419   304   6    40    316
420   21   6    130    49
421   183   4    61    343
422   112   3    11    95
423   31   4    72    329
424   91   4    137    352
425   107   4    90    468
426   257   6    37    452
427   195   5    121    398
428   7   5    182    347
429   425   6    115    11
430   84   6    46    317
431   379   6    174    153
432   52   5    31    421
433   395   2    188    450
434   125   3    83    271
435   28   7    187    42
436   137   6    112    188
437   186   4    164    15
438   215   3    50    237
439   281   7    36    395
440   159   6    112    490
441   380   3    134    151
442   63   4    88    58
443   159   2    118    432
444   237   3    42    334
445   315   7    80    46
446   426   2    24    269
447   367   3    106    399
448   208   3    98    270
449   279   6    69    219
450   43   5    125    347
451   360   5    154    132
452   93   6    59    206
453   394   2    148    168
454   177   5    19    368
455   225   5    55    320
456   409   2    126    150
457   253   7    136    320
458   157   3    43    1
459   447   5    184    104
460   412   3    118    390
461   417   7    92    121
462   37   6    189    404
463   460   3    37    6
464   324   3    72    337
465   441   3    1    115
466   347   2    170    353
467   319   7    118    498
468   289   2    129    471
469   407   2    168    27
470   87   2    176    368
471   35   6    25    466
472   214   6    60    453
473   150   2    51    109
474   141   6    91    272
475   423   7    102    267
476   198   5    161    338
477   349   4    55    435
478   9   6    53    243
479   472   5    40    301
480   468   5    138    424
481   129   5    17    253
482   24   6    135    372
483   224   6    14    145
484   337   7    119    2
485   311   4    30    113
486   369   2    10    252
487   284   7    77    121
488   109   7    176    489
489   261   7    31    294
490   158   4    8    200
491   47   4    186    455
492   104   6    118    106
493   163   3    149    201
494   428   7    189    103
495   436   3    90    153
496   5   2    52    159
497   300   4    86    300
498   239   2    184    152
499   256   2    25    101
500   291   3    22    453
501   290   2    99    310
502   218   7    77    351
503   274   5    56    475
504   474   6    134    132
505   76   4    37    398
506   487   6    192    125
507   48   3    151    331
508   502   2    37    65
509   184   4    182    346
510   197   2    42    207
511   64   5    51    266
512   384   7    184    150
513   317   6    138    103
514   499   3    136    475
515   18   6    115    359
516   377   3    38    454
517   59   2    1    347
518   271   3    125    4
519   163   4    47    317
520   120   6    45    172
521   147   7    28    419
522   95   3    165    305
523   500   3    94    55
524   451   2    64    41
525   50   6    65    467
526   305   3    44    278
527   506   6    72    3
528   525   4    190    289
529   28   4    106    128
530   478   4    177    69
531   21   7    71    40
532   396   5    90    343
533   450   5    116    245
534   329   7    32    83
535   480   6    136    92
536   323   5    184    473
537   435   7    191    47
538   327   2    192    215
539   14   6    84    87
540   312   4    104    33
541   420   2    181    374
542   492   3    107    483
543   129   3    40    371
544   438   2    94    395
545   113   4    51    453
546   509   6    24    381
547   226   3    20    108
548   62   3    158    444
549   250   7    76    324
550   283   3    143    131
551   262   5    197    279
552   256   3    144    44
553   206   3    79    211
554   88   7    185    409
555   446   2    85    285
556   28   3    140    483
557   281   2    159    453
558   342   7    171    299
559   171   7    77    165
560   245   7    97    332
561   259   2    129    206
562   174   4    188    231
563   454   4    41    318
564   484   5    60    467
565   302   5    22    220
566   3   3    76    52
567   239   3    160    76
568   121   7    144    106
569   79   3    184    53
570   445   2    59    222
571   31   3    50    229
572   503   6    48    166
573   438   5    129    284
574   109   4    93    320
575   166   2    130    461
576   278   7    84    160
577   202   4    89    279
578   244   2    115    80
579   170   5    37    446
580   400   4    18    221
581   490   2    18    186
582   224   3    99    290
583   383   3    28    365
584   259   2    28    120
585   301   4    60    54
586   16   6    96    189
587   11   6    182    487
588   439   4    158    67
589   371   3    43    364
590   129   2    195    439
591   300   6    135    249
592   347   2    93    474
593   22   3    145    461
594   254   3    174    326
595   311   7    25    325
596   132   6    40    271
597   162   6    14    58
598   517   7    128    225
599   407   2    130    194
600   463   6    138    84
601   580   3    190    496
602   442   2    137    12
603   553   2    168    452
604   389   7    19    384
605   58   3    3    494
606   231   6    191    339
607   156   6    145    37
608   493   5    89    89
609   413   4    188    81
610   69   5    24    448
611   283   4    105    360
612   20   2    13    250
613   469   2    38    127
614   424   4    175    84
615   10   4    123    135
616   262   3    27    200
617   98   6    49    373
618   400   5    163    308
619   337   7    183    124
620   599   7    140    270
621   383   3    3    217
622   8   7    107    180
623   464   2    158    387
624   20   4    38    7
625   311   6    130    111
626   177   5    69    205
627   151   4    51    154
628   96   5    113    312
629   605   5    49    67
630   81   3    39    316
631   447   7    130    186
632   566   6    197    326
633   121   5    153    336
634   505   3    47    357
635   556   2    125    156
636   530   7    13    280
637   224   5    66    154
638   27   5    144    130
639   609   4    65    466
640   275   2    50    336
641   374   2    188    347
642   384   3    160    19
643   179   6    76    320
644   74   7    41    66
645   459   5    30    240
646   374   7    50    242
647   393   6    6    97
648   53   3    89    44
649   67   3    167    308
650   51   7    62    121
651   568   6    30    67
652   628   4    73    56
653   620   5    48    79
654   44   4    134    232
655   578   3    49    35
656   346   5    142    478
657   188   2    170    402
658   271   4    32    202
659   225   5    23    308
660   170   2    31    266
661   568   7    154    122
662   198   5    187    111
663   503   3    139    165
664   429   2    42    305
665   557   5    47    362
666   230   7    90    485
667   609   3    23    471
668   630   3    63    36
669   332   3    94    79
670   329   2    82    160
671   659   4    123    409
672   33   3    187    136
673   303   2    109    268
674   490   5    49    119
675   315   3    31    400
676   403   3    10    239
677   508   4    21    430
678   388   4    139    348
679   336   3    31    120
680   445   7    106    330
681   37   2    63    41
682   498   5    124    205
683   390   6    152    46
684   162   2    43    260
685   385   4    164    234
686   39   2    165    226
687   473   6    124    128
688   124   5    12    424
689   574   7    159    389
690   151   7    113    248
691   19   3    87    168
692   366   2    59    92
693   540   3    156    8
694   252   3    58    91
695   439   3    52    2
696   333   2    100    200
697   408   7    42    135
698   95   5    59    106
699   371   2    151    118
700   244   6    177    318
701   322   7    38    161
702   301   7    17    133
703   229   4    182    151
704   273   3    25    427
705   314   6    161    460
706   600   7    195    1
707   58   7    103    259
708   130   3    98    80
709   235   6    137    25
710   605   6    144    208
711   594   2    31    101
712   523   3    189    353
713   156   5    118    269
714   128   4    196    42
715   642   7    120    311
716   713   3    20    73
717   620   4    191    402
718   655   6    58    243
719   591   5    27    226
720   305   6    12    325
721   649   4    64    382
722   701   3    63    321
723   6   7    110    406
724   507   3    18    319
725   247   6    103    435
726   665   7    68    149
727   134   3    23    476
728   514   6    182    18
729   239   6    52    172
730   54   2    97    395
731   226   3    44    365
732   421   4    63    16
733   615   6    5    349
734   262   2    167    35
735   428   3    94    262
736   498   2    39    116
737   472   7    4    353
738   93   4    63    47
739   247   5    12    324
740   156   3    100    72
741   127   4    45    179
742   209   2    25    66
743   408   3    36    227
744   468   4    47    408
745   406   2    67    63
746   656   3    107    367
747   485   6    136    332
748   486   3    78    4
749   287   3    38    459
750   390   5    6    364
751   417   5    198    97
752   262   4    191    242
753   184   5    109    303
754   709   6    139    57
755   21   4    107    159
756   552   4    176    155
757   264   3    136    190
758   117   4    17    299
759   577   4    109    116
760   639   6    61    193
761   735   4    39    165
762   673   2    25    449
763   62   2    86    84
764   553   4    30    182
765   401   3    59    348
766   474   7    154    149
767   291   7    46    421
768   720   4    190    332
769   681   2    77    353
770   55   2    19    191
771   429   3    61    225
772   298   6    119    344
773   508   4    185    76
774   243   5    41    46
775   739   6    177    270
776   569   5    97    332
777   293   4    165    355
778   199   5    74    139
779   68   7    48    406
780   193   7    111    415
781   294   5    10    24
782   187   6    24    53
783   201   4    14    198
784   134   4    10    252
785   672   6    1    1
786   662   2    125    427
787   536   3    92    190
788   623   7    81    94
789   422   7    164    195
790   502   6    161    177
791   677   7    196    337
792   291   4    1    401
793   219   5    9    370
794   64   7    174    429
795   266   6    109    88
796   650   3    13    180
797   779   7    115    349
798   516   4    90    481
799   514   3    190    405
800   765   7    140    418
801   148   3    176    61
802   478   2    143    232
803   188   3    93    202
804   20   5    111    205
805   244   2    134    279
806   315   4    14    346
807   593   3    77    227
808   211   7    18    198
809   77   2    47    179
810   372   4    49    285
811   420   7    104    297
812   745   6    195    247
813   798   7    99    1
814   778   3    62    60
815   306   6    31    237
816   583   2    113    141
817   527   7    158    214
818   573   5    159    126
819   472   5    42    185
820   216   3    46    197
821   140   7    183    58
822   444   7    171    273
823   428   4    145    70
824   775   4    96    30
825   71   4    68    74
826   274   7    102    212
827   228   7    192    78
828   601   4    11    188
829   208   7    56    249
830   381   7    142    206
831   190   4    21    153
832   247   7    184    56
833   756   3    50    212
834   385   2    74    446
835   658   2    108    434
836   615   7    34    154
837   611   7    102    58
838   616   6    57    270
839   656   2    107    376
840   380   4    135    423
841   594   6    7    194
842   75   5    55    56
843   254   2    165    25
844   130   7    90    226
845   670   5    28    483
846   218   4    55    404
847   380   7    140    272
848   714   4    87    197
849   268   4    128    102
850   283   2    88    43
851   83   7    99    371
852   833   7    77    287
853   234   2    26    50
854   154   2    128    7
855   260   6    73    34
856   336   6    24    103
857   722   5    14    465
858   92   5    29    338
859   746   7    115    315
860   471   6    4    86
861   647   4    106    440
862   423   5    3    371
863   357   6    178    154
864   386   5    39    497
865   53   7    127    232
866   541   6    130    324
867   331   6    195    249
868   59   2    87    377
869   169   4    162    284
870   79   5    20    268
871   190   6    164    407
872   830   7    106    53
873   475   6    180    400
874   285   4    176    487
875   719   4    82    323
876   267   4    93    324
877   223   5    19    263
878   169   7    130    213
879   90   7    101    344
880   350   2    153    208
881   759   3    174    57
882   280   4    133    495
883   42   5    182    16
884   246   4    103    333
885   658   5    147    482
886   471   3    24    84
887   481   4    22    204
888   187   7    188    116
889   610   5    11    91
890   217   3    165    264
891   853   6    93    67
892   354   3    32    124
893   519   5    117    271
894   251   3    63    252
895   702   4    65    451
896   181   3    135    383
897   867   6    156    403
898   284   3    130    226
899   91   2    111    329
900   295   3    59    72
901   227   3    179    84
902   61   4    21    250
903   753   5    170    302
904   535   7    166    489
905   364   3    117    15
906   785   4    155    457
907   562   2    42    291
908   799   7    167    354
909   82   4    145    432
910   687   4    58    321
911   346   4    69    1
912   102   6    198    157
913   612   4    161    239
914   251   5    174    170
915   875   6    86    333
916   779   3    134    294
917   338   7    67    149
918   498   7    73    294
919   61   4    94    387
920   295   7    128    367
921   205   4    193    274
922   778   4    191    10
923   167   6    191    1
924   588   4    127    196
925   920   4    111    383
926   602   7    133    331
927   188   7    191    29
928   17   6    94    86
929   329   4    157    96
930   317   4    60    303
931   343   6    149    42
932   31   6    124    406
933   56   4    91    379
934   344   4    96    467
935   407   5    37    411
936   594   5    182    215
937   495   6    85    134
938   224   7    120    474
939   549   6    106    115
940   484   7    60    66
941   63   7    18    395
942   681   6    195    431
943   25   3    57    321
944   743   6    78    302
945   41   6    39    297
946   852   6    192    122
947   22   6    181    60
948   750   4    3    95
949   718   6    45    7
950   278   7    158    80
951   741   2    198    122
952   701   6    179    259
953   679   5    110    209
954   342   6    155    176
955   638   3    191    151
956   867   6    160    56
957   541   4    56    374
958   862   5    139    240
959   384   7    140    119
960   93   7    149    183
961   426   2    82    486
962   413   4    155    371
963   795   5    199    499
964   933   4    41    407
965   290   3    137    366
966   324   5    160    391
967   933   4    103    267
968   264   5    116    341
969   328   4    129    78
970   623   4    144    238
971   420   6    105    139
972   490   2    160    70
973   7   5    88    298
974   882   4    173    92
975   330   3    51    260
976   921   2    183    125
977   822   2    174    98
978   795   7    154    20
979   139   5    33    187
980   916   3    45    104
981   110   4    57    89
982   335   4    133    17
983   77   7    157    93
984   346   4    89    103
985   402   2    82    438
986   851   2    110    242
987   570   3    45    28
988   953   3    157    403
989   121   7    170    328
990   936   7    170    130
991   682   4    198    163
992   60   4    141    243
993   394   4    74    426
994   530   6    57    384
995   802   7    111    351
996   276   2    144    320
997   458   2    7    416
998   695   6    114    13
999   155   6    130    276
1000   541   2    21    11
1001   241   3    139    402
1002   92   5    12    39
1003   184   2    121    146
1004   167   2    44    35
1005   529   4    61    417
1006   123   7    91    386
1007   472   6    160    416
1008   623   5    24    168
1009   939   5    198    386
1010   695   6    166    167
1011   977   3    86    236
1012   520   4    59    457
1013   486   2    142    219
1014   475   5    126    202
1015   769   4    56    117
1016   637   5    124    216
1017   239   2    83    375
1018   985   7    44    151
1019   718   7    27    186
1020   592   3    12    299
1021   804   4    59    91
1022   426   5    115    339
1023   747   2    179    277
1024   204   6    92    307
1025   202   6    125    414
1026   580   2    38    128
1027   422   2    17    264
1028   783   6    56    204
1029   538   6    89    126
1030   874   3    25    363
1031   612   7    142    117
1032   956   4    127    419
1033   622   7    82    293
1034   778   4    180    185
1035   670   5    133    345
1036   131   4    76    216
1037   356   6    36    66
1038   747   7    136    90
1039   1031   4    133    162
1040   905   6    49    374
1041   389   2    162    287
1042   151   3    62    274
1043   455   6    177    286
1044   336   6    77    241
1045   268   7    8    103
1046   521   3    142    207
1047   188   2    129    395
1048   871   7    64    152
1049   626   4    168    286
1050   460   5    26    121
1051   74   3    2    38
1052   162   5    15    21
1053   772   7    98    11
1054   277   2    165    235
1055   988   3    130    129
1056   965   7    89    61
1057   546   5    196    134
1058   584   2    26    290
1059   412   4    64    41
1060   606   2    193    429
1061   79   2    25    120
1062   565   5    41    156
1063   407   2    111    437
1064   517   3    193    494
1065   151   6    124    18
1066   47   7    198    446
1067   206   2    154    441
1068   248   6    168    94
1069   989   5    72    452
1070   853   5    75    314
1071   62   4    56    323
1072   514   2    183    66
1073   473   7    151    233
1074   157   3    98    144
1075   1008   3    177    261
1076   690   6    159    166
1077   1056   7    67    284
1078   156   5    45    185
1079   805   2    156    123
1080   65   7    141    414
1081   598   2    25    370
1082   141   5    21    239
1083   645   2    172    147
1084   58   3    4    429
1085   892   2    61    329
1086   504   6    144    489
1087   985   7    38    36
1088   573   6    152    111
1089   52   5    72    63
1090   871   4    179    356
1091   968   7    64    145
1092   521   3    105    293
1093   151   6    139    286
1094   766   7    99    311
1095   560   2    66    443
1096   1093   4    168    33
1097   663   6    137    35
1098   11   7    53    394
1099   39   3    68    15
1100   127   6    8    62
1101   100   3    107    271
1102   291   6    121    163
1103   744   7    28    139
1104   257   7    106    392
1105   745   5    24    494
1106   268   6    48    469
1107   957   7    14    83
1108   420   2    159    434
1109   845   3    72    60
1110   746   4    157    288
1111   1083   3    65    215
1112   707   6    44    177
1113   597   6    89    136
1114   53   5    37    227
1115   816   2    195    467
1116   1109   6    4    429
1117   732   7    183    446
1118   558   7    53    106
1119   541   4    24    190
1120   1007   5    29    65
1121   48   3    135    256
1122   1021   5    94    246
1123   1054   7    83    103
1124   1010   3    79    133
1125   1044   2    79    56
1126   48   4    24    155
1127   908   4    117    453
1128   506   6    145    148
1129   174   7    181    228
1130   399   7    57    190
1131   524   5    113    198
1132   938   2    195    462
1133   182   6    185    459
1134   211   5    66    141
1135   570   5    164    402
1136   252   2    51    300
1137   19   7    71    15
1138   997   6    61    69
1139   177   4    27    152
1140   504   3    117    327
1141   28   3    156    119
1142   53   3    104    27
1143   382   7    169    410
1144   890   7    64    179
1145   908   5    176    488
1146   452   2    22    368
1147   960   7    106    102
1148   151   7    54    260
1149   555   4    169    77
1150   361   6    105    358
1151   91   6    111    396
1152   562   3    124    102
1153   147   6    93    452
1154   509   6    9    226
1155   582   7    158    1
1156   1113   5    33    462
1157   760   4    24    473
1158   467   3    56    486
1159   502   4    21    66
1160   994   5    29    293
1161   52   4    151    335
1162   637   7    163    38
1163   9   4    175    324
1164   798   5    152    60
1165   529   2    20    210
1166   854   2    34    355
1167   721   3    13    42
1168   336   2    160    481
1169   1132   3    60    190
1170   1099   2    74    494
1171   1064   7    167    410
1172   295   4    88    52
1173   994   3    38    169
1174   714   2    117    108
1175   948   7    110    344
1176   1070   4    3    41
1177   118   7    33    206
1178   130   2    165    340
1179   478   6    185    59
1180   955   5    141    271
1181   754   2    160    364
1182   507   7    45    136
1183   755   3    156    48
1184   644   7    80    443
1185   750   7    73    465
1186   697   4    14    215
1187   367   4    2    153
1188   317   3    160    216
1189   214   7    28    300
1190   135   5    4    341
1191   254   7    172    331
1192   1033   3    116    333
1193   139   2    148    10
1194   71   5    125    23
1195   665   7    184    97
1196   841   5    52    355
1197   713   4    196    172
1198   140   5    33    170
1199   814   4    88    336
1200   524   5    100    390
1201   488   4    195    131
1202   714   2    156    393
1203   792   3    147    2
1204   989   3    163    495
1205   1010   7    178    190
1206   1078   6    45    273
1207   1192   6    57    176
1208   938   2    154    493
1209   702   6    65    256
1210   380   5    175    430
1211   591   2    90    140
1212   954   5    11    464
1213   882   3    45    289
1214   904   7    151    334
1215   558   7    192    226
1216   909   4    52    412
1217   659   7    66    70
1218   473   3    141    389
1219   337   6    31    226
1220   1188   4    101    129
1221   684   2    152    220
1222   722   6    126    227
1223   566   5    52    319
1224   442   7    196    395
1225   734   4    31    76
1226   620   3    187    223
1227   840   7    190    4
1228   128   2    67    64
1229   1128   2    178    280
1230   70   2    165    454
1231   586   3    38    477
1232   324   2    128    86
1233   89   3    5    392
1234   1031   4    149    364
1235   221   5    77    440
1236   994   7    196    292
1237   1168   4    176    351
1238   854   4    24    187
1239   492   7    1    387
1240   334   3    78    479
1241   430   4    94    66
1242   826   6    182    99
1243   637   4    167    83
1244   24   6    142    340
1245   745   6    155    119
1246   609   4    62    61
1247   765   3    155    373
1248   515   4    159    215
1249   380   5    104    311
1250   324   5    87    369
1251   1216   5    154    244
1252   772   6    196    487
1253   840   3    115    20
1254   342   5    127    64
1255   376   6    70    499
1256   463   7    116    222
1257   773   6    34    388
1258   458   6    95    428
1259   588   6    60    104
1260   711   2    112    475
1261   1068   3    44    21
1262   749   3    76    157
1263   452   3    35    492
1264   156   2    143    265
1265   1248   2    48    339
1266   615   3    185    134
1267   65   2    75    321
1268   1262   2    129    221
1269   122   4    84    78
1270   928   7    23    133
1271   6   5    109    318
1272   930   7    103    395
1273   588   6    111    51
1274   1051   3    35    41
1275   141   4    102    354
1276   566   2    11    439
1277   1081   5    138    479
1278   411   3    157    149
1279   467   3    159    451
1280   422   5    84    105
1281   814   5    133    482
1282   695   6    49    465
1283   240   2    110    118
1284   788   3    118    433
1285   1015   4    169    292
1286   683   7    150    296
1287   1123   7    95    3
1288   1038   7    72    16
1289   877   4    126    201
1290   1020   6    131    192
1291   142   5    59    389
1292   89   2    82    309
1293   464   5    191    95
1294   399   4    97    185
1295   145   7    4    348
1296   690   2    43    293
1297   780   7    20    267
1298   994   2    160    4
1299   514   5    164    466
1300   1053   2    123    70
1301   1066   3    114    373
1302   1089   4    145    254
1303   348   5    142    31
1304   208   5    152    262
1305   1159   4    37    201
1306   1241   5    23    9
1307   46   2    60    329
1308   707   5    99    370
1309   133   7    151    429
1310   332   6    50    193
1311   799   4    80    306
1312   448   7    100    347
1313   1227   4    128    228
1314   38   6    32    447
1315   1040   6    197    492
1316   831   4    115    305
1317   845   3    114    72
1318   32   7    87    228
1319   387   3    6    1
1320   26   5    140    118
1321   1291   5    118    389
1322   985   7    138    328
1323   232   3    162    306
1324   926   5    99    21
1325   559   3    27    248
1326   1253   6    196    13
1327   479   3    96    95
1328   1145   4    139    415
1329   995   5    136    287
1330   1081   6    91    207
1331   1096   3    198    258
1332   1135   5    112    182
1333   573   2    17    446
1334   1311   5    28    8
1335   1071   2    114    355
1336   335   3    128    470
1337   954   4    151    231
1338   1071   4    178    407
1339   800   4    71    145
1340   682   5    114    205
1341   470   7    82    200
1342   123   4    7    463
1343   885   6    184    20
1344   877   2    45    437
1345   124   2    191    41
1346   387   5    74    312
1347   81   4    174    293
1348   816   2    19    85
1349   378   7    146    145
1350   338   2    47    447
1351   497   6    49    144
1352   377   5    98    398
1353   1050   2    47    207
1354   820   4    52    352
1355   547   3    65    50
1356   1052   3    167    298
1357   744   4    173    491
1358   541   4    75    485
1359   263   7    176    491
1360   1120   4    148    283
1361   175   3    23    311
1362   345   7    43    156
1363   305   4    54    20
1364   1048   6    133    19
1365   12   3    28    165
1366   248   4    107    9
1367   484   4    7    213
1368   57   3    161    1
1369   1071   3    134    319
1370   912   7    58    308
1371   326   7    137    288
1372   799   2    106    496
1373   555   2    187    103
1374   129   5    71    283
1375   422   4    186    408
1376   824   7    71    324
1377   1050   3    58    244
1378   1059   5    159    255
1379   389   4    195    35
1380   354   2    192    39
1381   883   4    37    39
1382   460   6    17    366
1383   1297   6    26    301
1384   1231   7    32    226
1385   344   4    107    43
1386   1340   4    4    178
1387   626   2    50    312
1388   1321   7    62    462
1389   1040   6    22    100
1390   489   6    32    378
1391   810   2    65    113
1392   546   3    85    161
1393   795   6    16    453
1394   1088   4    128    448
1395   369   3    139    414
1396   1251   2    21    128
1397   1325   6    21    396
1398   1299   2    132    338
1399   1112   3    77    413
1400   1141   3    195    269
1401   1191   7    175    476
1402   782   4    22    278
1403   622   2    130    390
1404   800   6    156    447
1405   354   2    3    421
1406   497   2    182    205
1407   751   5    79    45
1408   729   3    161    369
1409   167   7    199    461
1410   918   3    126    247
1411   539   7    189    23
1412   970   3    64    221
1413   573   2    63    280
1414   256   5    146    52
1415   1408   6    190    327
1416   1199   6    113    36
1417   1369   3    110    272
1418   553   5    15    40
1419   1353   3    141    443
1420   563   2    66    482
1421   680   3    81    383
1422   443   2    192    256
1423   875   7    144    419
1424   1114   6    193    324
1425   230   7    139    404
1426   95   4    101    132
1427   928   3    95    184
1428   530   2    189    212
1429   300   5    179    412
1430   44   7    81    247
1431   402   5    134    163
1432   55   3    79    124
1433   362   2    14    482
1434   1   3    187    71
1435   728   3    199    288
1436   830   7    182    412
1437   721   2    182    192
1438   942   2    91    71
1439   864   2    146    271
1440   686   5    58    187
1441   167   6    139    327
1442   904   4    108    144
1443   426   7    8    450
1444   1149   5    21    89
1445   382   4    28    316
1446   1199   3    140    420
1447   433   3    114    436
1448   858   4    67    362
1449   347   6    157    396
1450   663   3    185    376
1451   1328   3    9    477
1452   979   7    117    151
1453   852   7    160    275
1454   512   3    20    384
1455   936   3    68    200
1456   378   5    88    364
1457   952   6    167    363
1458   270   5    29    242
1459   1018   4    47    397
1460   1434   3    2    74
1461   988   4    163    246
1462   342   5    167    5
1463   282   3    31    10
1464   627   3    183    127
1465   791   5    43    20
1466   397   5    78    372
1467   1048   5    116    493
1468   793   6    83    392
1469   908   2    28    196
1470   629   3    75    495
1471   361   5    180    276
1472   690   5    193    352
1473   816   4    182    57
1474   1264   6    54    194
1475   340   4    45    318
1476   1201   4    152    121
1477   978   2    193    13
1478   282   3    138    221
1479   26   3    66    34
1480   801   2    151    290
1481   12   6    5    245
1482   355   7    50    442
1483   602   4    157    206
1484   501   2    120    434
1485   1028   2    166    99
1486   411   6    107    21
1487   444   6    165    246
1488   83   7    69    116
1489   178   3    117    82
1490   971   6    105    70
1491   1090   5    19    136
1492   45   3    94    238
1493   617   3    162    343
1494   1460   6    178    327
1495   676   7    58    18
1496   654   4    168    270
1497   639   2    190    86
1498   1323   5    162    48
1499   491   3    58    301
1500   917   7    4    494
1501   1050   5    196    129
1502   1266   5    152    57
1503   1377   2    164    360
1504   1051   7    101    66
1505   837   3    137    377
1506   785   4    89    180
1507   372   7    19    487
1508   881   4    33    72
1509   386   7    100    203
1510   160   5    179    193
1511   1324   5    159    259
1512   1013   4    28    456
1513   276   5    91    184
1514   208   2    6    404
1515   1049   5    76    444
1516   1282   7    196    37
1517   261   2    111    45
1518   1355   5    145    273
1519   1063   6    150    89
1520   761   3    85    299
1521   980   3    175    222
1522   1230   7    82    219
1523   277   2    143    54
1524   613   2    93    191
1525   825   6    180    319
1526   30   3    7    100
1527   1296   5    75    395
1528   178   5    6    199
1529   1020   3    190    186
1530   1437   6    161    434
1531   960   7    158    118
1532   505   6    66    416
1533   1135   5    100    398
1534   547   6    116    216
1535   1429   5    66    373
1536   1075   4    110    469
1537   959   7    165    224
1538   225   2    147    268
1539   984   3    42    368
1540   248   4    189    17
1541   895   4    1    191
1542   680   6    173    238
1543   79   2    199    457
1544   145   2    27    78
1545   829   2    191    157
1546   429   7    174    261
1547   265   5    35    215
1548   466   3    28    179
1549   173   2    95    442
1550   202   7    65    318
1551   236   2    16    111
1552   277   7    63    144
1553   838   2    24    472
1554   617   5    111    496
1555   157   2    52    254
1556   1406   2    176    318
1557   1459   4    134    309
1558   124   2    116    310
1559   782   7    122    476
1560   1271   6    100    492
1561   597   6    147    489
1562   924   6    104    452
1563   1027   3    106    170
1564   659   5    67    392
1565   1084   2    114    181
1566   991   3    151    469
1567   1562   5    157    440
1568   1250   3    110    58
1569   474   4    163    404
1570   946   3    97    265
1571   880   4    126    311
1572   448   7    97    305
1573   698   2    76    409
1574   123   6    70    290
1575   541   4    128    123
1576   655   2    89    370
1577   1192   4    73    263
1578   850   7    141    431
1579   1552   7    167    112
1580   1001   2    87    52
1581   1470   2    17    77
1582   737   3    178    204
1583   1057   4    81    48
1584   1262   7    15    427
1585   1176   5    63    436
1586   74   5    97    234
1587   715   5    123    450
1588   246   5    177    68
1589   65   2    26    482
1590   826   7    86    460
1591   1165   7    121    476
1592   237   3    107    197
1593   106   5    65    382
1594   945   6    167    44
1595   60   7    13    50
1596   787   5    41    106
1597   529   7    95    478
1598   448   3    119    488
1599   471   6    25    304
1600   1404   5    184    156
1601   148   2    112    378
1602   521   2    199    404
1603   658   7    48    58
1604   621   5    28    88
1605   1372   6    89    433
1606   978   5    18    31
1607   805   3    79    265
1608   33   7    33    431
1609   826   3    181    41
1610   560   2    169    169
1611   327   7    126    498
1612   66   7    196    186
1613   629   3    97    106
1614   771   5    199    47
1615   391   6    176    229
1616   371   7    14    436
1617   844   4    141    411
1618   63   2    10    454
1619   1438   2    178    64
1620   859   6    35    275
1621   1597   4    159    230
1622   660   6    105    161
1623   930   4    141    180
1624   1499   3    174    120
1625   1395   7    82    271
1626   196   5    154    443
1627   1288   4    104    330
1628   1092   5    163    69
1629   1140   5    177    305
1630   1236   3    152    101
1631   248   2    84    147
1632   1333   2    157    476
1633   493   2    5    58
1634   736   2    116    45
1635   617   2    131    142
1636   1514   3    47    53
1637   467   5    26    355
1638   129   6    5    464
1639   181   4    8    415
1640   764   3    197    341
1641   1466   7    130    304
1642   406   6    125    92
1643   201   7    63    282
1644   591   3    156    110
1645   88   4    79    254
1646   1043   5    171    28
1647   74   4    7    283
1648   10   3    50    380
1649   908   6    114    359
1650   1145   5    162    496
1651   260   5    18    456
1652   845   2    73    243
1653   496   7    101    209
1654   1557   5    132    155
1655   1417   4    112    470
1656   1534   5    152    429
1657   1411   7    59    7
1658   1119   4    160    377
1659   432   6    103    158
1660   178   3    41    86
1661   877   3    163    483
1662   184   7    132    319
1663   138   2    48    444
1664   194   6    89    499
1665   589   2    192    296
1666   26   6    5    208
1667   484   3    186    68
1668   1160   5    154    163
1669   23   5    137    161
1670   609   4    37    465
1671   499   5    55    497
1672   903   2    144    81
1673   842   2    109    8
1674   1451   5    88    16
1675   288   2    89    182
1676   1672   5    103    452
1677   1126   5    64    217
1678   362   5    75    80
1679   623   4    196    211
1680   215   7    184    260
1681   141   5    38    135
1682   1   6    194    163
1683   243   5    119    409
1684   647   7    28    429
1685   1003   7    92    398
1686   581   7    179    146
1687   118   6    35    234
1688   592   7    124    307
1689   816   6    122    421
1690   1039   3    112    28
1691   990   2    92    15
1692   323   5    47    294
1693   98   2    28    335
1694   1596   2    39    332
1695   959   7    138    180
1696   907   3    80    187
1697   543   6    68    229
1698   1500   3    104    65
1699   69   2    58    288
1700   106   2    167    258
1701   1536   4    58    358
1702   698   5    117    166
1703   1233   3    118    281
1704   1612   5    36    24
1705   653   2    89    278
1706   205   7    4    161
1707   1498   2    193    463
1708   1152   6    134    161
1709   774   4    124    191
1710   808   5    1    183
1711   473   4    87    168
1712   949   3    122    15
1713   273   2    24    494
1714   381   7    62    203
1715   1677   6    153    50
1716   117   7    76    323
1717   1174   7    163    83
1718   79   3    190    68
1719   1670   5    72    324
1720   1314   6    173    110
1721   417   5    193    374
1722   1301   5    36    317
1723   1692   7    49    102
1724   239   6    131    159
1725   1235   4    88    186
1726   93   4    24    321
1727   828   2    197    335
1728   175   2    85    282
1729   239   4    161    429
1730   394   7    186    108
1731   842   2    26    212
1732   632   5    184    492
1733   1176   7    192    46
1734   256   7    38    15
1735   1341   7    187    498
1736   304   5    178    213
1737   1595   5    176    422
1738   1399   7    161    252
1739   34   5    153    462
1740   867   3    30    334
1741   668   5    68    171
1742   1353   3    146    370
1743   849   3    188    302
1744   1611   7    108    444
1745   1435   4    8    85
1746   366   4    156    483
1747   189   3    13    119
1748   517   2    59    190
1749   112   7    52    261
1750   119   5    44    54
1751   1521   7    155    128
1752   983   6    193    9
1753   1553   4    184    177
1754   1227   5    71    302
1755   398   4    38    198
1756   748   4    187    481
1757   1122   2    106    223
1758   274   4    110    317
1759   1600   6    180    463
1760   1059   6    122    356
1761   644   6    125    122
1762   774   6    129    335
1763   1209   7    50    25
1764   1692   6    76    139
1765   22   6    22    406
1766   1346   2    153    159
1767   1601   2    84    154
1768   709   4    33    471
1769   509   7    86    318
1770   1300   6    113    473
1771   836   5    118    295
1772   1482   3    164    441
1773   1426   5    83    260
1774   764   6    187    195
1775   1226   3    25    33
1776   534   5    195    13
1777   347   3    32    297
1778   151   5    12    139
1779   1043   3    111    495
1780   231   2    170    409
1781   179   5    174    145
1782   952   7    80    259
1783   457   2    172    206
1784   1186   5    159    331
1785   1092   2    110    170
1786   680   2    59    473
1787   1716   2    184    101
1788   1465   5    20    322
1789   957   5    98    211
1790   1279   3    189    284
1791   1403   2    132    425
1792   285   4    11    166
1793   58   7    29    282
1794   284   7    117    388
1795   1062   7    165    267
1796   219   7    68    208
1797   1123   5    193    278
1798   1221   7    155    295
1799   343   5    106    201
1800   811   6    180    455
1801   1639   5    135    303
1802   1395   3    67    224
1803   1663   2    158    234
1804   540   5    176    411
1805   742   7    10    268
1806   978   3    19    395
1807   394   4    76    449
1808   1193   6    126    3
1809   162   6    73    225
1810   684   7    62    292
1811   493   6    29    463
1812   426   6    44    481
1813   1399   7    8    296
1814   271   6    83    5
1815   1790   2    113    459
1816   7   6    55    351
1817   1213   6    12    21
1818   14   7    12    380
1819   1059   3    43    89
1820   946   3    144    75
1821   370   3    138    316
1822   840   4    41    331
1823   989   5    151    260
1824   1174   4    1    241
1825   540   3    192    499
1826   329   2    8    282
1827   204   2    64    435
1828   648   2    101    498
1829   745   2    70    330
1830   1053   5    122    400
1831   266   6    115    426
1832   116   6    142    385
1833   365   2    179    223
1834   1722   3    181    463
1835   1107   5    86    205
1836   1149   6    107    350
1837   1221   2    184    65
1838   632   2    182    168
1839   1667   5    175    106
1840   256   6    38    21
1841   300   2    10    19
1842   1233   2    186    124
1843   56   7    48    436
1844   1532   7    91    412
1845   1113   5    26    307
1846   860   5    158    210
