1   0   7    73    77
2   1   2    199    258
3   1   6    13    494
4   1   5    112    453
5   3   5    22    448
6   3   6    82    352
7   2   7    78    364
8   3   6    49    317
9   5   6    163    337
10   7   5    60    389
11   6   2    165    183
12   4   4    134    352
13   3   7    73    412
14   2   7    195    379
15   10   3    189    91
16   12   7    150    178
17   10   2    45    86
18   4   7    56    183
19   14   4    152    105
20   9   3    118    244
21   2   5    51    327
22   1   6    28    232
23   16   4    51    207
24   18   7    1    451
25   7   4    56    372
26   6   6    103    420
27   15   6    26    119
28   14   7    118    69
29   9   7    97    178
30   8   2    129    170
31   28   4    194    377
32   25   4    144    417
33   1   3    96    221
34   16   7    178    300
35   32   7    195    16
36   27   6    172    323
37   22   5    124    286
38   5   4    65    464
39   18   5    167    214
40   28   2    120    250
41   33   3    169    134
42   5   5    139    81
43   23   4    81    85
44   41   6    97    425
45   15   2    36    347
46   28   3    86    71
47   29   4    110    256
48   43   5    17    79
49   22   4    18    96
50   24   6    145    248
51   31   4    123    346
52   11   5    101    494
53   26   2    82    351
54   52   4    187    34
55   16   5    49    347
56   18   4    52    174
57   11   5    49    242
58   2   7    55    496
59   6   7    134    54
60   49   4    65    371
61   28   2    95    407
62   1   3    150    344
63   29   6    113    465
64   26   5    117    236
65   49   3    133    255
66   47   5    57    236
67   59   3    113    236
68   26   5    143    465
69   25   4    104    43
70   4   3    13    41
71   69   4    22    343
72   10   6    90    167
73   29   3    21    184
74   27   7    100    146
75   73   7    151    137
76   71   2    190    49
77   6   7    37    177
78   61   3    145    163
79   47   4    152    191
80   41   6    5    254
81   39   7    105    499
82   69   4    86    382
83   51   6    164    334
84   47   3    28    221
85   49   7    130    492
86   1   3    185    391
87   33   2    191    260
88   69   7    165    222
89   59   7    152    57
90   86   7    41    318
91   10   3    182    352
92   40   3    105    4
93   56   7    170    121
94   32   2    135    365
95   76   6    110    170
96   14   2    149    138
97   30   3    60    64
98   84   5    150    92
99   58   7    101    163
100   45   3    39    291
101   15   7    84    457
102   80   2    115    237
103   43   6    139    214
104   18   2    51    341
105   71   3    103    329
106   47   7    25    206
107   81   3    145    380
108   14   7    1    475
109   21   6    136    122
110   5   2    24    242
111   68   7    2    231
112   94   7    127    134
113   68   2    180    468
114   30   6    99    299
115   32   3    31    238
116   17   5    23    386
117   57   4    186    159
118   102   7    128    44
119   68   2    190    77
120   37   2    27    11
121   18   4    151    303
122   35   2    159    193
123   86   2    168    163
124   69   7    151    7
125   20   6    144    407
126   98   7    127    159
127   61   4    106    83
128   16   3    139    333
129   31   7    73    339
130   28   7    35    87
131   106   5    188    146
132   91   2    122    446
133   29   2    140    105
134   101   2    153    247
135   2   2    90    485
136   117   2    38    3
137   40   7    71    383
138   93   3    128    261
139   60   3    150    49
140   75   2    15    478
141   6   7    191    199
142   139   6    7    291
143   6   3    62    284
144   20   4    9    76
145   88   5    139    237
146   101   3    61    165
147   25   3    141    107
148   110   2    31    333
149   109   7    157    373
150   14   4    21    356
151   12   3    70    111
152   65   2    87    246
153   1   7    111    327
154   57   6    180    442
155   133   7    196    121
156   38   6    171    466
157   90   2    3    38
158   110   3    43    432
159   74   3    18    86
160   110   6    69    453
161   92   5    35    445
162   4   5    28    176
163   13   2    16    111
164   148   6    38    92
165   112   3    172    141
166   31   7    41    249
167   85   5    23    456
168   108   7    35    216
169   109   3    23    217
170   83   2    102    383
171   86   6    198    327
172   23   5    60    119
173   67   7    38    69
174   127   6    75    345
175   118   4    108    14
176   150   3    52    240
177   26   5    73    308
178   108   6    79    471
179   24   7    134    200
180   157   5    178    182
181   50   4    119    333
182   167   5    61    25
183   116   3    118    479
184   65   5    153    36
185   155   6    5    89
186   153   7    129    285
187   6   7    75    248
188   9   5    101    394
189   1   3    144    179
190   167   7    136    188
191   8   5    22    18
192   59   4    195    103
193   94   2    175    307
194   82   3    128    424
195   141   6    179    292
196   180   2    72    93
197   191   2    79    29
198   153   5    53    421
199   35   6    68    438
200   8   2    123    105
201   17   5    86    39
202   93   5    5    197
203   16   2    137    347
204   191   7    12    19
205   173   3    110    457
206   185   6    30    116
207   42   5    122    188
208   89   2    171    139
209   14   3    159    358
210   51   3    104    230
211   131   6    197    233
212   141   6    161    359
213   184   7    156    130
214   112   7    105    203
215   153   7    171    38
216   179   2    33    492
217   100   3    19    369
218   159   7    19    211
219   25   4    102    442
220   112   4    170    362
221   149   7    33    51
222   135   4    55    41
223   195   4    4    205
224   212   7    133    488
225   153   7    99    209
226   1   7    100    121
227   134   2    181    212
228   173   6    118    325
229   199   3    8    234
230   136   4    127    59
231   86   3    102    319
232   11   5    61    267
233   169   5    40    402
234   191   3    30    362
235   77   4    160    146
236   180   5    23    97
237   120   3    150    458
238   166   5    137    409
239   228   3    26    117
240   41   3    55    190
241   59   6    8    430
242   144   5    149    341
243   144   3    174    315
244   194   7    171    225
245   61   3    101    217
246   51   3    110    411
247   169   5    43    217
248   153   4    75    32
249   109   6    31    352
250   146   5    192    253
251   171   4    166    187
252   215   6    83    435
253   84   5    166    285
254   251   5    102    493
255   46   3    67    296
256   119   2    164    401
257   30   2    95    221
258   110   4    167    158
259   96   7    198    261
260   197   6    112    293
261   221   2    1    32
262   248   3    179    310
263   158   7    63    298
264   158   5    5    237
265   42   5    56    425
266   85   5    140    23
267   253   5    10    47
268   208   7    170    198
269   97   7    164    449
270   138   6    182    299
271   188   2    68    333
272   92   7    67    403
273   2   6    146    142
274   12   4    126    152
275   13   3    142    298
276   76   6    74    471
277   152   3    72    32
278   216   2    89    407
279   76   6    6    283
280   264   7    99    20
281   224   6    39    16
282   145   3    103    97
283   46   4    119    417
284   270   2    50    298
285   75   5    10    479
286   107   5    21    32
287   227   3    127    358
288   59   6    116    326
289   17   3    72    495
290   70   6    145    134
291   209   6    13    441
292   9   6    54    156
293   45   3    162    13
294   283   5    139    308
295   35   2    63    414
296   172   6    192    39
297   279   7    23    443
298   230   4    85    351
299   103   3    72    432
300   192   7    14    365
301   297   4    183    266
302   227   4    106    168
303   270   2    196    468
304   98   4    125    84
305   132   5    146    104
306   140   3    187    1
307   267   6    2    69
308   92   5    65    41
309   128   6    42    430
310   176   4    37    120
311   253   3    99    343
312   171   5    157    71
313   204   4    4    77
314   140   2    152    4
315   87   3    160    317
316   138   4    129    159
317   272   2    52    491
318   275   7    61    105
319   212   5    90    34
320   122   4    77    479
321   226   7    184    47
322   184   7    135    224
323   40   7    148    57
324   152   2    184    166
325   219   5    117    325
326   220   4    170    243
327   112   4    25    256
328   52   5    43    466
329   286   7    85    228
330   297   4    13    174
331   278   5    103    256
332   214   3    108    172
333   89   5    23    347
334   16   7    106    34
335   21   6    4    442
336   223   5    161    12
337   190   5    127    124
338   293   2    81    111
339   166   7    97    460
340   25   2    193    108
341   25   6    11    213
342   147   5    114    244
343   297   6    188    43
344   187   2    105    39
345   314   2    17    217
346   344   5    147    55
347   273   5    25    346
348   156   4    93    127
349   300   4    120    493
350   289   2    117    84
351   304   6    158    291
352   125   4    118    304
353   79   6    16    122
354   306   2    151    323
355   116   5    12    302
356   251   2    13    56
357   261   4    106    259
358   172   7    130    307
359   98   6    46    497
360   56   3    135    62
361   340   5    126    254
362   202   2    11    212
363   116   2    77    108
364   93   2    110    451
365   352   7    23    172
366   147   5    142    477
367   49   7    29    332
368   175   6    29    360
369   154   7    167    211
370   230   7    51    480
371   253   2    166    80
372   112   4    145    474
373   272   4    193    9
374   337   4    153    202
375   284   6    120    420
376   306   4    133    275
377   192   3    191    377
378   171   6    77    296
379   138   7    67    111
380   57   3    168    431
381   331   4    199    106
382   29   7    28    494
383   180   7    127    340
384   200   4    45    155
385   218   6    143    447
386   172   2    132    463
387   353   6    1    29
388   357   4    29    390
389   137   4    34    460
390   357   6    149    375
391   330   3    100    295
392   82   5    90    148
393   144   2    126    47
394   172   5    95    425
395   212   4    134    199
396   321   6    2    347
397   370   3    169    25
398   154   3    145    469
399   86   6    19    466
400   318   6    63    258
401   360   5    193    62
402   45   3    169    167
403   365   4    116    135
404   379   5    191    328
405   282   3    17    144
406   140   7    34    454
407   305   5    62    194
408   288   4    107    59
409   21   4    2    452
410   56   3    9    243
411   304   6    124    117
412   98   5    161    473
413   282   4    172    252
414   8   2    87    23
415   18   4    130    249
416   370   4    5    123
417   300   3    136    271
418   30   4    155    21
419   302   3    155    114
420   243   4    14    176
421   183   4    83    36
422   31   7    17    370
423   324   4    107    197
424   155   6    14    87
425   109   3    59    275
426   182   4    133    429
427   60   2    182    11
428   97   3    62    334
429   374   4    194    42
430   80   6    40    61
431   388   3    83    30
432   83   6    53    420
433   410   6    105    111
434   326   4    11    325
435   170   3    57    155
436   115   3    115    487
437   359   2    6    434
438   401   2    71    318
439   373   2    58    91
440   378   6    107    75
441   433   3    164    498
442   4   3    117    59
443   119   4    190    462
444   376   3    11    367
445   60   3    194    177
446   397   2    76    385
447   37   3    184    431
448   32   2    70    183
449   158   7    96    49
450   116   2    163    498
451   43   3    15    395
452   355   6    97    191
453   158   5    49    83
454   397   7    14    240
455   8   6    126    172
456   311   2    158    337
457   320   7    154    56
458   414   4    73    32
459   108   4    171    443
460   407   7    21    311
461   376   6    68    220
462   90   2    127    228
463   168   3    72    5
464   44   5    146    113
465   336   7    174    379
466   28   3    20    418
467   92   2    36    326
468   261   7    167    164
469   296   3    124    243
470   422   6    87    191
471   148   3    151    164
472   245   2    64    186
473   223   3    84    147
474   336   2    144    290
475   344   3    57    281
476   151   5    183    24
477   27   7    43    61
478   326   2    161    83
479   21   6    48    227
480   461   7    56    410
481   208   3    63    298
482   36   3    91    265
483   432   6    147    75
484   350   2    192    72
485   166   2    68    484
486   103   6    116    258
487   197   4    13    199
488   246   3    197    299
489   254   2    143    103
490   152   7    68    495
491   97   3    108    234
492   16   6    113    495
493   430   7    63    459
494   449   3    164    38
495   491   5    94    469
496   101   6    150    24
497   258   6    161    238
498   304   4    106    383
499   99   3    189    85
500   119   2    81    275
501   192   4    160    345
502   476   4    11    462
503   19   7    190    24
504   55   6    56    417
505   421   7    131    59
506   411   3    174    348
507   276   7    186    105
508   240   5    50    280
509   171   3    8    122
510   336   6    81    268
511   170   4    63    255
512   31   6    185    167
513   128   6    44    175
514   232   3    176    72
515   10   7    182    145
516   439   7    184    152
517   214   5    9    285
518   290   6    72    125
519   209   5    42    196
520   245   4    34    134
521   236   3    29    37
522   374   7    138    142
523   482   4    135    364
524   174   5    72    283
525   51   6    10    259
526   230   3    138    181
527   419   7    163    87
528   37   7    47    191
529   203   6    130    246
530   269   3    104    309
531   88   2    126    123
532   418   6    22    87
533   156   5    76    286
534   423   2    107    277
535   44   7    164    82
536   377   6    57    131
537   335   4    37    189
538   510   7    119    285
539   334   2    93    488
540   403   5    22    223
541   217   3    122    98
542   270   3    153    138
543   104   2    13    401
544   141   2    32    374
545   367   6    42    159
546   46   2    15    55
547   488   7    69    200
548   523   4    101    390
549   81   3    192    350
550   75   3    112    226
551   404   3    42    308
552   228   2    22    301
553   498   7    171    459
554   348   6    80    203
555   195   5    184    137
556   389   3    74    319
557   493   4    10    330
558   128   7    13    310
559   414   4    103    452
560   478   2    52    127
561   6   6    184    73
562   351   6    145    145
563   561   7    56    160
564   450   7    115    369
565   244   5    163    34
566   483   2    117    59
567   203   2    94    442
568   562   7    192    27
569   109   6    24    421
570   469   2    118    241
571   230   5    142    108
572   505   4    94    311
573   463   4    141    276
574   246   3    128    256
575   488   6    10    128
576   95   2    13    191
577   444   2    105    228
578   488   5    133    232
579   85   2    98    68
580   276   4    189    328
581   478   2    175    88
582   470   3    180    53
583   61   6    146    443
584   293   4    19    280
585   45   2    93    47
586   297   2    7    336
587   345   2    187    200
588   384   4    136    144
589   107   2    109    186
590   577   6    42    296
591   241   5    46    307
592   348   3    165    284
593   132   6    21    430
594   109   3    44    22
595   466   6    162    101
596   337   4    55    229
597   95   3    114    393
598   356   2    154    104
599   494   4    127    101
600   511   5    64    84
601   231   5    45    491
602   105   2    187    215
603   115   7    59    397
604   218   2    148    138
605   144   6    28    23
606   468   4    163    484
607   205   2    62    390
608   423   5    3    176
609   193   5    5    397
610   464   5    105    434
611   273   6    65    448
612   138   7    193    461
613   21   2    164    76
614   194   2    66    150
615   592   2    135    231
616   574   6    192    411
617   416   2    146    261
618   204   2    9    164
619   235   5    90    55
620   543   4    150    310
621   321   5    88    261
622   617   5    150    86
623   37   7    96    316
624   92   6    182    13
625   135   5    136    490
626   190   7    150    79
627   559   4    191    86
628   260   5    77    386
629   490   7    147    310
630   460   4    170    204
631   538   5    121    297
632   457   2    198    393
633   164   6    59    291
634   572   6    89    209
635   275   6    168    375
636   52   4    189    74
637   114   4    14    414
638   389   3    116    77
639   397   2    8    366
640   329   7    34    221
641   130   3    21    34
642   423   2    84    371
643   357   4    112    31
644   9   3    128    190
645   382   7    46    484
646   215   5    51    477
647   587   3    38    299
648   499   2    168    98
649   178   6    188    146
650   24   3    5    14
651   261   3    91    351
652   141   4    161    289
653   459   7    67    346
654   485   2    164    227
655   361   3    184    323
656   96   2    184    13
657   5   7    138    207
658   74   3    95    496
659   193   4    2    313
660   445   5    51    215
661   507   5    152    345
662   496   5    160    195
663   333   3    38    485
664   388   7    111    161
665   465   6    46    357
666   296   4    21    319
667   660   4    49    208
668   156   3    21    12
669   198   2    101    37
670   150   4    122    84
671   564   5    128    386
672   419   4    109    120
673   141   5    29    50
674   106   6    77    75
675   422   7    33    231
676   609   2    21    8
677   434   7    25    53
678   632   6    30    48
679   338   7    105    99
680   386   4    78    48
681   578   3    155    394
682   232   2    99    165
683   44   7    96    143
684   28   3    154    417
685   565   7    11    481
686   140   3    24    104
687   162   2    133    192
688   571   4    44    391
689   682   5    188    248
690   392   6    115    43
691   213   3    31    455
692   91   7    97    69
693   247   5    2    387
694   25   3    131    368
695   384   3    80    261
696   3   5    41    58
697   663   2    103    45
698   249   6    155    135
699   278   3    20    305
700   127   3    135    303
701   613   4    56    28
702   374   6    104    487
703   556   4    90    40
704   124   5    177    443
705   385   5    196    413
706   312   3    22    258
707   565   7    118    396
708   210   7    53    123
709   675   2    187    304
710   423   3    146    331
711   146   6    130    33
712   632   2    70    165
713   185   5    190    433
714   247   2    48    102
715   517   3    6    82
716   523   7    28    267
717   323   4    41    156
718   669   2    195    176
719   201   2    44    64
720   1   5    103    414
721   422   5    97    179
722   556   5    94    470
723   602   5    4    198
724   381   5    194    338
725   65   3    149    283
726   596   7    15    78
727   324   4    43    106
728   600   5    68    48
729   96   7    137    162
730   221   7    136    358
731   581   2    157    479
732   380   3    23    45
733   600   6    74    176
734   176   7    39    74
735   352   5    54    77
736   7   4    83    437
737   627   7    22    132
738   156   4    47    82
739   608   6    58    295
740   666   4    167    288
741   238   7    161    425
742   453   2    164    402
743   121   2    186    371
744   536   6    164    160
745   423   5    101    27
746   107   7    111    215
747   326   2    99    58
748   725   6    109    125
749   610   2    57    410
750   437   4    60    355
751   151   3    29    323
752   624   5    62    342
753   33   2    5    243
754   127   6    106    379
755   509   2    52    79
756   213   7    25    274
757   192   4    185    57
758   729   2    21    470
759   670   7    155    176
760   37   6    140    279
761   423   7    62    158
762   458   6    35    116
763   329   2    70    427
764   533   5    62    287
765   177   5    145    394
766   410   6    56    162
767   622   3    93    232
768   388   7    19    480
769   30   2    181    211
770   591   2    196    290
771   459   2    150    124
772   310   5    16    12
773   427   3    5    400
774   4   4    189    345
775   123   3    163    302
776   421   6    191    158
777   114   2    167    240
778   125   2    192    410
779   343   2    5    355
780   472   5    91    184
781   330   3    127    150
782   117   4    39    132
783   196   4    163    240
784   213   6    45    219
785   41   5    192    122
786   782   6    146    177
787   471   7    28    173
788   584   7    190    373
789   639   4    49    374
790   137   2    10    295
791   639   4    162    242
792   243   5    176    459
793   21   3    110    326
794   298   2    78    249
795   269   7    61    131
796   7   3    141    44
797   118   4    22    245
798   475   7    74    350
799   632   3    189    241
800   285   2    171    94
801   318   3    90    429
802   238   3    136    289
803   779   3    3    331
804   563   5    104    313
805   307   7    102    212
806   441   2    129    78
807   541   4    123    343
808   559   7    61    394
809   181   7    118    409
810   357   6    114    232
811   407   4    36    194
812   60   4    195    210
813   559   7    112    442
814   312   4    85    221
815   476   2    86    61
816   797   6    74    151
817   32   4    2    409
818   163   6    177    373
819   384   7    28    136
820   688   4    125    365
821   186   6    166    409
822   461   4    72    106
823   320   7    95    75
824   742   5    28    269
825   743   7    10    393
826   36   2    158    415
827   622   2    130    435
828   37   7    73    153
829   453   6    138    408
830   31   7    22    210
831   341   7    98    20
832   415   4    19    359
833   648   4    130    335
834   76   4    159    81
835   56   3    70    420
836   408   6    4    134
837   791   2    20    412
838   525   3    10    375
839   679   3    111    420
840   631   6    145    430
841   572   3    122    432
842   62   4    91    396
843   326   2    88    67
844   597   7    187    487
845   379   7    147    238
846   699   7    23    251
847   345   6    62    284
848   375   2    51    60
849   387   6    52    305
850   440   6    97    364
851   746   3    175    42
852   355   2    107    43
853   107   4    81    220
854   798   6    37    317
855   14   7    138    310
856   704   6    158    69
857   227   3    93    340
858   544   5    76    63
859   249   7    78    386
860   538   6    170    186
861   55   3    35    451
862   506   3    139    444
863   412   3    107    271
864   249   5    143    307
865   262   7    56    293
866   267   2    98    374
867   321   7    40    77
868   318   2    12    95
869   812   7    111    164
870   327   3    199    446
871   839   5    196    475
872   251   6    186    413
873   14   6    42    382
874   853   6    166    92
875   841   6    161    334
876   785   6    158    491
877   157   3    60    28
878   549   6    14    304
879   321   7    28    497
880   452   7    129    65
881   500   5    90    44
882   568   7    196    421
883   214   5    135    314
884   92   2    142    495
885   471   4    32    278
886   197   2    117    457
887   807   2    133    429
888   838   5    117    132
889   412   5    81    105
890   703   2    132    307
891   348   7    36    65
892   620   4    84    453
893   710   6    195    496
894   407   4    60    484
895   84   2    34    37
896   598   6    90    476
897   853   6    195    489
898   831   3    26    261
899   66   4    85    128
900   834   5    92    118
901   114   2    28    266
902   115   7    145    293
903   195   5    153    469
904   708   4    190    248
905   355   4    167    486
906   65   6    48    241
907   701   3    76    182
908   309   7    56    200
909   149   3    139    159
910   435   6    16    400
911   725   4    153    279
912   27   6    95    334
913   686   3    35    137
914   600   5    139    136
915   295   7    146    372
916   511   2    187    452
917   35   5    175    233
918   516   6    95    405
919   721   3    103    60
920   636   2    98    42
921   508   7    128    382
922   253   5    191    418
923   805   7    162    161
924   562   7    187    36
925   661   3    92    368
926   73   3    18    347
927   738   2    141    326
928   355   3    133    475
929   230   2    107    292
930   621   7    9    13
931   686   4    159    492
932   204   5    14    477
933   238   6    139    294
934   36   5    11    206
935   55   4    162    77
936   202   4    34    415
937   520   2    162    156
938   251   5    108    270
939   530   6    87    497
940   330   5    138    137
941   492   3    20    111
942   34   3    34    347
943   169   7    166    22
944   883   3    146    355
945   687   7    122    389
946   219   7    91    142
947   777   6    188    90
948   447   7    45    127
949   632   2    16    205
950   116   5    8    346
951   350   7    60    90
952   11   3    196    499
953   934   2    85    338
954   944   3    120    94
955   348   4    168    13
956   512   6    173    273
957   517   3    88    237
958   207   3    84    52
959   173   3    77    120
960   495   6    126    252
961   899   6    183    336
962   478   2    196    81
963   128   2    29    304
964   412   7    50    308
965   74   3    109    260
966   887   4    168    31
967   217   7    161    437
968   562   5    98    296
969   778   3    39    164
970   283   5    82    421
971   788   5    8    416
972   675   7    114    398
973   769   4    189    437
974   327   2    192    414
975   818   6    187    233
976   588   3    45    48
977   397   7    59    388
978   583   3    159    114
979   643   6    130    304
980   454   6    172    467
981   278   6    132    360
982   655   5    141    246
983   102   4    34    314
984   648   6    69    483
985   259   3    167    51
986   829   3    32    209
987   216   7    12    49
988   580   6    152    357
989   742   2    171    120
990   100   6    128    442
991   271   7    38    281
992   110   2    49    125
993   984   6    114    330
994   974   4    102    251
995   803   7    100    369
996   712   3    176    334
997   112   2    24    355
998   750   4    87    50
999   476   4    146    399
1000   4   6    165    249
1001   456   7    1    44
1002   824   7    136    238
1003   775   3    80    428
1004   805   4    141    194
1005   601   4    48    264
1006   467   3    154    416
1007   281   7    173    288
1008   352   6    143    243
1009   942   7    76    297
1010   46   3    79    397
1011   205   4    185    133
1012   929   3    62    79
1013   962   4    71    390
1014   118   7    53    114
1015   464   5    4    90
1016   158   4    166    496
1017   823   2    154    63
1018   452   2    186    201
1019   147   5    116    492
1020   707   4    13    230
1021   471   7    11    471
1022   47   2    66    198
1023   159   2    93    451
1024   523   7    119    311
1025   991   2    7    320
1026   177   2    135    32
1027   666   4    91    490
1028   483   7    41    264
1029   226   7    102    408
1030   753   7    119    202
1031   193   5    93    8
1032   977   4    147    413
1033   170   4    8    350
1034   70   6    31    86
1035   418   6    138    117
1036   538   4    195    8
1037   345   3    72    233
1038   917   2    183    184
1039   561   3    15    313
1040   254   5    60    193
1041   83   6    86    444
1042   283   2    115    317
1043   75   6    63    217
1044   745   7    62    422
1045   650   7    42    196
1046   611   4    8    460
1047   107   5    168    250
1048   744   5    107    222
1049   714   6    127    389
1050   314   5    145    70
1051   455   7    22    144
1052   516   7    26    435
1053   75   3    149    473
1054   528   4    13    95
1055   966   5    173    49
1056   1054   6    73    438
1057   1014   7    45    290
1058   698   3    142    151
1059   298   2    124    234
1060   694   5    168    25
1061   662   5    172    277
1062   180   4    117    226
1063   220   4    49    397
1064   143   4    114    163
1065   345   5    191    54
1066   413   5    182    310
1067   722   6    70    386
1068   594   7    22    381
1069   268   6    197    158
1070   815   7    138    308
1071   516   5    131    415
1072   850   5    137    71
1073   407   3    28    117
1074   69   4    181    128
1075   861   3    140    349
1076   37   3    62    307
1077   457   2    108    225
1078   433   2    92    106
1079   758   4    72    320
1080   1050   5    5    476
1081   1000   3    130    23
1082   980   6    150    278
1083   620   5    170    116
1084   823   4    156    419
1085   748   5    155    158
1086   49   2    185    406
1087   716   3    118    134
1088   651   3    70    9
1089   69   2    172    83
1090   202   4    194    210
1091   745   4    9    155
1092   515   5    106    360
1093   941   7    163    311
1094   799   3    94    194
1095   567   5    130    391
1096   301   3    196    410
1097   582   4    102    138
1098   213   7    91    178
1099   426   7    71    233
1100   926   6    177    441
1101   505   2    22    127
1102   806   3    114    401
1103   488   7    86    24
1104   731   6    143    277
1105   928   5    16    453
1106   219   7    195    445
1107   1000   6    92    243
1108   749   6    174    381
1109   104   2    192    217
1110   1027   5    159    91
1111   988   7    115    390
1112   1028   7    77    164
1113   372   7    2    81
1114   1083   7    58    223
1115   1090   7    85    26
1116   484   4    128    299
1117   144   6    118    209
1118   740   4    19    270
1119   146   4    187    84
1120   1048   7    16    487
1121   327   3    151    473
1122   575   7    148    47
1123   829   6    145    216
1124   403   2    196    61
1125   527   2    104    133
1126   1037   4    166    423
1127   63   5    126    442
1128   693   6    199    241
1129   85   4    74    230
1130   668   6    58    111
1131   735   5    61    268
1132   86   2    85    162
1133   694   5    35    251
1134   247   5    63    91
1135   569   4    72    93
1136   842   3    137    273
1137   778   4    72    327
1138   257   2    111    467
1139   382   5    46    451
1140   336   5    23    192
1141   274   2    195    490
1142   412   2    33    86
1143   193   2    89    394
1144   360   7    32    310
1145   477   4    39    287
1146   39   4    189    407
1147   554   3    141    159
1148   359   2    6    154
1149   230   6    105    425
1150   713   4    41    368
1151   1009   7    25    356
1152   953   2    100    252
1153   947   3    71    158
1154   218   2    100    156
1155   1136   2    17    54
1156   665   7    114    490
1157   970   5    9    307
1158   184   6    176    356
1159   1045   5    101    33
1160   753   4    160    74
1161   867   2    173    499
1162   627   4    51    63
1163   1131   7    17    330
1164   441   4    178    33
1165   727   6    77    471
1166   1018   2    11    220
1167   67   3    30    369
1168   924   7    139    41
1169   607   6    72    141
1170   587   2    44    406
1171   142   5    184    462
1172   912   4    99    39
1173   1037   4    103    397
1174   75   2    105    350
1175   75   6    30    14
1176   991   3    6    263
1177   438   2    1    24
1178   1025   2    88    116
1179   56   2    107    68
1180   154   3    45    233
1181   875   4    29    306
1182   789   7    131    49
1183   1180   2    62    349
1184   372   3    103    369
1185   1159   2    177    437
1186   521   4    56    47
1187   1154   6    180    483
1188   674   3    16    329
1189   1114   6    176    64
1190   1184   6    134    312
1191   1158   5    179    202
1192   628   3    106    439
1193   782   6    49    76
1194   1004   7    45    326
1195   834   4    117    428
1196   203   4    154    289
1197   1164   6    46    235
1198   203   2    116    72
1199   849   3    22    370
1200   438   7    13    157
1201   141   7    133    368
1202   432   6    81    340
1203   343   4    35    42
1204   1021   4    65    338
1205   616   7    1    46
1206   39   7    27    6
1207   15   7    186    196
1208   689   3    143    262
1209   320   6    159    203
1210   304   3    24    247
1211   398   3    168    296
1212   514   2    86    198
1213   932   6    134    166
1214   104   7    50    263
1215   66   4    195    427
1216   340   7    138    151
1217   1138   4    85    499
1218   1146   6    30    244
1219   439   5    4    485
1220   382   5    40    116
1221   500   3    134    316
1222   695   4    185    257
1223   489   4    118    225
1224   1016   4    92    134
1225   1130   7    60    387
1226   646   6    82    51
1227   375   2    173    451
1228   822   7    173    112
1229   1222   4    144    429
1230   195   2    124    462
1231   98   3    110    59
1232   591   7    198    156
1233   159   2    134    411
1234   39   6    45    59
1235   846   3    189    133
1236   1046   3    63    359
1237   926   7    68    387
1238   226   7    17    109
1239   394   4    136    475
1240   154   4    197    438
1241   409   5    51    383
1242   796   6    35    414
1243   845   2    5    300
1244   978   6    68    446
1245   180   4    160    250
1246   306   6    142    154
1247   1   5    84    144
1248   564   7    170    286
1249   433   6    52    4
1250   115   3    65    325
1251   1194   4    35    362
1252   841   4    164    105
1253   1050   7    60    152
1254   996   7    94    314
1255   414   6    68    64
1256   531   7    6    348
1257   914   2    89    432
1258   1104   3    44    189
1259   1090   4    9    432
1260   443   7    183    175
1261   1220   3    172    43
1262   415   7    60    229
1263   255   4    57    477
1264   1180   7    56    488
1265   699   6    192    234
1266   696   6    173    346
1267   491   7    114    170
1268   1078   4    148    54
1269   427   3    108    419
1270   125   2    104    306
1271   1091   4    14    285
1272   159   5    8    185
1273   1262   6    192    67
1274   955   7    111    97
1275   1104   3    82    145
1276   486   4    36    44
1277   1031   4    65    244
1278   101   2    176    178
1279   270   3    165    128
1280   1073   7    60    7
1281   1217   2    109    245
1282   168   6    172    384
1283   1089   7    173    14
1284   608   3    70    160
1285   1058   5    134    431
1286   166   3    169    7
1287   317   3    149    283
1288   1243   4    135    237
1289   387   6    145    138
1290   117   6    173    410
1291   535   5    115    364
1292   255   3    76    461
1293   396   3    95    455
1294   646   2    19    275
1295   1049   5    38    104
1296   80   6    87    276
1297   917   2    43    222
1298   497   3    28    71
1299   388   4    11    425
1300   25   3    171    31
1301   328   4    34    151
1302   849   5    50    22
1303   6   5    136    365
1304   242   2    158    427
1305   308   6    18    483
1306   928   7    185    193
1307   917   5    65    315
1308   535   7    104    273
1309   1262   4    9    232
1310   448   2    193    157
1311   344   6    107    50
1312   541   2    143    181
1313   221   3    72    480
1314   151   5    76    243
1315   700   4    73    148
1316   1038   3    173    356
1317   953   4    74    181
1318   1287   7    168    189
1319   268   5    53    57
1320   958   3    38    67
1321   594   3    126    248
1322   383   4    164    41
1323   417   4    188    137
1324   676   7    116    131
1325   910   2    41    308
1326   961   5    7    303
1327   49   4    106    79
1328   1036   2    43    291
1329   234   6    182    277
1330   565   4    26    195
1331   1254   3    174    472
1332   1224   7    90    230
1333   925   5    92    159
1334   888   3    72    343
1335   806   4    105    496
1336   504   5    10    300
1337   768   4    181    164
1338   734   6    164    374
1339   1316   7    108    179
1340   543   5    35    253
1341   526   3    126    424
1342   643   6    172    304
1343   345   5    182    55
1344   551   6    106    64
1345   667   2    40    431
1346   1199   7    80    392
1347   339   2    7    177
1348   478   2    160    185
1349   341   5    18    458
1350   742   6    188    406
1351   884   6    39    149
1352   597   7    47    449
1353   303   3    106    460
1354   926   5    183    463
1355   1142   4    62    381
1356   301   3    64    324
1357   402   2    53    177
1358   303   6    113    390
1359   786   4    46    199
1360   1086   4    159    492
1361   44   5    45    155
1362   737   5    114    495
1363   802   6    197    293
1364   90   2    130    290
1365   1209   2    137    109
1366   488   2    190    326
1367   410   4    48    117
1368   521   5    63    419
1369   998   6    190    193
1370   312   2    181    201
1371   930   3    60    274
1372   817   4    153    286
1373   284   3    11    7
1374   430   6    91    116
1375   1268   5    77    438
1376   1291   4    157    286
1377   911   2    173    431
1378   451   3    146    17
1379   655   6    154    179
1380   388   3    145    20
1381   925   2    1    184
1382   22   5    118    181
1383   550   7    112    243
1384   514   6    4    273
1385   636   7    129    475
1386   1355   6    188    71
1387   1014   2    50    416
1388   668   6    58    240
1389   277   6    71    101
1390   260   4    7    252
1391   699   3    189    127
1392   1304   4    87    230
1393   1172   6    105    95
1394   980   7    199    289
1395   787   3    85    57
1396   744   2    20    476
1397   122   5    161    137
1398   437   6    10    140
1399   87   4    15    357
1400   1251   4    110    328
1401   731   7    48    374
1402   339   3    63    132
1403   50   3    70    128
1404   650   6    125    49
1405   1098   2    120    32
1406   369   7    133    296
1407   145   3    94    254
1408   266   4    21    370
1409   902   6    58    462
1410   1275   7    65    37
1411   65   3    95    446
1412   928   6    83    353
1413   403   6    73    262
1414   1146   7    7    322
1415   176   3    166    372
1416   756   3    29    424
1417   676   7    44    195
1418   245   7    148    110
1419   242   6    70    466
1420   235   6    79    385
1421   806   3    38    39
1422   989   5    6    474
1423   883   6    171    308
1424   149   3    141    419
1425   140   2    196    408
1426   1146   5    74    354
1427   1233   3    35    453
1428   1268   6    103    184
1429   1337   7    21    47
1430   962   2    191    271
1431   1229   2    100    278
1432   810   2    158    468
1433   1080   2    45    24
1434   294   2    66    445
1435   857   4    195    475
1436   667   3    44    401
1437   286   4    184    78
1438   867   5    50    372
1439   13   2    9    7
1440   1222   6    5    388
1441   139   6    78    87
1442   767   4    165    208
1443   1428   2    176    45
1444   1126   6    173    274
1445   569   3    41    75
1446   347   4    27    245
1447   1168   6    5    363
1448   1401   7    167    320
1449   277   4    180    373
1450   361   7    23    381
1451   1336   6    58    142
1452   326   4    28    437
1453   1216   2    66    453
1454   849   6    5    146
1455   1311   5    197    440
1456   1445   7    198    249
1457   1229   7    71    95
1458   1419   2    198    81
1459   135   6    31    181
1460   752   2    27    90
1461   1150   3    10    145
1462   1174   3    122    306
1463   906   7    141    31
1464   397   6    108    480
1465   472   6    129    441
1466   1071   3    133    181
1467   355   4    87    277
1468   64   5    159    281
1469   442   3    71    82
1470   612   5    48    6
1471   1464   7    82    19
1472   1316   6    147    33
1473   875   4    174    487
1474   907   5    192    72
1475   532   4    48    117
1476   520   7    54    447
1477   729   6    3    269
1478   1254   5    22    443
1479   1346   3    59    134
1480   1470   2    74    340
1481   334   2    68    44
1482   207   5    63    150
1483   551   2    155    87
1484   126   5    14    295
1485   1117   2    62    358
1486   866   6    114    196
1487   760   7    84    49
1488   954   6    132    90
1489   758   6    181    268
1490   858   2    70    288
1491   653   2    38    272
1492   1416   5    151    441
1493   1004   6    53    337
1494   947   4    3    338
1495   1356   5    176    199
1496   27   4    189    433
1497   891   4    70    30
1498   692   7    48    487
1499   1131   4    75    310
1500   887   2    153    456
1501   514   3    102    93
1502   734   5    6    183
1503   820   7    169    153
1504   1314   7    120    188
1505   243   7    199    148
1506   857   7    18    201
1507   674   5    33    212
1508   1352   4    39    344
1509   1072   5    33    354
1510   763   6    39    306
1511   234   2    107    106
1512   545   5    142    122
1513   925   6    168    65
1514   238   3    181    159
1515   200   4    132    461
1516   443   5    72    18
1517   81   4    187    394
1518   1507   5    52    348
1519   717   4    153    133
1520   1306   7    178    86
1521   186   7    116    192
1522   1413   3    111    221
1523   866   5    126    228
1524   756   2    6    145
1525   1039   5    140    173
1526   1153   4    87    69
1527   1302   5    66    320
1528   303   6    154    147
1529   998   7    160    178
1530   1405   5    121    436
1531   1462   5    96    57
1532   890   3    135    464
1533   806   5    71    491
1534   858   3    157    95
1535   395   5    192    77
1536   19   5    91    467
1537   288   4    38    121
1538   1055   7    171    492
1539   1101   3    70    191
1540   493   7    101    265
1541   1473   3    191    186
1542   1355   7    25    82
1543   642   4    92    69
1544   624   7    177    165
1545   809   2    74    24
1546   740   6    75    123
1547   136   2    136    246
1548   1186   5    6    242
1549   399   2    34    154
1550   466   3    122    435
1551   1547   4    38    192
1552   1076   6    128    102
1553   1139   4    199    441
1554   37   6    114    99
1555   1522   6    146    125
1556   1374   3    31    215
1557   103   4    94    202
1558   182   6    95    179
1559   938   6    144    157
1560   993   7    26    397
1561   854   2    135    403
1562   1216   4    161    281
1563   1120   7    143    456
1564   1091   2    121    42
1565   43   3    163    122
1566   228   5    18    249
1567   1108   7    80    422
1568   419   5    68    373
1569   1064   2    87    181
1570   739   6    6    226
1571   857   3    154    43
1572   1048   7    59    260
1573   1416   7    155    421
1574   531   4    67    450
1575   1457   5    182    191
1576   39   2    113    7
1577   1508   2    48    350
1578   859   6    72    13
1579   126   7    52    431
1580   1318   7    119    221
1581   1046   3    43    394
1582   1130   7    57    379
1583   436   3    10    457
1584   352   5    58    308
1585   284   3    61    140
1586   1302   7    182    312
1587   1259   4    98    375
1588   1350   2    180    308
1589   1434   2    65    310
1590   348   7    177    47
1591   241   3    41    498
1592   1347   6    180    137
1593   1300   6    164    136
1594   1566   2    115    186
1595   1224   4    98    476
1596   554   6    133    182
1597   599   3    93    444
1598   1494   5    141    69
1599   762   5    71    270
1600   790   3    137    297
1601   617   3    60    198
1602   641   2    104    241
1603   1571   3    191    471
1604   1392   7    173    384
1605   1011   2    180    463
1606   1398   2    18    205
1607   1316   2    147    490
1608   1491   2    101    417
1609   514   3    3    115
1610   1316   3    7    391
1611   981   4    176    98
1612   1542   5    7    7
1613   754   3    181    481
1614   1508   4    182    158
1615   839   7    74    237
1616   450   2    139    324
1617   355   2    2    420
1618   688   6    184    319
1619   503   2    30    164
1620   1100   2    135    346
1621   563   7    117    55
1622   1278   7    69    463
1623   1386   6    132    213
1624   344   5    81    393
1625   968   7    137    55
1626   1210   3    80    136
1627   1482   3    33    262
1628   446   3    112    337
1629   851   6    182    194
1630   822   7    83    64
1631   1485   4    62    312
1632   992   6    199    497
1633   882   7    22    57
1634   473   3    198    493
1635   189   7    103    66
1636   409   7    138    12
1637   1276   7    165    132
1638   738   2    166    467
1639   1385   7    66    370
1640   1120   7    132    459
1641   244   7    101    419
1642   824   4    146    1
1643   405   6    58    379
1644   446   2    97    213
1645   906   4    69    487
1646   145   2    20    449
1647   496   5    6    126
1648   530   5    68    383
1649   108   4    157    226
1650   1539   3    24    449
1651   707   6    189    298
1652   1115   2    66    19
1653   1014   4    73    323
1654   1270   7    93    235
1655   1612   2    127    243
1656   410   6    93    384
1657   531   5    38    298
1658   1452   6    21    413
1659   569   3    65    385
1660   384   3    6    383
1661   1600   2    188    356
1662   1284   7    173    174
1663   401   4    111    16
1664   983   4    83    165
1665   565   7    78    2
1666   620   6    103    250
1667   1054   4    180    77
1668   886   2    135    365
1669   1303   2    128    484
1670   475   4    17    102
1671   1280   5    187    438
1672   480   2    164    30
1673   672   6    8    149
1674   835   2    153    3
1675   1043   7    162    138
1676   958   6    25    186
1677   1055   7    53    11
1678   1252   4    22    133
1679   286   2    161    16
1680   1373   5    175    494
1681   956   6    74    455
1682   1469   2    42    368
1683   735   3    138    89
1684   1238   2    54    440
1685   675   4    5    101
1686   604   2    11    447
1687   637   6    184    37
1688   633   2    192    267
1689   1151   5    11    159
1690   1372   5    171    10
1691   1644   2    103    453
1692   385   7    182    50
1693   801   7    190    361
1694   280   2    117    252
1695   553   6    172    492
1696   709   4    148    140
1697   858   3    71    427
1698   1599   4    18    43
1699   399   4    174    118
1700   702   6    117    496
1701   424   5    85    470
1702   982   4    194    161
1703   998   3    12    160
1704   966   4    23    485
1705   787   3    194    444
1706   848   2    145    222
1707   1292   7    195    340
1708   1100   4    33    214
1709   643   7    143    298
1710   1356   7    94    185
1711   657   5    197    408
