1   0   4    18    366
2   1   2    43    16
3   1   3    157    342
4   1   4    49    51
5   2   7    55    37
6   4   3    94    102
7   2   3    62    58
8   5   7    44    5
9   4   2    111    247
10   3   2    70    220
11   6   5    87    126
12   8   3    122    207
13   1   2    192    464
14   2   2    10    325
15   7   4    86    84
16   2   7    53    427
17   9   3    85    105
18   1   5    28    367
19   3   4    91    324
20   2   6    158    191
21   3   2    148    141
22   13   7    88    230
23   21   2    36    40
24   15   4    86    409
25   17   5    21    437
26   8   2    1    412
27   12   6    16    11
28   16   4    51    453
29   7   6    10    156
30   16   6    78    401
31   13   3    151    220
32   20   5    93    244
33   16   6    82    342
34   19   3    99    367
35   24   4    171    246
36   11   3    139    462
37   24   7    121    449
38   29   5    20    201
39   32   3    127    465
40   7   6    158    464
41   30   3    186    59
42   9   5    56    210
43   5   3    165    250
44   27   2    116    199
45   11   7    56    243
46   42   5    5    198
47   27   6    183    40
48   22   5    85    213
49   33   6    17    467
50   31   4    16    197
51   6   3    82    264
52   4   2    180    402
53   47   2    2    263
54   48   5    116    228
55   44   6    5    29
56   8   3    57    88
57   35   2    143    227
58   50   4    132    316
59   47   4    157    40
60   48   2    104    460
61   48   3    84    92
62   51   6    35    124
63   40   7    45    77
64   56   4    25    434
65   34   7    111    225
66   61   6    153    423
67   25   6    56    481
68   33   4    174    370
69   31   5    143    440
70   46   3    110    151
71   53   4    4    220
72   69   2    162    182
73   23   3    115    168
74   29   2    1    128
75   52   7    101    9
76   42   6    129    1
77   51   2    143    57
78   62   5    75    429
79   61   4    95    50
80   73   4    36    99
81   21   2    85    13
82   75   4    10    429
83   11   7    105    198
84   78   6    77    285
85   79   3    13    162
86   36   3    83    82
87   54   3    87    28
88   72   7    82    324
89   33   6    156    137
90   75   5    149    269
91   58   6    118    75
92   45   7    38    137
93   57   5    9    386
94   62   5    135    285
95   54   2    59    57
96   4   3    60    13
97   79   3    148    190
98   39   6    94    192
99   48   6    156    477
100   6   3    138    334
101   52   3    124    184
102   93   5    97    368
103   87   6    22    244
104   70   3    13    105
105   78   6    149    432
106   7   7    173    279
107   53   7    155    487
108   16   7    145    226
109   106   3    69    354
110   57   6    18    459
111   105   7    179    99
112   94   5    55    192
113   9   7    132    204
114   71   2    105    372
115   79   5    24    259
116   73   6    46    219
117   28   4    82    396
118   28   2    164    150
119   31   6    54    114
120   10   5    135    101
121   45   6    183    366
122   57   5    73    366
123   2   5    156    186
124   101   3    40    498
125   95   3    126    326
126   6   7    34    157
127   117   7    77    321
128   81   7    187    68
129   88   5    56    454
130   39   3    119    36
131   11   5    79    98
132   19   6    51    387
133   100   7    5    263
134   72   4    57    100
135   111   7    175    31
136   33   4    20    43
137   98   5    136    356
138   99   5    191    298
139   130   2    129    369
140   35   5    40    230
141   4   6    103    275
142   127   7    182    459
143   15   7    119    363
144   100   7    54    480
145   30   4    14    370
146   77   3    78    257
147   104   3    67    301
148   11   3    80    37
149   54   6    24    122
150   91   3    28    255
151   118   3    195    60
152   67   3    60    48
153   23   3    194    420
154   91   5    142    445
155   72   7    179    370
156   97   4    90    372
157   53   6    130    398
158   22   4    118    325
159   131   4    159    298
160   80   2    191    218
161   69   7    99    405
162   15   4    109    329
163   46   6    109    138
164   7   3    63    282
165   125   7    118    444
166   46   6    175    441
167   45   6    127    119
168   161   5    35    434
169   100   4    25    28
170   5   6    161    296
171   156   2    1    212
172   102   4    195    202
173   41   3    73    244
174   7   6    100    109
175   73   5    131    258
176   157   5    144    243
177   81   3    52    47
178   74   2    89    58
179   64   3    20    284
180   18   6    170    218
181   13   6    55    439
182   115   4    189    226
183   105   6    172    21
184   138   3    192    150
185   109   5    75    311
186   25   7    37    5
187   39   3    152    363
188   35   6    7    56
189   122   5    113    7
190   137   7    118    200
191   28   4    116    373
192   132   4    108    261
193   2   3    159    63
194   36   2    185    347
195   167   3    150    144
196   102   4    112    32
197   188   6    96    408
198   66   2    21    214
199   63   6    24    485
200   180   5    63    271
201   68   5    43    306
202   72   7    181    224
203   158   2    159    103
204   41   5    90    98
205   110   5    151    157
206   16   6    91    481
207   13   4    100    473
208   88   6    33    116
209   62   5    165    399
210   8   6    63    450
211   200   4    178    259
212   124   4    60    479
213   140   4    108    79
214   183   6    87    359
215   168   5    105    306
216   65   4    133    158
217   6   6    104    350
218   135   7    67    77
219   28   3    78    168
220   44   3    169    455
221   175   7    148    193
222   162   4    38    29
223   167   6    32    25
224   127   7    26    113
225   193   4    21    15
226   90   6    68    308
227   105   3    113    489
228   45   6    94    57
229   193   4    130    469
230   41   7    132    354
231   113   6    166    368
232   216   2    48    131
233   63   2    136    215
234   53   4    165    431
235   193   3    170    218
236   64   6    6    300
237   25   3    41    22
238   89   2    24    453
239   228   6    123    354
240   133   6    44    333
241   177   7    76    115
242   146   2    75    21
243   212   2    106    130
244   30   3    60    5
245   93   4    10    26
246   93   2    85    232
247   79   7    191    189
248   130   2    86    287
249   81   7    3    116
250   82   2    96    369
251   236   2    13    355
252   124   5    59    89
253   38   4    55    37
254   51   4    150    216
255   171   4    61    432
256   218   6    154    455
257   185   7    178    351
258   106   4    19    369
259   41   4    154    412
260   124   2    161    271
261   77   7    43    307
262   16   3    192    482
263   85   4    38    130
264   43   7    161    120
265   91   2    28    209
266   85   3    107    165
267   129   4    160    330
268   203   3    49    129
269   14   5    176    227
270   105   2    28    411
271   111   7    36    232
272   123   4    138    120
273   18   6    180    86
274   207   6    123    362
275   79   2    84    315
276   46   7    191    424
277   62   4    90    406
278   273   7    10    495
279   62   5    167    348
280   230   5    60    151
281   141   2    144    21
282   209   7    9    78
283   190   3    63    325
284   211   3    131    69
285   283   3    190    381
286   250   2    84    130
287   173   4    173    19
288   102   7    34    413
289   251   5    148    56
290   211   7    40    148
291   271   5    185    37
292   213   5    154    406
293   98   4    106    325
294   279   7    32    406
295   235   5    21    59
296   283   5    64    452
297   47   5    122    168
298   167   7    129    390
299   91   5    146    303
300   107   2    37    77
301   58   4    147    146
302   146   7    123    149
303   295   3    184    498
304   265   4    169    124
305   255   2    162    83
306   11   2    147    263
307   71   7    66    73
308   287   3    129    204
309   243   7    19    486
310   114   3    139    305
311   265   3    74    2
312   83   3    146    325
313   144   4    186    307
314   183   6    56    85
315   197   7    97    151
316   306   2    72    457
317   250   6    187    151
318   84   5    163    35
319   256   6    37    327
320   275   6    180    498
321   274   5    130    321
322   227   5    107    162
323   49   3    137    361
324   288   2    119    389
325   308   5    35    471
326   182   5    110    314
327   186   7    33    43
328   202   5    187    55
329   26   5    148    13
330   319   7    196    393
331   302   3    83    320
332   140   4    190    463
333   193   7    56    230
334   317   2    152    498
335   56   2    183    182
336   2   4    145    48
337   166   2    92    89
338   149   4    189    66
339   200   4    111    35
340   177   2    41    253
341   184   6    182    311
342   310   6    146    297
343   327   5    75    350
344   41   6    174    25
345   202   2    191    326
346   33   2    129    129
347   343   7    152    303
348   160   6    101    216
349   202   2    133    128
350   294   7    114    106
351   56   3    157    6
352   156   4    110    108
353   67   7    68    220
354   116   5    165    9
355   187   5    78    197
356   104   7    162    204
357   310   2    92    248
358   340   6    144    69
359   150   5    127    496
360   322   4    34    414
361   255   5    45    423
362   67   4    40    132
363   78   3    53    383
364   209   2    2    350
365   74   3    164    117
366   180   6    148    53
367   54   6    160    89
368   353   5    64    493
369   32   4    1    440
370   40   7    70    388
371   278   3    118    147
372   27   6    90    316
373   65   5    36    392
374   362   7    176    473
375   181   2    157    347
376   228   2    106    443
377   260   4    184    318
378   228   6    175    474
379   75   5    13    272
380   132   4    66    53
381   364   2    38    368
382   20   4    56    124
383   331   6    154    357
384   126   6    117    110
385   271   4    70    451
386   319   5    72    494
387   257   5    149    386
388   148   7    52    428
389   217   5    97    178
390   122   7    114    262
391   195   4    169    172
392   317   6    175    374
393   184   7    63    18
394   185   3    2    224
395   204   7    98    289
396   113   5    29    227
397   205   6    51    367
398   20   4    56    357
399   168   7    55    7
400   287   7    88    266
401   17   3    146    187
402   233   6    134    137
403   56   5    141    424
404   67   6    114    165
405   391   2    2    474
406   277   5    51    185
407   398   6    132    17
408   206   6    197    17
409   357   2    163    449
410   401   7    145    97
411   117   6    199    91
412   66   7    146    475
413   70   4    135    157
414   320   7    155    299
415   131   5    184    362
416   344   5    51    374
417   34   7    188    408
418   113   6    151    217
419   226   3    165    237
420   371   5    39    370
421   36   4    158    20
422   234   5    54    358
423   66   2    139    497
424   303   3    110    58
425   374   2    82    41
426   183   2    192    407
427   393   5    184    193
428   299   5    45    199
429   43   6    48    237
430   184   5    113    351
431   128   6    149    344
432   17   7    24    37
433   197   6    67    124
434   201   2    120    332
435   424   4    73    25
436   410   4    48    326
437   92   5    183    130
438   273   3    57    370
439   392   6    37    52
440   206   7    165    126
441   117   5    92    484
442   422   4    132    173
443   78   7    8    263
444   104   6    70    47
445   372   5    162    282
446   81   5    48    392
447   171   4    171    253
448   54   5    195    351
449   446   2    76    193
450   195   3    158    139
451   34   2    162    86
452   378   2    17    230
453   88   2    130    62
454   268   6    169    392
455   320   2    174    176
456   58   4    179    13
457   227   6    96    56
458   94   6    101    170
459   373   2    50    446
460   171   5    48    338
461   301   6    29    47
462   209   5    82    45
463   152   2    86    12
464   165   6    98    254
465   419   6    193    285
466   306   4    97    487
467   135   2    190    295
468   88   3    24    456
469   361   2    93    34
470   59   4    3    246
471   437   4    64    127
472   5   2    70    316
473   125   5    71    364
474   296   4    176    403
475   334   7    158    84
476   343   2    175    76
477   334   5    180    469
478   152   6    108    226
479   13   5    190    470
480   244   4    89    372
481   49   6    153    6
482   107   2    160    485
483   156   5    4    152
484   7   7    86    75
485   10   6    54    21
486   78   4    177    447
487   344   4    158    148
488   429   5    125    421
489   1   3    172    310
490   458   4    34    104
491   241   2    170    430
492   6   2    98    453
493   181   3    166    449
494   40   2    104    478
495   450   2    35    93
496   306   7    9    106
497   22   5    87    357
498   66   3    114    215
499   340   5    81    376
500   489   2    94    349
501   306   3    93    222
502   194   4    56    59
503   6   7    196    23
504   400   3    77    206
505   228   2    144    325
506   225   7    181    436
507   360   6    72    103
508   288   5    28    250
509   227   2    72    184
510   504   5    109    4
511   222   6    136    300
512   244   5    14    330
513   406   3    112    117
514   207   2    160    106
515   62   7    125    434
516   298   2    95    391
517   413   3    18    405
518   300   6    156    211
519   32   6    108    157
520   250   3    179    8
521   225   4    46    228
522   299   7    69    383
523   59   4    63    269
524   435   6    25    109
525   285   5    198    150
526   454   3    82    371
527   271   3    156    443
528   191   7    161    245
529   326   4    76    104
530   343   6    33    124
531   327   7    53    271
532   307   6    92    128
533   485   6    124    225
534   138   4    173    446
535   21   3    150    112
536   515   5    108    182
537   107   6    117    50
538   25   5    125    204
539   456   6    117    266
540   393   2    156    123
541   539   3    168    59
542   68   6    167    33
543   134   7    45    148
544   164   4    42    200
545   334   2    45    407
546   486   6    76    179
547   122   4    62    321
548   531   5    11    182
549   356   3    197    35
550   154   2    146    77
551   506   4    164    94
552   56   2    48    261
553   206   3    112    327
554   480   4    37    390
555   274   7    174    21
556   399   4    34    16
557   58   6    59    232
558   450   5    113    269
559   491   4    155    259
560   259   6    186    307
561   284   4    155    378
562   514   6    106    271
563   347   6    152    375
564   487   4    83    131
565   299   2    151    286
566   434   6    11    327
567   179   3    26    67
568   294   3    129    264
569   50   4    160    148
570   485   3    121    14
571   154   5    56    296
572   436   3    77    301
573   358   3    185    274
574   398   3    113    440
575   400   4    160    347
576   28   6    110    251
577   24   5    139    312
578   207   3    73    491
579   354   4    129    171
580   180   3    167    487
581   70   2    187    460
582   521   3    86    254
583   445   2    135    62
584   573   7    156    398
585   469   7    167    290
586   205   5    145    219
587   414   7    181    17
588   558   3    44    281
589   207   7    167    118
590   103   2    79    397
591   554   4    20    59
592   329   7    106    314
593   524   5    38    395
594   563   6    62    448
595   457   4    26    231
596   542   7    3    5
597   116   5    40    83
598   122   2    14    165
599   109   2    98    93
600   200   5    2    353
601   301   2    166    490
602   461   5    158    345
603   527   4    146    449
604   477   4    78    48
605   402   7    195    455
606   386   6    54    255
607   74   3    20    196
608   77   4    58    255
609   199   2    39    157
610   38   5    69    243
611   194   7    132    122
612   195   7    198    4
613   55   6    37    289
614   177   3    191    119
615   366   6    23    52
616   381   7    45    405
617   589   2    13    481
618   191   6    47    485
619   273   4    107    359
620   498   4    155    61
621   182   3    137    369
622   346   2    30    429
623   92   7    111    147
624   485   7    77    430
625   281   2    180    239
626   369   4    62    370
627   243   4    164    335
628   599   6    122    344
629   537   6    112    200
630   35   6    83    415
631   623   4    155    328
632   180   3    148    400
633   527   7    13    179
634   344   5    21    299
635   514   5    123    240
636   328   3    148    449
637   335   7    173    405
638   538   6    98    438
639   349   5    107    281
640   389   3    72    275
641   17   6    183    163
642   5   3    1    317
643   301   4    198    94
644   413   6    97    117
645   578   2    45    96
646   5   3    36    76
647   461   3    191    496
648   112   7    147    403
649   616   5    43    261
650   257   2    12    449
651   294   2    7    468
652   126   7    43    98
653   59   5    6    409
654   453   7    68    173
655   166   3    140    237
656   191   6    129    236
657   515   4    102    279
658   641   4    68    134
659   73   4    150    427
660   310   3    78    74
661   565   7    65    242
662   555   7    145    414
663   428   2    124    465
664   337   7    85    298
665   528   6    135    284
666   135   6    33    259
667   132   2    137    206
668   657   2    67    53
669   447   3    176    373
670   21   4    11    94
671   507   7    2    205
672   307   3    160    445
673   381   3    66    61
674   348   2    8    457
675   491   2    115    146
676   303   7    124    199
677   38   4    138    433
678   603   3    195    161
679   518   6    173    190
680   169   6    76    409
681   151   3    118    495
682   253   4    11    395
683   417   4    14    63
684   102   5    101    428
685   175   2    139    153
686   193   3    76    207
687   9   7    133    202
688   247   3    114    102
689   192   2    199    404
690   675   7    146    161
691   547   3    50    111
692   108   5    31    306
693   555   7    30    5
694   59   7    62    146
695   476   3    171    105
696   221   3    162    90
697   3   4    155    73
698   600   2    73    461
699   395   7    163    430
700   487   3    129    476
701   146   7    54    459
702   247   7    2    26
703   617   6    169    271
704   138   5    55    335
705   111   6    20    491
706   29   2    30    445
707   155   6    119    200
708   322   5    118    249
709   376   4    113    380
710   302   5    126    479
711   385   6    122    61
712   650   7    66    10
713   88   7    196    57
714   485   2    58    204
715   217   6    24    106
716   48   7    95    235
717   702   7    139    137
718   637   4    35    248
719   619   3    145    148
720   213   6    52    385
721   185   3    7    393
722   512   4    32    471
723   212   6    84    83
724   698   2    134    368
725   501   6    172    145
726   592   5    178    229
727   278   6    54    73
728   679   6    54    356
729   548   6    115    130
730   74   7    152    158
731   400   5    91    478
732   229   4    171    377
733   390   4    40    440
734   310   6    195    12
735   242   2    96    463
736   492   2    187    100
737   237   6    192    224
738   362   2    158    35
739   443   3    111    170
740   124   4    125    166
741   561   5    139    12
742   350   2    174    40
743   410   6    129    10
744   231   5    81    476
745   231   5    198    23
746   152   3    156    286
747   260   2    29    379
748   638   7    183    247
749   607   5    164    495
750   596   6    156    358
751   503   3    189    425
752   603   7    46    412
753   207   2    56    150
754   234   4    101    106
755   237   5    172    100
756   107   2    16    406
757   460   4    12    216
758   539   5    186    217
759   711   7    167    219
760   725   2    20    343
761   50   3    116    324
762   338   2    103    63
763   279   2    29    154
764   80   5    139    232
765   76   2    56    495
766   307   6    129    256
767   740   2    193    434
768   572   3    113    315
769   386   5    39    5
770   419   7    199    180
771   214   3    129    90
772   131   2    123    346
773   510   4    123    470
774   753   5    121    361
775   148   3    187    356
776   619   3    60    252
777   181   7    28    204
778   206   6    4    82
779   395   5    71    7
780   483   2    107    240
781   53   3    169    491
782   519   5    69    430
783   350   5    123    384
784   62   4    186    228
785   258   3    28    421
786   357   3    190    485
787   242   5    82    140
788   392   2    150    199
789   195   6    79    8
790   474   3    142    325
791   334   4    160    353
792   1   3    13    445
793   224   3    134    228
794   775   3    156    299
795   610   3    141    204
796   101   6    171    474
797   717   5    134    150
798   350   6    24    266
799   605   4    151    99
800   617   4    27    319
801   151   3    151    477
802   594   3    97    320
803   324   7    39    121
804   241   7    7    435
805   358   5    194    371
806   506   4    26    468
807   430   7    10    46
808   726   7    82    383
809   188   2    75    298
810   188   5    81    296
811   745   4    23    382
812   86   6    183    305
813   644   7    192    193
814   705   2    135    201
815   566   2    35    464
816   392   4    136    301
817   700   4    143    408
818   486   6    161    196
819   486   2    81    368
820   197   7    32    275
821   696   2    157    479
822   411   5    185    174
823   596   3    183    26
824   164   2    80    274
825   326   3    8    39
826   122   7    7    389
827   817   6    77    360
828   604   6    182    227
829   302   5    134    386
830   695   6    198    140
831   558   7    169    289
832   254   6    19    99
833   3   5    199    448
834   225   7    98    80
835   78   6    195    112
836   794   7    73    25
837   455   7    177    459
838   174   4    99    129
839   26   7    178    295
840   559   6    55    170
841   805   7    96    297
842   209   7    73    304
843   4   6    12    16
844   485   5    79    175
845   122   5    169    59
846   554   2    120    308
847   719   5    16    26
848   73   6    55    472
849   819   2    43    148
850   796   4    176    258
851   88   3    1    295
852   621   3    28    27
853   274   4    18    403
854   724   5    195    107
855   528   7    114    125
856   784   4    62    57
857   808   5    76    72
858   830   7    190    29
859   411   2    44    307
860   510   3    66    121
861   219   6    36    231
862   163   5    63    232
863   453   3    131    78
864   126   2    83    99
865   799   4    142    384
866   285   5    108    234
867   772   4    153    458
868   118   6    15    146
869   37   7    175    370
870   860   2    123    104
871   679   3    199    418
872   355   6    60    227
873   795   7    27    420
874   531   7    115    6
875   161   3    19    285
876   708   4    176    470
877   415   2    104    200
878   644   3    170    421
879   658   5    198    253
880   624   4    16    283
881   738   4    156    223
882   662   7    64    147
883   694   6    103    285
884   121   5    78    98
885   674   6    199    133
886   61   6    37    159
887   794   6    8    217
888   136   7    72    232
889   645   3    5    368
890   373   2    187    331
891   793   6    174    326
892   478   7    124    90
893   618   4    32    3
894   49   6    191    238
895   23   7    13    361
896   425   4    161    161
897   437   3    139    213
898   706   6    5    267
899   97   2    133    132
900   573   5    45    493
901   238   6    189    389
902   16   5    120    164
903   135   3    187    131
904   598   6    51    410
905   156   6    70    281
906   245   6    169    18
907   351   7    26    75
908   248   7    8    447
909   737   4    28    84
910   322   4    59    165
911   251   3    144    20
912   40   3    130    439
913   208   6    71    489
914   9   3    142    486
915   773   6    71    119
916   720   4    55    112
917   105   3    195    407
918   450   7    44    350
919   302   5    111    265
920   489   2    62    80
921   383   3    154    11
922   873   3    148    96
923   547   3    182    475
924   64   2    184    152
925   405   3    108    266
926   101   3    165    378
927   610   5    133    170
928   508   2    151    297
929   234   7    24    179
930   524   3    133    287
931   511   2    66    43
932   625   4    143    447
933   819   6    152    296
934   192   5    81    154
935   255   5    124    39
936   260   4    195    428
937   774   5    176    391
938   249   7    16    247
939   131   6    127    359
940   59   7    178    307
941   595   7    64    445
942   120   5    100    438
943   202   3    11    253
944   670   7    114    216
945   825   7    77    64
946   435   4    9    483
947   508   7    82    403
948   881   5    57    145
949   259   3    60    347
950   18   2    93    127
951   928   6    72    215
952   272   5    2    469
953   148   3    163    407
954   526   2    133    492
955   543   5    38    351
956   641   5    26    325
957   350   2    141    174
958   225   6    32    50
959   549   2    105    13
960   17   3    66    421
961   238   3    75    497
962   468   7    110    73
963   155   3    32    277
964   660   3    24    350
965   599   4    65    276
966   337   6    186    391
967   302   5    45    351
968   845   2    112    401
969   317   6    149    475
970   234   6    85    161
971   418   2    149    427
972   152   6    11    225
973   61   7    51    429
974   382   7    87    67
975   485   5    94    83
976   98   5    96    6
977   420   4    160    278
978   345   6    190    431
979   723   6    18    220
980   885   2    197    114
981   170   4    153    332
982   90   5    79    180
983   166   2    103    250
984   658   2    9    242
985   53   7    144    343
986   33   7    116    262
987   537   2    79    413
988   962   3    4    255
989   666   2    150    470
990   578   3    141    297
991   949   3    17    308
992   408   2    7    287
993   715   4    113    412
994   268   6    195    80
995   846   6    113    303
996   939   6    177    229
997   50   7    180    464
998   809   2    118    431
999   174   6    17    197
1000   386   7    196    478
1001   738   7    196    158
1002   8   3    30    220
1003   495   7    168    23
1004   848   7    188    278
1005   890   5    83    299
1006   613   5    68    336
1007   258   6    167    307
1008   258   7    61    389
1009   361   5    197    36
1010   725   6    57    455
1011   897   7    51    34
1012   119   2    41    303
1013   267   6    133    30
1014   454   6    35    89
1015   228   7    120    56
1016   34   4    179    155
1017   991   2    41    91
1018   79   4    13    60
1019   519   3    81    79
1020   458   3    175    481
1021   464   5    67    237
1022   828   5    170    391
1023   147   4    95    299
1024   334   5    121    253
1025   610   6    99    430
1026   485   5    131    309
1027   959   5    67    438
1028   891   6    71    389
1029   348   4    88    65
1030   68   2    186    191
1031   114   7    2    72
1032   343   4    56    172
1033   209   4    167    119
1034   268   7    70    244
1035   291   5    3    326
1036   594   4    140    333
1037   401   7    120    449
1038   670   5    182    187
1039   788   3    111    266
1040   819   7    33    380
1041   59   3    100    306
