1   0   7    46    112
2   1   6    72    53
3   1   2    176    381
4   1   4    70    113
5   1   5    167    47
6   4   4    52    446
7   2   2    16    142
8   1   3    105    133
9   5   3    113    390
10   8   7    154    107
11   7   6    166    395
12   3   3    143    186
13   8   7    29    300
14   2   7    135    5
15   4   4    51    440
16   13   7    137    349
17   10   7    89    488
18   5   7    3    82
19   5   5    64    497
20   3   2    26    56
21   7   3    16    168
22   13   7    81    385
23   21   2    141    460
24   20   2    56    167
25   17   3    17    471
26   5   2    19    194
27   9   2    106    72
28   15   5    50    94
29   25   3    119    393
30   25   7    139    139
31   3   5    89    182
32   5   7    2    28
33   17   6    62    239
34   5   7    147    471
35   19   5    100    369
36   29   4    118    60
37   24   6    79    286
38   34   2    8    16
39   23   2    3    110
40   4   7    179    218
41   4   6    47    22
42   26   2    191    42
43   14   6    21    4
44   29   3    166    407
45   22   2    146    139
46   13   3    127    301
47   29   5    53    125
48   21   4    37    387
49   27   4    100    420
50   43   6    139    361
51   7   3    119    138
52   13   2    162    451
53   43   2    31    411
54   11   3    188    217
55   3   5    194    101
56   29   7    39    404
57   37   3    176    278
58   56   6    103    119
59   21   3    165    236
60   4   4    13    319
61   26   4    63    60
62   26   2    176    446
63   16   2    170    455
64   41   6    124    449
65   13   4    165    57
66   22   4    117    126
67   33   6    29    245
68   59   4    113    433
69   1   3    63    453
70   58   7    187    189
71   42   7    74    408
72   25   4    33    19
73   25   4    171    98
74   21   7    170    319
75   27   7    57    352
76   22   2    121    66
77   53   6    199    45
78   14   7    60    153
79   9   5    174    66
80   47   7    60    64
81   49   6    110    7
82   51   7    110    252
83   21   4    165    487
84   5   5    11    324
85   16   7    1    156
86   65   6    11    409
87   81   2    63    135
88   69   5    166    343
89   3   5    104    236
90   70   7    105    97
91   87   3    99    243
92   21   4    144    312
93   59   2    159    30
94   63   7    69    16
95   53   6    27    208
96   55   7    2    22
97   9   7    116    59
98   59   3    51    79
99   48   5    8    258
100   54   5    90    358
101   56   4    131    361
102   13   3    24    122
103   92   7    178    264
104   4   3    52    414
105   18   6    173    296
106   12   7    141    341
107   67   2    141    183
108   28   2    73    352
109   77   6    152    127
110   47   4    131    324
111   30   2    179    156
112   69   2    170    455
113   45   2    16    196
114   11   5    78    199
115   3   4    188    72
116   43   2    13    119
117   29   3    67    270
118   94   3    192    339
119   6   6    4    25
120   47   5    30    241
121   7   6    198    218
122   54   5    16    120
123   13   4    103    300
124   29   5    91    71
125   23   3    163    30
126   5   6    179    171
127   47   4    94    443
128   89   3    165    200
129   125   3    194    204
130   122   4    93    146
131   28   4    95    350
132   16   4    20    210
133   87   4    29    75
134   127   5    195    252
135   17   6    56    286
136   86   5    57    240
137   12   4    190    92
138   79   7    196    32
139   109   6    35    240
140   73   3    198    243
141   48   5    197    367
142   95   2    80    152
143   112   7    161    116
144   87   4    114    413
145   143   7    26    392
146   29   4    108    177
147   129   7    73    416
148   38   2    135    280
149   46   6    24    235
150   31   2    100    40
151   137   7    93    217
152   102   3    20    403
153   128   5    182    207
154   117   5    179    466
155   43   6    74    241
156   153   6    53    328
157   117   2    120    499
158   77   6    19    14
159   118   2    118    184
160   144   5    15    291
161   136   4    186    256
162   76   3    65    10
163   34   2    115    455
164   101   5    153    163
165   127   6    100    426
166   41   6    123    64
167   96   6    18    97
168   146   2    104    407
169   129   7    175    200
170   44   5    24    332
171   18   4    6    191
172   110   6    3    444
173   66   2    34    261
174   96   3    134    329
175   143   4    149    115
176   39   5    100    282
177   13   5    183    349
178   57   7    41    115
179   67   2    53    101
180   174   3    39    450
181   120   5    149    54
182   71   3    157    310
183   52   3    188    450
184   167   5    155    427
185   131   7    70    255
186   113   6    30    220
187   34   5    110    407
188   22   2    163    173
189   183   4    109    390
190   138   3    87    96
191   97   7    198    145
192   163   2    49    200
193   136   2    89    61
194   130   6    51    174
195   151   4    136    497
196   181   5    176    189
197   28   2    15    441
198   130   7    144    304
199   78   4    44    363
200   121   4    173    293
201   164   2    149    337
202   167   5    38    280
203   88   6    39    422
204   192   5    57    144
205   73   7    152    231
206   189   2    139    484
207   1   6    192    60
208   78   5    68    480
209   98   7    161    263
210   125   4    131    241
211   18   6    126    387
212   198   7    187    495
213   116   4    78    101
214   179   7    77    435
215   204   6    198    358
216   134   6    196    265
217   38   5    60    280
218   84   5    134    174
219   193   3    7    321
220   191   7    174    200
221   80   5    2    384
222   4   6    125    213
223   82   7    3    101
224   124   5    82    376
225   111   4    8    97
226   12   6    74    294
227   195   4    29    374
228   60   6    196    293
229   190   7    83    50
230   178   6    51    461
231   225   5    20    409
232   29   7    28    300
233   180   2    199    55
234   3   7    102    257
235   21   3    78    415
236   12   7    141    195
237   2   5    146    221
238   46   3    159    407
239   210   5    117    299
240   43   3    60    317
241   87   7    108    162
242   41   3    36    155
243   160   6    196    405
244   178   2    50    271
245   167   7    40    262
246   241   6    37    131
247   80   7    74    139
248   239   7    191    131
249   133   3    158    404
250   196   2    49    283
251   230   7    112    285
252   48   2    10    68
253   190   4    65    424
254   65   3    78    80
255   213   3    120    72
256   77   3    155    478
257   190   7    172    268
258   118   3    159    291
259   46   6    141    254
260   119   6    119    377
261   80   6    49    8
262   14   2    133    355
263   194   3    18    73
264   253   6    12    364
265   141   5    84    431
266   36   3    193    275
267   265   5    176    443
268   174   3    68    215
269   235   4    167    39
270   67   6    31    93
271   67   6    100    475
272   153   7    58    399
273   12   6    88    130
274   151   6    159    349
275   36   7    174    442
276   141   2    151    338
277   48   2    4    487
278   75   3    160    462
279   227   3    7    90
280   18   7    47    438
281   276   2    156    455
282   247   7    148    163
283   109   4    31    464
284   4   3    123    441
285   159   2    137    434
286   98   4    31    368
287   90   5    184    267
288   23   7    32    412
289   80   5    156    79
290   225   2    90    203
291   130   7    165    196
292   286   5    104    301
293   5   5    155    427
294   13   4    10    380
295   186   6    61    352
296   262   2    114    131
297   270   5    70    475
298   200   7    194    289
299   262   4    182    182
300   66   6    89    238
301   193   4    6    312
302   60   7    174    368
303   254   3    60    302
304   152   5    165    32
305   218   6    199    360
306   22   6    165    221
307   239   2    139    341
308   228   5    56    438
309   249   4    193    6
310   72   3    15    31
311   94   7    104    21
312   13   6    146    358
313   227   2    34    108
314   293   4    12    491
315   22   2    156    366
316   184   7    130    494
317   62   3    13    472
318   193   6    43    326
319   256   6    56    210
320   135   2    163    115
321   313   7    12    85
322   78   2    110    211
323   223   2    179    396
324   74   7    40    310
325   169   6    132    205
326   202   6    98    395
327   151   7    50    327
328   111   6    48    63
329   319   7    95    446
330   108   2    27    273
331   121   3    196    63
332   139   3    155    49
333   324   5    153    98
334   18   5    90    166
335   204   3    109    47
336   52   2    121    340
337   89   6    2    143
338   267   3    95    276
339   216   3    98    15
340   101   2    154    477
341   305   5    147    412
342   267   4    197    428
343   328   2    180    322
344   329   3    82    153
345   196   5    188    315
346   171   3    90    235
347   79   5    106    379
348   234   6    105    169
349   171   6    67    393
350   337   6    123    383
351   335   7    187    228
352   181   5    192    216
353   86   7    99    149
354   176   3    23    347
355   115   3    152    355
356   199   3    153    236
357   242   7    94    10
358   248   4    104    432
359   176   5    169    400
360   89   4    41    54
361   157   6    16    213
362   246   4    81    205
363   117   6    77    381
364   202   4    124    156
365   254   4    106    115
366   167   7    26    493
367   322   5    50    115
368   355   4    59    294
369   26   7    141    32
370   156   6    170    394
371   33   6    92    271
372   197   7    28    10
373   185   4    77    107
374   324   2    146    244
375   205   2    166    233
376   176   4    188    45
377   315   7    110    75
378   320   2    147    1
379   267   3    185    375
380   266   2    192    492
381   250   5    78    269
382   288   7    195    222
383   266   6    88    138
384   257   7    35    18
385   359   7    152    330
386   293   3    173    11
387   183   2    39    383
388   203   5    26    143
389   322   2    93    402
390   241   6    59    308
391   59   3    89    194
392   349   2    1    237
393   191   4    173    285
394   71   3    126    333
395   205   5    196    131
396   87   4    79    173
397   326   7    133    179
398   134   2    58    405
399   301   7    48    223
400   46   6    157    52
401   20   3    88    84
402   152   7    101    33
403   35   4    95    427
404   95   2    84    7
405   254   6    1    175
406   58   6    193    313
407   112   4    76    326
408   3   3    71    430
409   53   4    199    276
410   354   3    36    488
411   403   2    187    5
412   276   5    20    194
413   1   2    66    60
414   139   4    11    135
415   50   2    194    1
416   96   5    113    477
417   405   2    182    227
418   294   3    31    378
419   226   4    95    159
420   303   7    114    112
421   387   4    87    341
422   198   2    132    239
423   251   5    140    186
424   109   2    46    432
425   194   3    139    153
426   109   3    112    283
427   203   6    83    426
428   206   3    90    225
429   227   3    105    404
430   78   2    121    89
431   327   4    174    414
432   231   4    74    108
433   355   3    182    160
434   278   4    125    103
435   33   6    83    341
436   168   7    138    135
437   329   3    119    465
438   309   5    92    261
439   133   7    57    390
440   361   7    19    391
441   163   2    42    69
442   402   6    63    360
443   16   5    33    497
444   383   7    61    479
445   179   6    124    404
446   129   5    20    247
447   62   5    59    33
448   35   4    138    274
449   284   2    22    105
450   337   2    136    65
451   310   3    71    197
452   149   6    73    495
453   424   3    154    270
454   73   5    19    56
455   413   3    98    375
456   121   5    199    401
457   450   5    195    450
458   4   6    146    438
459   222   4    164    287
460   211   3    101    75
461   100   5    3    163
462   141   5    175    317
463   398   2    80    79
464   356   6    121    300
465   31   2    195    60
466   42   2    197    254
467   450   2    95    495
468   240   6    177    265
469   376   5    66    418
470   233   4    54    65
471   363   2    36    490
472   445   6    32    322
473   210   2    176    394
474   163   7    174    254
475   85   4    46    398
476   427   6    154    184
477   445   3    90    5
478   208   3    187    410
479   449   5    33    31
480   176   2    86    53
481   294   3    32    145
482   31   3    1    342
483   162   7    71    461
484   335   7    197    362
485   365   6    182    9
486   275   3    113    346
487   65   6    104    204
488   255   5    36    405
489   3   4    23    237
490   440   4    24    301
491   147   7    79    3
492   155   6    116    216
493   315   4    125    181
494   140   4    161    92
495   351   4    42    468
496   358   2    180    479
497   418   6    183    50
498   49   2    26    241
499   344   4    116    2
500   182   2    65    60
501   227   6    151    282
502   95   7    91    98
503   327   3    90    465
504   382   4    199    472
505   452   6    78    7
506   177   4    31    177
507   64   7    169    390
508   250   6    122    435
509   9   5    118    474
510   261   4    123    122
511   1   6    79    254
512   323   6    36    157
513   382   2    92    31
514   281   4    175    48
515   200   4    25    219
516   311   5    170    394
517   513   2    88    305
518   319   7    27    217
519   477   2    98    318
520   507   5    78    175
521   154   2    127    10
522   45   7    99    392
523   170   2    23    23
524   15   6    84    453
525   161   7    83    38
526   67   2    100    245
527   488   6    106    236
528   282   6    121    256
529   270   7    29    390
530   5   7    194    214
531   32   5    57    141
532   258   3    153    233
533   318   5    81    106
534   225   3    116    8
535   426   6    62    59
536   351   3    76    72
537   437   4    14    185
538   432   7    169    440
539   48   2    145    13
540   39   6    91    390
541   355   5    140    339
542   471   5    144    396
543   78   3    30    432
544   403   6    52    401
545   470   4    168    251
546   26   5    64    65
547   227   5    77    69
548   66   7    151    251
549   91   5    178    483
550   415   6    34    59
551   384   5    97    436
552   362   5    102    174
553   397   5    136    333
554   97   2    131    409
555   226   7    43    333
556   127   3    146    296
557   387   4    65    411
558   192   3    3    356
559   22   4    80    94
560   166   7    50    300
561   191   6    118    343
562   267   4    194    360
563   254   3    78    20
564   541   7    54    1
565   545   4    70    56
566   203   7    6    242
567   87   3    143    236
568   344   3    118    216
569   548   4    189    489
570   459   4    103    201
571   3   3    83    97
572   53   5    86    486
573   320   4    6    378
574   214   5    155    447
575   390   4    123    268
576   106   3    163    295
577   333   7    178    305
578   324   2    143    284
579   40   5    172    435
580   369   4    77    165
581   207   7    196    370
582   255   5    190    351
583   211   5    81    396
584   574   7    155    491
585   28   2    9    442
586   560   6    101    6
587   35   6    155    64
588   266   2    20    123
589   151   2    91    351
590   122   6    81    51
591   481   6    195    137
592   476   6    194    344
593   397   3    172    442
594   24   6    188    475
595   313   2    86    34
596   59   5    59    294
597   355   2    113    249
598   307   6    187    377
599   529   2    188    368
600   361   5    24    269
601   13   6    151    182
602   145   6    84    180
603   570   3    105    70
604   128   7    163    276
605   112   2    165    361
606   435   3    160    301
607   549   3    67    3
608   267   6    120    71
609   13   3    69    162
610   178   2    28    460
611   62   2    189    63
612   48   3    29    159
613   311   4    144    313
614   575   2    3    252
615   515   6    138    69
616   569   5    161    316
617   221   4    59    367
618   477   2    49    398
619   286   6    90    293
620   150   3    161    485
621   53   7    150    292
622   599   2    106    237
623   161   4    130    355
624   240   4    41    495
625   468   6    164    184
626   585   3    195    336
627   38   2    3    408
628   626   4    24    226
629   619   3    162    57
630   210   5    47    239
631   600   7    74    72
632   270   3    14    151
633   562   7    127    319
634   9   6    84    443
635   560   5    199    23
636   43   5    160    412
637   389   4    103    202
638   226   3    167    354
639   590   7    82    122
640   69   2    21    373
641   514   4    1    484
642   304   3    1    202
643   67   3    123    435
644   287   3    198    400
645   316   4    39    12
646   237   3    108    378
647   370   2    162    92
648   229   6    180    369
649   15   3    120    65
650   505   5    44    298
651   411   4    47    80
652   482   4    107    423
653   371   4    153    469
654   434   7    142    416
655   106   5    56    261
656   123   6    18    106
657   70   4    8    295
658   368   4    39    376
659   286   3    114    110
660   320   3    73    354
661   187   7    66    303
662   305   3    196    245
663   131   2    21    192
664   355   5    75    268
665   204   6    108    213
666   246   6    29    271
667   60   6    100    163
668   616   7    78    105
669   610   6    131    313
670   424   4    192    86
671   526   3    166    271
672   277   3    117    370
673   585   2    76    331
674   504   6    21    182
675   42   7    27    26
676   462   5    1    496
677   354   7    167    48
678   349   4    141    457
679   173   3    97    128
680   406   3    19    414
681   157   3    118    236
682   579   5    74    354
683   552   4    69    220
684   362   3    79    437
685   313   7    84    373
686   176   5    89    211
687   519   4    169    400
688   2   6    119    304
689   571   7    86    112
690   119   4    161    451
691   333   4    21    232
692   368   3    126    342
693   58   7    151    138
694   348   7    143    407
695   338   3    38    96
696   562   3    147    162
697   342   7    166    193
698   217   5    36    59
699   622   4    128    380
700   421   7    149    447
701   325   5    112    215
702   379   6    102    309
703   90   6    119    364
704   624   5    177    282
705   232   4    137    80
706   18   3    156    285
707   536   7    78    246
708   231   2    98    56
709   171   3    182    306
710   274   7    184    51
711   476   3    7    422
712   161   3    111    227
713   693   2    148    217
714   641   2    42    394
715   108   6    177    317
716   89   6    10    376
717   296   6    48    41
718   125   2    45    241
719   185   6    54    300
720   453   7    113    126
721   478   6    173    7
722   411   5    4    262
723   221   2    137    63
724   533   6    168    479
725   460   4    174    349
726   19   7    103    449
727   657   2    51    5
728   72   2    11    386
729   666   3    133    330
730   468   3    2    48
731   479   7    157    201
732   580   6    42    216
733   260   6    49    304
734   567   4    7    92
735   604   5    130    28
736   306   2    21    384
737   105   5    96    454
738   443   5    22    427
739   707   7    108    320
740   320   4    179    215
741   714   2    141    148
742   156   3    94    438
743   695   2    197    327
744   313   5    179    420
745   552   5    46    280
746   289   2    129    427
747   172   4    143    479
748   329   2    104    202
749   170   4    10    467
750   430   4    53    34
751   75   7    132    369
752   475   2    39    210
753   668   3    94    446
754   486   3    137    358
755   398   2    10    227
756   538   2    103    393
757   34   4    73    281
758   659   7    12    453
759   496   4    72    383
760   457   3    99    183
761   327   7    145    200
762   11   7    157    142
763   241   3    182    357
764   506   6    108    1
765   193   3    7    159
766   299   2    170    176
767   205   6    9    10
768   240   4    23    38
769   439   2    82    400
770   402   2    184    222
771   509   4    14    445
772   51   3    140    55
773   732   5    54    367
774   644   3    18    86
775   514   5    152    300
776   364   6    176    151
777   636   5    96    152
778   221   6    42    387
779   536   4    4    483
780   318   3    140    273
781   331   7    191    212
782   275   3    84    56
783   537   6    114    477
784   619   7    100    176
785   631   2    159    465
786   457   2    161    271
787   423   4    38    487
788   513   2    194    78
789   567   5    157    286
790   361   7    38    83
791   482   2    162    270
792   261   3    30    210
793   250   2    72    80
794   31   6    74    456
795   614   3    161    285
796   249   3    140    105
797   14   7    191    402
798   666   6    21    382
799   11   7    45    94
800   571   3    95    41
801   356   5    77    228
802   175   7    3    326
803   620   4    93    189
804   408   4    177    428
805   547   3    121    303
806   118   7    4    397
807   298   3    84    310
808   678   2    111    245
809   479   5    164    330
810   229   5    178    65
811   448   6    162    109
812   721   5    58    82
813   359   4    45    199
814   395   7    121    259
815   525   3    75    62
816   306   6    85    206
817   34   7    158    380
818   277   6    146    492
819   702   5    122    471
820   425   4    157    472
821   284   2    53    404
822   194   2    183    134
823   396   6    24    343
824   177   3    130    39
825   811   5    187    212
826   596   6    3    66
827   356   7    156    470
828   166   7    14    388
829   229   3    133    309
830   591   7    148    177
831   51   4    149    61
832   340   7    70    416
833   423   3    50    262
834   498   4    13    163
835   3   6    113    299
836   292   4    136    35
837   116   5    176    290
838   517   7    18    289
839   285   3    142    59
840   519   7    7    208
841   239   3    169    124
842   580   6    126    69
843   709   7    29    337
844   581   5    18    125
845   464   6    73    356
846   259   3    121    197
847   166   4    6    310
848   396   5    81    187
849   619   2    82    264
850   675   7    192    391
851   642   3    177    395
852   262   2    122    396
853   650   2    5    310
854   541   2    5    291
855   257   4    34    389
856   792   2    86    101
857   256   7    172    113
858   107   7    164    107
859   613   2    119    36
860   487   7    4    142
861   72   3    139    434
862   780   3    53    27
863   649   3    20    489
864   859   4    168    49
865   345   4    172    247
866   390   3    64    211
867   649   6    100    447
868   775   4    25    275
869   557   5    193    440
870   297   5    157    220
871   703   6    137    422
872   199   2    110    137
873   152   6    150    291
874   220   2    104    414
875   368   3    148    244
876   669   4    139    230
877   328   6    8    434
878   42   5    6    361
879   717   4    185    277
880   13   7    147    25
881   823   2    108    459
882   67   5    128    179
883   21   2    188    211
884   830   2    131    396
885   618   7    86    271
886   105   2    23    428
887   741   6    82    396
888   91   5    15    108
889   16   5    134    4
890   72   4    182    114
891   786   4    86    79
892   107   3    54    433
893   506   2    72    64
894   50   3    140    80
895   438   4    161    193
896   624   6    144    9
897   700   3    96    181
898   369   6    172    423
899   259   4    125    339
900   274   3    4    476
901   424   7    126    291
902   637   4    27    2
903   852   4    134    319
904   670   2    20    317
905   66   2    38    57
906   529   3    187    270
907   1   5    155    287
908   720   2    8    13
909   424   5    148    53
910   91   2    107    336
911   719   7    131    427
912   218   3    85    438
913   488   3    183    239
914   189   3    114    160
915   268   7    198    463
916   492   2    173    239
917   149   6    51    342
918   416   5    109    358
919   627   6    105    168
920   144   3    51    23
921   827   6    107    21
922   664   3    100    304
923   838   4    100    324
924   895   5    119    290
925   700   4    43    360
926   389   4    116    123
927   41   3    102    455
928   757   5    9    297
929   464   6    23    14
930   828   3    141    114
931   807   2    109    345
932   929   3    182    459
933   756   5    189    161
934   88   4    87    271
935   449   2    120    67
936   164   4    69    76
937   747   3    159    225
938   127   3    21    407
939   201   7    147    483
940   387   3    131    17
941   66   7    95    281
942   110   5    137    56
943   765   4    29    335
944   119   4    79    199
945   806   6    49    172
946   229   7    46    115
947   387   4    125    256
948   470   2    150    422
949   894   3    68    317
950   353   3    94    277
951   543   5    146    236
952   180   3    91    196
953   358   4    89    200
954   179   3    117    156
955   84   5    25    269
956   908   3    163    193
957   251   4    63    432
958   250   4    55    127
959   76   7    111    406
960   891   3    9    361
961   21   3    197    328
962   596   6    17    410
963   157   5    46    125
964   593   5    117    434
965   282   2    69    135
966   430   5    139    415
967   446   7    194    237
968   949   3    170    348
969   761   3    178    471
970   652   5    104    209
971   448   6    82    188
972   728   7    75    414
973   469   6    42    352
974   333   7    12    236
975   10   2    72    293
976   876   7    110    347
977   464   6    53    208
978   652   5    118    361
979   5   6    161    355
980   544   2    56    156
981   161   4    149    54
982   60   4    75    169
983   652   2    50    375
984   564   6    141    8
985   94   6    122    447
986   494   5    43    165
987   981   3    160    60
988   76   3    72    295
989   50   6    57    121
990   853   5    114    362
991   510   5    2    454
992   681   3    74    268
993   102   2    94    460
994   968   5    51    411
995   216   2    148    462
996   16   6    14    315
997   591   4    78    406
998   385   5    3    86
999   16   2    134    48
1000   574   3    63    462
1001   45   7    122    429
1002   869   3    175    212
1003   658   3    72    180
1004   695   3    72    126
1005   482   2    41    442
1006   7   7    26    129
1007   91   7    35    490
1008   993   5    6    246
1009   637   7    117    351
1010   361   3    84    392
1011   69   7    37    41
1012   491   6    2    144
1013   444   2    164    372
1014   356   4    25    247
1015   497   4    32    28
1016   222   2    169    462
1017   715   7    62    263
1018   923   4    113    6
1019   396   3    187    221
1020   433   4    149    9
1021   484   2    67    130
1022   571   4    128    244
1023   286   6    158    219
1024   836   6    21    142
1025   44   6    15    394
1026   5   2    172    426
1027   809   4    37    242
1028   677   3    179    67
1029   1025   4    151    468
1030   203   6    199    63
1031   505   4    97    208
1032   959   6    10    236
1033   269   6    77    50
1034   57   7    121    430
1035   154   4    47    352
1036   454   4    147    317
1037   773   3    13    60
1038   646   3    131    39
1039   412   7    64    57
1040   208   5    162    322
1041   545   2    29    215
1042   884   5    160    366
1043   817   2    196    104
1044   709   7    127    288
1045   42   6    128    161
1046   928   7    47    232
1047   971   2    184    237
1048   243   3    81    498
1049   603   5    188    338
1050   217   5    112    414
1051   3   6    96    411
1052   26   7    109    88
1053   816   7    123    65
1054   1045   3    46    108
1055   947   5    99    321
1056   1050   2    133    497
1057   246   4    24    222
1058   408   6    171    285
1059   957   3    31    20
1060   902   2    1    179
1061   871   6    132    176
1062   10   4    118    85
1063   86   2    2    399
1064   245   2    181    197
1065   1022   5    71    312
1066   882   5    145    8
1067   984   2    71    21
1068   251   3    19    347
1069   756   3    48    180
1070   249   7    27    49
1071   774   2    179    297
1072   117   2    125    38
1073   739   6    114    121
1074   61   4    83    171
1075   1068   5    159    89
1076   573   4    123    442
1077   657   2    52    309
1078   1055   5    74    31
1079   940   6    180    113
1080   442   7    32    220
1081   833   6    54    140
1082   707   3    145    347
1083   190   5    2    355
1084   822   7    56    218
1085   966   4    170    478
1086   726   2    78    244
1087   676   2    102    223
1088   624   7    58    276
1089   141   5    19    337
1090   911   4    68    97
1091   466   2    18    336
1092   498   6    41    37
1093   845   5    70    301
1094   1010   6    68    484
1095   202   6    78    403
1096   482   5    4    23
1097   598   7    36    185
1098   803   2    88    268
1099   1092   4    39    426
1100   287   2    181    479
1101   731   6    159    35
1102   1035   2    159    247
1103   1066   6    121    244
1104   750   4    120    86
1105   292   7    16    20
1106   204   4    22    108
1107   59   5    79    97
1108   514   6    183    450
1109   1029   2    60    84
1110   787   2    107    73
1111   890   5    149    436
1112   965   7    105    229
1113   449   3    90    100
1114   944   6    149    237
1115   446   3    36    470
1116   62   5    47    45
1117   794   2    123    166
1118   377   7    28    190
1119   1070   3    24    465
1120   851   4    168    236
1121   859   4    140    170
1122   963   7    99    453
1123   623   2    110    410
1124   820   6    17    355
1125   1069   2    24    154
1126   600   5    162    198
1127   18   5    98    64
1128   568   5    153    443
1129   325   3    29    50
1130   798   7    70    403
1131   680   5    116    71
1132   148   7    61    15
1133   812   4    178    109
1134   152   7    129    409
1135   759   6    46    41
1136   344   7    42    122
1137   1011   3    125    24
1138   1018   2    163    261
1139   49   2    134    142
1140   999   2    122    299
1141   297   5    8    76
1142   838   5    10    37
1143   54   7    113    284
1144   155   7    67    297
1145   668   5    185    161
1146   1106   3    72    400
1147   1119   7    107    437
1148   733   7    6    101
1149   1050   7    174    75
1150   407   4    65    369
1151   555   6    116    232
1152   756   4    4    293
1153   454   2    169    159
1154   446   3    113    303
1155   905   7    87    191
1156   37   7    55    259
1157   706   5    29    360
1158   809   2    90    134
1159   198   4    110    322
1160   383   6    198    73
1161   960   2    117    59
1162   357   7    43    402
1163   795   2    185    351
1164   695   5    88    304
1165   443   7    125    145
1166   528   7    100    17
1167   1081   3    146    214
1168   578   2    11    444
1169   354   2    58    353
1170   752   2    166    86
1171   274   6    72    97
1172   1010   6    144    301
1173   1010   2    108    97
1174   858   2    6    453
1175   519   4    174    68
1176   717   4    112    314
1177   745   4    96    445
1178   789   2    195    344
1179   1008   2    139    496
1180   695   4    77    447
1181   166   6    179    84
1182   837   2    2    52
1183   667   7    119    122
1184   912   3    33    73
1185   379   2    14    247
1186   1102   5    179    13
1187   118   6    44    474
1188   826   4    193    498
1189   1181   2    97    234
1190   1175   3    146    339
1191   889   3    165    146
1192   927   4    179    181
1193   691   6    23    189
1194   1028   3    110    300
1195   1072   3    37    198
1196   848   3    5    229
1197   232   6    162    170
1198   416   6    162    383
1199   1117   2    7    464
1200   519   5    45    252
1201   339   4    135    266
1202   629   5    184    469
1203   875   7    170    199
1204   128   7    161    362
1205   203   3    167    201
1206   679   7    50    288
1207   606   3    155    41
1208   839   7    2    340
1209   551   3    153    444
1210   1017   2    92    280
1211   868   5    139    435
1212   577   3    15    247
1213   987   7    110    374
1214   754   4    142    155
1215   293   7    95    2
1216   781   6    8    167
1217   1204   3    20    149
1218   109   2    81    17
1219   1184   2    125    432
1220   864   2    66    325
1221   958   6    57    278
1222   636   4    144    23
1223   1010   4    68    197
1224   935   2    76    389
1225   895   4    69    316
1226   748   7    180    488
1227   772   2    155    457
1228   544   6    89    384
1229   578   3    188    103
1230   440   5    50    173
1231   55   6    197    168
1232   83   6    183    212
1233   363   2    107    149
1234   674   5    190    205
1235   920   4    116    394
1236   606   2    40    102
1237   247   5    39    267
1238   1236   7    123    419
1239   946   7    146    99
1240   756   2    194    249
1241   645   5    171    461
1242   51   7    12    338
1243   18   5    33    469
1244   1226   2    27    141
1245   701   7    145    258
1246   603   7    76    187
1247   853   3    145    196
1248   740   5    155    478
1249   1142   2    197    182
1250   1188   6    2    189
1251   290   2    82    150
1252   281   7    165    42
1253   158   2    82    213
1254   1102   3    73    86
1255   616   5    138    482
1256   702   3    144    265
1257   887   3    41    387
1258   246   3    117    439
1259   234   7    13    33
1260   327   3    5    74
1261   484   6    195    228
1262   478   3    68    35
1263   1172   2    11    426
1264   863   3    101    276
1265   1048   7    41    162
1266   1139   3    12    318
1267   537   5    127    266
1268   1247   7    158    86
1269   991   7    191    423
1270   1231   2    119    235
1271   92   5    11    429
1272   503   5    73    384
1273   279   3    105    89
1274   43   7    27    411
1275   620   5    153    179
1276   393   4    46    309
1277   174   5    178    6
1278   127   7    56    421
1279   1166   2    92    169
1280   735   2    148    239
1281   978   5    172    194
1282   891   3    85    79
1283   1204   6    22    3
1284   849   5    131    437
1285   1179   4    163    132
1286   991   7    128    448
1287   346   6    3    58
1288   305   2    175    322
1289   386   5    118    179
1290   896   7    52    124
1291   642   2    149    420
1292   442   7    68    188
1293   1224   4    11    486
1294   143   7    112    10
1295   470   5    80    395
1296   594   3    133    377
1297   708   5    10    284
1298   1165   5    106    474
1299   1183   5    124    86
1300   1037   6    107    170
1301   99   4    29    31
1302   235   3    90    180
1303   452   3    61    29
1304   999   3    156    117
1305   1032   3    11    151
1306   923   3    55    491
1307   570   5    23    254
1308   7   3    117    319
1309   1263   3    171    183
1310   151   7    198    34
1311   976   4    29    403
1312   385   2    69    28
1313   1050   2    56    368
1314   473   7    126    235
1315   1037   6    89    37
1316   648   7    135    284
1317   444   4    39    439
1318   640   5    189    28
1319   289   6    40    216
1320   1268   5    82    149
1321   1248   5    119    42
1322   973   3    163    212
1323   1021   7    33    376
1324   1197   2    160    446
1325   750   7    103    63
1326   1065   6    26    444
1327   546   5    115    168
1328   396   3    79    60
1329   11   4    27    214
1330   285   7    133    242
1331   187   3    27    317
1332   484   7    189    248
1333   787   3    14    306
1334   264   4    162    175
1335   422   4    89    54
1336   199   3    144    81
1337   1013   6    5    197
1338   533   4    164    174
1339   759   3    160    112
1340   533   2    58    406
1341   1033   6    147    409
1342   821   4    25    99
1343   1089   6    153    406
1344   758   5    37    294
1345   1288   2    198    11
1346   1063   7    21    391
1347   515   3    157    486
1348   1327   6    36    107
1349   1194   4    102    488
1350   371   6    27    214
1351   596   2    62    329
1352   670   4    182    480
1353   1176   2    116    110
1354   928   4    37    249
1355   423   2    195    52
1356   988   6    101    118
1357   408   2    60    128
1358   9   6    108    74
1359   220   4    129    268
1360   589   2    30    345
1361   921   4    159    457
1362   998   6    146    37
1363   326   7    152    45
1364   513   6    61    406
1365   207   7    61    244
1366   1036   2    170    448
1367   630   6    2    295
1368   993   5    92    437
1369   623   4    198    115
1370   1159   6    163    395
1371   1067   7    27    162
1372   28   7    35    122
1373   630   7    1    54
1374   986   3    96    480
1375   268   2    64    200
1376   1059   6    45    51
1377   581   7    69    169
1378   98   7    106    117
1379   1247   2    144    422
1380   596   2    128    419
1381   676   2    28    91
1382   636   4    151    47
1383   1298   2    112    205
1384   1193   2    136    435
1385   318   4    94    159
1386   240   2    95    174
1387   312   6    86    274
1388   95   4    144    289
1389   539   6    67    470
1390   32   3    28    385
1391   339   6    147    277
1392   528   4    67    448
1393   434   3    94    439
1394   654   6    118    205
1395   978   6    11    387
1396   1339   3    176    226
1397   25   4    18    88
1398   1138   2    19    244
1399   1362   3    160    340
1400   596   2    142    388
1401   1197   6    117    81
1402   953   6    52    43
1403   226   6    115    270
1404   1048   5    78    218
1405   840   3    22    330
1406   679   7    82    376
1407   1013   3    149    188
1408   178   3    49    147
1409   1333   6    61    450
1410   104   6    44    488
1411   1013   5    2    490
1412   1244   5    166    351
1413   930   6    125    293
1414   193   3    160    297
1415   836   7    123    449
1416   1079   5    55    229
1417   613   6    140    28
1418   1041   3    106    390
1419   229   4    26    284
1420   1025   4    121    194
1421   672   7    43    336
1422   353   2    77    418
1423   442   5    32    146
1424   1038   5    98    307
1425   1200   5    175    345
1426   119   7    64    38
1427   872   2    148    147
1428   1379   4    148    24
1429   100   2    149    11
1430   143   6    35    294
1431   1011   5    75    119
1432   1169   6    12    214
1433   365   6    169    35
1434   812   3    82    172
1435   66   4    66    52
1436   779   4    121    13
1437   1360   7    145    19
1438   1131   3    161    367
1439   1133   4    25    119
1440   173   7    138    45
1441   1422   7    5    164
1442   13   5    156    255
1443   1053   4    53    61
1444   1306   6    192    351
1445   92   3    97    407
1446   485   4    166    128
1447   1204   6    195    57
1448   860   7    73    447
1449   375   4    149    40
1450   603   7    9    95
1451   191   3    60    188
1452   616   3    40    297
1453   241   4    99    203
1454   1395   2    130    357
1455   622   3    119    17
1456   1371   7    143    11
1457   159   3    49    20
1458   1207   6    124    340
1459   1388   4    126    424
1460   218   6    66    486
1461   1206   5    16    230
1462   1286   5    69    250
1463   606   6    182    468
1464   536   4    44    147
1465   746   6    115    212
1466   1053   7    156    312
1467   278   4    186    323
1468   776   4    141    286
1469   1071   7    107    173
1470   73   2    125    385
1471   674   3    138    1
1472   1132   4    2    110
1473   1137   6    82    448
1474   1066   2    33    198
1475   660   3    92    209
1476   1328   3    155    58
1477   1389   7    148    396
1478   671   5    77    323
1479   461   4    155    203
1480   1421   6    79    43
1481   961   6    11    432
1482   1151   5    39    70
1483   112   3    124    478
1484   627   7    56    305
1485   1329   2    36    62
1486   685   6    16    203
1487   1429   3    61    299
1488   112   6    157    17
1489   1145   2    84    246
1490   699   3    32    328
1491   825   7    63    427
1492   499   7    160    93
1493   1471   4    191    412
1494   1319   4    70    26
1495   167   4    15    423
1496   170   2    162    310
1497   1291   7    82    22
1498   1017   4    81    413
1499   20   6    29    495
1500   1044   7    72    268
1501   401   3    43    194
1502   422   4    32    192
1503   205   5    36    327
1504   1131   6    119    93
1505   845   5    120    405
1506   60   7    25    414
1507   443   6    57    113
1508   1445   7    97    290
1509   521   4    1    353
1510   1073   3    192    166
1511   1503   3    67    66
1512   354   3    66    207
1513   1052   2    96    326
1514   1416   6    7    349
1515   532   5    21    96
1516   1277   2    101    498
1517   1320   5    102    199
1518   1336   5    87    206
1519   1477   2    74    97
1520   300   5    7    304
1521   898   2    171    152
1522   287   6    100    152
1523   1127   3    70    113
1524   159   5    25    369
1525   962   2    133    459
1526   154   2    160    242
1527   570   3    80    272
1528   609   7    31    282
1529   550   7    66    118
1530   1512   3    65    319
1531   205   3    62    418
1532   384   6    125    37
1533   615   2    126    137
1534   1319   4    190    74
1535   1102   4    180    455
1536   1364   2    48    408
1537   1350   3    12    204
1538   957   4    198    497
1539   379   5    126    126
1540   318   6    37    219
1541   616   7    53    121
1542   1094   2    31    241
1543   368   4    95    302
1544   1533   7    93    366
1545   1105   4    36    204
1546   570   7    91    285
1547   22   5    97    481
1548   1391   5    57    208
1549   710   7    108    374
1550   1246   6    123    178
1551   1169   2    14    23
1552   318   3    15    341
1553   261   2    162    175
1554   438   4    65    258
1555   709   2    75    288
1556   1508   2    82    443
1557   1551   5    168    169
1558   129   5    70    129
1559   1483   3    60    203
1560   964   6    95    382
1561   22   4    97    156
1562   767   6    44    25
1563   717   5    108    45
1564   1342   3    42    474
1565   394   6    50    419
1566   238   4    197    141
1567   238   4    43    52
1568   1430   5    74    69
1569   947   5    122    139
1570   458   2    76    331
1571   1249   5    37    494
1572   515   4    189    133
1573   599   3    28    11
1574   1328   4    185    416
1575   719   7    34    147
1576   984   7    105    407
1577   607   2    56    61
1578   1127   3    161    201
1579   1320   6    46    241
1580   365   3    164    128
1581   1028   2    11    152
1582   1485   6    74    211
1583   1430   3    80    382
1584   31   6    163    491
1585   49   7    2    475
1586   1099   2    118    3
1587   1546   3    124    4
1588   1394   3    84    29
1589   194   6    140    455
1590   1519   6    140    282
1591   1358   7    95    384
1592   896   3    129    326
1593   1290   2    37    498
1594   71   6    153    355
1595   475   4    175    47
1596   224   6    179    15
1597   800   7    131    36
1598   332   6    127    172
1599   1530   7    137    250
1600   1037   3    126    58
1601   600   6    89    4
1602   652   7    7    368
1603   203   5    119    493
1604   1376   3    141    405
1605   676   3    8    77
1606   1062   7    196    211
1607   635   2    188    285
1608   1534   4    75    91
1609   1422   2    103    44
1610   826   4    173    362
1611   800   3    45    38
1612   37   7    117    165
1613   1209   6    170    116
1614   1526   5    116    100
1615   547   7    89    26
1616   1501   2    113    66
1617   515   5    11    463
1618   482   4    46    491
1619   1096   6    159    322
1620   1349   6    61    50
1621   1378   6    17    492
1622   144   3    137    230
1623   122   7    38    152
1624   332   6    118    490
1625   750   6    192    181
1626   1181   7    163    408
1627   1465   6    41    391
1628   973   2    174    24
1629   663   4    145    49
1630   738   3    137    94
1631   337   5    7    228
1632   1286   2    136    201
1633   4   2    39    130
1634   120   4    187    18
1635   251   7    111    367
1636   784   4    184    261
1637   18   5    124    214
1638   1544   5    150    315
1639   1371   3    185    74
1640   1392   5    62    299
1641   37   5    182    489
1642   690   7    122    403
1643   1556   2    140    106
1644   1321   3    144    104
1645   1191   4    161    76
1646   834   2    46    210
1647   27   6    89    134
1648   1015   3    168    179
1649   704   2    76    138
1650   1284   3    144    281
1651   392   6    153    18
1652   1020   4    89    312
1653   1607   7    36    185
1654   1540   2    23    129
1655   956   4    16    460
1656   1126   7    171    441
1657   406   6    99    104
1658   1438   6    11    236
1659   487   5    148    232
1660   957   7    61    170
1661   744   4    132    487
1662   269   2    89    33
1663   559   6    12    434
1664   256   5    144    17
1665   875   3    68    87
1666   206   6    72    59
1667   590   7    140    75
1668   241   6    187    374
1669   202   4    3    142
1670   945   4    151    327
1671   936   2    126    261
1672   468   6    143    127
1673   1275   4    191    165
1674   1371   5    1    232
1675   328   6    45    172
1676   1285   7    95    57
1677   362   7    78    274
1678   1631   4    153    295
1679   870   7    151    5
1680   616   2    76    479
1681   206   7    49    131
1682   1035   7    91    101
1683   1053   2    167    171
1684   555   5    160    366
1685   1162   6    132    220
1686   932   7    168    334
1687   677   4    160    435
1688   79   5    11    76
1689   593   7    58    304
1690   256   4    61    249
1691   373   4    196    230
1692   810   5    6    327
1693   1159   2    186    420
1694   1408   5    63    411
1695   1308   5    161    477
1696   905   2    199    265
1697   1141   3    8    410
1698   1150   6    158    115
1699   1098   7    177    250
1700   712   2    24    293
1701   812   3    134    40
1702   885   6    146    37
1703   1146   4    12    65
1704   433   6    29    319
1705   207   3    148    426
1706   90   5    25    127
1707   1157   6    20    135
1708   461   5    21    221
1709   566   4    41    483
1710   1680   4    185    109
1711   1155   7    85    63
1712   388   5    30    422
1713   526   5    81    434
1714   1079   5    88    410
1715   745   2    82    98
1716   10   3    12    467
1717   596   6    79    161
1718   1669   5    39    127
1719   1646   3    76    100
1720   521   2    99    64
1721   1390   4    54    346
1722   1364   6    124    254
1723   962   5    98    163
1724   641   7    191    105
1725   691   7    103    147
1726   1461   4    101    50
1727   1117   3    193    141
1728   1226   2    104    101
1729   1295   4    146    464
1730   1097   5    141    253
1731   261   3    138    272
1732   669   2    79    43
1733   1026   2    98    338
1734   955   6    34    372
1735   1666   5    107    122
1736   2   7    192    411
1737   1652   7    95    120
1738   1625   4    78    148
1739   668   2    152    126
1740   1044   4    165    122
1741   246   4    182    333
1742   935   7    140    408
1743   1321   3    196    31
1744   1362   7    145    238
1745   1488   7    155    288
1746   290   2    35    297
1747   485   3    30    17
1748   651   7    197    87
1749   1343   6    28    430
1750   1455   4    58    324
1751   1611   5    83    440
1752   380   7    158    258
1753   478   5    120    24
1754   478   7    127    228
1755   1426   6    177    263
1756   155   7    73    443
1757   1454   6    75    422
1758   1113   7    117    234
1759   434   2    37    196
1760   175   5    36    230
1761   1759   2    51    374
1762   404   7    39    369
1763   1206   3    95    91
1764   50   7    108    206
1765   1706   4    1    144
1766   1705   4    122    197
1767   1731   3    144    311
1768   1281   6    7    289
1769   1181   3    130    377
1770   1451   5    136    459
1771   1519   5    113    57
1772   387   4    2    278
1773   636   7    104    53
1774   1348   4    164    178
1775   1602   6    146    197
1776   1190   3    60    328
1777   1763   6    61    24
1778   462   4    48    463
1779   1175   6    175    80
1780   1205   6    148    271
1781   1696   6    27    376
1782   1360   2    123    39
1783   1717   5    60    88
1784   886   7    177    226
1785   330   4    87    168
1786   1687   2    69    69
1787   39   2    75    45
1788   857   4    185    46
1789   355   3    88    193
1790   1201   4    75    36
1791   219   4    79    140
1792   1348   6    145    165
1793   668   6    91    174
1794   607   7    179    275
1795   1016   7    62    486
1796   829   5    38    11
1797   1602   7    164    95
1798   1234   2    176    439
1799   142   4    106    195
1800   276   3    51    169
1801   1216   3    192    72
1802   1429   4    10    207
1803   244   3    10    36
1804   577   5    137    460
1805   1119   4    31    45
1806   1457   4    66    22
1807   25   7    198    447
1808   977   5    38    233
1809   258   5    74    83
1810   153   4    99    16
1811   248   7    13    336
1812   142   5    43    103
1813   1254   4    2    299
1814   622   7    160    471
1815   1027   4    128    146
1816   1166   2    153    264
1817   560   5    147    308
1818   372   2    106    202
1819   900   3    154    101
1820   947   4    27    142
1821   234   5    142    219
1822   517   6    105    174
1823   323   4    51    73
1824   567   6    35    184
1825   665   2    49    321
1826   103   6    199    157
1827   1166   7    105    487
1828   972   6    71    20
1829   1527   4    6    290
1830   1555   6    69    292
1831   1104   7    168    6
1832   1556   7    169    246
1833   193   5    20    367
1834   1056   4    185    16
1835   342   6    175    482
1836   417   4    154    493
1837   758   3    96    198
1838   653   4    72    477
1839   1392   7    189    395
1840   1314   7    63    49
1841   91   4    31    126
1842   1561   5    136    440
1843   1519   3    159    348
1844   1540   2    125    366
1845   512   2    132    275
1846   205   4    15    9
1847   1070   7    2    73
1848   1801   3    105    204
1849   1150   7    6    375
1850   1357   3    61    83
1851   228   7    178    280
1852   149   5    189    491
1853   898   7    162    375
1854   170   4    150    58
1855   654   3    25    325
1856   309   4    24    409
1857   843   7    172    207
1858   891   2    88    56
1859   1611   6    20    217
1860   1148   5    181    495
1861   74   7    174    118
1862   271   3    148    409
1863   105   5    33    143
1864   1756   5    193    343
1865   237   5    64    339
1866   1406   2    65    211
1867   295   3    26    380
1868   40   3    29    65
1869   792   2    2    266
1870   992   7    8    256
1871   1654   5    12    496
1872   1620   2    93    14
1873   844   2    48    105
1874   1217   4    7    62
1875   1205   6    61    129
1876   1811   6    80    154
1877   1082   3    73    278
1878   1471   5    139    172
1879   662   7    79    448
1880   1168   7    10    52
1881   842   7    81    67
1882   176   6    87    258
1883   1414   4    45    313
1884   1239   3    137    165
1885   1441   2    88    241
1886   1018   5    70    33
1887   255   3    61    229
1888   1497   6    91    149
1889   1538   7    186    317
1890   1106   3    51    394
1891   909   6    148    182
1892   370   3    172    49
1893   325   2    122    34
1894   1746   6    52    389
1895   1687   7    76    34
1896   626   7    10    301
1897   981   2    16    235
1898   1740   2    186    313
1899   472   5    3    470
1900   512   2    67    10
1901   874   7    157    388
1902   1193   7    111    177
1903   1177   2    104    200
1904   1488   7    46    343
1905   1386   5    99    302
1906   1753   3    148    463
1907   797   3    83    218
1908   1209   2    166    76
1909   265   7    185    155
1910   1323   4    184    312
1911   1375   2    13    147
1912   494   4    9    331
1913   859   5    101    160
1914   597   5    55    317
1915   237   4    17    29
1916   805   4    120    432
