1   0   2    15    302
2   1   3    105    121
3   1   7    31    314
4   2   5    24    469
5   1   6    66    171
6   2   4    22    208
7   3   7    69    374
8   4   4    193    365
9   5   2    191    322
10   8   7    3    78
11   3   4    161    247
12   4   7    64    382
13   5   2    103    14
14   9   7    197    67
15   10   7    39    145
16   4   5    187    368
17   14   5    11    464
18   1   4    183    427
19   17   6    124    296
20   8   3    153    54
21   18   7    25    96
22   5   4    63    303
23   5   3    20    150
24   13   2    158    77
25   4   3    100    245
26   10   4    17    428
27   22   2    10    369
28   13   3    33    75
29   22   5    77    347
30   20   2    45    410
31   5   5    173    144
32   16   4    118    279
33   18   3    173    455
34   12   5    172    301
35   32   3    100    54
36   6   6    139    86
37   9   2    127    301
38   31   4    75    340
39   24   4    54    452
40   15   5    197    186
41   8   4    178    471
42   36   6    13    270
43   41   2    183    304
44   41   7    52    281
45   36   4    96    433
46   13   6    150    83
47   2   2    151    354
48   24   6    95    310
49   41   6    24    195
50   3   2    179    497
51   37   3    67    141
52   37   6    20    321
53   19   2    129    417
54   33   6    137    469
55   20   3    142    405
56   10   7    188    489
57   37   7    198    464
58   18   3    100    378
59   46   5    27    7
60   58   7    37    412
61   5   7    108    351
62   10   2    166    109
63   51   7    173    331
64   51   6    43    323
65   29   3    1    330
66   34   6    101    418
67   30   7    173    133
68   47   7    143    223
69   35   5    171    215
70   46   6    182    233
71   58   4    118    318
72   40   7    107    346
73   40   7    19    92
74   65   7    16    354
75   47   7    61    389
76   31   3    144    71
77   30   5    32    52
78   30   6    171    113
79   8   6    196    67
80   70   3    61    117
81   59   7    178    394
82   47   5    197    249
83   46   2    57    113
84   36   3    125    393
85   13   5    151    9
86   68   5    171    299
87   22   7    134    82
88   23   3    20    117
89   22   2    27    338
90   22   5    86    494
91   62   2    79    260
92   2   6    188    126
93   64   7    61    112
94   3   5    3    451
95   12   4    192    424
96   16   5    103    253
97   73   7    44    478
98   8   3    144    302
99   28   2    83    38
100   41   2    38    459
101   31   7    4    187
102   85   5    179    77
103   10   3    176    143
104   52   6    45    35
105   6   2    31    343
106   82   5    56    227
107   80   6    68    100
108   14   7    27    62
109   27   7    104    493
110   13   5    40    144
111   81   4    66    234
112   85   6    113    88
113   60   5    77    48
114   11   7    92    52
115   8   7    131    35
116   33   7    113    128
117   4   7    106    394
118   89   7    39    65
119   81   4    51    34
120   93   6    101    444
121   78   7    62    112
122   15   6    178    464
123   20   3    73    430
124   39   5    56    253
125   99   5    113    170
126   107   5    67    293
127   118   4    44    63
128   50   2    139    444
129   64   6    120    403
130   73   7    47    229
131   116   3    185    1
132   123   7    164    400
133   64   4    196    151
134   106   2    100    364
135   71   2    11    433
136   28   2    2    436
137   135   7    77    356
138   113   5    112    182
139   21   7    139    35
140   75   7    88    463
141   65   2    19    468
142   33   3    149    140
143   29   3    117    262
144   64   4    195    339
145   115   7    150    33
146   31   4    126    96
147   55   5    65    368
148   135   4    28    439
149   109   7    16    148
150   85   5    16    323
151   67   7    11    408
152   108   5    127    191
153   88   5    143    121
154   74   7    190    408
155   109   4    162    161
156   39   4    89    472
157   40   7    130    493
158   129   4    59    464
159   34   4    64    76
160   82   4    35    60
161   121   3    59    3
162   159   7    97    479
163   114   6    123    91
164   73   5    58    8
165   161   4    94    159
166   127   5    148    78
167   52   7    177    456
168   164   6    61    174
169   161   4    117    334
170   140   2    78    496
171   15   5    111    452
172   14   6    194    328
173   10   3    60    309
174   49   7    116    493
175   32   3    150    274
176   142   7    153    367
177   48   3    142    194
178   73   3    101    426
179   26   2    91    49
180   129   7    107    422
181   9   5    196    74
182   139   4    198    188
183   65   6    5    62
184   37   7    168    83
185   80   7    72    19
186   165   6    105    498
187   78   2    130    442
188   46   7    48    13
189   83   3    144    370
190   166   5    112    316
191   49   7    36    92
192   53   6    107    14
193   3   6    75    243
194   117   4    165    487
195   146   2    23    291
196   104   7    10    331
197   47   6    54    49
198   43   3    65    99
199   122   5    181    480
200   80   7    143    423
201   21   2    54    282
202   195   4    122    23
203   174   6    197    406
204   16   5    145    105
205   79   5    32    158
206   204   7    34    193
207   76   6    133    24
208   100   5    108    342
209   200   3    179    306
210   61   2    76    380
211   85   3    129    360
212   84   2    47    150
213   119   6    110    322
214   95   5    13    334
215   146   2    83    480
216   180   5    196    159
217   124   2    18    377
218   138   2    40    205
219   199   5    65    189
220   185   4    77    194
221   179   5    13    447
222   175   5    170    102
223   181   6    113    460
224   222   7    73    354
225   205   4    188    407
226   131   3    190    364
227   137   3    185    319
228   18   7    168    19
229   196   7    156    74
230   50   7    77    440
231   148   5    88    102
232   199   6    81    175
233   130   2    54    35
234   168   2    19    205
235   194   7    170    20
236   99   3    36    431
237   220   5    151    64
238   21   3    198    133
239   114   5    137    484
240   230   2    163    358
241   209   5    167    327
242   167   4    161    303
243   203   7    86    415
244   227   2    54    375
245   154   4    60    333
246   30   2    146    408
247   229   7    7    378
248   31   5    80    319
249   119   4    32    447
250   245   4    114    269
251   2   6    115    322
252   55   5    23    16
253   188   3    151    352
254   39   4    71    33
255   249   6    44    10
256   108   5    60    438
257   151   6    188    301
258   171   6    15    381
259   1   6    134    362
260   230   6    187    326
261   165   5    89    444
262   46   6    32    159
263   250   5    65    182
264   204   4    156    139
265   254   2    183    340
266   215   2    62    17
267   91   3    77    485
268   240   2    130    136
269   125   7    115    73
270   218   5    69    350
271   92   6    138    33
272   97   5    48    29
273   33   7    80    409
274   70   2    93    156
275   35   5    39    60
276   250   7    3    92
277   25   6    135    424
278   181   4    43    330
279   176   6    188    76
280   152   5    129    3
281   253   3    37    370
282   178   4    43    21
283   177   3    120    249
284   32   2    4    448
285   194   5    40    211
286   237   4    94    79
287   174   2    66    131
288   249   2    66    186
289   243   6    26    236
290   127   2    31    16
291   121   2    28    86
292   67   7    27    44
293   116   3    120    172
294   233   4    158    4
295   8   7    185    408
296   222   5    143    57
297   173   2    167    355
298   23   7    58    197
299   181   5    129    211
300   114   4    37    291
301   53   7    11    493
302   62   4    18    499
303   196   2    70    442
304   140   3    180    372
305   213   2    160    323
306   201   4    150    164
307   206   3    195    192
308   41   5    164    59
309   212   2    40    163
310   241   7    83    215
311   216   7    69    294
312   137   3    112    109
313   257   7    112    396
314   302   5    94    440
315   1   2    48    92
316   198   7    22    367
317   205   4    171    212
318   64   5    185    423
319   302   6    104    166
320   197   2    110    19
321   309   3    101    205
322   239   5    159    355
323   8   6    166    359
324   251   6    172    224
325   78   2    100    488
326   260   5    180    321
327   5   3    11    348
328   240   7    25    226
329   164   6    152    345
330   312   4    41    381
331   174   5    22    20
332   50   2    131    150
333   23   2    48    116
334   274   3    171    481
335   130   5    180    183
336   227   7    56    203
337   49   3    85    226
338   149   7    89    265
339   268   3    164    190
340   134   4    31    36
341   114   4    9    465
342   266   3    135    475
343   272   7    132    25
344   339   7    124    388
345   254   4    159    316
346   306   7    188    192
347   135   2    123    102
348   53   5    138    261
349   63   2    8    497
350   314   6    37    438
351   54   3    144    29
352   86   4    66    44
353   30   7    126    41
354   303   3    9    259
355   289   3    83    303
356   269   4    54    31
357   160   5    90    160
358   125   5    172    296
359   267   5    54    438
360   358   3    62    102
361   276   6    181    239
362   274   4    14    414
363   57   6    94    322
364   207   6    134    363
365   160   6    121    474
366   58   2    87    69
367   347   5    154    95
368   257   5    118    102
369   252   4    57    163
370   59   2    155    254
371   240   3    6    272
372   87   4    133    421
373   366   3    54    299
374   45   7    17    344
375   333   2    189    92
376   274   5    52    78
377   256   6    26    460
378   141   7    143    63
379   202   6    64    239
380   67   7    91    466
381   170   2    1    291
382   321   2    168    476
383   208   6    14    89
384   41   5    96    124
385   143   3    5    160
386   91   7    1    110
387   286   2    19    23
388   25   6    47    318
389   344   3    169    3
390   293   4    142    336
391   309   4    87    413
392   25   2    68    374
393   231   6    50    441
394   112   7    198    224
395   276   6    89    59
396   133   4    192    135
397   314   6    87    263
398   32   2    134    432
399   153   4    167    23
400   179   7    58    333
401   295   6    149    140
402   56   3    11    273
403   354   3    154    294
404   332   4    39    495
405   200   4    122    141
406   262   6    191    119
407   251   5    180    493
408   303   5    47    243
409   273   3    195    482
410   289   7    37    88
411   223   7    10    138
412   200   4    61    485
413   79   4    65    275
414   297   4    80    182
415   366   5    57    356
416   185   3    121    367
417   260   3    160    21
418   259   5    29    243
419   343   5    92    430
420   58   2    5    337
421   187   7    177    206
422   38   6    127    75
423   375   4    30    383
424   420   3    94    381
425   70   6    153    343
426   99   7    118    61
427   230   3    151    184
428   285   7    111    382
429   87   2    62    461
430   282   5    196    118
431   243   3    158    486
432   171   4    195    167
433   338   2    134    218
434   222   4    115    164
435   341   2    3    205
436   380   2    89    452
437   159   5    36    82
438   357   5    91    463
439   174   3    124    406
440   86   5    158    19
441   275   2    62    250
442   259   7    118    125
443   199   2    21    66
444   267   3    82    405
445   393   3    42    238
446   249   6    87    70
447   144   4    102    332
448   73   3    13    493
449   279   6    12    250
450   190   3    140    159
451   340   3    82    100
452   291   5    179    485
453   226   7    105    271
454   176   2    52    60
455   296   6    34    316
456   329   5    167    490
457   270   6    146    95
458   305   4    187    180
459   439   6    79    214
460   33   7    1    278
461   258   2    157    394
462   259   7    8    419
463   148   3    22    65
464   462   5    72    303
465   56   4    145    304
466   165   2    25    282
467   285   2    199    13
468   108   6    8    486
469   209   6    66    353
470   436   7    67    152
471   107   4    65    429
472   160   7    45    92
473   88   3    88    308
474   289   7    117    129
475   268   7    64    77
476   86   2    163    11
477   99   7    10    216
478   22   5    144    175
479   353   5    123    138
480   406   3    100    86
481   378   5    18    19
482   27   5    108    256
483   254   7    84    239
484   200   7    197    206
485   108   6    85    336
486   240   3    122    112
487   242   5    172    167
488   159   3    118    465
489   112   2    130    217
490   88   5    90    142
491   393   3    99    355
492   241   2    82    483
493   1   4    155    432
494   350   6    118    82
495   174   4    181    445
496   392   5    163    263
497   113   2    173    218
498   286   2    63    384
499   220   2    77    123
500   319   6    142    497
501   168   6    163    47
502   225   3    94    251
503   373   5    92    427
504   224   6    144    243
505   25   3    174    133
506   3   2    58    265
507   83   2    18    314
508   359   4    186    386
509   158   4    125    448
510   432   6    190    149
511   493   5    191    34
512   224   7    161    332
513   52   4    26    165
514   420   7    18    3
515   491   3    194    343
516   8   3    163    4
517   106   2    169    28
518   465   2    88    324
519   313   5    176    433
520   373   3    171    339
521   278   6    70    315
522   239   5    183    224
523   266   2    67    58
524   387   7    77    295
525   166   5    176    290
526   389   4    133    426
527   438   3    179    155
528   327   4    195    363
529   437   3    132    64
530   495   4    8    180
531   252   3    121    276
532   341   7    175    273
533   87   6    154    468
534   504   5    27    307
535   222   6    63    141
536   377   4    108    176
537   328   7    15    328
538   430   4    54    468
539   512   7    90    472
540   487   2    153    72
541   493   7    127    320
542   111   3    159    22
543   22   6    179    455
544   533   5    57    165
545   34   2    157    465
546   269   5    145    440
547   148   4    98    230
548   115   7    167    420
549   291   5    95    395
550   515   4    86    298
551   365   3    158    445
552   230   3    15    309
553   298   5    23    258
554   461   6    29    289
555   286   2    142    320
556   228   7    166    234
557   219   2    30    492
558   443   3    117    26
559   134   7    179    309
560   233   5    72    287
561   408   5    13    281
562   368   5    177    205
563   356   6    161    398
564   30   5    46    457
565   382   4    121    368
566   15   6    106    96
567   182   3    117    371
568   74   6    58    124
569   8   2    98    11
570   262   5    72    19
571   63   4    38    247
572   517   6    24    246
573   401   6    42    281
574   521   3    133    170
575   523   4    154    37
576   44   7    85    213
577   304   7    197    289
578   436   6    42    210
579   466   6    196    69
580   485   2    178    24
581   357   5    108    203
582   344   2    31    250
583   433   3    41    261
584   479   6    4    11
585   67   7    43    377
586   207   7    161    146
587   349   2    48    321
588   175   5    86    459
589   165   7    34    332
590   82   2    95    12
591   500   3    183    57
592   368   5    118    319
593   544   7    100    465
594   375   3    43    21
595   213   5    148    472
596   5   7    62    82
597   572   7    56    109
598   352   6    69    18
599   40   7    94    395
600   307   7    105    23
601   353   5    122    472
602   69   2    37    16
603   366   2    28    272
604   346   4    14    243
605   123   4    121    28
606   307   6    169    67
607   371   7    44    220
608   219   4    16    37
609   442   7    74    52
610   446   5    119    417
611   364   6    10    20
612   77   3    151    96
613   486   4    180    14
614   276   3    11    166
615   101   5    115    39
616   333   4    190    299
617   591   5    35    76
618   171   6    184    140
619   522   6    176    333
620   46   6    171    477
621   47   4    12    60
622   435   5    72    390
623   299   6    105    50
624   313   3    94    42
625   33   7    187    2
626   453   5    173    31
627   589   3    154    238
628   444   5    149    419
629   466   4    176    395
630   549   5    196    109
631   62   3    173    498
632   172   5    146    412
633   268   7    59    316
634   278   7    118    1
635   122   6    133    18
636   176   3    151    233
637   489   6    112    431
638   300   4    120    379
639   389   3    102    175
640   205   5    130    180
641   460   6    114    3
642   236   2    192    76
643   611   7    98    274
644   474   6    190    294
645   608   5    135    231
646   296   6    56    394
647   12   2    19    160
648   312   5    143    417
649   169   6    108    378
650   10   7    171    5
651   324   6    109    467
652   137   5    120    187
653   212   2    142    187
654   293   6    179    207
655   35   2    199    414
656   646   3    30    129
657   411   3    6    271
658   500   3    118    169
659   307   6    133    248
660   70   7    157    255
661   84   3    88    128
662   382   7    86    445
663   504   2    97    420
664   70   2    60    220
665   572   7    174    222
666   365   7    177    411
667   461   4    196    155
668   564   5    167    78
669   598   5    99    375
670   657   3    63    263
671   68   6    187    141
672   15   2    159    417
673   419   3    40    470
674   377   4    76    101
675   200   5    54    30
676   579   4    196    351
677   469   4    87    437
678   451   3    150    364
679   365   4    36    424
680   99   3    177    126
681   221   4    129    165
682   256   6    185    119
683   134   6    110    202
684   419   3    40    27
685   208   4    74    416
686   302   2    44    212
687   295   4    59    107
688   244   7    98    198
689   522   4    20    21
690   147   4    107    152
691   354   5    49    381
692   582   4    26    274
693   601   5    89    4
694   173   4    154    247
695   171   6    42    14
696   243   4    127    60
697   9   3    48    493
698   308   6    169    342
699   287   3    154    432
700   339   2    78    362
701   608   4    176    200
702   338   5    122    7
703   489   5    188    478
704   103   7    130    75
705   148   3    175    445
706   410   5    66    3
707   168   5    186    59
708   135   2    86    139
709   191   5    163    289
710   169   6    184    296
711   197   4    163    468
712   477   2    150    293
713   428   3    152    481
714   317   7    71    202
715   523   6    196    230
716   701   2    198    483
717   368   5    48    111
718   326   3    107    294
719   415   5    175    149
720   346   6    10    362
721   532   2    3    183
722   672   6    73    17
723   123   6    114    194
724   92   4    191    68
725   117   4    90    474
726   176   3    143    341
727   294   6    160    144
728   471   6    56    470
729   383   2    137    259
730   65   2    165    365
731   342   4    125    4
732   587   4    138    120
733   540   3    45    143
734   333   7    95    485
735   436   4    115    446
736   415   4    191    404
737   106   6    81    212
738   434   3    59    285
739   402   3    61    92
740   29   4    173    496
741   709   3    51    382
742   299   2    159    222
743   682   3    30    390
744   582   6    169    444
745   555   4    27    259
746   371   5    141    183
747   307   6    83    180
748   657   7    16    461
749   335   5    93    119
750   486   3    157    479
751   659   4    47    113
752   170   7    16    467
753   377   3    81    122
754   655   6    151    477
755   457   2    133    176
756   637   6    63    17
757   564   4    55    363
758   200   4    94    118
759   239   5    99    240
760   449   4    153    325
761   227   2    153    108
762   477   4    48    410
763   268   2    113    281
764   106   7    51    221
765   746   4    51    336
766   418   6    159    55
767   608   3    66    11
768   386   6    34    408
769   452   4    24    21
770   183   7    197    474
771   567   6    138    81
772   230   4    7    106
773   216   4    65    390
774   140   5    47    392
775   511   5    97    265
776   672   3    63    113
777   532   2    102    166
778   469   3    70    240
779   262   6    73    481
780   749   4    151    432
781   542   6    21    261
782   567   6    38    497
783   133   6    126    463
784   36   6    152    203
785   741   6    153    301
786   746   7    123    70
787   636   3    73    295
788   467   3    61    208
789   90   7    32    310
790   598   3    152    41
791   677   2    99    136
792   671   4    192    296
793   173   7    55    57
794   737   5    59    339
795   462   2    18    477
796   144   7    165    148
797   603   7    178    389
798   417   4    27    170
799   72   5    104    7
800   540   6    51    19
801   581   2    177    120
802   64   5    24    256
803   684   4    140    302
804   752   5    175    469
805   358   3    174    396
806   160   6    26    228
807   166   5    179    118
808   330   5    196    198
809   334   5    90    362
810   267   3    63    119
811   371   7    158    150
812   657   2    184    391
813   616   3    190    447
814   684   7    101    316
815   109   7    1    15
816   44   3    96    269
817   743   2    29    75
818   528   5    191    2
819   715   3    159    143
820   736   2    73    205
821   48   5    2    121
822   102   5    184    394
823   158   3    123    67
824   183   6    104    435
825   608   7    142    340
826   763   4    145    35
827   373   5    29    190
828   522   4    147    174
829   793   5    74    202
830   163   2    20    271
831   735   5    91    313
832   640   6    11    438
833   140   7    15    20
834   58   6    176    389
835   459   4    122    93
836   315   4    170    249
837   48   5    42    111
838   756   6    67    388
839   180   4    53    338
840   811   7    53    418
841   79   5    91    279
842   669   6    82    448
843   162   7    87    219
844   511   2    129    238
845   2   2    171    378
846   728   2    11    401
847   718   7    144    282
848   521   4    66    289
849   718   6    35    351
850   815   5    42    407
851   241   3    129    423
852   772   7    97    236
853   271   3    127    87
854   128   4    86    461
855   338   6    112    484
856   425   5    60    420
857   579   4    19    211
858   175   6    132    223
859   276   7    114    335
860   454   5    73    459
861   604   5    22    106
862   823   2    124    188
863   576   3    101    332
864   359   6    92    2
865   368   4    184    248
866   48   7    163    3
867   476   3    98    297
868   199   3    58    234
869   63   5    118    154
870   288   2    151    423
871   17   3    145    357
872   180   7    120    131
873   283   2    101    288
874   7   2    20    138
875   608   5    108    329
876   659   4    139    124
877   104   6    95    433
878   593   3    11    187
879   168   2    127    253
880   676   5    123    35
881   55   7    2    39
882   414   2    6    462
883   541   5    27    50
884   588   3    16    10
885   180   7    187    4
886   670   4    110    419
887   861   5    132    415
888   779   7    55    276
889   713   5    42    93
890   14   2    13    122
891   667   2    127    397
892   70   3    197    174
893   262   4    92    84
894   163   7    30    445
895   723   6    29    457
896   890   2    169    489
897   99   5    126    409
898   450   7    116    80
899   561   4    118    179
900   512   3    131    63
901   213   5    59    267
902   457   6    189    492
903   369   2    198    273
904   510   6    25    407
905   831   6    116    155
906   221   6    117    181
907   362   6    193    372
908   348   4    132    435
909   482   6    126    77
910   705   4    93    329
911   278   2    33    310
912   616   5    88    97
913   889   3    112    129
914   515   2    108    482
915   909   7    6    179
916   761   3    79    284
917   42   4    179    154
918   807   3    170    324
919   617   5    101    314
920   239   2    97    375
921   499   2    133    316
922   853   4    174    66
923   636   4    104    360
924   228   5    107    366
925   447   2    86    235
926   224   4    23    47
927   554   2    158    310
928   678   6    3    479
929   525   6    169    357
930   763   7    37    94
931   284   5    29    19
932   583   4    120    363
933   792   4    81    257
934   197   2    70    270
935   29   4    100    224
936   154   4    79    143
937   158   3    106    66
938   410   3    51    389
939   684   5    144    58
940   8   4    154    35
941   882   5    158    48
942   52   2    134    80
943   57   2    138    466
944   764   6    167    391
945   451   7    107    314
946   529   2    161    342
947   688   2    140    107
948   587   2    28    43
949   406   5    53    289
950   358   5    113    280
951   296   3    137    406
952   610   6    74    291
953   104   4    5    493
954   617   4    127    488
955   731   7    189    374
956   730   2    140    166
957   218   4    40    413
958   622   6    39    378
959   327   2    145    5
960   929   7    67    200
961   859   2    111    373
962   33   2    76    236
963   836   7    139    90
964   704   2    15    300
965   892   5    8    107
966   445   3    84    415
967   96   4    189    26
968   692   7    198    186
969   349   2    148    433
970   796   5    37    150
971   154   4    153    230
972   905   4    45    221
973   721   7    187    235
974   47   5    145    102
975   338   3    59    485
976   207   6    183    455
977   886   7    68    105
978   735   3    178    189
979   44   4    135    27
980   891   4    73    244
981   327   6    34    1
982   128   2    130    242
983   146   3    17    261
984   774   7    54    461
985   279   6    139    164
986   388   7    53    439
987   114   6    78    76
988   503   3    131    458
989   132   3    185    115
990   324   2    13    347
991   160   6    192    480
992   526   7    153    496
993   839   2    17    308
994   820   5    182    83
995   129   7    93    108
996   68   3    12    98
997   739   5    2    90
998   584   6    199    41
999   590   2    111    300
1000   201   3    46    238
1001   312   3    58    238
1002   602   2    110    83
1003   14   5    2    94
1004   106   5    123    117
1005   337   4    136    33
1006   253   7    35    69
1007   230   5    64    498
1008   195   4    160    21
1009   864   5    39    365
1010   182   3    150    77
1011   376   5    37    175
1012   691   6    7    63
1013   566   6    16    403
1014   678   4    167    103
1015   258   7    114    88
1016   632   7    75    346
1017   663   2    167    466
1018   358   5    99    387
1019   667   5    53    77
1020   326   2    175    227
1021   237   6    143    321
1022   601   5    7    156
1023   661   5    144    167
1024   45   6    169    475
1025   666   7    28    493
1026   115   7    93    343
1027   463   6    126    159
1028   677   2    127    255
1029   265   2    31    134
1030   81   4    27    57
1031   843   5    155    381
1032   849   5    53    211
1033   297   7    177    62
1034   582   7    9    422
1035   88   6    40    155
1036   737   7    191    61
1037   739   7    75    317
1038   575   6    198    281
1039   877   4    6    342
1040   726   7    20    11
1041   62   6    1    42
1042   680   7    28    423
1043   539   6    113    345
1044   941   6    75    156
1045   1025   3    78    9
1046   367   3    61    372
1047   364   5    21    437
