1   0   2    16    102
2   1   7    56    19
3   1   7    109    227
4   2   7    54    73
5   1   7    198    336
6   4   3    46    43
7   5   6    198    304
8   2   7    18    390
9   1   3    56    494
10   5   2    197    288
11   4   2    47    192
12   10   4    23    300
13   11   6    163    237
14   1   6    91    210
15   5   7    121    317
16   11   2    138    59
17   2   4    150    40
18   14   6    98    90
19   15   4    69    74
20   10   5    190    81
21   16   6    52    455
22   3   4    19    230
23   1   6    189    24
24   21   2    167    458
25   12   3    187    459
26   6   6    73    394
27   1   2    121    436
28   16   3    37    338
29   21   7    29    20
30   28   6    109    68
31   9   5    140    220
32   3   6    68    137
33   23   6    10    228
34   11   5    199    331
35   31   4    106    14
36   2   4    148    222
37   22   3    117    161
38   18   7    112    19
39   28   2    153    334
40   27   4    179    298
41   17   2    42    479
42   21   4    3    293
43   35   2    120    108
44   39   7    81    147
45   41   6    107    406
46   28   4    111    122
47   12   5    6    346
48   14   5    3    57
49   19   7    147    35
50   8   4    152    438
51   17   5    29    284
52   7   4    132    316
53   16   2    86    3
54   7   5    11    183
55   53   7    146    495
56   45   5    76    331
57   45   3    77    45
58   22   4    112    410
59   22   4    107    339
60   22   5    84    344
61   58   6    19    189
62   8   6    76    218
63   2   2    164    168
64   10   3    54    413
65   9   2    7    395
66   11   3    34    104
67   48   5    185    368
68   13   4    18    481
69   47   7    75    439
70   32   2    47    24
71   47   3    188    292
72   65   6    94    320
73   41   7    115    55
74   47   5    53    347
75   39   7    114    359
76   70   6    76    113
77   22   6    165    458
78   23   6    153    494
79   11   7    72    212
80   58   5    152    361
81   79   4    100    35
82   58   6    66    447
83   35   3    76    310
84   30   3    32    174
85   17   2    79    432
86   6   7    132    425
87   65   2    71    93
88   85   3    79    189
89   8   7    154    68
90   38   5    45    110
91   63   2    182    389
92   26   7    136    347
93   85   5    10    107
94   15   4    18    92
95   46   5    122    229
96   27   2    139    361
97   70   3    144    220
98   65   3    19    388
99   93   7    194    453
100   27   4    13    71
101   12   3    37    394
102   10   5    182    32
103   11   2    190    102
104   80   3    117    87
105   43   6    76    6
106   16   5    89    319
107   93   7    1    417
108   58   3    128    96
109   13   2    142    266
110   76   6    98    195
111   67   4    52    450
112   76   2    146    495
113   24   7    40    205
114   14   3    76    306
115   13   5    113    69
116   4   6    172    126
117   101   3    90    471
118   88   4    150    272
119   69   4    153    478
120   101   3    21    92
121   43   5    140    468
122   75   5    40    426
123   96   5    12    368
124   88   4    49    85
125   85   5    163    438
126   58   6    158    95
127   114   3    182    70
128   123   4    193    126
129   24   2    183    160
130   16   7    61    446
131   91   2    165    351
132   63   4    154    48
133   61   5    23    264
134   114   7    121    7
135   121   3    140    430
136   78   5    49    214
137   80   2    30    194
138   35   2    46    159
139   26   2    57    219
140   87   2    33    175
141   66   2    73    314
142   42   4    190    465
143   118   3    20    89
144   71   5    181    493
145   79   5    136    391
146   20   6    67    58
147   31   6    139    40
148   123   5    80    440
149   116   2    105    408
150   85   6    3    338
151   25   6    79    323
152   54   5    12    92
153   25   2    26    422
154   90   6    138    107
155   40   7    70    152
156   91   5    70    258
157   138   3    175    125
158   156   6    149    388
159   17   5    25    77
160   116   3    135    462
161   2   7    81    356
162   16   2    187    108
163   25   6    52    307
164   152   6    58    369
165   33   7    169    337
166   52   4    170    127
167   82   6    109    406
168   54   5    121    490
169   14   5    81    36
170   4   3    137    349
171   10   2    73    276
172   155   2    29    117
173   84   6    79    215
174   109   5    170    385
175   146   3    177    353
176   28   2    197    488
177   80   5    197    365
178   25   6    70    84
179   11   5    167    434
180   26   6    98    427
181   35   3    198    184
182   53   5    181    349
183   137   5    7    161
184   6   4    112    267
185   22   2    156    178
186   13   3    88    242
187   76   7    36    360
188   158   3    138    490
189   169   2    94    464
190   2   7    43    326
191   160   2    116    289
192   157   2    128    293
193   112   7    24    258
194   107   7    185    359
195   45   4    182    476
196   52   4    180    404
197   174   5    81    235
198   119   3    108    483
199   8   7    180    33
200   149   5    23    434
201   147   4    31    491
202   54   3    198    155
203   158   3    132    485
204   10   3    181    230
205   46   6    136    119
206   6   7    51    134
207   60   7    199    476
208   101   4    192    437
209   174   4    6    312
210   97   4    12    102
211   45   6    170    197
212   148   4    81    208
213   113   7    88    118
214   155   7    102    431
215   105   6    110    445
216   61   6    187    138
217   190   2    103    158
218   153   7    52    487
219   158   6    125    482
220   77   7    19    224
221   134   4    105    27
222   193   3    52    187
223   7   2    115    305
224   17   5    63    326
225   155   4    141    21
226   90   7    84    40
227   166   3    66    302
228   26   3    92    411
229   114   2    136    168
230   150   3    110    356
231   160   5    137    222
232   41   4    12    434
233   209   4    80    464
234   122   5    171    253
235   136   6    111    342
236   100   7    191    239
237   132   7    55    349
238   63   4    132    401
239   186   5    110    303
240   148   6    127    403
241   69   3    112    420
242   233   3    190    196
243   102   4    96    131
244   194   3    62    253
245   106   6    170    399
246   167   2    182    229
247   76   3    21    136
248   22   7    153    71
249   54   5    144    449
250   239   2    79    337
251   73   3    19    252
252   11   2    130    231
253   212   7    151    483
254   196   2    29    357
255   239   7    93    443
256   235   5    13    308
257   55   7    109    100
258   214   7    188    334
259   201   6    129    3
260   201   3    46    186
261   38   6    22    104
262   153   6    145    309
263   235   7    79    27
264   235   4    58    306
265   131   5    44    159
266   259   2    127    24
267   103   7    130    373
268   60   6    3    29
269   129   6    2    76
270   203   6    116    454
271   19   3    83    415
272   236   4    6    116
273   206   7    133    121
274   179   4    36    155
275   68   5    191    125
276   142   6    72    266
277   162   7    27    422
278   124   2    102    89
279   264   5    16    430
280   188   7    18    19
281   208   3    152    316
282   82   7    15    45
283   241   6    146    154
284   211   5    43    122
285   23   2    121    207
286   51   7    80    238
287   202   5    10    110
288   104   3    199    151
289   34   3    127    453
290   121   4    149    278
291   100   5    46    241
292   241   2    129    95
293   43   6    150    211
294   62   6    106    42
295   287   7    24    417
296   144   4    110    472
297   282   2    166    318
298   259   2    41    125
299   2   7    16    243
300   250   3    12    381
301   117   7    64    400
302   83   2    159    72
303   277   2    41    150
304   219   2    30    86
305   73   7    80    278
306   276   5    57    170
307   196   5    108    295
308   231   2    53    295
309   279   4    68    9
310   109   5    49    461
311   305   6    83    269
312   299   4    135    376
313   120   4    157    138
314   5   5    157    394
315   271   4    111    432
316   181   2    102    22
317   19   3    199    438
318   291   2    23    456
319   239   2    115    243
320   279   2    146    245
321   65   5    159    202
322   237   3    177    267
323   41   5    92    99
324   240   3    140    5
325   99   5    135    352
326   273   2    60    435
327   255   7    22    373
328   18   6    42    112
329   6   7    147    67
330   143   5    154    41
331   284   4    150    289
332   172   7    162    29
333   141   4    82    166
334   68   4    40    483
335   9   6    56    330
336   199   3    112    312
337   18   7    30    327
338   238   5    129    79
339   242   3    26    422
340   19   3    18    117
341   326   3    115    26
342   286   7    116    293
343   76   5    158    180
344   105   6    135    199
345   154   3    150    257
346   43   2    121    46
347   269   2    171    331
348   238   2    49    310
349   178   2    195    321
350   180   3    148    271
351   149   4    18    157
352   309   3    134    393
353   147   7    55    391
354   152   4    190    286
355   271   3    15    380
356   294   5    91    69
357   290   7    54    125
358   349   4    94    465
359   231   4    141    260
360   140   7    28    377
361   54   5    38    468
362   22   6    77    251
363   305   2    53    151
364   110   3    42    392
365   293   2    94    436
366   353   5    39    15
367   317   3    81    324
368   281   5    2    472
369   275   3    169    237
370   150   6    68    3
371   92   5    37    165
372   137   2    41    284
373   330   6    74    31
374   236   5    87    466
375   54   7    110    92
376   204   3    193    194
377   162   7    176    132
378   330   5    113    205
379   117   3    29    197
380   98   7    52    355
381   64   7    174    151
382   13   3    51    190
383   173   7    86    214
384   253   4    54    81
385   236   2    77    487
386   183   6    185    236
387   29   3    150    287
388   69   6    118    372
389   250   2    71    435
390   245   6    106    150
391   168   5    146    168
392   66   2    34    485
393   208   5    175    308
394   170   3    132    435
395   21   7    136    374
396   74   2    178    56
397   389   7    167    237
398   130   3    95    179
399   229   6    85    381
400   194   2    86    126
401   334   2    118    81
402   2   2    31    168
403   335   6    64    227
404   263   3    174    380
405   196   7    59    466
406   7   2    39    352
407   168   4    78    325
408   63   2    73    137
409   9   7    16    105
410   166   4    31    198
411   166   2    111    15
412   156   4    17    437
413   361   5    167    89
414   345   5    182    321
415   371   7    95    176
416   378   5    33    100
417   96   7    84    168
418   248   7    114    285
419   160   6    180    393
420   369   7    181    419
421   45   7    39    218
422   417   4    7    370
423   382   5    43    340
424   27   7    187    477
425   87   6    189    257
426   220   6    118    356
427   371   3    56    239
428   271   5    190    180
429   361   4    126    89
430   329   4    10    237
431   354   3    68    340
432   147   2    93    357
433   150   5    16    225
434   140   5    199    215
435   302   5    145    192
436   187   4    128    438
437   180   6    50    169
438   298   4    131    44
439   129   5    88    404
440   148   7    60    380
441   423   4    57    355
442   394   5    25    465
443   77   4    199    143
444   89   7    161    134
445   290   4    72    223
446   273   3    154    25
447   367   3    37    186
448   172   5    96    456
449   334   3    19    89
450   155   5    76    313
451   227   6    7    482
452   437   5    71    202
453   420   6    142    346
454   274   4    70    312
455   209   4    134    79
456   232   6    83    102
457   250   3    10    477
458   12   7    150    297
459   328   5    181    356
460   309   3    6    313
461   101   4    167    212
462   104   6    194    122
463   446   2    156    88
464   29   6    175    208
465   57   3    123    196
466   169   5    101    17
467   326   4    120    169
468   170   3    26    253
469   287   7    152    415
470   69   2    135    216
471   155   3    130    40
472   421   3    162    216
473   259   4    122    157
474   356   6    140    349
475   307   7    133    7
476   209   5    52    219
477   264   2    37    253
478   267   7    97    167
479   471   7    69    43
480   439   5    184    79
481   279   4    110    14
482   169   6    123    357
483   141   5    134    261
484   41   4    17    464
485   337   3    43    224
486   279   2    153    357
487   99   3    177    222
488   237   3    178    379
489   75   2    150    285
490   20   4    67    8
491   245   2    6    457
492   297   7    182    414
493   447   3    105    36
494   362   7    106    281
495   89   6    19    342
496   217   4    6    217
497   284   3    121    447
498   109   4    154    444
499   269   6    198    216
500   280   6    185    222
501   239   3    97    173
502   77   6    69    366
503   376   4    87    389
504   120   5    102    94
505   318   7    75    130
506   169   6    178    340
507   388   3    55    354
508   270   6    168    368
509   208   4    172    194
510   493   4    187    202
511   385   3    165    483
512   150   7    41    293
513   176   4    81    276
514   271   2    5    49
515   173   4    92    155
516   405   6    63    476
517   501   4    122    295
518   268   4    26    7
519   427   3    7    248
520   371   6    1    89
521   80   2    175    68
522   17   4    51    369
523   62   4    119    230
524   77   4    158    32
525   124   5    176    111
526   21   2    41    377
527   12   3    182    193
528   226   4    148    405
529   138   3    173    304
530   124   6    82    276
531   348   2    94    327
532   335   3    129    240
533   154   2    38    245
534   91   3    154    413
535   410   4    101    464
536   45   4    87    35
537   220   2    20    102
538   373   5    55    39
539   526   7    52    60
540   378   2    77    236
541   242   6    91    409
542   402   6    20    79
543   154   6    149    33
544   537   5    116    15
545   244   2    32    353
546   62   2    109    454
547   362   3    38    302
548   426   2    181    382
549   361   4    122    469
550   65   4    127    241
551   410   5    78    302
552   23   4    9    147
553   338   6    44    45
554   107   3    116    352
555   491   3    9    344
556   44   2    160    232
557   261   2    107    47
558   507   6    179    172
559   299   2    152    285
560   117   7    88    84
561   122   4    87    363
562   289   4    99    188
563   539   3    86    130
564   207   6    135    433
565   47   5    65    127
566   212   3    75    146
567   376   6    90    445
568   550   4    97    222
569   104   7    147    59
570   418   5    3    256
571   156   7    28    395
572   418   5    160    200
573   382   4    29    391
574   387   5    170    123
575   450   3    180    341
576   340   5    161    13
577   217   5    128    316
578   428   3    95    115
579   545   3    87    243
580   467   4    50    284
581   226   6    72    164
582   512   6    193    395
583   413   5    85    121
584   326   2    74    204
585   114   4    132    445
586   154   2    99    284
587   81   4    159    24
588   303   4    179    216
589   172   7    58    239
590   34   3    38    262
591   589   7    123    246
592   472   7    138    388
593   275   5    91    462
594   450   5    183    105
595   201   4    115    254
596   473   4    78    144
597   350   4    167    54
598   502   7    25    364
599   105   7    169    496
600   161   6    103    209
601   219   3    1    363
602   544   6    112    181
603   85   6    132    374
604   83   4    25    113
605   510   3    144    431
606   417   7    135    245
607   94   6    128    167
608   553   4    87    46
609   523   7    57    65
610   586   3    156    318
611   433   4    184    334
612   5   7    46    279
613   231   4    191    245
614   188   3    30    492
615   453   2    197    428
616   609   4    47    365
617   153   2    12    154
618   502   7    126    64
619   36   4    45    380
620   276   7    84    478
621   176   4    24    270
622   23   5    176    283
623   484   2    88    20
624   549   6    5    367
625   263   5    111    215
626   85   6    189    285
627   103   7    79    246
628   145   7    68    472
629   70   2    82    64
630   298   4    62    322
631   470   6    17    266
632   238   4    134    197
633   631   4    20    417
634   494   6    97    242
635   401   6    176    380
636   46   5    163    379
637   367   3    52    481
638   209   3    142    243
639   235   2    38    252
640   71   5    104    245
641   392   2    71    162
642   611   7    10    78
643   44   6    110    308
644   488   3    142    147
645   162   3    128    2
646   220   7    191    206
647   372   6    153    5
648   412   4    80    133
649   556   4    175    202
650   152   5    56    338
651   285   2    75    355
652   398   4    27    451
653   9   5    189    379
654   175   2    101    28
655   581   4    94    286
656   639   4    43    155
657   374   3    42    353
658   465   7    59    219
659   596   4    59    140
660   625   6    70    408
661   3   6    92    489
662   119   5    127    132
663   182   4    53    80
664   153   2    131    461
665   57   5    114    180
666   261   4    150    39
667   453   6    47    10
668   205   5    10    254
669   648   6    31    494
670   191   6    58    431
671   401   5    179    76
672   490   2    195    371
673   78   6    26    168
674   619   2    120    363
675   107   6    191    415
676   81   7    68    131
677   59   7    66    237
678   508   2    172    141
679   183   5    17    117
680   232   7    126    89
681   474   2    156    70
682   633   5    162    299
683   213   3    46    387
684   450   5    151    310
685   57   4    66    128
686   230   2    42    353
687   524   6    28    425
688   336   4    34    450
689   475   7    188    427
690   205   6    2    463
691   456   6    177    347
692   192   2    173    281
693   529   2    135    70
694   172   2    74    474
695   309   5    63    285
696   38   3    90    343
697   390   6    76    77
698   43   4    26    235
699   534   4    72    423
700   609   7    178    211
701   245   5    177    302
702   486   6    125    391
703   108   7    46    443
704   701   3    51    489
705   161   4    111    144
706   285   7    32    374
707   254   5    157    195
708   193   5    140    140
709   145   4    113    343
710   527   3    101    206
711   633   6    185    34
712   340   3    94    482
713   638   3    126    483
714   80   3    106    75
715   440   6    143    219
716   216   2    7    485
717   316   7    21    472
718   413   5    145    241
719   420   6    109    235
720   54   4    190    249
721   116   6    153    187
722   124   2    44    366
723   436   7    179    393
724   626   2    1    67
725   516   6    72    312
726   304   2    62    184
727   608   6    153    25
728   613   2    103    118
729   152   4    145    101
730   183   3    129    332
731   538   2    167    302
732   324   5    102    233
733   200   7    77    298
734   412   5    27    385
735   676   7    112    158
736   62   3    80    12
737   428   5    3    221
738   457   4    163    132
739   180   6    21    120
740   408   7    147    132
741   447   2    101    49
742   690   6    105    253
743   724   7    191    67
744   563   3    54    374
745   62   3    182    467
746   334   3    154    172
747   640   5    175    468
748   181   5    73    204
749   74   3    182    370
750   56   5    62    193
751   82   6    9    439
752   313   5    157    262
753   220   3    57    345
754   308   5    170    421
755   419   2    146    80
756   212   5    133    381
757   71   4    28    454
758   742   6    48    360
759   406   7    32    179
760   198   3    38    44
761   634   6    2    297
762   570   3    33    468
763   617   5    185    162
764   54   4    106    167
765   577   5    51    477
766   246   7    108    459
767   529   6    181    193
768   84   5    191    492
769   425   2    150    358
770   222   3    97    294
771   715   7    152    265
772   684   2    161    17
773   267   4    188    400
774   478   3    106    270
775   3   6    20    440
776   180   2    76    490
777   636   4    4    403
778   230   7    88    67
779   10   4    140    252
780   355   7    159    109
781   169   5    9    355
782   419   3    126    284
783   151   3    122    439
784   273   2    95    328
785   31   2    141    273
786   320   2    167    496
787   66   6    176    67
788   512   7    160    413
789   427   5    138    40
790   494   5    85    415
791   39   2    7    432
792   451   7    116    467
793   493   7    50    453
794   559   4    37    111
795   412   4    179    348
796   462   3    71    160
797   246   2    167    308
798   50   6    136    346
799   426   3    85    435
800   308   7    149    308
801   105   4    53    390
802   450   5    111    415
803   112   3    111    67
804   207   4    24    63
805   55   6    144    474
806   777   4    7    180
807   536   4    93    198
808   428   2    76    107
809   14   2    84    48
810   98   3    186    384
811   58   2    115    35
812   92   6    23    302
813   121   2    147    435
814   345   4    27    454
815   29   6    124    495
816   363   5    79    347
817   726   5    71    400
818   41   3    57    156
819   19   4    104    331
820   606   3    94    343
821   102   7    141    314
822   294   6    22    365
823   641   6    16    364
824   85   3    108    223
825   220   4    79    488
826   634   6    25    320
827   200   2    39    438
828   648   3    163    95
829   177   7    102    420
830   329   4    114    71
831   672   2    111    116
832   452   6    147    169
833   172   2    153    266
834   513   4    63    451
835   88   4    169    419
836   688   5    102    214
837   686   6    126    181
838   746   5    172    469
839   314   3    93    393
840   442   6    1    357
841   428   2    20    193
842   112   5    156    317
843   476   4    60    187
844   139   7    174    155
845   254   5    40    269
846   654   7    170    182
847   642   3    8    377
848   160   2    182    70
849   683   2    9    93
850   175   7    60    452
851   633   4    189    361
852   306   3    9    235
853   226   2    20    190
854   575   3    173    482
855   268   7    14    29
856   850   6    90    434
857   256   5    173    457
858   679   2    32    422
859   372   2    43    368
860   26   4    112    380
861   174   2    67    305
862   675   4    128    189
863   339   5    50    412
864   544   4    45    189
865   228   6    121    159
866   447   4    196    281
867   195   5    199    242
868   108   5    197    32
869   526   6    116    38
870   237   5    59    185
871   833   6    151    11
872   125   2    138    152
873   177   4    108    14
874   609   5    10    277
875   422   7    111    191
876   531   2    144    162
877   818   5    72    130
878   319   2    148    174
879   695   4    48    124
880   508   5    119    57
881   409   3    139    347
882   59   3    33    282
883   718   7    53    333
884   775   2    185    59
885   779   3    24    46
886   694   6    88    40
887   501   6    84    99
888   652   2    88    232
889   542   3    83    496
890   758   6    27    172
891   38   3    131    127
892   405   5    79    254
893   326   3    177    142
894   197   6    5    344
895   818   7    193    424
896   804   7    146    301
897   209   4    50    351
898   369   6    136    56
899   604   7    103    382
900   803   3    47    494
901   1   5    158    393
902   444   7    32    315
903   829   6    154    159
904   702   7    28    483
905   209   5    17    338
906   285   7    65    100
907   872   4    176    353
908   20   3    47    16
909   607   5    75    447
910   289   4    124    344
911   658   2    146    265
912   486   6    194    242
913   642   3    167    214
914   107   5    149    265
915   607   3    95    102
916   740   6    196    350
917   705   4    53    77
918   507   5    141    215
919   399   3    114    118
920   342   4    150    490
921   72   6    154    23
922   832   3    127    349
923   52   7    112    111
924   379   2    162    204
925   347   3    35    39
926   255   2    59    41
927   156   5    68    229
928   539   7    52    377
929   490   5    73    34
930   901   5    95    196
931   637   3    150    183
932   596   5    107    492
933   250   5    43    6
934   901   5    110    267
935   224   7    119    308
936   151   5    122    120
937   627   3    147    301
938   258   5    104    361
939   211   5    38    159
940   433   7    25    481
941   749   4    159    462
942   391   3    173    258
943   452   4    141    122
944   510   3    105    245
945   908   5    28    324
946   333   2    104    132
947   544   2    119    27
948   609   5    14    197
949   412   5    119    84
950   306   2    187    151
951   280   6    16    440
952   102   5    167    210
953   374   2    136    170
954   933   7    47    231
955   536   3    52    324
956   461   6    30    204
957   24   2    87    7
958   460   5    6    344
959   367   6    131    189
960   428   4    124    184
961   824   3    18    363
962   271   5    95    317
963   179   7    11    105
964   224   7    45    428
965   518   2    143    350
966   465   5    91    313
967   750   7    84    76
968   213   7    60    36
969   393   6    174    203
970   354   3    112    62
971   598   6    119    291
972   845   2    68    329
973   738   2    170    347
974   579   2    145    376
975   660   4    74    184
976   518   3    182    58
977   69   3    66    306
978   761   7    132    286
979   220   6    57    428
980   352   5    157    74
981   712   4    1    81
982   855   6    82    45
983   517   6    40    189
984   388   7    61    105
985   775   7    40    175
986   791   5    10    169
987   480   3    189    37
988   104   4    91    446
989   186   7    80    484
990   388   6    99    459
991   192   7    188    174
992   129   7    143    158
993   913   6    131    405
994   804   4    54    274
995   710   5    159    52
996   284   4    136    425
997   669   7    92    446
998   160   3    155    117
999   359   3    8    10
1000   333   3    43    121
1001   816   5    85    274
1002   647   5    33    288
1003   155   3    108    407
1004   10   7    23    392
1005   873   6    106    140
1006   969   5    36    318
1007   636   3    184    293
1008   267   5    23    199
1009   77   7    180    227
1010   19   7    26    475
1011   183   4    141    374
1012   226   7    197    268
1013   669   7    107    412
1014   903   2    77    471
1015   254   6    198    98
1016   710   4    49    208
1017   326   5    17    43
1018   981   6    146    438
1019   400   3    81    155
1020   170   7    176    345
1021   365   7    171    357
1022   808   3    124    422
1023   404   3    89    482
1024   160   6    100    274
1025   68   3    16    367
1026   210   4    65    40
1027   614   4    121    67
1028   15   4    42    429
1029   564   6    139    437
1030   595   7    141    86
1031   199   5    158    142
1032   124   2    170    275
1033   703   7    130    175
1034   990   6    173    241
1035   874   4    65    259
1036   793   4    158    246
1037   680   6    172    484
1038   721   5    140    17
1039   853   7    67    390
1040   132   3    59    53
1041   622   5    172    480
1042   863   7    113    40
1043   266   3    124    426
1044   692   3    44    355
1045   149   3    172    48
1046   633   2    122    369
1047   193   6    21    494
1048   779   6    161    211
1049   434   6    11    203
1050   272   6    80    116
1051   369   6    189    133
1052   1019   3    23    428
1053   358   4    42    16
1054   663   4    86    335
1055   738   7    147    444
1056   822   5    40    15
1057   118   7    55    138
1058   818   6    101    421
1059   549   5    139    467
1060   1038   6    80    350
1061   43   7    8    104
1062   478   4    88    112
1063   965   4    51    177
1064   406   7    187    234
1065   396   5    143    259
1066   132   3    69    365
1067   828   5    105    149
1068   318   2    88    366
1069   111   3    117    448
1070   687   5    109    447
1071   602   3    54    483
1072   503   7    182    325
1073   573   3    95    146
1074   295   5    139    355
1075   548   5    195    494
1076   1073   3    148    110
1077   42   3    30    146
1078   581   2    190    132
1079   306   2    84    57
1080   660   3    108    310
1081   233   6    15    409
1082   362   7    99    224
1083   666   7    70    101
1084   365   7    20    80
1085   1027   4    159    196
1086   681   7    52    393
1087   614   6    27    288
1088   402   6    58    23
1089   942   3    189    23
1090   599   6    12    52
1091   266   6    107    454
1092   714   3    199    2
1093   889   2    147    69
1094   564   2    87    498
1095   850   6    194    67
1096   839   4    117    258
1097   685   4    105    124
1098   645   4    55    124
1099   1072   6    21    252
1100   11   5    93    372
1101   1092   2    86    56
1102   79   2    181    212
1103   1080   6    50    54
1104   327   4    157    50
1105   722   7    162    271
1106   782   7    33    51
1107   332   4    66    414
1108   199   4    188    117
1109   164   6    107    198
1110   675   7    106    163
1111   18   6    104    12
1112   461   3    81    111
1113   1018   4    179    181
1114   528   5    69    305
1115   861   6    139    50
1116   498   3    180    38
1117   552   3    3    249
1118   605   5    172    352
1119   1008   4    188    55
1120   804   3    98    219
1121   161   4    197    233
1122   540   3    197    289
1123   426   3    130    418
1124   819   5    60    106
1125   557   6    105    352
1126   421   7    91    333
1127   859   3    162    269
1128   653   2    9    367
1129   1117   5    174    86
1130   280   7    66    345
1131   779   6    64    491
1132   846   3    50    6
1133   460   3    178    462
1134   963   6    156    106
1135   10   4    157    117
1136   1047   3    79    1
1137   446   2    3    430
1138   317   4    14    226
1139   646   7    116    335
1140   815   4    175    215
1141   568   5    130    476
1142   711   6    64    383
1143   670   4    13    113
1144   949   3    110    233
1145   840   6    99    174
1146   93   4    91    498
1147   719   4    118    60
1148   929   3    185    136
1149   9   5    195    348
1150   696   4    32    79
1151   637   3    199    134
1152   854   5    145    167
1153   1003   7    39    327
1154   414   7    107    492
1155   48   3    168    173
1156   121   5    154    145
1157   717   4    118    421
1158   535   5    111    481
1159   73   2    144    112
1160   1150   6    45    441
1161   1117   4    58    471
1162   164   4    114    100
1163   985   5    141    247
1164   546   7    179    282
1165   719   4    141    385
1166   847   6    153    61
1167   169   7    52    111
1168   249   6    13    136
1169   250   2    113    310
1170   1093   2    129    326
1171   906   7    189    91
1172   749   6    170    256
1173   858   3    51    452
1174   289   6    59    392
1175   281   5    142    284
1176   478   3    112    309
1177   870   5    164    4
1178   1060   7    71    71
1179   641   6    49    357
1180   688   5    127    156
1181   159   5    90    106
1182   502   7    101    307
1183   448   2    51    268
1184   500   5    61    147
1185   584   4    47    24
1186   1142   7    165    43
1187   20   6    48    413
1188   202   5    114    115
1189   66   6    139    360
1190   124   7    97    208
1191   729   4    86    159
1192   702   2    71    471
1193   999   2    149    135
1194   114   7    55    481
1195   1090   5    185    128
1196   229   7    161    462
1197   405   5    198    43
1198   959   3    76    452
1199   257   5    143    458
1200   464   7    65    465
1201   540   5    97    248
1202   975   6    193    406
1203   827   2    9    48
1204   157   2    148    334
1205   848   3    48    249
1206   197   5    119    13
1207   649   2    6    71
1208   1104   2    153    97
1209   555   6    59    163
1210   47   6    57    426
1211   138   4    150    172
1212   204   2    79    57
1213   747   4    199    137
1214   761   2    113    304
1215   560   4    117    44
1216   65   4    172    392
1217   739   4    95    176
1218   1039   6    119    143
1219   254   3    189    378
1220   264   5    16    152
1221   760   2    109    99
1222   456   5    123    230
1223   707   4    78    72
1224   645   2    59    451
1225   285   3    97    288
1226   724   4    92    144
1227   465   3    32    362
1228   1181   5    168    376
1229   680   5    157    53
1230   564   3    192    239
1231   1212   7    50    6
1232   136   5    31    477
1233   397   3    3    212
1234   480   7    146    337
1235   1159   7    34    391
1236   537   5    62    194
1237   255   7    166    142
1238   155   4    77    217
1239   1216   4    64    275
1240   441   5    161    255
1241   306   7    75    295
1242   328   3    169    371
1243   918   5    150    252
1244   1214   4    19    222
1245   605   5    121    390
1246   1008   3    7    82
1247   704   3    131    339
1248   593   3    22    268
1249   898   2    104    335
1250   282   5    160    246
1251   612   3    25    66
1252   752   5    70    102
1253   847   4    116    354
1254   490   5    154    489
1255   315   5    83    211
1256   618   4    50    247
1257   366   2    160    199
1258   265   5    117    38
1259   582   7    89    362
1260   461   3    94    18
1261   554   5    197    96
1262   835   7    83    480
1263   320   4    188    387
1264   677   6    38    430
1265   1183   5    47    445
1266   1130   2    4    89
1267   128   3    91    452
1268   675   7    95    177
1269   169   4    147    91
1270   92   5    156    135
1271   976   2    86    326
1272   463   7    170    83
1273   259   2    51    425
1274   578   2    25    25
1275   876   2    190    287
1276   76   2    183    137
1277   532   5    80    102
1278   710   3    116    414
1279   1068   5    34    374
1280   45   5    148    59
1281   1116   5    169    3
1282   1137   4    147    86
1283   621   7    54    227
1284   950   7    95    182
1285   809   6    33    216
1286   1050   3    97    331
1287   489   2    141    463
1288   1246   5    29    356
1289   1105   7    17    361
1290   266   4    45    74
1291   519   5    80    283
1292   1065   6    88    225
1293   30   7    43    28
1294   1146   6    139    96
1295   186   6    177    192
1296   464   6    173    39
1297   524   7    102    143
1298   530   6    136    124
1299   728   7    143    43
1300   1098   7    117    375
1301   312   5    137    439
1302   874   6    99    104
1303   493   7    141    437
1304   764   6    18    313
1305   807   7    189    206
1306   708   5    149    163
1307   1228   7    149    86
1308   1122   4    155    224
1309   432   2    177    344
1310   340   6    62    334
1311   143   6    17    295
1312   1288   7    4    223
1313   212   4    116    173
1314   1060   3    167    363
1315   704   7    52    42
1316   409   7    15    355
1317   745   2    78    60
1318   1299   6    136    300
1319   456   5    66    363
1320   413   2    72    140
1321   1198   5    152    165
1322   694   4    78    152
1323   505   7    104    364
1324   1213   6    147    101
1325   1143   6    92    228
1326   233   6    184    341
1327   1200   6    135    180
1328   843   6    99    34
1329   82   7    1    187
1330   900   3    47    355
1331   487   6    144    33
1332   971   3    167    147
1333   1161   5    166    308
1334   320   4    157    282
1335   41   7    49    125
1336   990   3    141    60
1337   721   3    152    359
1338   444   2    117    227
1339   1080   4    136    156
1340   1204   4    32    447
1341   1045   2    142    472
1342   1197   5    178    433
1343   780   6    86    67
1344   916   6    43    410
1345   1200   2    82    94
1346   713   5    28    401
1347   873   4    198    341
1348   1315   3    73    99
1349   513   7    187    166
1350   1063   2    141    425
1351   1220   7    103    94
1352   1214   4    103    161
1353   1229   2    68    274
1354   211   5    91    4
1355   643   6    46    346
1356   1244   3    63    344
1357   676   2    137    399
1358   733   6    83    160
1359   1039   3    184    78
1360   1244   3    40    472
1361   1064   3    194    114
1362   288   5    88    441
1363   364   7    47    404
1364   247   5    29    323
1365   476   6    116    310
1366   381   7    192    295
1367   590   4    122    291
1368   44   4    175    336
1369   1024   7    3    166
1370   99   4    16    299
1371   549   5    87    451
1372   896   5    76    261
1373   1233   4    117    18
1374   328   5    90    348
1375   868   7    34    293
1376   97   3    97    449
1377   1028   5    196    60
1378   768   5    28    170
1379   359   3    59    72
1380   43   4    188    443
1381   161   2    96    379
1382   802   4    187    205
1383   202   5    63    84
1384   1192   5    50    345
1385   887   7    8    15
1386   485   2    32    313
1387   441   3    12    282
1388   182   4    148    36
1389   1355   3    141    64
1390   793   6    32    469
1391   969   2    12    164
1392   1208   6    131    209
1393   667   6    152    208
1394   540   7    129    443
1395   427   5    113    77
1396   740   2    148    297
1397   1359   3    152    91
1398   309   6    45    62
1399   309   4    90    177
1400   1163   6    56    92
1401   789   3    22    41
1402   113   7    45    115
1403   376   6    111    178
1404   994   3    65    458
1405   1065   3    164    382
1406   70   7    100    82
1407   88   3    20    357
1408   300   6    16    321
1409   283   6    91    377
1410   1174   3    134    398
1411   892   6    76    378
1412   426   7    72    423
1413   668   3    10    405
1414   1259   7    46    153
1415   835   2    55    315
1416   131   6    69    27
1417   507   7    91    155
1418   1142   3    92    117
1419   804   5    67    171
1420   637   2    41    398
1421   428   4    33    425
1422   526   7    115    451
1423   210   6    136    86
1424   301   5    52    355
1425   1071   6    135    460
1426   414   5    15    373
1427   182   3    3    425
1428   1072   6    1    334
1429   219   7    69    17
1430   561   5    127    113
1431   254   2    58    241
1432   1157   7    57    254
1433   1106   4    105    344
1434   585   4    48    135
1435   1382   5    196    36
1436   951   3    116    268
1437   977   3    100    311
1438   1241   3    137    106
1439   770   3    101    120
1440   792   7    26    364
1441   664   5    189    266
1442   366   4    63    67
1443   534   7    126    195
1444   703   6    4    241
1445   574   6    192    281
1446   1326   6    172    207
1447   1048   2    13    414
1448   678   4    174    50
1449   232   7    182    493
1450   420   2    57    484
1451   222   6    60    132
1452   496   2    34    173
1453   1375   2    104    278
1454   190   2    126    162
1455   372   3    52    298
1456   183   3    171    19
1457   1082   6    152    360
1458   1333   3    71    221
1459   374   6    29    254
1460   447   5    80    389
1461   716   7    66    491
1462   333   6    21    69
1463   1030   4    48    84
1464   1340   3    111    31
1465   515   3    115    474
1466   718   3    65    306
1467   555   3    47    36
1468   476   5    79    140
1469   410   6    31    85
1470   86   6    85    92
1471   335   3    79    256
1472   1173   5    143    106
1473   859   7    134    238
1474   125   2    154    59
1475   924   2    81    313
1476   119   5    81    452
1477   512   2    113    71
1478   1119   2    13    318
1479   645   4    139    437
1480   682   3    112    498
1481   215   4    24    113
1482   16   6    158    495
1483   1360   4    151    413
1484   168   4    3    389
1485   202   3    5    372
1486   706   2    1    295
1487   896   3    53    345
1488   1443   2    111    324
1489   1172   4    185    348
1490   797   5    159    406
1491   3   3    188    375
1492   580   4    100    472
1493   905   4    177    174
1494   519   7    189    302
1495   1228   5    31    362
1496   647   4    92    147
1497   268   2    109    94
1498   1019   6    3    101
1499   375   4    46    173
1500   413   7    16    366
1501   1218   6    35    32
1502   688   6    12    315
1503   409   7    168    403
1504   516   2    195    484
1505   269   2    169    491
1506   1223   7    45    198
1507   128   4    81    400
1508   560   2    135    50
1509   105   2    89    77
1510   1036   2    110    466
1511   127   3    15    88
1512   298   2    151    469
1513   1015   3    118    172
1514   864   4    47    67
1515   1429   4    56    483
1516   143   3    7    253
1517   632   2    5    296
1518   1264   5    27    420
1519   1250   6    98    50
1520   687   6    46    285
1521   671   5    84    287
1522   972   7    174    375
1523   1275   2    77    481
1524   1158   7    73    311
1525   768   4    127    250
1526   1115   4    147    401
1527   83   6    107    491
1528   706   7    68    40
1529   1095   2    31    371
1530   897   5    54    232
1531   570   4    102    271
1532   974   4    76    383
1533   1235   2    177    346
1534   949   6    18    446
1535   1119   7    55    293
1536   601   3    32    283
1537   1451   4    114    393
1538   401   3    108    56
1539   713   4    195    383
1540   859   3    68    294
1541   855   6    69    322
1542   241   4    62    73
1543   243   6    37    196
1544   582   6    184    256
1545   1196   2    34    136
1546   242   3    66    200
1547   1409   2    18    342
1548   638   4    114    300
1549   296   5    116    450
1550   1372   7    26    413
1551   1019   7    74    184
1552   416   7    185    385
1553   163   4    24    194
1554   968   4    177    142
1555   51   5    165    486
1556   17   5    123    349
1557   955   4    121    392
1558   862   2    94    62
1559   325   4    160    463
1560   1448   7    11    217
1561   1238   2    65    302
1562   1191   2    132    363
1563   1326   3    193    156
1564   625   7    162    277
1565   210   5    51    230
1566   42   6    25    5
1567   798   6    186    161
1568   1198   5    24    160
1569   279   4    141    319
1570   463   5    65    421
1571   139   2    118    267
1572   955   7    66    97
1573   592   7    68    234
1574   856   5    194    69
1575   1338   2    14    263
1576   746   3    70    260
1577   947   6    199    481
1578   5   5    34    285
1579   1045   2    60    178
1580   402   7    17    168
1581   126   5    153    490
1582   832   7    3    315
1583   19   4    74    142
1584   1305   5    152    287
1585   38   6    23    114
1586   924   7    83    309
1587   383   3    47    153
1588   1173   3    3    405
1589   1258   6    96    131
1590   544   4    14    149
1591   1419   5    199    412
1592   721   4    158    349
1593   453   7    15    191
1594   811   4    91    8
1595   83   7    77    132
1596   1141   6    80    214
1597   928   6    62    450
1598   1091   4    10    403
1599   481   3    17    277
1600   459   7    169    251
1601   600   4    193    339
1602   479   4    76    480
1603   1298   3    92    226
1604   102   5    162    353
1605   1151   2    175    408
1606   1398   3    72    495
1607   1210   5    91    312
1608   1235   6    183    67
1609   962   7    71    378
1610   206   7    109    315
1611   587   3    144    242
1612   785   3    168    362
1613   1103   4    132    393
1614   138   5    172    30
1615   326   3    64    294
1616   820   5    162    487
1617   915   7    132    243
1618   1521   2    5    105
1619   810   6    179    473
1620   1164   3    53    400
1621   1160   7    118    300
1622   613   3    174    394
1623   685   2    178    288
1624   324   2    61    373
1625   1021   5    158    215
1626   372   4    176    441
1627   616   4    7    240
1628   56   5    10    276
1629   1301   6    71    95
1630   176   3    81    288
1631   1176   5    64    318
1632   120   2    18    144
1633   749   7    69    239
1634   1170   3    189    473
1635   145   2    30    4
1636   746   6    31    62
1637   1176   5    137    370
1638   524   4    109    121
1639   396   7    17    277
1640   56   7    51    206
1641   451   7    21    20
1642   473   6    116    223
1643   1042   6    78    167
1644   573   2    117    385
1645   452   7    56    496
1646   1257   7    147    404
1647   77   5    60    475
1648   497   7    181    454
1649   805   5    43    247
1650   240   6    111    172
1651   1395   2    113    286
1652   1165   3    198    345
1653   1390   4    187    112
1654   748   7    163    202
1655   1509   2    126    362
1656   1226   4    13    260
1657   167   5    145    358
1658   943   4    133    45
1659   366   7    114    247
1660   1147   3    44    124
1661   664   2    129    387
1662   294   4    141    476
1663   26   5    99    422
1664   94   7    82    234
1665   845   2    10    10
1666   1039   6    184    61
1667   1352   6    20    366
1668   1078   3    194    146
1669   210   6    127    169
1670   1662   4    178    199
1671   135   2    86    231
1672   1222   6    10    244
1673   1379   2    169    153
1674   597   3    135    110
1675   100   7    9    132
1676   7   5    27    141
1677   324   6    182    441
1678   483   4    178    206
1679   486   2    83    293
1680   685   2    193    497
1681   277   6    189    78
1682   79   2    109    231
1683   977   5    65    135
1684   919   3    46    313
1685   1399   4    116    492
1686   1083   4    38    195
1687   1409   7    113    383
1688   504   4    11    380
1689   624   4    129    297
1690   1305   2    188    385
1691   520   2    139    428
1692   334   2    49    92
1693   848   7    68    360
1694   756   2    136    431
1695   1660   5    177    283
1696   949   3    94    267
1697   878   2    199    59
1698   1637   6    153    288
1699   1578   5    18    399
1700   1094   3    139    82
1701   1458   4    197    286
1702   730   5    121    103
1703   315   3    84    271
1704   553   2    83    446
1705   435   4    46    374
1706   811   5    158    337
1707   31   6    39    170
1708   206   3    138    11
1709   135   6    66    321
1710   1450   7    117    393
1711   1033   4    133    489
1712   724   7    152    469
1713   521   2    53    213
1714   830   2    21    79
1715   983   3    134    441
1716   1000   4    50    35
1717   1013   6    24    323
1718   1570   7    143    470
1719   888   3    67    166
1720   946   5    89    103
1721   929   2    123    3
1722   1042   4    179    255
1723   516   7    94    384
1724   1602   4    189    294
1725   716   3    109    323
1726   1482   7    9    137
1727   1723   7    74    238
1728   1395   7    176    261
1729   1480   6    179    7
1730   1087   6    77    337
1731   664   3    15    107
1732   1520   4    66    445
1733   130   4    168    184
1734   622   7    170    286
1735   876   5    140    461
1736   1443   5    45    359
1737   1514   4    178    152
1738   1687   6    164    108
1739   1138   4    80    189
1740   509   3    169    204
1741   441   3    99    428
1742   517   4    65    443
1743   200   6    80    330
1744   1618   6    20    289
1745   1303   6    184    270
1746   1438   5    153    41
1747   411   7    99    151
1748   1369   5    39    228
1749   178   6    55    395
1750   481   3    123    221
1751   807   2    54    431
1752   283   6    171    309
1753   1735   3    197    248
1754   431   7    84    167
1755   720   7    68    419
1756   311   7    118    368
1757   104   6    57    303
1758   902   3    161    57
1759   723   4    76    318
1760   1747   4    151    325
1761   1320   5    117    396
1762   1683   2    40    482
1763   322   2    126    481
1764   1454   2    124    183
1765   1108   7    76    301
1766   1026   4    162    441
1767   1250   3    194    338
1768   838   3    64    137
1769   752   3    50    303
1770   950   7    87    197
1771   431   3    164    24
1772   1632   4    105    32
1773   511   4    41    185
1774   1524   3    115    6
1775   424   2    198    81
1776   1382   2    69    136
1777   519   2    85    59
1778   708   7    134    316
1779   73   4    121    89
1780   689   2    195    99
1781   1490   4    29    436
1782   84   3    153    447
1783   386   7    107    284
1784   1738   5    155    474
1785   403   5    74    57
1786   1124   2    34    211
1787   1689   2    165    347
1788   941   5    93    267
1789   1120   7    93    9
1790   269   5    19    429
1791   596   7    149    383
1792   1037   6    83    163
1793   1736   2    178    68
1794   273   5    81    288
1795   1789   5    108    331
1796   1213   5    15    87
1797   853   6    99    498
1798   1449   7    98    316
1799   456   3    198    203
1800   388   2    153    482
1801   408   3    182    15
1802   1161   3    16    250
1803   499   6    113    122
1804   1068   6    181    155
1805   862   2    48    423
1806   964   4    21    329
1807   1137   3    177    159
1808   1734   6    148    53
1809   34   7    129    153
1810   1512   7    126    422
1811   73   5    103    372
1812   1458   6    50    419
1813   257   3    70    75
