1   0   6    21    102
2   1   4    129    349
3   1   5    141    365
4   1   2    65    110
5   2   2    90    265
6   4   5    108    11
7   1   5    182    390
8   5   7    26    42
9   5   3    177    370
10   7   2    128    362
11   2   4    54    135
12   7   5    60    79
13   10   4    162    479
14   6   7    67    430
15   8   2    105    29
16   14   5    37    13
17   15   2    168    101
18   16   2    52    204
19   4   6    19    485
20   14   7    26    29
21   18   4    72    78
22   2   3    149    440
23   9   2    24    387
24   11   3    181    422
25   2   5    116    415
26   20   3    165    225
27   3   4    160    198
28   17   3    194    266
29   25   4    33    89
30   25   5    12    373
31   12   5    27    369
32   11   6    6    71
33   22   4    128    263
34   15   6    1    193
35   31   3    2    319
36   27   5    173    205
37   9   4    15    469
38   18   4    71    346
39   15   4    12    408
40   37   7    113    421
41   36   7    77    60
42   26   6    156    349
43   29   5    119    393
44   1   4    144    53
45   6   3    95    294
46   16   2    123    360
47   9   5    190    447
48   7   2    22    123
49   3   3    131    222
50   22   5    37    313
51   39   4    38    1
52   1   3    52    8
53   22   3    89    401
54   18   3    112    125
55   18   3    113    375
56   14   2    48    431
57   4   3    150    159
58   33   7    84    355
59   54   5    125    67
60   33   7    169    392
61   38   4    109    364
62   3   5    156    54
63   59   2    173    305
64   35   2    21    215
65   50   2    151    217
66   36   7    147    187
67   4   7    124    499
68   36   6    45    316
69   30   7    151    406
70   5   4    51    268
71   9   2    37    230
72   43   6    144    471
73   6   5    80    476
74   63   5    122    237
75   26   7    137    74
76   65   5    110    111
77   43   2    79    439
78   70   4    19    465
79   61   6    52    7
80   43   7    57    231
81   24   5    162    171
82   7   4    99    163
83   44   6    24    247
84   37   3    103    247
85   62   2    52    152
86   27   6    166    42
87   28   5    75    429
88   15   6    166    127
89   50   3    117    113
90   28   5    85    239
91   49   3    154    338
92   79   2    189    272
93   40   5    166    395
94   65   6    3    225
95   33   2    39    412
96   82   5    107    363
97   85   4    99    301
98   60   6    76    165
99   84   2    173    63
100   65   4    70    139
101   8   5    88    186
102   26   3    163    482
103   54   2    168    405
104   50   7    66    222
105   38   4    143    33
106   57   7    42    421
107   72   7    98    12
108   89   4    96    87
109   99   2    132    262
110   103   4    198    107
111   19   2    100    399
112   12   4    81    10
113   27   5    66    459
114   66   4    89    347
115   9   2    85    391
116   21   2    94    478
117   32   2    60    122
118   43   2    162    452
119   26   7    90    418
120   53   5    17    483
121   81   3    52    95
122   57   4    164    90
123   76   2    2    367
124   75   2    146    498
125   107   5    70    356
126   86   2    179    470
127   102   2    187    270
128   80   5    48    187
129   59   3    106    212
130   30   7    177    150
131   25   7    132    329
132   8   2    134    164
133   12   7    154    293
134   30   3    94    47
135   83   7    197    282
136   44   2    89    194
137   30   4    14    229
138   25   6    32    49
139   14   3    123    444
140   27   4    2    478
141   58   4    155    167
142   8   4    196    384
143   9   4    125    374
144   127   5    176    142
145   134   2    24    185
146   113   4    47    329
147   10   2    156    452
148   37   4    69    20
149   18   3    178    127
150   69   7    131    143
151   76   5    55    136
152   61   4    178    244
153   89   4    140    121
154   43   6    137    371
155   17   2    171    195
156   67   6    64    218
157   107   2    1    355
158   79   5    23    57
159   40   3    135    336
160   64   4    123    95
161   23   3    139    69
162   88   6    82    52
163   47   4    157    374
164   67   2    17    80
165   49   7    176    432
166   161   4    9    41
167   124   3    181    39
168   134   5    145    488
169   27   6    49    245
170   15   2    189    338
171   74   2    182    384
172   57   5    71    304
173   91   6    32    472
174   85   2    114    494
175   79   3    140    497
176   39   2    119    364
177   112   5    173    244
178   41   7    117    183
179   169   2    149    335
180   2   3    29    3
181   9   4    94    422
182   177   5    26    169
183   167   4    163    164
184   107   6    107    70
185   13   6    11    396
186   106   3    173    96
187   80   6    18    7
188   4   4    33    491
189   6   2    69    207
190   136   5    127    11
191   52   4    179    59
192   156   5    147    275
193   187   3    114    487
194   39   7    172    78
195   180   3    31    235
196   68   6    85    411
197   141   4    7    264
198   48   3    175    191
199   141   3    36    116
200   90   6    9    99
201   94   5    29    483
202   61   7    130    369
203   140   5    93    372
204   158   5    27    362
205   190   3    149    159
206   163   7    150    369
207   148   3    22    109
208   200   3    117    344
209   65   7    171    132
210   1   7    124    307
211   169   7    177    98
212   105   3    65    345
213   190   2    167    29
214   152   3    28    219
215   75   4    126    421
216   91   7    85    301
217   100   7    181    62
218   111   2    17    287
219   22   7    27    357
220   171   7    58    89
221   207   3    25    131
222   116   4    72    61
223   186   3    21    42
224   26   2    1    367
225   179   2    85    38
226   150   4    14    409
227   5   6    93    239
228   226   7    138    31
229   220   5    90    64
230   190   6    175    300
231   174   5    84    396
232   212   3    172    132
233   186   2    80    165
234   153   7    106    164
235   167   5    183    305
236   184   2    112    313
237   147   5    33    77
238   128   5    27    361
239   10   5    65    399
240   90   7    135    136
241   110   5    180    310
242   166   4    145    393
243   153   4    118    295
244   127   4    18    168
245   156   6    70    426
246   239   2    59    31
247   54   4    50    457
248   180   2    51    498
249   21   7    121    74
250   224   7    185    253
251   13   2    140    429
252   109   6    39    339
253   155   7    125    287
254   190   7    34    461
255   104   5    24    439
256   188   7    134    143
257   192   2    36    167
258   249   3    129    184
259   95   2    43    155
260   219   5    14    426
261   244   2    114    452
262   198   4    18    185
263   64   6    155    315
264   74   4    4    411
265   133   6    149    108
266   130   5    63    36
267   92   7    58    28
268   81   5    153    438
269   58   4    31    251
270   224   3    91    305
271   128   5    134    142
272   52   5    131    422
273   77   7    26    439
274   121   7    61    309
275   15   3    46    391
276   175   3    19    10
277   36   3    109    149
278   57   5    92    100
279   191   2    51    316
280   62   3    118    234
281   105   7    40    48
282   237   6    160    366
283   226   7    46    378
284   251   6    160    101
285   249   7    116    49
286   130   4    164    264
287   144   6    108    37
288   81   5    154    51
289   144   7    137    227
290   286   6    67    119
291   81   2    2    237
292   237   4    167    16
293   81   6    22    318
294   71   2    28    451
295   35   5    92    449
296   7   4    46    395
297   288   4    172    285
298   93   6    57    362
299   116   3    59    50
300   234   4    136    37
301   217   2    34    474
302   66   2    70    382
303   294   5    62    407
304   40   5    106    422
305   85   5    192    475
306   200   2    98    197
307   204   6    136    16
308   25   6    130    111
309   295   6    57    275
310   215   7    61    215
311   70   6    20    423
312   92   5    134    20
313   254   4    56    148
314   33   5    129    394
315   14   7    116    134
316   288   6    17    392
317   262   5    108    429
318   141   5    95    315
319   236   7    199    349
320   103   2    53    421
321   294   5    104    19
322   211   5    179    12
323   163   7    120    233
324   148   3    17    317
325   201   6    176    54
326   96   6    182    369
327   66   6    142    9
328   55   5    11    323
329   181   6    96    470
330   36   5    169    188
331   297   3    118    249
332   146   7    6    229
333   19   2    152    118
334   207   4    175    22
335   233   6    9    222
336   71   2    115    69
337   277   7    168    88
338   147   2    163    105
339   262   7    134    104
340   36   7    193    244
341   172   6    19    96
342   250   2    4    21
343   243   4    135    175
344   15   2    28    226
345   140   6    59    423
346   199   3    194    170
347   8   6    71    413
348   310   4    160    469
349   83   5    174    206
350   250   4    146    197
351   186   3    118    96
352   316   7    43    317
353   314   7    130    254
354   79   6    69    392
355   212   2    88    165
356   231   4    73    20
357   155   4    95    69
358   155   7    118    426
359   293   3    139    397
360   138   2    34    256
361   297   5    185    84
362   24   5    197    142
363   173   6    155    152
364   273   6    180    167
365   32   7    196    460
366   199   2    197    45
367   138   3    79    493
368   330   2    197    389
369   44   3    171    437
370   19   5    1    486
371   165   3    197    361
372   180   2    8    406
373   269   7    44    52
374   198   5    19    226
375   289   2    165    130
376   122   2    85    134
377   359   5    192    141
378   375   3    4    4
379   358   2    169    81
380   107   3    75    276
381   92   6    191    189
382   342   2    177    43
383   65   7    68    152
384   288   4    192    384
385   365   7    44    457
386   245   2    190    206
387   70   2    164    487
388   80   4    97    312
389   362   3    50    232
390   96   3    111    416
391   217   3    160    206
392   100   7    135    210
393   98   4    182    48
394   303   5    147    125
395   236   6    185    333
396   273   6    199    106
397   153   2    104    421
398   13   2    90    385
399   302   4    177    196
400   355   2    51    78
401   172   3    115    6
402   41   4    97    315
403   19   6    21    396
404   69   2    66    247
405   189   7    197    272
406   316   2    95    64
407   79   3    66    389
408   104   4    70    224
409   356   5    50    376
410   112   4    128    107
411   15   3    135    382
412   6   4    99    341
413   50   2    86    126
414   73   7    144    430
415   129   6    27    447
416   245   2    99    290
417   133   5    66    344
418   272   6    187    80
419   52   2    111    99
420   219   6    50    76
421   260   7    86    73
422   9   6    198    285
423   356   4    123    392
424   75   4    56    372
425   99   6    39    115
426   85   3    7    172
427   278   2    70    297
428   273   5    5    461
429   354   5    155    251
430   134   6    59    411
431   104   7    142    22
432   390   2    56    249
433   244   6    80    311
434   390   7    172    61
435   193   6    133    287
436   264   4    20    389
437   417   3    132    321
438   53   2    171    232
439   168   2    135    279
440   35   3    14    128
441   312   2    148    143
442   4   2    43    267
443   345   3    169    78
444   30   4    156    148
445   284   5    197    454
446   212   3    103    58
447   8   7    113    30
448   399   2    107    452
449   142   5    110    364
450   71   2    61    463
451   196   2    100    315
452   103   7    112    122
453   399   4    154    230
454   222   2    158    141
455   274   5    14    451
456   304   7    30    460
457   171   2    143    268
458   307   3    102    155
459   150   7    142    456
460   267   6    93    338
461   304   7    107    214
462   348   7    17    113
463   256   7    93    462
464   243   2    58    382
465   227   7    43    485
466   299   4    7    450
467   270   6    151    431
468   311   4    88    292
469   393   6    1    326
470   52   4    162    388
471   268   3    167    69
472   226   6    111    380
473   304   6    156    162
474   365   3    106    132
475   450   6    132    321
476   179   2    74    134
477   430   2    198    300
478   110   2    37    139
479   455   2    169    92
480   249   4    174    324
481   415   6    142    404
482   264   5    62    454
483   474   5    89    167
484   90   2    162    40
485   469   5    92    203
486   4   2    78    2
487   443   2    98    370
488   207   4    117    351
489   435   7    155    295
490   37   4    70    498
491   127   4    137    316
492   367   4    113    358
493   331   2    74    271
494   415   4    109    281
495   306   4    151    322
496   478   6    148    381
497   20   4    192    408
498   141   2    168    383
499   351   7    18    80
500   8   2    88    150
501   137   3    37    244
502   372   3    38    17
503   132   2    98    94
504   269   6    126    98
505   110   7    12    380
506   175   2    15    301
507   183   4    132    19
508   16   7    122    319
509   100   3    25    381
510   492   3    45    447
511   459   2    32    60
512   143   4    176    77
513   155   3    195    18
514   300   2    48    113
515   336   7    110    474
516   177   4    161    52
517   283   5    46    222
518   107   6    118    205
519   463   4    136    204
520   133   7    145    386
521   509   6    29    436
522   363   5    62    136
523   4   6    104    155
524   384   5    182    85
525   389   4    102    478
526   483   2    104    258
527   294   6    158    403
528   400   2    94    397
529   353   3    61    209
530   24   5    95    221
531   331   3    100    204
532   195   5    82    393
533   126   6    97    189
534   31   5    188    193
535   317   7    105    313
536   221   3    34    179
537   346   4    172    48
538   246   6    11    153
539   193   5    174    44
540   132   2    125    166
541   304   6    165    414
542   303   5    49    360
543   26   7    138    410
544   33   2    103    276
545   160   6    53    20
546   189   5    5    62
547   285   4    18    179
548   363   3    104    242
549   382   2    175    485
550   35   4    156    40
551   470   7    86    218
552   317   5    42    216
553   335   2    72    388
554   63   4    49    417
555   312   5    133    217
556   429   7    25    221
557   428   5    65    247
558   206   4    19    8
559   426   3    170    302
560   179   6    18    7
561   2   5    175    497
562   360   7    54    260
563   390   7    172    494
564   347   5    152    417
565   99   3    2    37
566   275   7    85    96
567   262   4    40    232
568   138   4    9    22
569   52   6    96    269
570   286   5    194    98
571   419   7    30    110
572   261   5    78    100
573   94   3    197    89
574   394   4    117    100
575   444   4    121    154
576   500   4    36    382
577   531   6    110    345
578   468   6    7    9
579   116   5    34    13
580   537   7    187    292
581   211   2    156    252
582   207   4    18    93
583   46   7    66    193
584   14   6    41    342
585   128   5    47    237
586   36   5    188    35
587   584   5    174    4
588   29   6    157    398
589   52   4    94    52
590   357   3    99    215
591   575   6    75    102
592   247   4    44    145
593   376   4    27    59
594   293   6    58    143
595   183   2    151    51
596   363   3    151    146
597   370   2    37    132
598   588   7    41    227
599   452   3    23    205
600   398   5    33    112
601   306   2    5    104
602   118   4    122    121
603   241   5    139    88
604   195   3    90    169
605   153   4    51    260
606   249   6    174    111
607   18   2    95    81
608   106   4    145    377
609   549   4    131    26
610   236   2    54    470
611   203   2    32    447
612   426   5    126    152
613   280   6    34    158
614   331   7    38    239
615   279   2    149    190
616   133   2    167    417
617   239   2    191    52
618   389   2    197    166
619   314   5    23    339
620   553   7    155    314
621   206   4    73    207
622   170   7    128    457
623   183   3    20    346
624   218   6    35    200
625   258   7    106    87
626   355   2    174    420
627   438   6    137    444
628   108   5    47    184
629   387   3    122    450
630   345   7    55    12
631   616   2    15    370
632   155   4    18    80
633   227   4    196    286
634   403   7    161    334
635   632   4    10    43
636   106   2    18    421
637   73   7    56    176
638   437   6    46    269
639   208   6    164    95
640   233   2    156    156
641   21   5    168    235
642   24   5    82    260
643   268   5    16    438
644   44   3    101    88
645   366   3    116    260
646   446   4    6    4
647   406   3    38    379
648   168   5    108    19
649   579   6    177    421
650   242   4    173    70
651   530   3    39    46
652   203   6    99    43
653   587   7    17    215
654   14   3    3    338
655   614   7    146    485
656   445   4    11    475
657   132   3    62    128
658   18   2    4    241
659   282   2    196    235
660   443   7    31    58
661   114   7    30    381
662   474   3    102    295
663   236   3    192    117
664   226   3    120    411
665   474   3    96    282
666   463   6    138    345
667   546   5    53    235
668   375   6    165    430
669   278   3    21    10
670   275   3    4    85
671   333   3    37    148
672   15   2    55    295
673   574   3    87    123
674   292   7    32    275
675   553   4    54    24
676   435   6    123    282
677   432   5    65    199
678   559   7    148    33
679   193   2    34    490
680   353   5    114    112
681   437   5    94    115
682   369   4    196    312
683   378   4    168    94
684   331   2    66    67
685   576   6    88    397
686   212   7    192    217
687   190   2    165    85
688   319   3    126    128
689   434   6    137    35
690   284   6    107    267
691   455   2    122    452
692   23   7    80    350
693   456   6    88    494
694   88   5    196    361
695   434   2    95    353
696   290   4    139    482
697   611   6    64    314
698   22   3    130    106
699   290   3    190    11
700   553   5    155    409
701   643   6    69    133
702   158   6    150    66
703   120   6    86    436
704   61   6    69    43
705   230   6    58    197
706   590   3    72    229
707   534   5    129    385
708   46   2    54    460
709   326   6    48    265
710   601   6    164    338
711   321   6    161    496
712   525   7    179    490
713   95   3    101    36
714   333   3    31    265
715   606   5    158    229
716   200   5    150    362
717   96   7    107    394
718   437   6    193    282
719   552   4    112    353
720   485   2    10    492
721   611   4    74    45
722   375   7    6    145
723   114   6    144    175
724   666   6    139    486
725   572   6    46    375
726   589   5    138    327
727   213   5    70    39
728   208   4    9    465
729   96   5    32    346
730   21   6    49    146
731   297   6    62    401
732   701   6    33    432
733   579   4    101    363
734   706   5    38    219
735   634   6    150    152
736   543   7    155    163
737   393   3    83    420
738   312   2    49    443
739   596   5    148    175
740   374   3    2    206
741   262   5    29    99
742   587   4    149    277
743   370   3    164    405
744   427   4    146    432
745   663   4    97    282
746   609   4    125    50
747   63   3    85    211
748   65   6    34    296
749   93   6    149    399
750   708   7    67    36
751   109   5    50    94
752   330   3    56    263
753   246   6    3    273
754   710   7    58    485
755   380   6    182    190
756   87   7    49    177
757   503   7    8    63
758   622   7    97    321
759   679   2    7    57
760   282   6    149    23
761   172   5    115    56
762   225   6    103    24
763   665   5    146    97
764   433   5    20    3
765   406   3    173    388
766   17   6    194    6
767   435   7    73    415
768   28   3    66    158
769   547   3    26    153
770   424   3    77    291
771   721   7    71    172
772   87   6    83    383
773   757   3    110    104
774   321   3    34    46
775   670   2    90    223
776   24   3    103    239
777   54   3    55    257
778   597   5    42    168
779   588   3    176    40
780   176   4    41    99
781   701   2    147    372
782   687   6    66    276
783   607   6    9    197
784   599   5    18    183
785   87   4    197    317
786   160   6    160    347
787   53   6    37    67
788   425   6    83    30
789   135   5    35    450
790   301   7    147    267
791   370   2    59    194
792   536   6    29    296
793   494   6    44    118
794   328   3    65    54
795   782   5    181    422
796   423   7    61    159
797   529   5    194    383
798   173   3    39    256
799   221   5    11    105
800   523   3    179    15
801   776   6    5    498
802   351   5    181    417
803   469   6    71    51
804   136   2    37    164
805   570   7    107    148
806   240   7    90    153
807   434   3    141    99
808   75   6    22    376
809   179   7    168    445
810   623   7    58    179
811   43   6    72    167
812   131   6    140    24
813   140   7    126    295
814   29   6    194    159
815   728   6    113    160
816   204   4    117    476
817   570   3    67    125
818   625   7    199    378
819   291   2    98    197
820   8   4    192    337
821   417   2    21    45
822   456   7    175    444
823   4   7    141    367
824   98   6    149    114
825   364   2    186    106
826   272   4    116    307
827   266   6    120    155
828   526   5    145    96
829   317   5    99    408
830   45   6    52    38
831   1   3    126    25
832   498   2    116    365
833   575   5    165    333
834   120   5    83    376
835   592   3    193    104
836   677   7    190    34
837   365   7    148    176
838   772   4    4    376
839   220   5    13    66
840   634   6    32    151
841   190   5    9    270
842   415   5    52    334
843   330   3    50    407
844   28   5    16    118
845   223   5    137    103
846   298   2    51    367
847   784   7    146    430
848   154   2    31    270
849   216   6    128    60
850   452   2    109    172
851   626   5    46    337
852   685   6    39    387
853   60   6    32    18
854   737   6    66    265
855   807   2    100    150
856   109   6    170    329
857   209   6    54    246
858   95   5    66    63
859   713   7    53    468
860   274   4    39    134
861   40   4    151    22
862   381   7    54    269
863   226   3    72    363
864   114   2    20    318
865   298   7    96    440
866   796   5    63    363
867   474   6    45    211
868   337   2    100    356
869   227   3    163    8
870   98   6    87    213
871   172   4    152    125
872   496   7    73    493
873   492   4    102    154
874   520   3    182    131
875   150   5    153    147
876   569   6    45    285
877   859   2    52    43
878   429   6    105    135
879   63   2    189    181
880   600   6    6    222
881   82   3    77    308
882   421   4    22    434
883   7   3    78    440
884   143   3    141    257
885   299   3    140    452
886   598   4    67    290
887   658   4    141    313
888   673   4    151    312
889   476   6    168    71
890   137   5    140    432
891   507   3    27    247
892   781   5    160    354
893   638   6    190    198
894   7   4    182    293
895   295   2    169    341
896   135   3    64    132
897   598   2    133    21
898   443   2    195    443
899   102   2    38    236
900   290   7    93    481
901   453   5    102    125
902   340   2    125    138
903   382   5    170    228
904   601   3    14    436
905   182   2    186    9
906   403   6    133    279
907   783   2    158    269
908   162   4    178    48
909   613   5    143    454
910   609   2    167    441
911   499   5    191    275
912   775   6    177    325
913   842   7    163    465
914   329   3    97    366
915   211   2    23    147
916   435   6    136    31
917   913   2    175    351
918   535   4    183    290
919   632   4    124    69
920   221   6    128    132
921   306   5    162    73
922   442   6    64    104
923   197   6    171    408
924   164   2    164    159
925   634   3    50    433
926   280   5    33    144
927   263   3    77    306
928   98   5    25    335
929   203   6    190    287
930   407   4    67    198
931   640   3    83    488
932   801   5    77    283
933   20   3    8    464
934   688   4    70    384
935   322   6    61    451
936   647   4    187    421
937   763   3    37    314
938   568   2    181    127
939   726   2    57    209
940   573   7    8    128
941   914   5    181    151
942   103   3    46    92
943   921   7    71    331
944   654   3    56    289
945   96   6    65    9
946   187   4    72    181
947   751   7    58    392
948   122   5    156    206
949   718   5    177    456
950   821   6    175    219
951   349   2    147    242
952   478   3    93    333
953   169   6    17    481
954   739   2    84    478
955   671   6    19    181
956   570   6    37    22
957   927   5    10    258
958   90   6    121    300
959   23   3    170    426
960   465   5    61    475
961   493   6    91    397
962   147   4    198    243
963   460   3    73    380
964   82   4    20    414
965   271   7    63    14
966   366   5    138    466
967   354   5    165    334
968   152   4    126    22
969   266   4    30    100
970   854   5    192    53
971   743   4    195    6
972   576   2    177    401
973   788   5    199    341
974   618   7    88    467
975   124   5    59    119
976   858   5    199    429
977   908   6    190    479
978   610   4    44    221
979   880   3    131    101
980   528   5    86    234
981   717   6    164    308
982   540   3    130    334
983   615   2    76    204
984   710   7    152    281
985   513   2    135    331
986   81   3    55    3
987   931   2    55    498
988   30   4    180    104
989   484   7    73    51
990   711   6    109    211
991   71   6    120    446
992   651   3    178    354
993   35   3    138    406
994   585   2    21    201
995   491   2    195    216
996   387   3    172    301
997   472   5    37    313
998   6   4    33    178
999   845   2    90    445
1000   150   3    189    468
1001   656   2    42    283
1002   797   5    21    13
1003   452   5    53    354
1004   388   5    116    237
1005   325   6    20    137
1006   927   4    43    427
1007   868   5    76    325
1008   461   2    84    126
1009   414   3    116    97
1010   747   5    141    467
1011   490   4    43    130
1012   515   2    69    492
1013   786   4    68    281
1014   883   6    119    107
1015   439   3    165    169
1016   498   3    40    72
1017   101   4    97    122
1018   883   3    96    390
1019   366   3    71    329
1020   678   2    198    201
1021   978   4    101    121
1022   786   4    104    273
1023   883   4    77    130
1024   334   4    188    54
1025   632   7    18    254
1026   115   7    137    148
1027   889   4    18    447
1028   730   7    173    457
1029   138   7    111    140
1030   506   3    115    474
1031   53   5    174    69
1032   946   6    190    471
1033   63   6    51    265
1034   790   2    160    177
1035   337   6    70    410
1036   198   6    109    211
1037   29   5    194    384
1038   469   2    42    157
1039   124   3    66    150
1040   924   3    96    164
1041   871   6    77    423
1042   693   6    128    299
1043   430   7    88    139
1044   789   7    144    60
1045   404   6    68    216
1046   36   5    184    300
1047   274   4    64    31
1048   442   6    57    84
1049   780   6    169    351
1050   623   5    186    416
1051   583   6    29    488
1052   848   2    16    125
1053   215   2    128    284
1054   914   2    189    333
1055   730   7    128    248
1056   376   6    27    185
1057   743   2    153    419
1058   44   5    131    493
1059   479   5    93    146
1060   764   6    91    337
1061   689   2    37    146
1062   465   4    139    72
1063   38   4    103    229
1064   853   6    5    407
1065   786   4    94    208
1066   496   3    23    342
1067   588   5    115    9
1068   512   6    194    343
1069   1056   4    164    132
1070   683   5    38    351
1071   702   4    68    36
1072   943   6    180    161
1073   592   4    74    183
1074   275   5    3    370
1075   227   6    36    297
1076   981   2    15    82
1077   1053   4    116    136
1078   1023   7    117    233
1079   734   6    63    334
1080   279   3    193    53
1081   400   7    46    76
1082   201   2    182    461
1083   722   2    45    487
1084   349   7    2    13
1085   823   3    67    176
1086   163   5    8    359
1087   396   5    93    89
1088   69   5    190    309
1089   425   2    154    204
1090   206   5    198    129
1091   32   6    103    421
1092   299   5    150    401
1093   294   7    119    164
1094   175   3    199    355
1095   350   3    50    213
1096   950   5    49    120
1097   1020   7    155    148
1098   415   2    22    112
1099   551   5    133    284
1100   49   3    98    41
1101   209   3    134    37
1102   105   2    104    17
1103   333   5    110    456
1104   1041   7    43    485
1105   510   4    20    448
