1   0   2    49    224
2   1   4    82    234
3   1   3    192    252
4   1   6    77    185
5   3   2    87    250
6   1   7    187    498
7   1   7    100    52
8   1   7    97    413
9   6   2    18    431
10   1   3    154    372
11   1   2    15    169
12   7   6    148    53
13   7   7    103    123
14   9   3    137    1
15   9   6    51    107
16   7   4    42    329
17   4   6    138    93
18   3   6    91    255
19   3   3    156    331
20   13   3    61    9
21   18   3    130    255
22   5   6    160    280
23   11   5    181    402
24   14   5    134    191
25   23   2    16    94
26   17   7    150    196
27   16   5    5    378
28   3   2    140    382
29   6   2    149    424
30   3   6    120    160
31   26   7    105    450
32   21   4    29    312
33   17   4    13    475
34   12   7    142    176
35   16   2    158    241
36   17   3    64    145
37   34   6    116    227
38   31   7    89    403
39   12   2    158    77
40   3   7    56    23
41   20   6    14    479
42   12   4    86    16
43   35   3    17    469
44   2   2    99    160
45   42   3    5    288
46   23   2    143    259
47   35   4    39    404
48   24   7    12    122
49   40   6    22    7
50   19   4    63    230
51   27   4    161    165
52   13   6    17    460
53   31   6    176    170
54   23   6    105    147
55   29   4    46    187
56   43   6    128    445
57   40   5    93    432
58   48   2    154    180
59   52   4    161    242
60   29   4    130    222
61   43   6    192    305
62   57   5    85    315
63   29   6    57    12
64   35   6    154    486
65   8   3    164    158
66   64   4    83    190
67   8   3    112    222
68   44   6    53    172
69   46   6    150    193
70   34   7    168    402
71   53   7    161    293
72   70   7    9    34
73   44   5    65    218
74   28   4    81    325
75   15   5    102    169
76   70   2    73    386
77   11   2    128    367
78   24   5    49    336
79   41   3    116    131
80   41   2    25    166
81   74   2    131    433
82   60   4    102    423
83   33   3    126    210
84   68   6    193    229
85   40   4    70    379
86   64   6    22    73
87   25   6    18    489
88   58   5    45    298
89   70   2    5    490
90   1   4    103    67
91   63   2    179    197
92   47   6    19    352
93   36   5    95    24
94   80   3    152    377
95   24   4    141    208
96   62   7    156    329
97   64   6    41    218
98   68   4    111    406
99   28   7    36    398
100   60   7    38    195
101   49   4    124    157
102   70   2    60    163
103   88   6    76    219
104   77   2    84    309
105   30   7    89    282
106   24   3    27    392
107   12   7    53    299
108   84   7    167    90
109   27   6    182    337
110   94   4    185    302
111   97   2    84    429
112   35   4    168    80
113   50   7    135    365
114   93   2    15    1
115   65   7    181    378
116   112   2    150    218
117   44   3    64    473
118   38   3    33    447
119   11   4    84    335
120   113   2    58    352
121   90   6    129    288
122   58   6    147    107
123   113   5    1    217
124   36   7    184    330
125   70   2    135    155
126   58   3    181    355
127   99   4    157    236
128   76   6    115    26
129   85   7    27    149
130   128   2    130    464
131   55   7    27    458
132   33   3    108    129
133   67   2    148    36
134   102   4    157    430
135   104   5    33    8
136   121   3    150    9
137   95   3    66    56
138   124   4    84    24
139   59   7    46    115
140   107   4    73    141
141   10   4    153    139
142   103   3    94    270
143   81   2    47    272
144   103   2    80    44
145   138   4    173    268
146   125   5    16    272
147   68   4    176    188
148   121   4    63    289
149   23   4    186    231
150   6   5    134    156
151   134   3    93    495
152   6   5    74    408
153   9   4    114    212
154   112   3    54    405
155   122   6    131    446
156   21   6    185    43
157   75   5    116    212
158   131   3    73    390
159   122   6    43    84
160   143   3    173    313
161   70   7    44    315
162   37   4    109    40
163   142   2    6    266
164   107   3    101    153
165   128   3    12    487
166   129   4    175    130
167   11   7    94    140
168   109   7    127    415
169   100   7    133    172
170   78   2    19    30
171   10   5    123    215
172   112   4    193    244
173   158   3    95    319
174   120   6    38    322
175   112   6    165    448
176   40   2    85    126
177   102   6    141    320
178   13   2    48    248
179   167   7    26    118
180   50   3    80    211
181   58   4    198    135
182   11   5    91    463
183   168   2    95    116
184   172   4    113    167
185   76   6    110    354
186   159   3    123    23
187   132   4    99    450
188   16   6    169    66
189   44   6    121    463
190   76   4    48    473
191   149   3    108    128
192   62   5    194    477
193   132   6    124    408
194   94   6    11    40
195   73   2    81    2
196   115   6    148    56
197   27   2    156    230
198   65   5    186    216
199   144   3    108    169
200   131   4    180    483
201   184   3    4    200
202   66   6    52    18
203   48   2    126    75
204   15   2    18    218
205   162   2    85    492
206   147   6    138    428
207   4   4    29    280
208   33   3    126    494
209   53   6    87    296
210   27   3    73    199
211   37   6    90    38
212   34   7    185    43
213   160   6    52    476
214   179   5    18    234
215   211   6    150    370
216   44   4    3    462
217   63   4    116    237
218   4   3    50    149
219   183   7    105    97
220   173   4    135    496
221   29   4    197    382
222   104   6    150    375
223   55   3    59    120
224   14   4    99    168
225   65   7    189    154
226   183   7    5    38
227   6   7    86    491
228   220   2    118    182
229   183   3    53    252
230   214   5    80    158
231   201   6    54    324
232   29   2    99    90
233   28   3    10    278
234   37   6    172    280
235   95   5    74    71
236   28   6    97    4
237   135   4    174    276
238   128   2    22    190
239   59   6    126    344
240   127   4    179    435
241   42   2    177    298
242   161   4    88    362
243   110   6    84    90
244   223   6    30    326
245   52   5    158    379
246   218   4    103    94
247   16   5    59    258
248   208   7    92    95
249   206   2    171    432
250   191   5    36    356
251   75   3    147    205
252   230   6    138    18
253   166   6    77    5
254   119   6    81    79
255   125   5    183    21
256   253   3    41    397
257   185   4    161    90
258   148   3    73    298
259   236   6    167    369
260   57   7    58    481
261   249   3    183    498
262   46   3    133    461
263   248   7    197    193
264   163   7    112    374
265   138   2    31    305
266   62   6    68    4
267   184   5    15    450
268   177   7    65    246
269   26   7    143    457
270   225   7    78    287
271   30   2    153    172
272   150   6    51    102
273   79   4    93    144
274   37   2    6    495
275   196   7    42    471
276   243   5    46    211
277   48   6    29    238
278   10   4    193    234
279   239   7    102    39
280   16   7    67    176
281   144   3    144    379
282   104   2    114    165
283   86   4    64    376
284   163   4    192    432
285   123   7    72    38
286   160   6    188    327
287   208   4    38    163
288   112   7    159    34
289   284   2    36    325
290   145   6    135    498
291   261   2    187    190
292   81   3    196    11
293   7   2    137    222
294   200   3    120    129
295   167   7    3    344
296   231   2    100    190
297   76   6    170    354
298   15   3    70    349
299   225   4    16    325
300   34   4    54    68
301   92   4    28    435
302   130   2    17    415
303   204   5    49    391
304   203   7    178    215
305   112   2    70    226
306   231   6    86    392
307   118   7    51    331
308   223   2    63    223
309   286   5    89    132
310   84   5    70    444
311   30   2    17    5
312   114   6    33    92
313   210   5    92    222
314   162   7    37    130
315   258   6    63    445
316   95   7    67    314
317   175   6    26    185
318   27   2    100    343
319   298   5    195    461
320   290   7    181    225
321   107   7    111    337
322   267   4    94    158
323   157   7    3    493
324   187   6    173    1
325   60   4    31    141
326   128   4    176    484
327   57   4    93    269
328   186   5    50    247
329   139   5    32    298
330   106   6    184    57
331   286   2    162    207
332   233   7    96    147
333   192   7    25    240
334   92   6    172    373
335   215   7    53    493
336   233   5    7    203
337   327   2    142    462
338   333   4    84    292
339   323   6    198    12
340   134   2    15    421
341   18   7    136    194
342   8   7    146    36
343   114   3    66    388
344   192   6    14    28
345   306   5    127    405
346   239   3    107    228
347   228   2    106    112
348   217   6    147    390
349   176   2    61    499
350   310   5    49    300
351   109   6    23    34
352   303   3    108    141
353   54   6    157    303
354   232   6    12    469
355   138   2    178    9
356   5   6    129    451
357   154   4    13    276
358   248   6    108    101
359   151   7    146    376
360   199   6    70    241
361   194   5    20    194
362   150   6    73    190
363   289   6    16    400
364   78   2    197    53
365   46   2    127    374
366   82   3    170    334
367   52   5    67    316
368   279   5    123    47
369   161   6    182    40
370   253   5    124    409
371   342   5    188    390
372   330   4    11    264
373   1   2    184    248
374   276   2    42    6
375   155   3    150    352
376   225   5    67    474
377   281   4    51    99
378   193   3    37    75
379   203   3    60    79
380   326   7    29    216
381   241   4    179    72
382   361   7    2    140
383   161   7    68    21
384   184   3    127    198
385   204   4    133    181
386   56   2    87    85
387   322   4    56    375
388   29   3    95    245
389   224   2    65    404
390   72   7    67    378
391   336   6    191    9
392   366   7    164    67
393   377   4    151    95
394   287   3    131    205
395   392   7    148    235
396   226   2    62    106
397   27   6    174    320
398   10   5    97    198
399   191   3    158    460
400   382   7    129    389
401   249   2    13    497
402   311   3    53    386
403   132   7    163    295
404   334   3    89    171
405   202   6    77    82
406   88   5    107    276
407   321   6    133    51
408   356   4    32    87
409   114   3    154    478
410   337   2    23    36
411   312   7    107    236
412   297   2    92    477
413   284   5    59    106
414   397   2    29    369
415   247   7    87    162
416   126   6    88    80
417   412   2    39    368
418   96   4    101    403
419   215   2    142    487
420   193   7    147    162
421   392   3    12    472
422   24   4    71    70
423   213   2    81    85
424   422   7    3    123
425   79   4    23    372
426   20   6    128    47
427   107   4    133    149
428   336   6    30    70
429   392   7    148    45
430   252   3    141    485
431   132   4    163    481
432   71   5    126    301
433   160   3    28    98
434   150   6    162    118
435   138   4    17    487
436   263   7    155    193
437   287   7    1    96
438   201   6    106    120
439   151   5    9    183
440   84   3    98    338
441   335   5    186    288
442   115   5    83    408
443   172   5    26    484
444   301   6    141    395
445   248   5    33    305
446   134   6    186    177
447   411   2    165    48
448   1   4    28    28
449   256   2    94    323
450   134   4    59    153
451   148   2    17    191
452   27   7    65    126
453   48   2    62    431
454   442   2    15    34
455   259   2    183    328
456   86   2    112    31
457   123   3    160    403
458   206   6    112    115
459   384   5    92    230
460   75   3    1    173
461   156   7    130    448
462   308   6    99    182
463   138   7    29    432
464   142   5    165    254
465   231   7    69    482
466   462   5    22    495
467   341   3    74    130
468   177   2    168    318
469   158   3    71    390
470   130   3    32    18
471   433   7    79    57
472   121   4    143    260
473   144   3    132    291
474   159   7    20    84
475   437   6    155    148
476   69   5    116    119
477   40   3    136    483
478   308   2    23    11
479   134   7    127    107
480   200   6    56    309
481   277   3    112    25
482   301   3    80    190
483   36   4    131    260
484   452   7    36    370
485   251   3    57    235
486   472   2    196    70
487   360   4    54    384
488   314   7    101    254
489   222   2    184    155
490   194   6    10    125
491   145   4    124    155
492   426   3    73    15
493   356   6    185    278
494   177   6    49    252
495   148   3    172    436
496   75   4    140    495
497   31   7    156    72
498   20   4    9    226
499   400   4    182    431
500   422   7    42    154
501   169   2    35    286
502   244   4    39    159
503   412   5    133    92
504   111   2    138    65
505   182   5    35    49
506   394   3    90    11
507   66   5    69    251
508   444   4    33    116
509   421   4    185    436
510   39   7    180    141
511   408   6    165    4
512   135   7    101    445
513   189   5    138    445
514   103   2    140    2
515   254   2    11    203
516   114   7    44    32
517   340   5    192    109
518   247   4    29    384
519   400   4    41    220
520   72   6    198    15
521   251   3    23    472
522   222   6    44    292
523   404   6    174    481
524   326   6    29    98
525   229   3    77    358
526   340   5    46    343
527   340   4    93    118
528   106   6    184    464
529   220   7    18    478
530   424   5    71    148
531   454   3    135    407
532   196   5    31    330
533   150   5    139    437
534   157   5    199    153
535   363   3    73    86
536   287   4    39    400
537   4   2    194    108
538   118   5    10    419
539   488   2    59    211
540   424   7    61    89
541   24   6    192    371
542   294   7    181    381
543   236   5    190    163
544   508   6    115    76
545   17   3    199    396
546   165   4    28    223
547   100   5    14    11
548   37   2    145    124
549   396   4    67    26
550   517   3    128    298
551   36   6    117    395
552   67   4    135    499
553   113   7    182    273
554   282   2    109    77
555   51   6    19    433
556   164   5    83    47
557   538   2    120    292
558   110   5    57    47
559   380   3    38    348
560   400   5    94    256
561   202   4    100    99
562   193   6    54    191
563   142   7    45    75
564   48   5    13    89
565   332   2    134    466
566   550   2    76    75
567   351   7    31    143
568   19   4    128    150
569   479   6    150    350
570   25   3    58    124
571   335   6    134    131
572   368   5    16    463
573   277   6    105    127
574   511   7    21    416
575   143   7    84    257
576   558   3    101    346
577   131   3    75    56
578   439   4    130    480
579   230   3    55    187
580   425   6    93    320
581   261   7    8    325
582   557   2    74    191
583   118   7    180    161
584   223   4    68    306
585   338   4    195    80
586   209   3    152    112
587   518   4    93    169
588   280   3    147    258
589   414   2    45    46
590   122   5    141    72
591   119   3    176    46
592   334   4    117    40
593   93   3    109    152
594   58   3    112    2
595   139   3    86    458
596   265   3    8    479
597   169   6    45    394
598   316   4    69    468
599   260   6    106    145
600   102   2    10    373
601   53   6    125    161
602   94   7    60    386
603   34   2    180    303
604   94   7    113    81
605   145   2    197    205
606   478   4    114    123
607   158   3    126    73
608   402   2    65    183
609   42   5    13    458
610   367   5    114    330
611   511   5    5    325
612   375   3    2    499
613   328   6    57    400
614   85   4    59    181
615   369   2    141    447
616   413   5    74    439
617   332   7    65    373
618   438   4    169    314
619   150   6    187    237
620   412   6    25    83
621   433   4    176    136
622   567   6    191    490
623   18   4    116    312
624   338   3    174    382
625   226   2    142    18
626   556   6    70    431
627   456   7    19    432
628   426   6    158    274
629   425   4    95    104
630   148   6    58    74
631   456   2    166    63
632   175   4    56    136
633   602   7    179    394
634   594   7    39    172
635   27   6    141    357
636   314   7    196    18
637   128   5    39    117
638   282   7    6    337
639   137   7    167    396
640   466   3    178    270
641   574   6    18    420
642   290   3    94    64
643   251   4    77    433
644   81   5    52    149
645   523   4    184    135
646   94   5    175    363
647   153   2    125    239
648   504   6    72    421
649   169   7    84    84
650   55   6    168    142
651   547   5    64    161
652   569   2    128    433
653   493   3    60    438
654   330   3    60    278
655   186   6    197    64
656   28   4    140    212
657   348   4    28    25
658   247   6    132    107
659   459   2    199    73
660   411   7    77    86
661   102   2    119    122
662   620   3    172    294
663   167   3    147    70
664   438   5    36    27
665   408   7    72    424
666   340   5    189    194
667   476   6    119    334
668   455   4    62    191
669   167   5    19    7
670   65   6    85    488
671   400   7    9    178
672   269   4    189    386
673   310   3    182    46
674   432   4    126    482
675   369   3    34    401
676   664   6    176    116
677   192   2    86    60
678   14   3    15    74
679   175   5    160    242
680   406   7    120    250
681   558   5    21    68
682   352   7    176    83
683   47   4    80    33
684   432   5    15    446
685   139   4    97    149
686   232   7    42    433
687   437   2    138    272
688   353   5    31    137
689   607   5    5    17
690   11   6    39    164
691   250   3    56    439
692   447   5    5    193
693   677   4    143    301
694   632   5    58    494
695   335   2    157    74
696   330   3    21    4
697   155   5    40    63
698   296   6    17    5
699   319   4    42    194
700   304   5    54    431
701   415   4    145    277
702   40   5    116    213
703   263   7    29    358
704   78   2    78    36
705   202   2    104    296
706   387   6    26    90
707   405   5    175    285
708   325   2    85    182
709   473   5    124    295
710   641   6    99    450
711   127   2    140    365
712   15   4    65    144
713   210   2    58    271
714   678   3    137    10
715   444   7    99    499
716   444   2    54    39
717   223   5    119    203
718   484   7    158    133
719   169   7    119    370
720   225   7    76    180
721   379   6    43    162
722   587   2    29    120
723   4   5    114    262
724   232   6    166    43
725   723   2    9    82
726   513   6    85    330
727   408   2    74    488
728   726   6    138    227
729   341   2    87    26
730   557   7    58    324
731   16   4    29    385
732   684   6    47    332
733   195   2    15    212
734   124   7    113    204
735   396   5    173    391
736   464   7    92    288
737   466   6    41    349
738   341   7    96    476
739   73   7    58    117
740   322   5    84    380
741   462   4    40    305
742   286   2    173    492
743   454   6    184    497
744   123   3    17    479
745   582   3    86    239
746   234   5    121    332
747   7   2    48    398
748   438   4    81    101
749   518   7    131    356
750   216   6    119    47
751   466   5    30    62
752   735   2    187    463
753   555   2    64    480
754   494   6    74    403
755   351   6    67    411
756   711   6    174    245
757   337   4    144    176
758   92   7    140    279
759   300   2    98    136
760   112   7    39    463
761   568   2    121    117
762   5   4    81    485
763   232   6    159    225
764   362   3    107    348
765   72   5    138    489
766   657   4    168    143
767   555   3    18    494
768   208   2    125    457
769   235   4    7    336
770   45   2    157    2
771   652   3    181    34
772   445   3    128    284
773   566   3    174    6
774   746   7    104    275
775   625   4    44    357
776   153   6    107    144
777   651   7    19    170
778   329   3    24    337
779   760   2    155    201
780   250   7    91    356
781   166   5    103    141
782   109   3    120    223
783   218   6    14    180
784   777   4    79    203
785   417   6    147    262
786   500   7    37    180
787   741   2    12    253
788   544   6    118    485
789   46   6    153    195
790   288   7    52    133
791   154   3    145    25
792   437   2    63    172
793   562   3    67    153
794   29   5    17    248
795   709   7    194    383
796   360   4    159    195
797   211   4    108    276
798   138   2    68    151
799   369   2    159    358
800   277   4    88    290
801   386   5    141    477
802   559   4    160    380
803   594   5    87    283
804   227   3    25    133
805   27   5    134    329
806   262   5    108    362
807   800   6    184    221
808   479   4    174    114
809   519   3    193    371
810   477   7    95    436
811   113   5    33    375
812   591   6    126    439
813   431   5    48    178
814   152   7    57    99
815   433   2    116    15
816   97   2    139    441
817   27   7    131    454
818   587   3    196    77
819   624   7    96    112
820   592   6    140    144
821   31   7    194    107
822   795   5    56    358
823   615   2    138    348
824   311   4    6    302
825   39   2    161    474
826   533   6    124    129
827   470   3    171    170
828   268   7    141    280
829   2   2    150    177
830   531   6    197    335
831   504   3    120    412
832   448   5    123    67
833   626   6    84    179
834   786   3    8    259
835   706   3    24    498
836   775   4    77    280
837   831   2    197    148
838   65   5    1    369
839   461   7    90    189
840   661   5    84    208
841   334   7    17    468
842   677   7    88    425
843   241   2    133    133
844   709   4    50    52
845   229   2    97    119
846   402   2    73    142
847   124   6    101    38
848   225   3    34    336
849   544   7    155    214
850   818   6    166    65
851   775   5    160    305
852   172   6    18    71
853   92   4    160    499
854   67   5    103    414
855   122   3    133    38
856   249   4    11    382
857   748   6    104    97
858   30   2    180    60
859   218   3    6    277
860   418   2    13    441
861   1   5    10    288
862   619   4    19    210
863   536   3    164    52
864   178   6    83    119
865   492   2    38    171
866   263   7    171    332
867   341   3    115    475
868   626   2    23    33
869   824   7    148    203
870   440   2    100    433
871   518   6    181    188
872   219   4    159    299
873   36   7    56    40
874   375   3    145    129
875   89   6    167    494
876   636   5    155    427
877   313   7    9    480
878   95   5    44    208
879   247   2    189    205
880   845   5    140    315
881   816   6    39    340
882   849   6    173    131
883   63   7    173    196
884   655   7    132    411
885   13   6    157    89
886   756   2    79    442
887   654   7    135    237
888   39   5    46    281
889   239   4    93    462
890   336   4    40    167
891   211   2    156    472
892   272   2    172    144
893   192   2    88    144
894   859   2    156    445
895   297   3    62    1
896   335   3    161    120
897   569   3    73    46
898   800   5    8    147
899   638   5    190    260
900   450   5    54    405
901   521   7    193    298
902   324   4    17    493
903   657   6    188    142
904   296   2    31    20
905   60   7    141    162
906   850   3    175    408
907   138   5    198    350
908   115   3    102    426
909   546   3    105    480
910   542   3    85    251
911   1   6    79    496
912   453   4    66    357
913   872   3    29    290
914   475   3    7    37
915   777   6    44    125
916   232   3    180    309
917   13   4    191    327
918   62   5    159    356
919   777   6    50    410
920   151   2    184    174
921   33   3    26    190
922   240   5    90    30
923   778   4    99    186
924   286   5    182    362
925   355   5    194    497
926   90   4    15    272
927   745   4    90    138
928   47   6    136    128
929   851   7    101    289
930   880   3    103    462
931   283   6    137    293
932   369   7    111    210
933   478   2    54    471
934   485   4    39    71
935   849   2    1    389
936   266   6    3    330
937   860   7    99    60
938   329   4    112    194
939   320   6    54    362
940   735   2    166    182
941   832   3    102    264
942   546   5    166    378
943   339   2    190    416
944   552   6    113    462
945   550   6    60    266
946   799   4    64    429
947   707   3    137    410
948   29   7    170    239
949   149   4    115    255
950   751   6    115    458
951   526   2    105    494
952   673   3    164    128
953   42   4    193    4
954   499   6    95    341
955   188   7    170    106
956   195   3    113    4
957   356   5    178    2
958   568   3    36    341
959   718   6    165    248
960   360   4    102    156
961   383   6    111    177
962   808   7    177    417
963   311   3    112    179
964   179   3    115    196
965   721   7    33    174
966   14   3    199    288
967   393   2    140    108
968   459   3    59    353
969   471   3    34    78
970   763   3    122    52
971   638   5    22    368
972   463   7    8    426
973   885   3    109    17
974   939   6    84    294
975   902   4    144    104
976   837   4    100    484
977   329   6    152    489
978   137   5    196    236
979   465   7    162    284
980   221   2    90    365
981   182   2    59    66
982   291   6    51    388
983   158   7    54    328
984   338   4    72    399
985   158   6    2    356
986   264   3    101    275
987   170   4    6    489
988   447   5    188    343
989   560   2    176    4
990   179   5    40    497
991   549   4    25    396
992   898   7    121    154
993   820   4    109    213
994   242   7    103    253
995   278   5    141    211
996   537   3    162    393
997   352   2    111    28
998   206   7    182    478
999   604   2    116    165
1000   374   7    144    50
1001   779   7    99    185
1002   449   7    76    498
1003   700   4    100    386
1004   64   5    49    381
1005   764   2    172    451
1006   672   4    192    19
1007   601   7    186    322
1008   342   2    148    267
1009   318   2    45    476
1010   682   2    87    453
1011   454   4    112    339
1012   954   2    134    222
1013   350   2    30    143
1014   217   3    172    340
1015   595   7    147    487
1016   486   2    41    61
1017   711   7    49    268
1018   23   4    11    381
1019   783   3    153    468
1020   843   3    10    194
1021   317   2    199    70
1022   746   5    158    480
1023   667   2    127    74
1024   423   5    177    210
1025   257   4    15    465
1026   757   4    83    150
1027   23   2    90    436
1028   276   4    177    293
1029   988   2    53    77
1030   896   2    28    25
1031   929   3    92    441
1032   582   7    115    117
1033   315   5    24    81
1034   352   4    47    306
1035   804   4    55    275
1036   461   4    43    375
1037   106   6    184    22
1038   873   2    182    39
1039   500   6    125    275
1040   827   2    31    273
1041   854   2    25    83
1042   313   4    172    446
1043   48   7    6    413
1044   154   2    28    230
1045   1028   5    16    304
1046   633   4    35    277
1047   573   6    92    34
1048   575   6    183    262
1049   296   5    84    34
1050   493   5    51    225
1051   525   6    141    478
1052   455   6    22    37
1053   1001   3    106    357
1054   922   4    53    360
1055   659   2    29    7
1056   523   4    104    206
1057   756   7    190    156
1058   772   4    21    97
1059   43   5    57    17
1060   566   3    83    56
1061   482   4    195    106
1062   768   2    140    353
1063   495   7    186    24
1064   38   3    160    471
1065   889   4    135    471
1066   450   2    15    494
1067   514   3    79    192
1068   469   5    40    220
1069   457   6    98    475
1070   449   2    167    157
1071   406   7    42    207
1072   855   7    155    163
1073   765   4    34    230
1074   563   5    199    335
1075   114   6    71    323
1076   373   2    18    143
1077   22   2    83    357
1078   1027   3    34    253
1079   493   2    92    335
1080   291   7    160    199
1081   140   6    163    29
1082   698   4    139    287
1083   812   5    115    16
1084   1029   7    83    39
1085   649   5    176    125
1086   1016   3    150    296
1087   1037   7    81    478
1088   977   5    28    467
1089   903   4    177    36
1090   143   4    101    474
1091   980   2    132    79
1092   919   6    125    49
1093   930   5    9    363
1094   69   7    99    21
1095   619   6    19    356
1096   938   3    82    176
1097   47   4    194    369
1098   926   3    43    93
1099   390   6    92    491
1100   55   6    22    345
1101   237   3    73    162
1102   227   2    86    36
1103   418   7    45    296
1104   337   7    66    79
1105   106   5    61    152
1106   550   3    182    345
1107   682   4    47    45
1108   527   2    98    387
1109   495   6    51    460
1110   904   2    67    342
1111   114   7    33    41
1112   341   7    39    351
1113   169   2    126    174
1114   78   3    101    419
1115   479   6    182    250
1116   891   4    71    427
1117   365   2    15    134
1118   79   7    31    377
1119   337   4    125    88
1120   725   6    86    403
1121   939   7    154    398
1122   68   6    132    293
1123   72   2    188    65
1124   879   4    143    25
1125   101   4    29    332
1126   580   7    172    193
1127   532   7    140    301
1128   538   3    193    481
1129   83   4    175    401
1130   707   3    97    43
1131   251   6    33    497
1132   991   7    53    278
1133   593   7    47    125
1134   821   6    61    390
1135   440   6    6    324
1136   298   5    156    306
1137   928   7    191    323
1138   430   5    186    189
1139   114   2    91    496
1140   552   4    128    434
1141   491   5    91    364
1142   715   4    135    89
1143   585   4    190    65
1144   603   7    167    67
1145   703   3    46    115
1146   654   6    14    60
1147   463   5    23    462
1148   948   6    143    304
1149   728   7    146    360
1150   258   7    110    192
1151   144   3    64    483
1152   815   7    36    147
1153   618   6    54    403
1154   508   4    163    142
1155   49   4    178    470
1156   63   7    25    340
1157   582   3    61    398
1158   750   6    93    230
1159   510   6    25    311
1160   460   4    8    396
1161   615   2    144    117
1162   293   3    185    279
1163   1030   2    5    185
1164   568   7    146    208
1165   575   7    170    104
1166   526   3    161    106
1167   617   2    107    455
1168   779   7    70    174
1169   1048   3    8    320
1170   565   5    194    27
1171   756   5    53    217
1172   697   2    2    387
1173   626   5    115    277
1174   47   6    196    430
1175   512   2    53    341
1176   328   6    60    266
1177   373   4    39    410
1178   150   4    35    428
1179   260   2    156    455
1180   250   4    102    285
1181   285   4    87    432
1182   322   2    184    245
1183   1112   2    51    139
1184   702   5    138    203
1185   353   2    141    368
1186   47   4    1    205
1187   104   6    94    299
1188   323   6    100    495
1189   1106   5    196    490
1190   161   2    96    498
1191   503   3    26    295
1192   675   2    131    159
1193   131   2    88    428
1194   303   6    136    300
1195   417   3    118    493
1196   798   2    193    76
1197   241   4    2    82
1198   851   6    166    238
1199   737   6    69    431
1200   521   4    127    290
1201   620   3    188    191
1202   688   4    65    256
1203   195   4    100    50
1204   795   2    76    318
1205   785   3    185    133
1206   128   5    145    279
1207   724   5    64    231
1208   322   4    7    241
1209   27   5    64    133
1210   1018   3    71    286
1211   406   4    112    335
1212   1190   4    24    305
1213   1118   3    105    86
1214   489   6    179    3
1215   663   2    63    364
1216   683   2    47    236
1217   62   7    7    134
1218   522   3    137    298
1219   1106   7    99    268
1220   667   5    141    364
1221   574   4    63    90
1222   695   7    12    470
1223   904   5    123    429
1224   348   6    193    401
1225   941   7    95    485
1226   163   6    82    402
1227   670   6    72    200
1228   654   6    10    205
1229   1133   2    143    12
1230   136   2    199    158
1231   324   5    132    453
1232   350   6    63    7
1233   1030   2    149    459
1234   621   2    115    270
1235   1077   4    1    335
1236   1051   6    189    245
1237   476   7    120    316
1238   882   2    12    371
1239   867   6    125    309
1240   835   6    33    205
1241   1214   6    9    294
1242   1115   2    17    270
1243   138   5    2    327
1244   1230   5    98    278
1245   139   7    98    83
1246   494   4    138    342
1247   650   5    62    326
1248   916   3    107    352
1249   190   6    163    77
1250   298   4    150    217
1251   466   6    142    420
1252   1142   5    124    182
1253   364   7    65    453
1254   396   5    78    152
1255   1122   3    53    335
1256   135   4    145    76
1257   319   5    11    32
1258   1053   2    122    396
1259   1077   2    98    431
1260   1224   4    88    238
1261   765   6    194    331
1262   194   2    105    306
1263   30   7    147    179
1264   410   6    190    227
1265   63   2    164    89
1266   687   2    139    294
1267   410   7    50    93
1268   8   3    33    342
1269   1266   2    46    303
1270   801   2    99    272
1271   150   5    17    197
1272   702   7    75    122
1273   1138   5    169    454
1274   1250   5    116    428
1275   569   2    169    142
1276   1238   7    75    464
1277   457   2    94    212
1278   809   3    101    151
1279   1166   2    38    87
1280   168   3    56    412
1281   223   5    197    140
1282   978   2    13    494
1283   971   6    28    227
1284   816   7    31    366
1285   467   5    4    88
1286   15   3    107    121
1287   772   3    96    21
1288   907   2    46    32
1289   771   3    97    55
1290   340   6    109    274
1291   910   2    119    98
1292   316   7    172    300
1293   275   6    192    200
1294   45   6    133    261
1295   141   7    85    234
1296   80   4    75    49
1297   1141   6    186    254
1298   205   7    67    165
1299   956   3    130    305
1300   75   6    125    418
1301   364   5    10    365
1302   642   2    143    438
1303   732   6    129    70
1304   342   3    28    296
1305   1121   3    165    43
1306   999   4    110    96
1307   1178   5    182    376
1308   384   5    173    236
1309   323   7    85    279
1310   187   2    72    201
1311   1126   4    190    475
1312   483   7    51    195
1313   127   3    140    146
1314   401   2    122    225
1315   869   6    8    381
1316   500   3    159    140
1317   181   6    23    46
1318   7   3    151    22
1319   800   3    25    349
1320   67   6    8    233
1321   1135   5    42    375
1322   688   7    194    134
1323   445   6    27    456
1324   1072   6    81    124
1325   1068   6    25    237
1326   492   4    44    173
1327   1315   6    144    333
1328   1057   7    1    221
1329   425   5    165    68
1330   1171   4    92    96
1331   412   2    185    46
1332   891   6    104    418
1333   949   6    27    32
1334   647   6    37    182
1335   1208   4    31    22
1336   448   5    155    357
1337   827   3    190    82
1338   464   2    54    207
1339   875   6    23    189
1340   423   4    73    479
1341   656   7    20    453
1342   675   7    66    450
1343   278   5    28    398
1344   1201   7    15    193
1345   822   3    157    253
1346   1176   3    82    92
1347   933   3    49    219
1348   67   3    183    277
1349   825   7    106    487
1350   1035   6    65    309
1351   1169   6    53    352
1352   14   5    30    287
1353   381   3    18    391
1354   366   6    58    59
1355   73   3    108    8
1356   498   6    3    464
1357   800   5    159    330
1358   1285   4    36    227
1359   399   5    178    254
1360   263   7    27    171
1361   332   7    154    378
1362   1320   4    145    234
1363   346   2    109    123
1364   634   6    92    316
1365   908   2    133    252
1366   557   3    84    333
1367   1325   4    18    161
1368   842   4    184    122
1369   1365   5    162    11
1370   490   3    82    407
1371   1155   3    157    3
1372   1148   5    63    161
1373   875   5    36    244
1374   175   2    1    270
1375   58   3    199    404
1376   1030   4    24    222
1377   224   4    38    31
1378   1271   5    152    220
1379   773   2    125    361
1380   245   2    102    401
1381   1287   3    68    142
1382   1158   7    157    270
1383   63   7    198    176
1384   1234   5    155    474
1385   672   7    15    242
1386   1229   5    13    235
1387   961   2    1    159
1388   540   6    82    392
1389   313   4    23    372
1390   942   5    42    88
1391   870   3    158    331
1392   1239   4    20    353
1393   950   7    120    62
1394   1005   7    52    52
1395   1241   2    76    404
1396   363   2    94    1
1397   1118   5    149    399
1398   1123   5    135    448
1399   701   4    146    67
1400   1102   7    112    364
1401   821   3    166    36
1402   633   5    43    85
1403   58   6    68    286
1404   760   5    31    262
1405   1021   7    190    55
1406   133   7    69    276
1407   283   3    198    193
1408   963   2    151    481
1409   1139   3    171    399
1410   1099   3    180    37
1411   1162   7    21    407
1412   207   3    50    371
1413   1302   5    145    212
1414   1113   2    106    39
1415   606   5    2    130
1416   981   3    4    144
1417   942   5    102    249
1418   203   6    27    348
1419   1070   5    10    89
1420   522   3    85    256
1421   729   2    11    174
1422   1377   3    65    354
1423   48   5    73    98
1424   484   4    30    499
1425   948   5    86    171
1426   708   2    18    365
1427   104   5    93    78
1428   1087   6    22    172
1429   446   2    113    109
1430   1080   3    93    207
1431   1235   6    172    397
1432   1031   2    118    206
1433   329   3    98    140
1434   1158   3    77    42
1435   689   6    75    309
1436   369   7    76    112
1437   496   2    153    175
1438   365   7    190    48
1439   1061   6    109    115
1440   683   2    42    60
1441   967   7    56    162
1442   440   3    164    149
1443   1004   2    64    475
1444   588   2    175    470
1445   971   7    108    366
1446   308   4    11    117
1447   375   5    158    496
1448   244   7    137    235
1449   83   5    90    6
