1   0   7    41    297
2   1   3    86    79
3   1   6    83    136
4   1   6    11    198
5   2   4    39    439
6   3   4    121    342
7   5   3    44    141
8   2   6    120    467
9   1   2    183    361
10   4   4    59    499
11   7   7    181    24
12   8   5    3    477
13   5   2    113    288
14   1   6    84    267
15   5   2    8    498
16   1   4    58    97
17   10   5    30    136
18   12   2    180    145
19   14   3    18    113
20   18   5    65    440
21   10   2    167    166
22   17   3    174    422
23   14   5    81    429
24   16   4    68    191
25   6   4    143    72
26   19   3    184    483
27   14   3    180    453
28   19   5    5    405
29   19   6    15    468
30   22   5    23    210
31   19   6    176    39
32   14   4    197    341
33   30   4    100    81
34   14   3    179    81
35   27   3    94    453
36   7   4    178    257
37   30   6    102    248
38   9   2    131    496
39   30   3    67    122
40   10   7    58    239
41   33   3    36    224
42   8   6    55    404
43   11   3    1    163
44   14   4    70    89
45   15   6    49    21
46   33   7    164    459
47   19   3    182    259
48   33   6    125    133
49   13   5    159    86
50   48   5    110    17
51   49   5    191    39
52   46   7    165    372
53   35   7    6    497
54   25   7    18    477
55   26   3    113    384
56   30   5    140    439
57   28   3    197    468
58   28   3    161    198
59   44   2    146    311
60   4   3    114    445
61   37   6    118    358
62   27   4    62    331
63   26   3    107    236
64   49   3    157    462
65   7   5    21    471
66   43   5    19    185
67   23   2    157    5
68   50   7    116    316
69   20   7    73    347
70   46   3    90    168
71   45   4    48    438
72   18   2    15    62
73   59   5    134    323
74   49   6    140    210
75   9   2    44    375
76   45   7    144    43
77   63   2    182    230
78   56   6    56    341
79   7   6    43    27
80   46   6    165    320
81   15   2    173    141
82   15   7    26    208
83   5   3    64    165
84   37   3    105    389
85   81   4    171    11
86   67   4    30    397
87   75   2    2    469
88   31   5    189    206
89   68   2    96    232
90   28   6    142    13
91   68   5    78    95
92   45   3    51    265
93   85   6    185    471
94   79   2    93    210
95   41   3    78    231
96   36   6    159    378
97   54   7    102    151
98   76   5    50    124
99   33   5    172    143
100   37   6    118    255
101   27   2    45    141
102   48   7    110    229
103   15   6    120    75
104   32   7    32    9
105   72   2    71    374
106   6   3    64    128
107   87   4    174    437
108   25   2    175    438
109   85   4    33    55
110   78   4    41    283
111   96   5    70    119
112   74   3    151    91
113   71   2    119    152
114   30   2    144    322
115   6   7    187    91
116   60   2    16    251
117   59   6    88    45
118   35   4    163    212
119   38   4    10    246
120   104   5    138    89
121   29   3    109    404
122   45   7    153    439
123   81   7    148    14
124   34   5    179    304
125   77   3    107    198
126   15   7    51    487
127   99   7    4    131
128   4   5    113    216
129   38   2    187    132
130   110   3    110    318
131   89   6    40    323
132   38   7    150    44
133   122   7    165    264
134   22   4    133    10
135   80   4    151    83
136   16   5    5    419
137   77   6    127    68
138   12   3    64    205
139   58   3    186    321
140   24   4    57    418
141   2   3    80    2
142   70   6    34    418
143   34   5    114    187
144   65   3    138    323
145   51   5    176    89
146   4   6    24    441
147   137   6    196    358
148   126   7    110    47
149   41   2    120    261
150   57   7    108    247
151   106   2    12    160
152   128   7    182    469
153   113   7    109    472
154   149   7    196    250
155   21   7    197    311
156   107   6    88    86
157   155   2    94    172
158   156   6    61    58
159   157   5    124    179
160   18   6    121    141
161   85   5    13    327
162   8   7    171    172
163   40   2    76    332
164   131   6    6    17
165   13   3    105    369
166   140   4    90    210
167   104   6    39    124
168   101   2    132    243
169   51   5    37    242
170   1   5    185    431
171   128   5    190    175
172   154   5    129    197
173   122   7    32    172
174   68   6    24    384
175   56   2    133    252
176   25   3    52    214
177   20   3    93    101
178   19   2    128    96
179   83   4    55    441
180   57   4    64    138
181   98   5    63    489
182   121   5    70    53
183   129   2    20    211
184   37   4    111    352
185   116   2    98    239
186   107   4    60    455
187   110   2    69    31
188   99   7    80    126
189   78   5    126    100
190   71   3    186    406
191   45   4    28    76
192   133   5    179    337
193   123   3    177    333
194   166   3    106    144
195   66   3    94    300
196   120   7    159    121
197   133   5    100    265
198   80   5    178    174
199   155   5    113    79
200   170   3    66    137
201   123   2    124    87
202   174   6    85    136
203   91   7    75    102
204   127   3    167    10
205   194   5    71    370
206   67   7    23    359
207   58   7    27    395
208   104   3    122    412
209   8   2    36    464
210   181   3    40    143
211   150   7    160    266
212   113   5    157    459
213   152   5    56    163
214   191   3    182    61
215   143   7    190    21
216   159   4    29    374
217   144   2    196    133
218   206   3    175    180
219   177   6    105    255
220   50   7    25    280
221   73   2    196    152
222   76   5    137    24
223   4   3    51    8
224   153   5    22    252
225   121   7    92    454
226   77   6    182    18
227   183   2    186    52
228   190   6    116    12
229   129   5    23    164
230   101   4    105    489
231   59   5    87    308
232   207   5    137    1
233   46   7    53    418
234   148   2    68    225
235   145   4    181    408
236   187   4    149    439
237   147   6    40    171
238   153   2    170    390
239   180   3    110    390
240   193   7    59    126
241   99   7    152    303
242   85   5    133    98
243   113   4    176    97
244   94   5    59    343
245   150   4    182    133
246   178   5    164    390
247   38   4    45    136
248   234   5    123    457
249   184   6    53    3
250   121   2    43    466
251   192   3    50    54
252   190   3    193    204
253   30   2    165    331
254   197   7    28    409
255   143   5    124    114
256   15   2    179    241
257   149   4    164    171
258   247   6    175    40
259   62   5    68    143
260   5   2    108    425
261   100   7    24    149
262   135   5    69    177
263   20   4    164    371
264   13   4    103    242
265   92   5    190    418
266   158   7    104    254
267   90   7    37    438
268   244   4    50    329
269   45   5    199    244
270   236   7    61    463
271   121   5    160    215
272   79   7    49    95
273   103   6    129    330
274   130   2    119    335
275   148   5    59    229
276   48   3    47    369
277   73   3    175    19
278   29   2    98    99
279   125   7    16    92
280   11   6    33    450
281   169   5    95    224
282   224   5    45    357
283   221   3    153    67
284   111   2    178    389
285   220   2    22    416
286   3   5    54    44
287   129   2    8    134
288   187   3    187    179
289   205   5    158    133
290   59   2    114    73
291   74   7    78    149
292   232   4    58    340
293   12   3    171    143
294   211   2    23    429
295   203   3    133    416
296   207   5    149    160
297   290   7    13    182
298   82   5    106    416
299   297   7    82    240
300   236   6    74    473
301   284   2    197    492
302   167   7    51    148
303   245   3    77    97
304   88   5    159    83
305   94   5    18    57
306   75   2    161    73
307   77   2    97    209
308   297   6    100    295
309   189   6    54    223
310   226   4    88    56
311   110   2    76    43
312   110   3    181    191
313   211   4    45    392
314   289   5    184    372
315   126   4    60    226
316   79   3    44    230
317   131   3    167    214
318   17   3    152    430
319   169   4    164    17
320   106   2    56    391
321   49   7    8    446
322   181   7    179    261
323   141   4    22    27
324   92   2    53    495
325   272   6    111    330
326   94   6    90    234
327   123   3    94    391
328   142   2    58    145
329   135   4    91    194
330   216   3    148    449
331   310   2    115    242
332   83   6    44    481
333   243   7    196    415
334   297   4    168    267
335   140   5    75    18
336   147   3    117    153
337   54   6    9    42
338   223   3    196    188
339   67   3    129    130
340   142   7    16    79
341   35   7    118    203
342   336   4    44    460
343   65   3    36    7
344   49   3    12    73
345   49   7    138    220
346   233   7    15    433
347   311   4    99    207
348   92   6    179    4
349   59   5    157    253
350   34   5    192    296
351   120   3    127    314
352   314   3    56    388
353   143   6    146    104
354   110   4    52    391
355   207   2    85    242
356   102   6    34    254
357   38   5    191    196
358   1   5    134    319
359   292   6    95    15
360   308   5    77    54
361   20   4    132    395
362   249   2    33    41
363   188   5    53    229
364   177   5    143    95
365   74   5    145    440
366   334   7    191    448
367   88   6    66    440
368   200   5    115    479
369   14   2    40    339
370   341   5    132    134
371   293   7    71    252
372   201   4    149    224
373   162   4    75    374
374   86   2    186    381
375   255   3    47    53
376   47   3    179    186
377   91   3    3    83
378   361   7    65    494
379   277   4    63    309
380   75   5    22    311
381   46   5    1    37
382   130   4    138    261
383   350   4    113    48
384   172   7    133    237
385   161   5    32    423
386   45   5    70    337
387   24   4    42    313
388   284   2    162    153
389   259   6    72    101
390   313   7    25    438
391   273   5    33    118
392   291   6    134    378
393   258   4    131    358
394   302   6    1    322
395   335   5    181    139
396   350   5    92    224
397   129   3    154    492
398   115   2    81    429
399   390   5    171    488
400   232   6    78    163
401   245   2    167    7
402   146   2    153    322
403   36   5    9    294
404   158   5    147    285
405   388   2    31    41
406   84   4    43    273
407   289   2    133    87
408   235   3    99    160
409   286   7    26    233
410   227   2    8    151
411   179   7    171    9
412   279   2    142    167
413   194   4    7    272
414   109   4    110    175
415   389   6    50    221
416   23   4    30    280
417   118   4    162    99
418   213   3    127    107
419   96   5    81    238
420   376   7    47    234
421   363   2    197    475
422   238   7    27    312
423   319   2    182    288
424   103   3    159    314
425   392   4    145    111
426   33   6    13    117
427   99   6    121    9
428   226   3    109    216
429   18   5    184    44
430   105   7    124    100
431   286   2    49    341
432   48   2    31    315
433   212   2    75    70
434   275   3    41    473
435   424   4    112    433
436   304   6    155    388
437   80   6    87    437
438   72   6    115    155
439   308   2    53    473
440   217   5    12    81
441   332   5    87    60
442   20   2    30    493
443   113   4    196    171
444   116   7    182    430
445   320   3    19    95
446   234   7    32    394
447   248   2    3    208
448   151   5    134    279
449   115   5    190    333
450   151   7    195    369
451   177   7    69    397
452   77   7    26    21
453   437   5    6    86
454   251   5    168    482
455   35   6    130    222
456   342   2    127    258
457   442   6    149    134
458   93   5    37    147
459   360   6    59    54
460   278   2    172    227
461   423   2    94    218
462   58   4    191    377
463   406   5    166    82
464   266   7    116    452
465   379   7    199    147
466   316   6    36    71
467   58   2    60    491
468   390   3    37    492
469   105   4    25    432
470   357   7    101    455
471   219   5    78    59
472   61   5    111    114
473   309   2    84    204
474   407   4    73    260
475   183   3    46    484
476   116   5    112    477
477   449   4    10    317
478   281   6    43    285
479   285   4    177    248
480   316   4    95    317
481   163   5    76    136
482   53   6    90    398
483   147   6    117    232
484   426   4    78    112
485   476   6    27    305
486   113   7    173    23
487   21   7    168    21
488   432   6    64    239
489   48   5    168    39
490   174   3    65    458
491   109   6    95    85
492   285   2    58    439
493   179   5    59    191
494   241   2    88    385
495   78   3    35    1
496   258   6    198    253
497   251   6    113    144
498   38   6    197    351
499   73   6    46    218
500   185   3    179    100
501   366   2    15    78
502   185   3    75    171
503   418   7    60    40
504   354   2    50    211
505   247   4    75    180
506   108   2    128    298
507   471   5    127    162
508   167   5    140    351
509   488   6    198    255
510   140   3    76    479
511   165   5    103    145
512   508   4    142    24
513   442   2    171    371
514   415   2    167    413
515   199   3    94    128
516   345   4    9    377
517   117   7    145    437
518   425   4    72    54
519   442   4    138    154
520   99   2    70    86
521   272   7    109    150
522   446   3    100    421
523   49   7    134    168
524   272   6    56    135
525   415   5    53    173
526   496   5    175    104
527   388   4    7    168
528   194   6    149    184
529   421   4    137    480
530   16   6    42    200
531   505   5    18    3
532   388   2    43    73
533   475   3    131    41
534   366   5    108    117
535   215   4    50    39
536   277   3    141    147
537   342   4    159    357
538   530   3    41    204
539   65   7    125    172
540   302   2    171    421
541   167   4    161    22
542   276   5    107    243
543   503   7    57    117
544   331   7    53    426
545   438   3    196    9
546   51   6    57    445
547   420   2    93    98
548   485   4    140    87
549   46   4    179    197
550   434   3    173    422
551   163   3    76    125
552   271   3    73    338
553   523   7    83    381
554   454   3    174    435
555   56   7    160    235
556   520   2    168    95
557   397   7    18    224
558   425   5    73    120
559   313   2    181    453
560   320   5    185    172
561   296   2    95    300
562   456   7    163    394
563   275   3    37    343
564   184   5    108    401
565   182   3    188    110
566   462   3    144    132
567   491   7    196    160
568   547   2    54    116
569   272   6    194    155
570   138   6    151    26
571   133   5    11    454
572   565   2    142    62
573   504   2    189    379
574   504   2    109    148
575   388   6    194    82
576   167   4    109    209
577   477   6    134    172
578   153   6    182    344
579   236   4    36    492
580   153   4    71    12
581   387   6    126    270
582   81   4    138    437
583   485   7    11    192
584   518   4    127    493
585   543   5    6    200
586   440   4    17    262
587   125   2    170    182
588   585   2    33    235
589   86   7    26    98
590   356   5    112    371
591   11   5    147    394
592   283   5    66    205
593   378   6    185    343
594   313   6    162    225
595   189   5    94    114
596   70   5    55    420
597   5   3    51    1
598   206   7    47    85
599   62   7    51    39
600   40   3    74    11
601   427   5    98    438
602   488   7    72    216
603   326   3    56    207
604   66   3    190    405
605   50   2    114    471
606   233   4    10    79
607   550   3    98    274
608   37   5    16    204
609   47   7    22    212
610   528   3    44    411
611   475   2    82    96
612   443   4    11    353
613   232   4    48    140
614   609   4    42    115
615   180   3    52    34
616   284   6    72    88
617   495   5    25    347
618   117   7    2    389
619   214   6    57    249
620   539   6    14    8
621   171   4    154    349
622   483   4    154    493
623   219   6    143    336
624   460   2    132    221
625   76   2    44    434
626   612   4    177    208
627   142   3    52    264
628   400   6    76    458
629   242   2    9    8
630   531   7    115    481
631   231   5    150    36
632   380   6    107    95
633   158   5    41    189
634   253   7    186    237
635   303   4    153    393
636   366   4    107    114
637   486   4    108    251
638   332   5    34    220
639   430   2    99    378
640   143   4    53    86
641   593   4    77    149
642   251   3    43    122
643   501   7    152    211
644   558   5    69    71
645   482   4    178    122
646   389   3    155    211
647   299   2    153    5
648   27   4    4    164
649   269   2    157    304
650   222   7    162    59
651   188   5    37    186
652   419   5    69    275
653   26   7    81    104
654   383   7    82    346
655   567   6    128    497
656   431   6    177    195
657   187   3    69    60
658   215   3    118    419
659   624   7    72    168
660   49   6    150    240
661   61   7    121    403
662   177   5    136    465
663   538   4    142    414
664   543   2    138    284
665   221   6    36    376
666   364   7    65    170
667   255   6    187    494
668   175   6    9    33
669   419   4    171    194
670   274   2    99    405
671   388   6    17    484
672   385   3    93    172
673   483   6    17    340
674   128   5    67    310
675   231   5    103    170
676   436   6    43    245
677   250   6    125    237
678   449   7    136    322
679   156   4    47    70
680   177   5    74    421
681   635   5    173    371
682   223   2    128    151
683   50   5    144    245
684   61   3    150    302
685   167   5    102    33
686   661   6    26    460
687   346   4    198    197
688   294   2    48    312
689   56   2    192    244
690   295   7    184    212
691   238   3    122    36
692   613   3    22    173
693   133   5    73    171
694   676   2    20    311
695   555   5    107    346
696   24   2    2    43
697   136   7    49    98
698   249   6    75    495
699   583   6    150    300
700   116   6    73    135
701   281   7    118    413
702   42   2    42    348
703   383   2    159    301
704   607   5    135    361
705   497   7    22    116
706   648   7    18    318
707   202   3    134    294
708   163   2    11    197
709   185   6    102    174
710   363   6    173    260
711   569   5    55    423
712   129   2    1    421
713   114   5    20    11
714   49   3    49    315
715   569   3    113    240
716   344   4    190    28
717   409   4    124    157
718   357   7    80    446
719   555   4    26    389
720   547   2    4    358
721   115   2    194    402
722   255   6    73    225
723   531   7    198    178
724   339   4    191    352
725   283   4    21    49
726   331   5    79    230
727   162   7    130    228
728   682   6    140    467
729   308   7    18    491
730   126   6    70    67
731   271   5    123    219
732   37   3    112    470
733   127   5    197    427
734   307   6    74    352
735   242   7    15    6
736   104   7    184    481
737   39   2    144    43
738   399   7    173    231
739   405   2    141    337
740   360   3    197    103
741   283   4    94    105
742   388   4    50    48
743   251   7    127    113
744   248   6    59    317
745   405   2    55    130
746   316   7    9    235
747   175   2    4    290
748   609   7    164    206
749   606   6    194    318
750   352   7    176    459
751   240   7    163    171
752   50   5    116    365
753   607   6    17    100
754   740   7    128    80
755   455   4    72    491
756   739   2    154    264
757   673   3    100    455
758   443   6    175    190
759   615   3    85    362
760   483   3    31    53
761   589   2    13    231
762   279   6    199    183
763   472   2    167    176
764   35   6    15    342
765   479   6    2    263
766   577   4    174    386
767   199   4    94    350
768   612   6    24    77
769   84   4    177    162
770   701   5    11    376
771   760   3    112    179
772   620   5    37    430
773   326   4    197    365
774   367   5    129    5
775   565   4    170    118
776   578   2    98    337
777   690   3    106    17
778   16   4    70    82
779   187   4    67    466
780   557   7    150    443
781   466   6    84    348
782   638   3    77    415
783   498   7    193    30
784   698   4    69    494
785   702   6    70    13
786   403   7    62    63
787   687   5    11    336
788   463   3    60    120
789   190   3    122    417
790   723   6    82    478
791   185   4    165    487
792   261   2    196    482
793   675   3    71    385
794   635   7    140    19
795   71   5    39    185
796   155   6    81    305
797   576   2    105    87
798   1   3    182    118
799   69   5    41    449
800   719   2    126    71
801   617   3    124    249
802   690   6    120    398
803   102   4    119    169
804   611   6    159    141
805   776   7    90    29
806   383   3    156    385
807   195   7    127    476
808   4   2    50    467
809   136   6    108    205
810   359   2    29    229
811   726   2    192    304
812   16   2    156    230
813   288   3    58    255
814   629   3    119    51
815   41   4    43    43
816   548   4    196    430
817   471   3    164    204
818   588   3    38    92
819   678   3    20    436
820   204   3    119    483
821   768   6    27    474
822   487   7    182    202
823   432   5    59    310
824   805   6    75    199
825   300   3    37    189
826   55   6    90    420
827   142   2    94    82
828   226   6    138    248
829   777   3    84    163
830   529   3    194    472
831   699   5    96    196
832   143   2    119    8
833   357   6    63    118
834   204   6    26    237
835   272   4    100    112
836   468   5    198    196
837   224   7    115    30
838   653   7    141    452
839   31   4    105    301
840   297   4    20    312
841   408   4    73    137
842   719   7    155    300
843   366   7    185    109
844   395   6    108    371
845   785   2    67    451
846   448   6    87    377
847   657   3    46    157
848   232   6    40    323
849   152   7    169    417
850   440   7    65    113
851   254   3    191    212
852   36   7    3    247
853   28   3    148    289
854   456   2    51    16
855   251   7    142    137
856   746   6    178    321
857   293   5    146    125
858   629   6    146    390
859   449   4    156    479
860   636   6    9    387
861   821   2    138    498
862   203   7    16    345
863   42   7    179    70
864   11   6    36    141
865   778   3    174    58
866   822   7    84    442
867   528   2    141    382
868   273   4    155    291
869   312   6    120    41
870   302   4    15    24
871   502   5    49    143
872   219   3    101    444
873   709   6    68    417
874   326   4    126    117
875   426   5    4    121
876   609   2    8    221
877   202   4    165    272
878   603   6    66    318
879   850   3    199    373
880   359   4    193    151
881   395   2    112    173
882   136   5    59    432
883   249   3    55    80
884   403   3    12    486
885   50   5    102    217
886   744   5    195    217
887   53   2    45    202
888   841   7    134    142
889   48   7    77    215
890   645   5    23    440
891   522   4    100    223
892   687   4    187    324
893   394   3    169    86
894   535   2    166    405
895   129   7    57    477
896   405   6    182    24
897   596   4    189    110
898   822   2    75    261
899   481   7    129    25
900   868   5    146    323
901   426   7    35    180
902   840   7    62    480
903   292   6    196    401
904   539   4    115    191
905   480   7    30    103
906   797   5    11    186
907   215   4    24    362
908   552   6    154    477
909   260   6    29    78
910   852   7    108    130
911   109   5    119    23
912   132   7    27    158
913   461   6    185    494
914   555   6    50    59
915   23   2    194    9
916   139   4    179    281
917   514   3    128    393
918   285   3    115    256
919   768   3    11    357
920   582   2    176    400
921   207   2    28    142
922   327   7    60    87
923   7   5    35    296
924   223   2    109    36
925   686   6    55    492
926   844   5    38    117
927   577   6    23    12
928   398   2    67    296
929   415   2    198    377
930   64   7    91    450
931   90   6    102    369
932   905   4    44    472
933   301   3    70    111
934   73   7    74    67
935   883   4    177    33
936   829   5    184    168
937   558   5    136    283
938   129   2    43    101
939   546   6    79    96
940   555   2    18    229
941   738   2    64    324
942   114   3    193    484
943   863   4    178    449
944   610   2    124    141
945   717   5    29    10
946   651   3    174    125
947   336   2    96    329
948   212   3    160    214
949   432   4    119    287
950   836   6    180    224
951   373   3    110    22
952   22   6    169    240
953   908   2    90    7
954   44   4    10    324
955   876   7    65    165
956   763   2    124    125
957   595   6    98    10
958   249   7    61    187
959   41   4    30    376
960   233   4    192    86
961   195   4    91    475
962   171   5    182    378
963   196   2    14    379
964   649   6    104    486
965   10   4    10    405
966   894   4    114    394
967   960   7    17    324
968   651   6    177    401
969   335   7    39    413
970   85   3    157    298
971   19   5    186    286
972   626   4    118    261
973   283   4    11    464
974   322   7    7    127
975   400   2    95    223
976   252   4    184    428
977   323   5    194    142
978   597   5    46    302
979   539   7    133    335
980   714   6    174    333
981   336   3    105    345
982   29   2    50    71
983   483   3    198    464
984   502   2    101    422
985   700   7    75    261
986   237   2    42    1
987   249   7    78    358
988   970   7    80    361
989   478   6    61    261
990   352   2    133    371
991   178   6    33    106
992   503   5    61    73
993   354   5    25    49
994   580   6    148    210
995   853   3    166    58
996   370   7    20    281
997   627   7    95    331
998   954   5    62    126
999   642   6    126    153
1000   97   2    3    445
1001   833   4    190    216
1002   158   2    90    499
1003   336   3    150    462
1004   365   7    169    438
1005   651   6    163    126
1006   62   3    72    323
1007   372   7    111    436
1008   120   5    193    362
1009   670   3    163    210
1010   354   2    95    10
1011   869   6    96    411
1012   122   7    156    286
1013   586   4    45    379
1014   232   3    61    262
1015   563   3    155    102
1016   797   7    38    78
1017   774   2    141    259
1018   279   3    87    205
1019   739   3    96    170
1020   861   3    79    230
1021   551   7    13    114
1022   925   2    78    60
1023   330   7    64    253
1024   549   2    16    494
1025   947   4    138    98
1026   580   2    43    263
1027   801   5    114    47
1028   417   6    47    462
1029   213   5    199    393
1030   115   2    101    347
1031   544   3    190    342
1032   854   6    45    14
1033   821   3    118    271
1034   414   2    22    203
1035   21   3    85    488
1036   1034   4    66    219
1037   725   4    193    48
1038   152   6    6    445
1039   94   7    52    81
1040   460   7    179    82
1041   912   4    159    155
1042   1013   3    93    444
1043   771   5    130    38
1044   295   4    105    263
1045   869   7    128    53
1046   298   7    161    330
1047   755   4    109    287
1048   17   7    134    452
1049   324   4    66    265
1050   573   6    81    344
1051   459   3    50    423
1052   735   7    5    43
1053   243   5    153    213
1054   746   5    29    63
1055   311   5    164    62
1056   925   3    38    50
1057   430   3    65    264
1058   324   2    46    375
1059   766   2    151    298
1060   449   3    90    408
1061   697   4    56    68
1062   228   7    162    68
1063   175   6    179    459
1064   497   2    24    189
1065   233   4    72    68
1066   85   2    135    454
1067   617   6    188    452
1068   383   7    71    94
1069   687   7    97    439
1070   36   6    44    150
1071   401   2    23    243
1072   921   4    40    39
1073   1004   3    98    65
1074   924   3    192    267
1075   998   4    9    457
1076   158   7    104    54
1077   627   6    140    316
1078   109   2    16    213
1079   544   7    114    132
1080   416   3    69    464
1081   802   2    22    487
1082   69   6    16    55
1083   238   2    70    400
1084   168   5    140    445
1085   200   7    140    382
1086   486   4    160    21
1087   872   3    85    324
1088   910   4    87    426
1089   872   2    21    85
1090   743   4    6    400
1091   253   6    54    248
1092   280   4    157    148
1093   551   7    160    306
1094   303   5    127    36
1095   1083   5    115    223
1096   372   5    127    62
1097   197   2    128    46
1098   1047   6    8    203
1099   752   4    115    144
1100   677   6    184    83
1101   55   3    183    277
1102   793   4    60    455
1103   730   7    116    158
1104   370   5    120    2
1105   1041   3    199    286
1106   173   7    124    361
1107   339   6    106    121
1108   1035   6    191    123
1109   1089   4    49    452
1110   293   6    192    441
1111   826   2    112    146
1112   94   2    28    302
1113   604   5    196    276
1114   276   7    111    87
1115   338   4    143    263
1116   196   2    52    497
1117   601   7    53    305
1118   1036   4    64    270
1119   398   4    185    301
1120   664   6    102    10
1121   775   4    185    108
1122   200   2    118    447
1123   1097   3    150    164
1124   63   7    197    89
1125   674   2    160    43
1126   665   2    60    24
1127   407   5    185    366
1128   950   6    85    489
1129   959   2    161    326
1130   287   6    106    30
1131   221   4    134    2
1132   761   6    78    178
1133   171   3    152    323
1134   196   5    134    106
1135   428   7    81    325
1136   392   3    51    488
1137   1092   7    118    29
1138   218   7    115    392
1139   618   2    158    312
1140   491   6    180    293
1141   152   4    48    312
1142   1050   6    32    55
1143   433   2    178    2
1144   780   3    65    17
1145   423   2    150    83
1146   488   2    177    71
1147   733   4    86    291
1148   721   6    20    262
1149   395   6    17    99
1150   417   6    30    11
1151   227   3    68    445
1152   959   4    166    274
1153   589   3    24    306
1154   241   7    48    71
1155   560   2    155    493
1156   919   3    190    212
1157   352   7    71    247
1158   144   3    75    29
1159   606   6    68    331
1160   673   7    61    297
1161   266   2    149    101
1162   1010   2    17    213
1163   794   6    166    92
1164   430   7    79    288
1165   862   2    114    436
1166   384   2    22    403
1167   837   3    165    386
1168   147   4    8    309
1169   400   2    17    315
1170   55   4    97    447
1171   406   7    118    480
1172   707   6    173    34
1173   201   3    188    140
1174   350   5    191    433
1175   571   7    47    463
1176   900   3    130    84
1177   8   6    167    441
1178   283   7    85    264
1179   1054   7    124    128
1180   624   6    118    108
1181   94   6    130    298
1182   910   3    171    158
1183   677   5    96    17
1184   783   4    34    175
1185   130   4    61    3
1186   697   3    104    83
1187   577   3    128    84
1188   890   4    80    168
1189   123   2    75    289
1190   740   2    118    349
1191   199   2    153    190
1192   840   5    30    478
1193   370   3    178    164
1194   775   2    58    77
1195   795   7    164    386
1196   782   6    179    273
1197   1052   3    19    127
1198   54   2    57    463
1199   9   2    87    35
1200   286   7    85    322
1201   856   2    75    255
1202   187   2    84    382
1203   946   3    80    236
1204   904   7    102    74
1205   960   3    147    56
1206   306   7    165    427
1207   543   3    79    153
1208   973   2    11    462
1209   1169   4    7    371
1210   268   5    172    378
1211   965   7    123    104
1212   252   2    167    403
1213   804   2    73    321
1214   348   3    67    344
1215   1108   4    159    338
1216   1053   6    22    371
1217   1152   5    78    399
1218   733   7    91    51
1219   265   4    30    78
1220   1027   2    74    257
1221   46   2    45    202
1222   872   6    1    65
1223   844   7    168    216
1224   99   5    118    219
1225   601   3    162    229
1226   1109   7    111    337
1227   39   5    23    296
1228   1133   5    173    80
1229   170   5    139    304
1230   1060   5    185    210
1231   741   2    189    379
1232   286   5    95    411
1233   768   7    40    163
1234   149   4    182    337
1235   982   6    166    225
1236   95   6    90    197
1237   72   2    32    433
1238   1121   5    61    280
