1   0   4    8    231
2   1   5    80    276
3   1   3    89    107
4   2   5    147    10
5   2   7    127    398
6   3   4    187    217
7   4   2    56    264
8   2   5    18    414
9   6   7    53    369
10   5   4    137    259
11   8   6    73    410
12   6   2    69    179
13   2   2    152    79
14   7   2    13    387
15   3   2    92    29
16   4   4    136    457
17   6   4    170    1
18   3   7    168    118
19   5   7    38    422
20   7   3    122    161
21   8   3    32    39
22   20   5    152    242
23   10   2    65    139
24   9   3    149    33
25   21   2    21    163
26   6   4    113    231
27   17   3    163    476
28   17   7    6    63
29   26   6    95    74
30   26   5    97    339
31   12   3    3    71
32   7   7    149    396
33   13   7    6    53
34   14   5    49    179
35   18   2    182    456
36   4   5    147    337
37   30   6    62    298
38   6   6    184    191
39   13   4    64    387
40   33   3    23    124
41   29   7    121    262
42   30   4    9    383
43   36   4    26    246
44   36   3    121    55
45   36   5    39    66
46   12   6    146    252
47   19   6    179    65
48   8   7    171    270
49   47   6    180    278
50   26   7    51    159
51   3   3    133    178
52   36   3    20    112
53   47   5    29    420
54   18   7    77    174
55   22   4    30    275
56   20   6    27    382
57   21   4    99    334
58   15   2    57    60
59   50   4    121    233
60   31   4    152    418
61   39   6    96    290
62   20   5    138    182
63   30   6    184    493
64   27   5    185    361
65   45   6    76    344
66   53   7    177    397
67   12   7    126    23
68   9   5    84    50
69   30   2    84    6
70   37   5    12    51
71   21   7    79    297
72   1   2    12    439
73   13   2    95    198
74   12   6    35    401
75   66   5    168    325
76   3   2    14    28
77   59   3    145    98
78   25   7    154    185
79   47   7    190    448
80   10   6    41    452
81   28   3    45    310
82   66   2    157    73
83   53   3    177    222
84   81   3    187    85
85   58   4    183    165
86   80   4    39    31
87   18   4    13    74
88   49   3    152    241
89   82   6    109    60
90   34   7    12    386
91   44   5    160    59
92   69   3    15    449
93   46   4    196    308
94   27   2    175    394
95   60   3    34    211
96   48   6    47    385
97   52   7    86    30
98   27   5    118    268
99   89   4    42    71
100   78   6    56    463
101   86   7    64    388
102   94   7    176    5
103   26   5    78    497
104   36   5    156    408
105   92   5    181    97
106   73   4    198    396
107   77   5    15    476
108   94   4    192    394
109   106   4    44    329
110   49   6    192    188
111   109   4    49    330
112   17   6    194    434
113   54   4    14    406
114   19   4    181    401
115   72   4    164    242
116   65   4    181    319
117   106   3    32    344
118   30   2    112    291
119   96   3    89    350
120   2   7    154    286
121   99   6    13    281
122   41   6    70    293
123   83   4    65    238
124   12   2    104    402
125   67   3    193    67
126   112   3    178    45
127   45   6    111    439
128   62   5    9    89
129   50   7    178    370
130   118   5    150    394
131   5   3    122    430
132   63   4    158    11
133   120   2    60    409
134   72   6    190    344
135   21   3    117    23
136   55   7    77    410
137   30   2    139    279
138   72   3    6    83
139   90   7    162    63
140   138   7    133    438
141   89   6    75    273
142   103   2    61    492
143   30   4    182    342
144   66   2    14    276
145   82   2    28    353
146   42   2    83    389
147   125   3    192    299
148   134   2    112    434
149   126   2    24    420
150   85   6    53    421
151   72   5    188    75
152   92   3    184    97
153   132   6    82    18
154   131   6    23    160
155   27   5    24    347
156   10   6    71    441
157   152   6    198    274
158   109   2    185    203
159   113   3    104    361
160   40   7    46    239
161   101   4    183    383
162   35   3    32    348
163   23   5    134    344
164   32   3    35    362
165   90   4    78    222
166   23   6    14    232
167   11   5    185    206
168   39   5    177    303
169   77   3    111    418
170   141   5    77    381
171   43   2    34    89
172   92   7    67    347
173   11   2    156    23
174   62   2    166    372
175   103   6    93    244
176   20   5    84    23
177   127   4    139    360
178   61   2    93    132
179   5   6    134    50
180   82   2    168    78
181   156   4    93    283
182   146   5    34    97
183   11   3    158    319
184   139   5    61    29
185   138   7    108    302
186   40   6    167    322
187   86   6    76    459
188   142   6    9    190
189   69   5    37    80
190   94   3    80    188
191   187   2    23    164
192   58   2    78    246
193   77   3    148    284
194   36   4    86    415
195   67   7    29    125
196   43   3    26    87
197   71   2    27    34
198   64   5    83    268
199   73   7    1    205
200   30   3    129    94
201   19   3    92    301
202   196   2    135    280
203   146   2    187    92
204   188   2    132    323
205   3   2    75    358
206   140   2    15    484
207   6   2    23    490
208   40   5    92    272
209   72   3    155    6
210   164   4    68    348
211   181   5    81    431
212   160   6    54    299
213   97   7    184    87
214   64   4    57    102
215   127   2    193    408
216   89   7    35    148
217   7   4    95    82
218   89   3    12    192
219   27   6    23    145
220   4   6    43    111
221   162   7    101    61
222   134   3    32    333
223   150   7    140    38
224   9   4    141    345
225   199   4    111    431
226   206   4    11    14
227   2   5    118    100
228   152   4    139    51
229   227   5    19    195
230   129   3    69    90
231   8   5    94    235
232   70   7    43    247
233   158   3    2    315
234   231   2    100    253
235   229   3    154    333
236   111   2    106    178
237   140   3    171    86
238   171   3    181    18
239   166   4    67    189
240   38   6    15    486
241   147   5    16    363
242   20   2    149    71
243   228   3    89    147
244   35   5    23    163
245   200   3    99    217
246   17   2    129    154
247   96   4    127    340
248   35   4    186    317
249   11   3    26    195
250   128   3    72    93
251   142   2    108    403
252   184   7    41    127
253   210   5    131    247
254   146   7    6    185
255   213   2    157    265
256   111   6    47    80
257   127   2    158    178
258   30   4    106    432
259   95   2    35    53
260   10   4    185    445
261   242   3    14    229
262   83   6    105    271
263   239   7    158    25
264   188   4    173    432
265   102   4    8    105
266   173   6    106    235
267   1   2    89    73
268   261   6    174    41
269   265   2    10    419
270   189   3    14    29
271   209   7    123    352
272   102   7    150    222
273   230   7    59    61
274   216   4    157    104
275   4   2    128    60
276   173   5    167    424
277   71   2    94    374
278   12   6    194    170
279   90   5    112    101
280   155   3    16    32
281   92   5    22    468
282   146   7    146    20
283   268   7    102    184
284   45   2    2    13
285   39   5    103    375
286   264   3    112    188
287   27   4    21    18
288   57   7    189    68
289   263   4    77    486
290   217   7    104    163
291   166   6    103    19
292   99   6    128    87
293   30   3    164    3
294   285   2    142    113
295   1   2    68    388
296   252   7    150    9
297   115   7    21    287
298   221   6    61    452
299   127   2    81    123
300   237   2    34    489
301   235   4    128    288
302   1   5    10    417
303   274   7    148    409
304   285   4    80    299
305   209   7    94    350
306   276   6    29    271
307   127   5    46    247
308   196   6    137    78
309   42   2    71    396
310   132   4    65    63
311   75   7    139    276
312   50   7    149    132
313   73   3    139    486
314   191   6    182    303
315   208   7    162    491
316   220   6    164    27
317   8   6    75    249
318   47   2    31    489
319   145   5    66    178
320   249   5    181    245
321   287   5    110    250
322   164   2    32    70
323   119   6    192    445
324   188   2    199    452
325   61   4    122    204
326   225   2    129    95
327   75   7    67    462
328   153   5    53    351
329   29   4    161    108
330   318   4    8    117
331   207   7    15    365
332   88   5    149    95
333   14   2    8    390
334   109   7    128    47
335   215   3    69    77
336   147   2    25    371
337   176   6    77    299
338   257   2    127    161
339   329   5    79    201
340   66   3    95    49
341   111   2    181    170
342   113   2    103    362
343   45   3    126    458
344   308   2    192    38
345   37   4    174    300
346   53   7    158    352
347   157   6    161    181
348   2   7    78    191
349   339   4    166    78
350   277   4    180    489
351   57   3    80    187
352   180   4    38    361
353   324   7    163    322
354   284   2    192    38
355   347   3    14    159
356   318   7    68    292
357   135   4    25    201
358   207   5    52    310
359   273   2    157    429
360   265   5    172    217
361   5   5    77    314
362   278   7    111    401
363   336   3    99    13
364   351   6    83    348
365   63   2    97    348
366   24   4    13    220
367   210   5    180    451
368   205   3    40    324
369   215   5    56    240
370   30   3    197    23
371   305   6    123    293
372   89   3    38    169
373   19   3    87    44
374   10   2    60    465
375   302   4    57    318
376   306   5    167    75
377   246   3    37    97
378   74   5    89    326
379   60   6    130    482
380   72   3    22    276
381   233   4    188    318
382   329   5    159    7
383   141   3    119    456
384   250   6    125    463
385   279   5    6    346
386   170   4    146    7
387   153   2    130    318
388   242   4    87    164
389   209   7    122    483
390   336   7    178    99
391   26   3    34    192
392   100   3    63    411
393   144   7    137    284
394   342   5    54    441
395   7   2    2    158
396   35   3    96    59
397   215   7    100    36
398   297   2    41    253
399   89   5    112    10
400   185   4    175    427
401   240   6    57    203
402   378   2    108    438
403   89   5    126    32
404   47   7    85    18
405   165   4    15    286
406   102   4    172    114
407   322   5    120    94
408   66   2    81    393
409   316   5    98    440
410   389   4    192    401
411   295   2    77    173
412   190   7    89    387
413   128   4    133    422
414   73   6    192    303
415   241   2    194    220
416   403   5    74    92
417   130   6    97    377
418   197   6    107    144
419   104   6    68    495
420   24   6    120    493
421   28   6    47    455
422   187   2    74    406
423   383   7    95    36
424   263   3    99    47
425   322   5    74    172
426   108   6    95    117
427   42   3    11    253
428   258   5    148    110
429   144   7    185    40
430   124   7    32    2
431   128   6    23    375
432   96   7    14    311
433   266   4    14    276
434   209   6    86    236
435   199   4    87    291
436   44   4    132    271
437   23   2    185    232
438   294   5    81    94
439   256   4    139    468
440   278   7    88    195
441   380   2    156    5
442   243   7    129    489
443   426   3    11    87
444   261   5    10    26
445   439   6    132    208
446   116   5    85    83
447   102   3    8    134
448   167   2    94    117
449   99   7    182    150
450   370   3    75    470
451   323   4    161    493
452   396   6    71    465
453   251   6    48    61
454   314   3    167    25
455   7   5    85    347
456   264   2    33    278
457   115   5    154    388
458   243   7    141    251
459   375   4    112    307
460   68   5    174    187
461   381   6    96    305
462   139   6    167    52
463   290   5    58    214
464   128   6    55    479
465   53   3    39    108
466   67   2    141    194
467   272   3    60    244
468   397   2    75    128
469   3   3    55    26
470   450   3    88    37
471   410   7    15    445
472   162   7    45    279
473   114   4    183    90
474   239   4    10    154
475   87   2    182    435
476   462   5    90    161
477   275   4    113    292
478   62   2    147    228
479   52   6    180    349
480   471   7    137    145
481   418   6    144    293
482   114   4    23    105
483   304   3    116    243
484   413   2    29    175
485   316   6    14    298
486   206   2    171    141
487   445   2    108    79
488   436   3    6    16
489   277   6    162    165
490   331   6    114    384
491   360   3    21    45
492   417   5    50    452
493   475   3    94    24
494   272   2    58    462
495   456   3    68    155
496   483   5    90    176
497   74   6    69    83
498   139   3    45    382
499   345   6    138    328
500   252   7    3    297
501   164   3    73    199
502   371   2    14    166
503   209   2    136    405
504   487   3    14    185
505   287   7    95    473
506   251   7    176    225
507   498   3    117    451
508   187   6    104    477
509   235   4    44    280
510   491   4    121    410
511   177   7    65    58
512   233   5    38    220
513   265   5    88    292
514   303   6    140    239
515   400   5    74    31
516   101   7    71    99
517   403   6    182    280
518   343   6    172    279
519   468   7    171    120
520   189   3    195    54
521   206   2    158    222
522   231   3    145    182
523   381   2    41    165
524   29   2    7    94
525   337   3    49    89
526   112   2    123    328
527   460   3    64    28
528   453   3    128    38
529   357   5    113    393
530   118   7    48    383
531   23   2    177    455
532   91   4    38    297
533   13   6    86    134
534   384   2    105    387
535   208   6    19    182
536   46   4    62    231
537   460   7    92    485
538   502   4    39    65
539   433   5    196    157
540   136   7    116    340
541   215   2    1    139
542   191   4    97    266
543   393   7    63    313
544   156   6    129    412
545   110   6    146    341
546   257   5    54    17
547   474   4    9    17
548   272   4    160    423
549   250   2    158    329
550   23   6    169    108
551   272   2    100    241
552   323   3    68    132
553   361   2    198    165
554   484   2    143    386
555   267   5    188    459
556   204   4    95    274
557   217   4    82    77
558   346   2    172    58
559   350   4    7    447
560   470   2    83    423
561   35   4    126    41
562   357   3    74    119
563   339   7    59    432
564   160   5    67    400
565   147   6    104    210
566   334   3    67    188
567   252   6    65    112
568   525   3    34    241
569   65   3    109    82
570   119   2    190    289
571   210   2    162    348
572   140   7    161    193
573   262   4    68    461
574   535   4    27    204
575   200   2    173    473
576   94   7    2    204
577   476   5    46    86
578   226   7    59    185
579   302   5    156    53
580   150   3    112    312
581   107   6    18    387
582   111   5    3    328
583   155   7    114    421
584   243   5    102    396
585   117   3    110    434
586   31   7    22    433
587   211   5    42    28
588   104   5    103    379
589   329   3    145    471
590   231   6    7    179
591   536   5    131    185
592   28   4    196    123
593   211   7    16    28
594   434   7    165    144
595   498   3    163    36
596   166   5    131    498
597   356   4    177    318
598   495   5    83    241
599   502   4    19    480
600   431   6    107    176
601   60   4    124    39
602   48   4    120    271
603   138   3    5    172
604   395   3    9    424
605   85   7    119    378
606   223   3    193    274
607   587   5    121    98
608   177   3    175    173
609   559   2    157    460
610   393   6    29    411
611   189   2    22    103
612   102   4    124    267
613   560   5    28    21
614   233   7    98    6
615   361   5    114    135
616   276   6    174    475
617   347   2    98    487
618   527   7    143    151
619   428   3    4    71
620   592   3    145    68
621   251   6    165    162
622   241   7    41    51
623   558   2    76    389
624   459   3    163    50
625   424   5    70    138
626   457   4    84    335
627   226   2    137    368
628   512   5    151    253
629   105   7    186    467
630   45   2    134    167
631   114   7    5    272
632   347   2    143    366
633   413   6    133    185
634   369   2    71    205
635   242   6    189    370
636   442   6    90    114
637   219   7    121    47
638   90   4    66    22
639   564   5    195    324
640   51   6    68    407
641   396   6    12    484
642   471   2    195    312
643   244   7    50    150
644   640   5    6    412
645   542   3    183    289
646   358   3    42    351
647   373   5    52    348
648   384   3    152    355
649   65   3    97    262
650   181   3    71    161
651   584   2    150    394
652   436   2    147    231
653   621   4    9    24
654   10   7    147    317
655   68   4    138    263
656   514   4    157    414
657   617   5    167    389
658   473   7    71    276
659   172   5    188    340
660   590   5    109    293
661   534   6    161    64
662   124   4    6    244
663   364   4    105    374
664   252   7    57    174
665   189   6    93    289
666   232   3    97    162
667   451   3    78    125
668   357   3    82    117
669   307   2    194    306
670   485   4    113    384
671   583   7    147    292
672   667   6    147    261
673   349   2    119    111
674   230   7    126    386
675   196   2    10    334
676   292   5    71    286
677   239   5    177    251
678   418   7    54    73
679   237   2    198    377
680   653   5    91    335
681   473   2    113    49
682   323   2    13    257
683   59   2    41    113
684   18   2    165    144
685   51   2    195    416
686   384   2    18    328
687   448   6    82    246
688   550   2    76    37
689   152   4    125    162
690   91   7    102    232
691   687   4    97    223
692   248   6    157    498
693   489   5    86    141
694   156   3    108    375
695   288   2    118    158
696   336   3    42    268
697   70   3    143    190
698   589   2    26    202
699   105   6    171    74
700   670   4    154    18
701   613   2    110    6
702   256   2    171    88
703   78   6    29    427
704   258   2    128    147
705   522   2    18    67
706   550   3    17    438
707   132   5    51    253
708   650   2    176    475
709   409   7    94    345
710   616   3    182    188
711   391   2    142    59
712   609   7    112    441
713   436   3    27    347
714   217   5    44    43
715   623   2    149    446
716   36   6    87    58
717   480   5    40    437
718   673   6    111    341
719   443   6    70    459
720   268   3    178    258
721   658   5    182    441
722   662   6    107    203
723   158   2    190    175
724   445   6    1    6
725   120   2    166    451
726   47   3    136    204
727   372   3    199    407
728   368   5    178    215
729   106   6    90    431
730   137   2    121    455
731   313   5    141    376
732   278   7    60    99
733   427   6    8    356
734   520   3    149    249
735   397   6    147    325
736   702   3    119    256
737   22   5    129    360
738   724   2    195    90
739   495   6    148    9
740   700   2    57    417
741   693   4    112    114
742   314   4    31    473
743   470   6    155    284
744   177   2    190    318
745   619   6    54    38
746   129   5    26    426
747   401   6    143    359
748   595   3    132    161
749   128   5    13    306
750   272   4    68    324
751   82   5    174    160
752   452   7    57    450
753   79   7    147    366
754   61   5    45    477
755   105   7    194    417
756   302   7    24    77
757   408   5    184    374
758   121   3    6    30
759   715   3    167    433
760   659   6    8    273
761   644   7    139    359
762   699   3    4    463
763   695   3    80    369
764   344   3    71    1
765   311   5    53    461
766   493   6    85    452
767   177   3    186    277
768   527   6    21    55
769   718   2    47    396
770   78   2    28    54
771   606   4    134    318
772   308   5    126    227
773   121   5    136    353
774   629   4    135    87
775   597   5    22    312
776   440   6    149    315
777   327   4    171    54
778   559   3    74    395
779   360   5    79    226
780   552   4    12    259
781   225   2    5    208
782   601   6    84    64
783   27   4    6    230
784   113   6    28    6
785   301   5    60    272
786   168   7    81    78
787   370   5    141    88
788   228   2    192    131
789   153   3    5    158
790   180   3    126    316
791   343   6    185    360
792   262   5    56    303
793   286   4    177    338
794   356   2    10    56
795   781   3    132    252
796   204   6    168    368
797   408   5    135    103
798   413   6    135    87
799   519   3    163    402
800   543   5    82    69
801   738   6    73    42
802   135   4    182    363
803   635   2    156    68
804   253   7    2    234
805   638   6    120    292
806   214   6    4    325
807   432   3    82    497
808   751   3    17    256
809   288   5    112    8
810   457   3    114    166
811   739   2    178    474
812   426   7    42    254
813   515   7    64    112
814   404   5    140    296
815   112   3    110    493
816   251   3    127    136
817   452   4    185    179
818   220   6    29    240
819   551   6    180    34
820   56   6    48    97
821   135   6    29    42
822   142   3    27    394
823   125   7    21    231
824   547   3    196    319
825   415   4    149    345
826   163   3    53    18
827   373   3    184    333
828   406   2    62    128
829   280   7    74    151
830   157   5    122    418
831   602   4    15    348
832   10   5    131    30
833   273   7    31    487
834   638   3    92    147
835   570   6    25    363
836   41   2    21    287
837   664   6    30    158
838   214   4    76    303
839   239   6    105    262
840   148   3    116    204
841   206   3    156    262
842   687   7    29    490
843   42   3    106    33
844   706   4    187    341
845   686   3    121    445
846   724   2    173    155
847   409   7    79    257
848   287   3    70    194
849   1   4    192    52
850   511   2    154    207
851   13   7    112    437
852   10   5    98    293
853   479   2    81    55
854   95   7    156    316
855   605   2    80    320
856   721   7    19    259
857   559   3    26    196
858   658   3    38    196
859   223   6    110    36
860   69   5    68    69
861   550   3    15    207
862   618   4    179    159
863   640   5    147    177
864   753   4    66    257
865   203   5    130    182
866   483   2    106    118
867   813   7    195    470
868   411   7    74    56
869   447   7    194    321
870   305   5    9    172
871   767   5    113    287
872   636   5    121    21
873   763   2    99    346
874   473   7    89    343
875   429   7    69    457
876   283   4    173    86
877   631   7    55    283
878   262   5    167    493
879   136   6    180    402
880   199   4    53    279
881   462   4    61    390
882   576   3    145    185
883   200   6    31    464
884   821   2    174    465
885   50   6    137    262
886   530   2    122    294
887   509   6    65    33
888   209   6    163    177
889   280   4    166    61
890   531   7    188    170
891   790   5    23    22
892   294   6    152    242
893   400   3    187    313
894   484   3    67    162
895   571   7    13    430
896   218   3    162    1
897   79   7    152    242
898   107   4    16    320
899   892   4    151    283
900   117   6    55    201
901   66   5    18    440
902   731   7    109    359
903   316   5    167    180
904   622   6    61    241
905   861   6    37    431
906   419   7    166    11
907   393   2    150    55
908   789   4    2    422
909   889   5    119    78
910   675   4    196    479
911   282   2    64    446
912   167   7    109    299
913   20   6    130    344
914   857   7    61    221
915   741   7    5    212
916   370   4    13    199
917   748   5    98    464
918   872   2    107    272
919   177   3    189    444
920   883   5    90    240
921   195   2    160    134
922   285   5    166    27
923   618   2    23    215
924   801   5    103    236
925   914   6    189    381
926   48   3    116    4
927   662   2    23    183
928   384   6    78    125
929   251   3    172    117
930   451   3    107    470
931   233   5    129    402
932   251   6    191    452
933   822   4    117    79
934   708   5    24    221
935   420   4    33    184
936   369   7    50    104
937   274   7    70    493
938   431   7    64    198
939   741   4    83    384
940   322   4    18    423
941   912   5    175    328
942   80   3    177    342
943   750   5    61    274
944   349   7    179    51
945   936   5    19    354
946   225   6    69    149
947   521   4    17    66
948   931   6    169    458
949   829   5    22    248
950   184   2    55    127
951   525   2    7    7
952   548   6    96    124
953   123   6    159    59
954   39   4    50    203
955   812   4    182    11
956   77   4    5    201
957   527   5    41    316
958   900   5    195    42
959   2   3    63    99
960   76   6    125    442
961   120   7    161    475
962   896   4    152    298
963   961   3    17    331
964   402   6    107    446
965   357   2    37    66
966   137   6    96    391
967   871   3    42    60
968   689   2    76    185
969   238   7    72    31
970   530   3    20    99
971   342   5    141    207
972   916   7    43    168
973   5   2    34    126
974   257   3    20    335
975   31   3    152    30
976   642   7    32    19
977   264   4    31    493
978   700   7    53    437
979   877   4    100    370
980   150   6    104    369
981   114   5    179    276
982   302   3    66    157
983   7   2    20    179
984   344   7    180    185
985   342   3    191    371
986   701   3    112    299
987   173   7    102    53
988   320   3    172    181
989   493   4    77    140
990   473   5    25    221
991   703   7    158    138
992   339   5    63    484
993   406   2    142    127
994   308   5    168    395
995   472   6    48    307
996   847   6    120    332
997   523   7    89    488
998   417   5    191    304
999   779   2    76    405
1000   536   2    180    210
1001   863   2    83    367
1002   792   5    36    466
1003   549   3    187    433
