1   0   5    84    254
2   1   4    91    299
3   1   6    93    332
4   2   3    158    278
5   1   6    111    151
6   4   7    16    62
7   3   4    84    407
8   5   3    132    249
9   7   7    159    483
10   1   6    166    334
11   8   2    20    187
12   10   6    89    337
13   6   3    25    366
14   11   6    197    196
15   3   6    45    58
16   14   3    70    50
17   2   5    48    305
18   12   5    34    278
19   1   4    154    58
20   11   3    131    45
21   7   3    112    159
22   5   4    33    461
23   7   5    152    171
24   15   3    63    228
25   23   7    119    194
26   9   4    163    277
27   15   7    34    407
28   19   7    43    32
29   5   5    169    162
30   16   7    36    436
31   16   6    40    435
32   11   2    103    212
33   21   3    132    38
34   8   3    189    63
35   8   3    169    68
36   6   5    34    429
37   35   2    60    254
38   12   5    94    222
39   8   6    31    317
40   36   2    96    369
41   6   6    150    101
42   22   2    63    13
43   25   2    100    410
44   38   2    25    108
45   33   4    27    187
46   4   2    18    270
47   34   5    166    136
48   25   4    58    120
49   44   6    19    28
50   18   7    94    389
51   37   7    4    65
52   12   5    155    151
53   31   5    172    483
54   12   4    33    318
55   30   2    166    140
56   33   5    39    395
57   32   3    107    167
58   7   7    33    429
59   12   7    23    41
60   45   3    127    333
61   24   5    146    392
62   34   6    185    251
63   35   5    136    32
64   53   7    132    211
65   3   7    155    97
66   41   7    13    54
67   63   6    96    55
68   61   7    144    491
69   14   2    25    252
70   49   5    61    126
71   34   2    76    431
72   51   4    137    56
73   35   3    117    182
74   2   4    107    294
75   69   2    50    267
76   24   4    117    91
77   38   5    83    211
78   51   2    60    100
79   16   2    20    389
80   7   2    58    3
81   65   2    132    475
82   45   3    69    135
83   6   2    191    302
84   23   4    31    291
85   29   6    33    368
86   77   5    82    373
87   39   7    74    458
88   12   2    42    415
89   41   6    51    20
90   57   3    3    253
91   60   6    5    296
92   1   4    30    17
93   87   4    118    262
94   67   4    189    34
95   39   2    12    241
96   71   6    82    406
97   6   7    56    381
98   72   6    176    94
99   44   4    123    240
100   22   2    93    261
101   90   5    27    489
102   94   7    34    230
103   51   5    87    159
104   78   7    185    284
105   50   6    24    212
106   53   2    103    39
107   103   6    116    342
108   51   7    65    456
109   8   3    199    56
110   5   4    134    283
111   108   5    93    224
112   1   5    139    166
113   47   4    81    454
114   28   2    7    178
115   104   6    22    491
116   3   3    149    423
117   94   4    194    197
118   87   2    59    119
119   9   6    98    68
120   116   6    67    423
121   13   6    158    492
122   53   2    118    391
123   45   2    97    386
124   42   7    181    223
125   17   7    31    82
126   90   7    144    15
127   28   6    30    303
128   57   7    8    468
129   17   2    31    439
130   121   7    153    498
131   18   2    47    349
132   77   7    105    264
133   93   7    21    198
134   33   5    153    266
135   42   3    146    256
136   99   3    2    478
137   49   7    158    479
138   5   5    78    131
139   48   5    18    279
140   7   6    77    202
141   126   4    187    154
142   133   2    159    187
143   71   4    15    182
144   4   3    137    292
145   142   4    40    385
146   82   3    157    59
147   72   5    107    54
148   105   5    74    253
149   117   6    27    312
150   77   2    95    393
151   29   6    116    265
152   82   2    70    456
153   48   7    41    408
154   146   2    4    353
155   77   6    9    285
156   38   4    191    340
157   39   6    25    358
158   28   3    107    250
159   149   7    163    475
160   46   5    165    144
161   145   5    58    419
162   118   7    29    370
163   25   5    12    5
164   130   5    124    156
165   157   5    91    293
166   33   2    39    15
167   142   6    134    145
168   98   5    130    470
169   9   3    184    214
170   86   4    27    179
171   162   2    99    348
172   33   7    112    232
173   42   3    30    168
174   26   3    21    89
175   91   5    58    250
176   103   5    121    455
177   84   5    8    383
178   82   4    12    225
179   40   7    16    144
180   83   3    164    237
181   173   4    7    316
182   2   6    94    365
183   30   7    51    352
184   137   3    157    405
185   50   2    129    328
186   78   2    195    441
187   110   2    20    252
188   102   4    104    237
189   182   6    190    321
190   163   2    159    72
191   85   6    94    472
192   122   3    105    469
193   189   6    65    376
194   36   5    166    496
195   99   5    176    120
196   100   2    25    216
197   53   7    173    220
198   100   3    186    14
199   102   3    126    325
200   127   4    20    92
201   19   6    42    432
202   92   7    32    358
203   181   4    125    100
204   36   6    121    374
205   6   6    148    162
206   107   7    16    319
207   86   3    176    41
208   25   7    173    163
209   131   4    90    189
210   176   2    185    123
211   154   6    17    331
212   163   5    85    154
213   39   3    127    407
214   3   5    111    282
215   33   3    10    61
216   76   6    199    57
217   35   5    24    213
218   10   6    99    424
219   51   4    145    228
220   150   4    42    427
221   203   4    157    166
222   169   5    70    57
223   128   2    180    182
224   197   6    61    277
225   126   7    10    382
226   153   7    29    422
227   82   4    5    475
228   115   7    106    226
229   117   7    130    191
230   73   6    50    171
231   188   5    115    56
232   102   6    173    23
233   87   2    167    178
234   34   7    132    28
235   196   7    113    15
236   148   7    74    63
237   63   5    182    105
238   106   2    22    303
239   35   2    171    7
240   57   5    182    65
241   123   6    46    102
242   164   5    56    134
243   9   5    123    479
244   39   4    107    345
245   33   2    28    436
246   171   4    165    98
247   210   2    110    12
248   10   3    191    297
249   232   4    173    425
250   36   7    182    80
251   103   6    192    141
252   37   5    66    6
253   17   5    139    129
254   113   6    125    120
255   184   7    170    339
256   227   5    121    466
257   208   5    13    458
258   61   6    88    443
259   184   3    185    365
260   250   6    137    33
261   148   6    43    495
262   201   6    28    486
263   68   6    131    120
264   112   7    87    197
265   125   6    164    2
266   147   7    94    253
267   176   2    75    207
268   258   7    46    158
269   98   2    44    398
270   220   5    99    225
271   255   4    154    185
272   174   7    72    386
273   132   5    181    58
274   103   6    153    239
275   66   7    168    69
276   63   6    195    45
277   176   7    29    148
278   100   2    53    378
279   212   6    92    205
280   132   7    153    54
281   133   7    149    153
282   172   6    168    335
283   47   4    194    151
284   187   3    109    159
285   80   4    72    152
286   103   6    154    498
287   252   5    148    263
288   162   3    28    183
289   35   5    88    246
290   234   7    133    139
291   247   6    101    415
292   198   4    35    398
293   170   5    120    28
294   13   7    97    397
295   77   7    109    97
296   222   7    107    235
297   8   3    20    414
298   291   4    100    457
299   107   2    179    437
300   298   4    24    333
301   201   2    185    328
302   132   6    35    469
303   220   2    59    411
304   173   4    92    151
305   144   5    106    299
306   284   5    47    12
307   142   2    21    448
308   51   5    143    122
309   195   4    79    23
310   31   7    157    251
311   121   6    24    32
312   138   6    97    83
313   4   4    166    122
314   124   5    115    98
315   244   3    154    117
316   3   7    53    35
317   48   4    138    107
318   112   6    139    310
319   115   2    29    4
320   183   6    116    426
321   148   4    102    462
322   34   3    74    147
323   172   3    73    182
324   193   6    65    455
325   119   4    199    494
326   233   2    18    143
327   101   5    29    97
328   30   6    192    212
329   211   2    28    247
330   106   6    116    456
331   108   5    10    270
332   123   6    112    290
333   116   6    87    386
334   21   2    86    419
335   70   2    60    344
336   292   5    83    493
337   280   4    45    470
338   25   5    158    302
339   163   2    125    336
340   27   4    26    206
341   49   3    126    340
342   92   7    53    397
343   184   7    128    367
344   141   6    16    310
345   45   7    6    435
346   207   5    131    412
347   278   6    25    407
348   95   2    57    295
349   278   5    119    226
350   297   4    184    64
351   116   7    5    425
352   42   6    173    79
353   230   2    186    346
354   29   6    62    436
355   121   5    13    106
356   130   3    165    163
357   154   4    161    207
358   148   7    135    319
359   74   2    156    150
360   71   3    12    381
361   123   3    177    160
362   232   4    91    326
363   44   6    16    370
364   216   6    67    277
365   300   7    131    240
366   99   7    181    198
367   11   7    175    389
368   31   3    88    496
369   167   7    18    138
370   339   2    26    417
371   285   5    151    307
372   353   3    138    258
373   21   2    105    63
374   179   5    16    219
375   322   3    189    138
376   147   6    128    51
377   305   3    99    24
378   96   2    113    177
379   282   7    156    437
380   197   2    171    454
381   76   6    161    177
382   142   7    122    104
383   124   6    7    341
384   359   2    190    199
385   177   6    16    97
386   264   2    35    166
387   263   7    87    105
388   354   2    40    399
389   162   3    6    11
390   333   2    10    232
391   318   2    196    353
392   119   4    44    7
393   141   2    153    163
394   15   2    36    217
395   336   4    67    118
396   305   3    123    268
397   160   6    90    79
398   101   3    133    368
399   199   5    161    87
400   315   2    87    55
401   328   6    118    150
402   123   4    197    420
403   149   7    57    32
404   101   3    180    72
405   40   3    41    43
406   149   4    50    325
407   210   5    189    131
408   206   6    117    393
409   252   7    145    267
410   302   5    184    28
411   72   5    84    435
412   211   5    110    204
413   79   7    104    345
414   318   2    50    124
415   226   4    154    190
416   379   6    122    229
417   4   4    34    117
418   60   2    124    349
419   253   6    51    355
420   153   5    64    492
421   196   2    192    174
422   91   3    148    302
423   53   3    152    65
424   265   4    62    108
425   273   6    186    398
426   113   4    28    491
427   319   6    107    407
428   66   5    102    378
429   56   6    25    2
430   37   6    185    221
431   55   5    2    112
432   282   7    164    454
433   416   7    11    173
434   252   6    101    435
435   30   2    52    116
436   388   5    142    178
437   213   2    193    109
438   337   7    167    15
439   157   7    101    197
440   369   6    8    115
441   158   5    145    430
442   144   5    93    450
443   206   5    139    97
444   73   7    166    313
445   336   7    97    218
446   407   6    87    485
447   221   2    107    390
448   407   7    117    46
449   163   2    159    157
450   380   4    103    92
451   439   6    12    107
452   106   6    32    277
453   127   5    19    401
454   32   3    55    67
455   398   2    107    288
456   240   3    27    12
457   63   7    95    437
458   86   4    19    306
459   110   2    120    340
460   139   7    145    477
461   126   7    145    151
462   85   5    91    422
463   178   6    120    285
464   287   6    167    383
465   41   7    186    385
466   88   2    169    125
467   440   6    73    407
468   331   7    68    271
469   387   3    55    307
470   408   7    50    357
471   265   5    155    443
472   306   6    155    495
473   17   3    158    137
474   121   4    2    449
475   369   5    82    51
476   52   7    85    54
477   399   5    184    197
478   283   5    116    192
479   196   5    29    172
480   104   4    85    310
481   235   2    83    491
482   91   4    135    457
483   364   5    175    294
484   313   2    183    429
485   145   3    71    176
486   303   4    124    211
487   52   2    67    227
488   3   4    90    237
489   323   2    86    48
490   280   6    61    398
491   363   7    125    445
492   296   4    148    358
493   43   4    190    430
494   22   4    28    274
495   199   7    151    34
496   108   5    194    56
497   272   4    45    429
498   69   2    145    406
499   166   7    182    405
500   181   2    121    468
501   115   7    77    404
502   160   2    77    269
503   197   3    131    353
504   351   4    54    455
505   499   2    191    288
506   115   7    60    182
507   57   7    173    453
508   358   6    160    275
509   150   2    157    11
510   17   4    89    417
511   17   4    129    27
512   213   7    53    496
513   51   2    1    31
514   7   6    113    307
515   164   5    116    293
516   432   4    100    236
517   198   5    30    80
518   10   4    185    414
519   121   7    147    423
520   503   7    176    136
521   173   6    190    419
522   110   4    2    202
523   106   7    118    97
524   2   4    14    110
525   301   7    68    188
526   356   6    6    99
527   303   3    126    174
528   309   4    123    303
529   286   4    56    46
530   299   3    114    356
531   228   7    10    486
532   382   2    26    387
533   175   3    199    135
534   344   6    69    418
535   302   7    190    455
536   306   4    140    62
537   335   7    127    280
538   263   7    61    470
539   187   7    100    395
540   76   5    155    128
541   402   7    126    246
542   405   5    21    193
543   225   3    61    391
544   448   4    74    254
545   336   5    30    478
546   7   3    160    449
547   314   7    121    23
548   295   5    175    233
549   172   3    156    405
550   154   5    119    46
551   165   7    183    1
552   180   6    120    36
553   120   6    135    248
554   178   6    53    384
555   544   5    17    43
556   83   5    3    264
557   59   5    59    261
558   11   3    41    74
559   6   4    90    441
560   253   3    22    467
561   120   4    55    74
562   482   2    139    41
563   4   7    7    13
564   27   6    197    51
565   481   4    171    64
566   254   5    35    225
567   194   7    34    435
568   441   2    71    431
569   424   3    81    473
570   32   4    84    152
571   367   6    184    242
572   418   6    106    65
573   301   3    134    41
574   88   5    143    80
575   153   4    101    13
576   98   7    5    38
577   202   3    143    65
578   110   5    183    11
579   355   6    194    238
580   154   4    72    424
581   67   5    117    364
582   387   5    96    170
583   487   3    2    397
584   577   3    18    242
585   100   2    137    35
586   260   2    114    252
587   557   6    155    273
588   411   2    38    482
589   420   4    179    362
590   16   3    156    49
591   560   7    28    454
592   189   7    74    184
593   338   2    108    457
594   97   3    132    256
595   176   4    48    117
596   369   6    74    379
597   308   7    166    54
598   5   7    191    260
599   255   4    55    42
600   449   4    153    196
601   506   3    52    487
602   537   2    104    428
603   252   2    79    216
604   529   2    192    381
605   489   2    40    269
606   14   7    192    34
607   116   5    37    10
608   378   2    150    336
609   188   3    43    335
610   196   4    8    223
611   179   3    173    54
612   456   4    142    207
613   181   7    14    418
614   131   2    177    320
615   319   5    144    116
616   96   5    175    12
617   93   6    51    277
618   519   7    48    342
619   499   7    104    89
620   420   5    19    282
621   281   5    107    214
622   462   5    48    183
623   53   6    105    223
624   200   4    42    231
625   577   7    103    474
626   35   6    186    327
627   359   3    48    357
628   531   2    60    351
629   325   5    146    364
630   354   4    15    109
631   406   4    112    77
632   105   6    46    451
633   215   6    199    278
634   244   6    61    209
635   355   5    19    383
636   388   4    117    44
637   239   5    46    474
638   589   7    36    355
639   22   7    150    448
640   554   7    140    347
641   410   7    134    42
642   373   6    104    129
643   317   2    155    91
644   573   5    189    283
645   530   4    109    163
646   612   2    70    349
647   460   3    140    234
648   193   4    175    352
649   397   2    193    416
650   495   7    135    72
651   157   6    78    198
652   432   6    34    15
653   178   5    78    165
654   202   3    158    498
655   110   4    54    165
656   411   2    157    78
657   454   3    154    117
658   183   4    171    453
659   473   6    56    288
660   55   5    179    93
661   444   2    79    280
662   189   6    5    151
663   307   5    16    305
664   122   5    98    225
665   627   2    186    292
666   1   3    184    177
667   60   2    3    467
668   16   6    181    9
669   578   6    140    308
670   209   5    122    108
671   409   4    109    61
672   634   3    55    123
673   540   3    21    29
674   297   5    132    255
675   579   2    15    251
676   83   3    169    126
677   174   2    128    402
678   354   4    171    406
679   276   5    109    48
680   273   3    16    383
681   174   6    181    32
682   440   6    141    468
683   492   3    92    444
684   185   5    3    105
685   586   3    16    412
686   681   3    92    337
687   172   5    148    149
688   425   5    111    412
689   386   4    128    273
690   281   3    158    69
691   618   7    52    244
692   667   5    131    16
693   170   7    143    255
694   535   7    16    26
695   12   7    140    65
696   16   3    125    113
697   290   2    2    486
698   446   7    36    49
699   375   3    48    355
700   618   6    42    10
701   616   6    173    305
702   382   5    45    72
703   251   7    187    136
704   434   5    65    412
705   74   7    162    66
706   611   6    90    124
707   109   4    170    224
708   429   7    11    480
709   624   3    40    411
710   111   7    156    13
711   696   6    39    159
712   17   6    96    371
713   82   6    120    13
714   213   7    43    498
715   488   2    2    166
716   53   5    24    331
717   519   4    97    356
718   55   2    128    218
719   30   6    134    407
720   134   3    109    108
721   188   4    23    115
722   73   3    119    332
723   330   3    192    53
724   637   2    183    239
725   331   5    179    120
726   45   7    56    304
727   520   3    19    278
728   601   4    172    240
729   499   4    133    357
730   500   7    171    72
731   632   3    100    90
732   61   7    164    126
733   495   4    98    424
734   387   2    63    252
735   484   6    105    340
736   259   2    151    350
737   619   5    172    68
738   27   3    130    425
739   549   7    74    132
740   225   4    5    176
741   65   2    10    318
742   341   6    17    42
743   469   4    41    467
744   3   2    138    98
745   146   7    86    242
746   49   2    87    388
747   178   2    176    333
748   590   4    27    401
749   570   2    49    80
750   175   6    40    421
751   136   4    36    396
752   7   4    159    26
753   538   6    57    481
754   218   5    29    414
755   139   4    57    470
756   369   4    141    163
757   142   7    65    187
758   524   3    103    316
759   729   7    83    493
760   373   7    103    262
761   702   3    18    213
762   481   5    45    220
763   745   4    37    331
764   189   3    96    381
765   67   6    147    82
766   580   4    98    74
767   602   7    76    481
768   82   5    134    400
769   146   6    48    32
770   702   5    199    432
771   674   5    101    407
772   83   6    121    151
773   102   2    194    423
774   273   2    111    312
775   32   7    23    275
776   421   6    172    461
777   217   6    52    178
778   358   4    38    27
779   269   4    144    128
780   312   6    27    233
781   284   4    153    219
782   328   6    197    265
783   212   6    49    30
784   439   6    113    440
785   624   7    95    413
786   327   5    116    76
787   610   3    147    119
788   106   6    89    115
789   761   3    173    461
790   113   2    130    264
791   279   6    142    159
792   703   5    109    144
793   621   5    50    160
794   224   2    127    154
795   562   7    180    184
796   342   6    95    297
797   358   4    188    124
798   368   7    11    347
799   36   4    162    116
800   418   6    18    399
801   331   5    97    151
802   350   5    185    348
803   444   5    116    149
804   783   5    181    217
805   90   3    69    120
806   300   5    68    49
807   215   6    163    39
808   551   4    78    284
809   615   2    156    441
810   648   7    197    352
811   442   3    190    456
812   453   4    40    276
813   777   3    43    448
814   113   7    74    90
815   298   5    48    298
816   265   5    164    211
817   533   4    111    459
818   147   2    165    291
819   228   5    17    353
820   641   3    71    72
821   403   7    157    113
822   283   3    182    330
823   226   5    199    146
824   701   4    94    12
825   668   6    145    202
826   466   6    151    430
827   590   4    48    15
828   416   4    121    254
829   122   4    126    155
830   632   4    60    405
831   213   2    51    239
832   631   2    184    488
833   651   4    42    86
834   73   2    57    482
835   706   4    136    465
836   485   5    158    423
837   436   4    195    417
838   71   4    11    164
839   400   3    60    159
840   1   2    32    139
841   600   5    123    261
842   806   6    133    382
843   713   6    22    25
844   540   4    91    119
845   669   3    97    415
846   28   3    25    203
847   329   2    5    451
848   613   7    34    169
849   808   2    173    139
850   429   3    62    144
851   7   7    55    342
852   692   4    154    250
853   287   6    23    170
854   310   6    135    79
855   151   4    181    77
856   368   7    65    360
857   107   4    120    95
858   512   2    9    144
859   468   5    34    484
860   251   6    115    48
861   749   4    143    68
862   390   5    179    89
863   528   6    126    60
864   133   6    90    172
865   775   3    113    372
866   542   2    105    485
867   636   7    195    40
868   824   2    117    106
869   427   5    194    466
870   696   2    54    212
871   494   5    137    288
872   696   4    93    156
873   32   3    186    40
874   870   2    49    27
875   117   6    142    153
876   547   7    107    299
877   533   3    72    348
878   267   6    26    463
879   789   6    155    334
880   45   5    68    181
881   626   7    20    384
882   460   5    84    268
883   3   3    73    490
884   740   5    83    306
885   427   6    75    467
886   621   2    2    301
887   338   3    32    395
888   201   6    93    46
889   661   5    6    366
890   300   6    195    333
891   521   7    172    385
892   819   3    170    396
893   885   6    145    151
894   700   3    69    154
895   396   5    75    86
896   66   5    109    293
897   386   3    127    180
898   846   4    166    377
899   822   4    38    188
900   566   7    28    446
901   606   6    132    353
902   580   5    196    213
903   108   3    75    8
904   349   5    150    208
905   392   5    16    273
906   142   6    160    260
907   741   4    63    292
908   247   7    155    107
909   84   2    1    492
910   507   7    19    403
911   649   6    9    477
912   526   7    132    28
913   486   4    40    138
914   503   4    36    371
915   755   6    131    171
916   379   5    182    351
917   566   7    139    230
918   464   5    40    499
919   242   6    84    314
920   581   5    114    142
921   456   5    89    148
922   706   2    65    396
923   597   5    146    396
924   639   4    190    154
925   846   4    128    337
926   640   5    44    22
927   167   7    103    35
928   79   2    77    151
929   916   6    169    130
930   863   5    160    99
931   905   3    5    416
932   47   7    24    405
933   599   5    96    81
934   657   3    165    252
935   163   4    191    85
936   183   7    179    429
937   317   4    111    218
938   420   5    46    238
939   6   4    28    334
940   135   6    171    273
941   536   7    172    147
942   382   5    136    391
943   397   2    145    61
944   424   3    30    455
945   287   5    93    93
946   709   4    174    85
947   424   7    193    241
948   677   5    192    383
949   746   6    81    140
950   450   2    102    492
951   599   7    164    428
952   84   2    109    15
953   637   2    183    442
954   29   6    128    64
955   216   7    174    348
956   703   3    195    185
957   85   2    145    451
958   83   7    38    25
959   783   3    140    132
960   866   2    170    292
961   818   3    90    487
962   491   6    131    275
963   97   7    188    32
964   179   5    1    23
965   17   3    135    357
966   765   2    178    32
967   91   4    37    114
968   104   6    158    445
969   358   2    174    362
970   610   5    24    50
971   631   5    111    176
972   348   4    186    3
973   642   2    21    452
974   161   6    68    497
975   603   7    120    76
976   830   7    69    352
977   402   2    177    496
978   534   4    10    439
979   53   7    143    442
980   468   2    100    425
981   830   3    70    347
982   648   3    97    395
983   923   2    157    352
984   112   6    14    121
985   811   7    178    46
986   384   4    101    321
987   940   3    73    47
988   948   5    112    392
989   606   7    76    331
990   775   2    133    382
991   748   2    59    59
992   161   5    92    352
993   566   2    172    121
994   963   3    142    83
995   901   5    164    388
996   299   2    43    476
997   831   3    155    378
998   234   7    108    190
999   70   2    197    194
1000   819   5    118    340
1001   287   4    39    292
1002   661   3    194    302
1003   426   5    75    72
1004   533   6    81    326
1005   979   5    108    363
1006   176   7    86    172
1007   658   5    57    389
1008   976   4    5    337
1009   85   2    115    400
1010   558   2    144    473
1011   483   4    173    438
1012   611   3    33    402
1013   413   6    179    109
1014   346   2    175    59
1015   420   4    41    10
1016   389   2    173    77
1017   294   7    90    178
1018   692   6    55    92
1019   79   7    160    207
1020   675   7    22    452
1021   772   5    197    31
1022   512   7    107    474
1023   628   6    58    430
1024   816   4    75    78
1025   419   7    115    336
1026   326   5    152    452
1027   902   7    80    330
1028   381   6    40    349
1029   682   7    7    498
1030   425   7    106    335
1031   515   6    42    271
1032   677   5    101    313
1033   736   5    22    83
1034   258   7    123    55
1035   297   2    52    452
1036   797   2    131    270
1037   814   4    96    136
1038   243   7    192    205
1039   126   2    155    151
1040   441   7    63    206
1041   687   2    124    435
1042   527   5    100    498
1043   376   3    16    201
1044   454   6    149    269
1045   138   6    148    300
1046   47   3    60    342
1047   1007   4    183    392
1048   346   3    16    227
1049   765   4    82    309
1050   237   4    190    224
1051   654   5    25    339
1052   819   5    185    330
1053   981   5    184    55
1054   484   3    113    50
1055   817   3    33    135
1056   577   6    107    187
1057   820   5    97    75
1058   895   7    69    252
1059   73   5    116    236
1060   872   5    72    138
1061   960   5    164    374
1062   295   2    17    383
1063   945   4    30    42
1064   505   3    3    213
1065   905   3    93    131
1066   797   7    58    85
1067   784   6    71    314
1068   194   6    20    381
1069   461   5    124    130
1070   245   3    153    372
1071   225   4    141    109
1072   292   2    5    312
1073   137   5    21    444
1074   555   6    56    3
1075   436   6    24    136
1076   814   6    143    315
1077   314   3    86    30
1078   997   7    89    434
1079   291   7    95    65
1080   66   5    65    42
1081   529   2    17    499
1082   1007   2    133    331
1083   857   5    3    97
1084   242   5    171    163
1085   98   4    34    147
1086   823   3    185    134
1087   288   4    139    307
1088   67   2    113    291
1089   965   6    20    482
1090   897   2    125    207
1091   866   6    195    86
1092   11   2    54    458
1093   361   7    74    215
1094   737   2    119    439
1095   469   4    58    126
1096   647   6    107    292
1097   489   6    37    271
1098   275   2    29    443
1099   802   2    84    72
1100   739   2    38    396
1101   776   7    193    28
1102   966   5    11    457
1103   667   4    19    403
1104   637   7    148    453
1105   118   7    99    316
1106   997   2    176    90
1107   444   7    187    87
1108   726   3    170    60
1109   496   7    92    197
1110   251   7    8    278
1111   994   4    1    237
1112   596   2    162    107
1113   513   7    18    290
1114   420   4    82    206
1115   678   2    96    256
1116   1087   3    109    274
1117   66   7    151    362
1118   501   5    122    384
1119   154   7    97    40
1120   756   7    71    153
1121   458   3    75    224
1122   742   7    60    329
1123   1115   4    2    478
1124   257   7    164    250
1125   125   6    19    419
1126   1008   3    146    373
1127   799   7    126    381
1128   871   7    129    176
1129   820   5    117    209
1130   285   3    142    324
1131   1035   7    97    210
1132   469   5    43    265
1133   351   5    61    13
1134   993   3    170    64
1135   604   2    163    140
1136   234   5    7    93
1137   560   5    161    248
1138   899   4    11    91
1139   797   7    154    258
1140   207   5    149    94
1141   440   4    186    100
1142   646   4    111    321
1143   177   7    120    35
1144   754   7    92    92
1145   151   2    109    362
1146   367   3    150    59
1147   185   5    143    378
1148   355   5    86    66
1149   644   5    76    125
1150   536   2    112    248
1151   1127   2    169    297
1152   52   7    149    1
1153   1069   6    149    434
1154   88   7    91    88
1155   1003   4    123    24
1156   876   7    147    247
1157   516   7    77    474
1158   939   2    154    16
1159   226   4    180    234
1160   768   2    178    26
1161   739   4    10    8
1162   381   3    91    145
1163   283   7    172    184
1164   1155   5    19    402
1165   286   4    153    256
1166   507   2    105    447
1167   50   6    75    458
1168   677   7    177    428
1169   141   2    132    89
1170   364   2    51    207
1171   1115   2    32    255
1172   62   5    82    276
1173   52   6    119    69
1174   959   4    100    454
1175   460   2    52    441
1176   70   4    136    64
1177   1125   7    28    118
1178   970   2    49    369
1179   140   5    109    330
1180   83   3    36    431
1181   925   3    71    220
1182   213   7    180    377
1183   26   6    46    207
1184   403   4    192    38
1185   161   7    81    327
1186   746   7    14    36
1187   273   7    174    4
1188   137   3    183    410
1189   736   2    98    103
1190   766   3    66    267
1191   430   2    153    91
1192   1023   5    105    34
1193   576   4    72    195
1194   1030   6    123    9
1195   954   4    12    416
1196   680   4    179    453
1197   1185   5    72    215
1198   265   7    55    92
1199   975   3    28    97
1200   231   4    141    310
1201   879   7    148    351
1202   1007   2    105    308
1203   992   4    145    395
1204   785   5    28    416
1205   1169   7    48    484
1206   973   5    14    50
1207   222   7    131    211
1208   615   6    79    46
1209   939   3    94    423
1210   366   2    55    31
1211   1206   5    1    219
1212   227   5    3    285
1213   961   7    120    393
1214   709   6    156    389
1215   953   2    25    2
1216   1036   4    53    19
1217   859   6    194    67
1218   1002   6    106    157
1219   880   4    125    185
1220   258   7    159    473
1221   722   2    132    99
1222   108   4    160    297
1223   541   6    148    424
1224   243   3    122    237
1225   1069   5    186    318
1226   483   2    166    235
1227   716   2    2    386
1228   1120   5    99    82
1229   92   3    138    377
1230   208   7    7    370
1231   73   4    148    124
1232   41   3    106    157
1233   93   5    9    174
1234   1139   5    133    152
1235   389   4    43    103
1236   418   6    69    342
1237   750   2    133    373
1238   1236   4    127    170
1239   1024   7    76    456
1240   1091   3    12    61
1241   274   4    50    100
1242   852   7    169    331
1243   968   6    111    462
1244   883   4    140    359
1245   262   3    29    121
1246   35   4    45    58
1247   998   4    39    454
1248   353   7    119    106
1249   367   4    117    77
1250   1128   3    67    137
1251   685   5    144    260
1252   838   2    191    328
1253   946   6    25    396
1254   1064   4    136    282
1255   710   5    17    390
1256   111   2    80    134
1257   569   3    122    166
1258   1144   3    187    452
1259   48   5    70    140
1260   568   6    56    59
