1   0   6    29    326
2   1   4    82    253
3   1   2    146    19
4   1   4    47    335
5   2   3    133    426
6   1   6    3    317
7   5   3    137    492
8   5   7    51    82
9   7   7    179    110
10   3   4    69    233
11   9   3    3    415
12   2   2    56    405
13   1   4    16    271
14   8   3    184    467
15   1   5    193    236
16   9   3    65    354
17   14   5    3    265
18   10   4    24    95
19   17   2    80    318
20   2   7    134    14
21   8   3    178    477
22   11   5    69    58
23   1   3    123    27
24   21   4    186    355
25   10   6    173    401
26   8   3    123    52
27   9   4    3    398
28   19   6    147    365
29   21   5    70    99
30   27   2    170    77
31   11   2    82    350
32   14   3    169    384
33   31   7    111    440
34   23   4    121    252
35   25   6    179    160
36   27   3    120    435
37   30   2    10    208
38   17   3    14    285
39   28   3    142    472
40   5   3    103    141
41   34   6    127    108
42   30   7    97    319
43   9   3    119    498
44   21   2    12    380
45   35   6    121    185
46   3   4    189    349
47   22   2    41    127
48   26   4    182    441
49   39   3    56    407
50   43   4    149    242
51   22   5    151    264
52   48   5    16    461
53   46   6    148    19
54   23   6    48    414
55   7   3    64    50
56   40   3    153    181
57   28   2    76    243
58   2   2    10    140
59   8   5    151    165
60   35   7    168    147
61   12   5    103    488
62   20   6    44    215
63   47   5    181    137
64   23   2    117    130
65   14   4    10    294
66   15   4    2    11
67   8   2    168    32
68   37   4    67    270
69   39   3    163    13
70   42   4    1    424
71   52   5    42    78
72   58   3    33    426
73   19   5    25    54
74   53   7    140    348
75   41   2    1    428
76   3   2    110    331
77   57   4    197    327
78   40   6    153    164
79   67   5    142    81
80   64   2    123    468
81   77   3    157    75
82   57   4    130    314
83   79   4    86    27
84   49   2    117    35
85   60   2    54    399
86   82   7    178    439
87   52   6    85    333
88   77   6    142    170
89   1   5    154    21
90   40   2    142    118
91   57   4    197    104
92   32   7    154    244
93   18   7    55    82
94   85   2    152    479
95   84   4    30    205
96   77   6    102    484
97   56   5    191    9
98   28   2    192    252
99   42   5    51    265
100   77   5    137    29
101   54   2    85    327
102   77   5    55    85
103   43   5    192    235
104   50   2    5    111
105   93   7    118    288
106   84   4    83    366
107   97   5    158    287
108   17   2    192    381
109   91   4    165    420
110   83   7    101    447
111   31   3    168    87
112   89   7    55    183
113   47   7    196    131
114   14   2    49    21
115   109   3    43    126
116   44   4    90    109
117   96   5    113    324
118   21   5    52    85
119   114   7    174    6
120   9   3    199    423
121   72   7    27    188
122   40   3    79    459
123   100   6    183    441
124   105   5    164    406
125   118   7    178    479
126   31   5    64    212
127   99   5    105    254
128   33   3    169    282
129   70   7    96    340
130   95   7    186    454
131   44   6    128    275
132   130   7    5    169
133   28   2    35    406
134   17   6    139    33
135   82   2    139    44
136   90   7    190    79
137   102   3    17    247
138   25   2    140    333
139   132   5    22    20
140   63   7    26    59
141   92   3    69    220
142   134   6    119    212
143   16   3    194    101
144   112   2    110    191
145   42   6    34    236
146   29   6    77    192
147   117   6    156    492
148   86   2    187    50
149   41   4    142    57
150   89   4    17    458
151   141   4    199    60
152   38   2    145    143
153   33   3    11    205
154   32   2    104    2
155   99   7    77    474
156   94   4    32    294
157   37   5    54    155
158   19   2    161    95
159   47   4    99    408
160   149   5    179    300
161   74   2    105    359
162   87   7    99    441
163   84   7    10    68
164   84   7    12    454
165   39   3    137    487
166   142   2    86    413
167   73   6    84    359
168   80   2    90    394
169   52   4    156    175
170   90   7    78    348
171   33   3    24    306
172   59   3    152    365
173   168   3    6    314
174   150   5    196    262
175   54   7    54    194
176   154   6    15    495
177   56   5    12    450
178   125   4    55    83
179   163   4    23    451
180   80   6    193    28
181   98   3    14    108
182   42   3    25    435
183   29   4    59    88
184   23   4    91    323
185   100   3    165    450
186   148   3    21    76
187   70   6    43    47
188   19   7    57    363
189   183   3    40    335
190   81   7    57    151
191   117   5    18    431
192   33   4    186    114
193   59   4    197    167
194   50   7    184    322
195   36   7    136    87
196   37   4    174    401
197   130   3    11    337
198   189   4    82    198
199   66   7    198    242
200   66   5    169    453
201   90   2    32    172
202   186   5    188    201
203   84   6    67    242
204   189   7    192    104
205   62   6    70    78
206   188   7    118    289
207   99   6    60    256
208   130   2    87    416
209   201   7    136    209
210   133   7    167    487
211   145   4    51    467
212   164   4    117    306
213   60   4    50    354
214   129   2    27    369
215   56   7    105    347
216   89   6    62    29
217   103   5    11    298
218   139   3    36    151
219   140   3    130    327
220   56   2    28    353
221   20   6    125    413
222   196   7    43    458
223   144   5    152    247
224   162   7    184    404
225   41   5    152    351
226   97   6    73    54
227   99   3    108    381
228   100   7    57    4
229   214   2    161    148
230   121   5    153    258
231   34   5    91    124
232   125   4    22    344
233   75   4    184    224
234   95   2    110    489
235   21   5    140    121
236   109   6    123    363
237   194   5    120    3
238   85   2    119    342
239   44   2    37    174
240   59   3    148    330
241   5   3    78    488
242   158   5    84    443
243   80   7    135    321
244   83   7    44    384
245   91   7    170    186
246   92   2    2    281
247   202   5    104    172
248   172   7    171    38
249   6   5    132    311
250   109   2    197    315
251   155   3    190    245
252   23   5    119    174
253   41   5    70    100
254   230   2    89    234
255   143   4    25    420
256   101   4    145    487
257   237   5    153    68
258   245   7    8    114
259   38   7    30    93
260   145   5    65    181
261   208   3    78    325
262   93   2    34    169
263   49   5    179    356
264   146   2    115    329
265   47   4    133    347
266   12   6    41    337
267   215   2    34    184
268   152   3    187    247
269   106   5    82    329
270   176   2    35    354
271   76   5    32    459
272   119   5    53    269
273   200   4    2    440
274   135   2    195    476
275   32   7    22    472
276   141   3    20    385
277   104   6    79    250
278   155   6    180    232
279   97   4    73    259
280   204   5    195    337
281   265   7    69    68
282   210   3    67    164
283   209   4    91    271
284   195   4    39    173
285   50   5    183    61
286   138   5    28    154
287   30   3    61    427
288   187   6    124    345
289   173   2    165    77
290   30   7    8    243
291   5   5    184    164
292   212   5    72    150
293   269   4    60    172
294   172   4    13    290
295   178   3    98    223
296   60   4    166    480
297   113   4    65    59
298   2   4    36    371
299   274   7    116    178
300   221   6    37    351
301   112   3    189    82
302   154   4    177    354
303   60   7    1    204
304   186   4    1    88
305   107   2    44    336
306   177   3    115    206
307   15   7    78    75
308   230   6    113    188
309   215   5    20    393
310   284   2    156    44
311   96   3    172    295
312   204   6    164    146
313   265   4    31    148
314   57   7    48    291
315   118   5    140    486
316   268   3    152    467
317   206   2    34    253
318   2   5    28    31
319   264   7    70    174
320   254   7    38    85
321   163   2    171    487
322   259   4    174    139
323   301   5    128    487
324   113   4    70    170
325   287   6    20    488
326   192   7    75    349
327   27   3    77    452
328   297   4    85    9
329   58   4    186    405
330   75   4    199    450
331   184   7    194    72
332   132   4    5    151
333   274   2    95    401
334   314   5    112    362
335   27   5    171    275
336   156   6    58    32
337   172   6    142    304
338   43   2    176    134
339   204   2    115    114
340   253   2    198    341
341   170   6    75    433
342   190   7    123    63
343   104   5    13    153
344   306   4    48    133
345   96   6    21    392
346   245   6    189    24
347   344   7    162    462
348   250   3    19    229
349   301   7    174    364
350   135   6    129    296
351   4   4    15    247
352   31   4    22    222
353   194   6    56    182
354   75   6    22    384
355   305   6    199    267
356   6   2    4    46
357   224   7    45    448
358   128   3    102    400
359   335   4    48    422
360   277   3    16    406
361   59   7    5    398
362   238   6    168    210
363   176   7    102    377
364   322   3    105    189
365   188   5    97    18
366   207   6    85    428
367   75   7    82    450
368   281   7    138    206
369   103   3    98    36
370   14   3    166    150
371   157   7    60    9
372   1   5    102    151
373   319   6    27    55
374   55   7    39    284
375   151   3    67    459
376   269   6    19    187
377   220   5    85    325
378   329   4    174    330
379   52   7    198    433
380   45   4    138    282
381   192   4    6    23
382   354   7    90    205
383   329   3    3    363
384   129   6    157    217
385   207   4    60    413
386   65   5    99    147
387   40   4    96    21
388   61   7    60    147
389   27   4    3    246
390   170   4    52    272
391   338   5    22    364
392   362   7    132    257
393   259   3    118    358
394   1   4    117    265
395   21   6    21    272
396   74   3    148    157
397   258   5    198    125
398   120   3    96    464
399   109   5    117    461
400   49   7    3    334
401   376   6    173    280
402   199   4    153    458
403   136   4    82    245
404   244   6    74    86
405   185   3    70    131
406   131   5    154    398
407   206   6    43    349
408   341   7    38    252
409   309   7    196    430
410   344   2    76    291
411   251   6    33    268
412   339   3    37    112
413   247   5    31    338
414   266   2    164    139
415   197   3    100    480
416   254   5    105    301
417   386   4    42    335
418   15   7    157    192
419   404   4    55    168
420   22   7    23    225
421   242   5    13    432
422   184   2    168    7
423   203   7    38    9
424   401   3    20    216
425   406   4    87    490
426   134   4    171    393
427   88   4    84    323
428   270   6    196    439
429   10   4    129    331
430   401   5    59    247
431   123   5    193    117
432   362   3    164    413
433   172   5    35    94
434   430   2    75    8
435   19   6    52    236
436   227   4    78    361
437   107   5    10    66
438   49   5    176    375
439   68   7    34    337
440   421   5    121    67
441   132   4    102    376
442   37   5    90    466
443   14   2    47    471
444   418   3    12    468
445   432   7    31    297
446   350   4    73    126
447   311   2    139    375
448   392   4    10    304
449   342   7    114    326
450   338   2    120    108
451   45   5    188    254
452   107   3    124    179
453   69   3    24    432
454   264   7    45    68
455   49   7    113    407
456   411   7    76    263
457   239   3    164    452
458   296   7    134    116
459   335   6    39    132
460   20   6    130    375
461   176   4    64    3
462   198   3    32    352
463   18   7    150    4
464   106   5    78    378
465   241   6    59    478
466   336   2    114    220
467   369   5    110    244
468   293   4    168    400
469   30   4    101    487
470   164   7    85    340
471   297   2    30    379
472   222   5    127    426
473   161   2    54    33
474   355   2    69    446
475   380   2    143    179
476   50   2    34    320
477   300   7    67    468
478   343   6    155    104
479   327   5    193    142
480   197   7    92    337
481   238   6    131    22
482   321   6    36    39
483   477   3    57    156
484   115   5    68    145
485   316   5    109    340
486   94   5    120    280
487   463   7    65    446
488   252   5    193    156
489   5   7    105    40
490   114   2    60    220
491   323   4    182    489
492   470   2    11    33
493   251   6    139    170
494   50   7    89    409
495   388   4    159    296
496   296   6    181    265
497   424   3    63    285
498   356   4    165    73
499   361   7    193    265
500   162   2    47    417
501   55   2    23    334
502   388   2    125    116
503   337   7    190    46
504   158   7    22    192
505   485   5    108    262
506   76   2    139    228
507   357   5    82    92
508   306   2    168    35
509   490   2    22    332
510   87   6    122    95
511   159   6    175    55
512   28   5    150    488
513   211   7    135    394
514   438   4    121    11
515   132   7    135    72
516   214   3    129    29
517   313   3    151    337
518   378   2    21    126
519   19   6    33    442
520   330   5    73    197
521   178   2    125    299
522   131   2    110    244
523   295   7    161    229
524   209   7    195    392
525   266   4    122    90
526   137   2    103    423
527   15   4    89    363
528   174   4    146    415
529   435   6    140    19
530   324   6    47    244
531   409   6    138    66
532   480   6    171    334
533   227   4    91    271
534   403   7    73    409
535   8   2    96    353
536   1   2    41    332
537   253   3    156    399
538   366   3    187    105
539   483   7    32    127
540   194   4    36    137
541   229   2    183    436
542   295   7    168    53
543   334   5    155    15
544   314   4    152    429
545   347   5    19    105
546   135   3    171    437
547   54   3    194    155
548   74   6    94    318
549   465   2    119    150
550   75   6    32    235
551   291   4    188    109
552   180   2    24    380
553   123   2    133    264
554   494   2    1    424
555   131   3    26    300
556   121   4    76    141
557   70   4    140    143
558   245   3    25    186
559   167   5    38    376
560   392   7    43    455
561   267   2    61    35
562   179   4    57    228
563   225   7    160    140
564   451   3    98    419
565   505   3    141    266
566   363   3    114    433
567   221   7    74    283
568   459   5    79    51
569   506   6    173    17
570   509   5    20    225
571   261   2    149    99
572   212   7    171    158
573   441   7    148    271
574   171   2    50    79
575   168   6    1    28
576   46   6    5    439
577   566   7    164    372
578   309   5    110    452
579   364   3    117    277
580   566   7    37    316
581   311   3    74    384
582   41   4    40    404
583   224   7    102    161
584   52   6    76    473
585   243   5    166    322
586   382   2    49    335
587   82   6    2    63
588   206   7    45    482
589   25   6    17    133
590   323   5    121    61
591   532   5    55    347
592   118   6    162    317
593   475   3    93    295
594   101   5    41    65
595   116   2    18    294
596   540   3    30    134
597   113   4    140    170
598   138   6    191    173
599   236   5    23    139
600   192   6    167    369
601   208   7    23    387
602   226   6    140    409
603   348   7    37    319
604   337   6    33    162
605   334   3    81    89
606   284   6    1    459
607   516   4    73    230
608   283   6    99    122
609   395   4    144    376
610   106   2    1    421
611   13   2    42    451
612   531   5    96    253
613   48   5    174    153
614   422   2    166    186
615   240   4    72    1
616   189   7    186    409
617   473   2    117    165
618   49   3    155    459
619   443   7    153    411
620   201   2    18    372
621   296   6    191    194
622   216   6    30    486
623   499   7    160    329
624   559   6    93    142
625   407   2    75    216
626   453   2    162    39
627   303   4    106    346
628   202   6    55    350
629   61   7    77    499
630   602   2    37    390
631   536   7    46    83
632   362   4    100    262
633   433   3    151    240
634   472   4    124    197
635   195   5    13    121
636   390   4    43    179
637   536   7    164    270
638   299   6    88    431
639   543   4    170    437
640   272   4    46    38
641   404   7    63    248
642   444   4    184    288
643   66   6    144    10
644   473   3    53    84
645   496   6    111    50
646   324   4    1    386
647   359   3    16    446
648   530   7    190    335
649   402   4    38    473
650   333   2    49    206
651   522   7    39    317
652   277   2    145    160
653   321   6    54    461
654   21   7    130    99
655   643   7    133    83
656   57   4    55    59
657   360   5    129    490
658   241   5    62    98
659   58   6    100    285
660   313   2    96    411
661   397   7    14    498
662   387   4    85    469
663   259   7    24    249
664   592   5    82    123
665   253   4    79    108
666   418   7    55    145
667   528   2    169    85
668   301   5    12    224
669   621   2    23    312
670   563   3    132    422
671   157   5    144    73
672   227   7    108    160
673   303   7    80    497
674   282   4    195    112
675   299   7    127    27
676   668   6    47    413
677   266   3    55    93
678   622   7    1    472
679   69   6    114    363
680   614   6    171    474
681   101   3    196    442
682   215   5    55    352
683   481   7    67    404
684   140   4    174    392
685   360   5    2    113
686   9   2    52    388
687   614   7    169    289
688   6   4    66    419
689   199   5    105    321
690   540   2    179    87
691   429   3    163    220
692   230   7    131    224
693   271   4    138    120
694   259   3    151    222
695   274   2    188    200
696   63   5    88    313
697   200   3    110    133
698   618   3    17    451
699   624   4    141    204
700   574   5    74    86
701   337   7    32    248
702   663   2    57    70
703   47   6    27    222
704   104   6    28    258
705   217   3    90    209
706   273   4    139    499
707   377   6    71    109
708   210   5    6    320
709   675   6    108    23
710   588   4    175    304
711   377   6    76    43
712   102   5    28    283
713   522   4    117    369
714   362   5    45    447
715   165   4    55    147
716   102   6    57    151
717   174   5    12    426
718   256   5    7    415
719   641   5    81    315
720   679   7    10    432
721   318   2    156    302
722   40   2    171    222
723   535   3    66    276
724   156   3    181    314
725   279   5    91    269
726   577   5    166    428
727   216   3    130    374
728   689   7    78    348
729   369   2    88    394
730   6   6    25    349
731   51   7    115    425
732   639   3    145    187
733   508   6    151    9
734   720   6    70    7
735   440   6    140    127
736   74   5    179    397
737   117   2    17    123
738   651   2    50    228
739   63   4    148    156
740   392   6    101    72
741   726   3    53    428
742   410   4    189    386
743   722   3    155    162
744   595   6    160    69
745   163   6    168    412
746   629   2    128    38
747   159   6    128    181
748   421   3    31    439
749   352   2    149    214
750   725   2    111    488
751   193   4    85    115
752   359   4    145    487
753   580   7    190    203
754   390   3    179    238
755   184   4    196    455
756   25   4    95    188
757   221   4    195    349
758   453   6    165    400
759   543   6    197    489
760   421   4    59    418
761   81   2    126    274
762   598   5    139    19
763   644   4    181    371
764   459   3    49    380
765   513   2    179    358
766   106   2    63    351
767   722   4    2    467
768   752   4    174    263
769   144   2    59    381
770   687   3    96    50
771   723   2    157    302
772   184   7    157    258
773   723   7    17    451
774   164   5    5    247
775   757   4    153    168
776   573   6    13    94
777   238   2    112    139
778   546   3    172    161
779   285   6    87    153
780   204   4    83    354
781   74   3    20    471
782   449   6    146    96
783   638   2    71    319
784   507   7    133    302
785   262   3    11    287
786   145   3    17    173
787   703   5    101    153
788   370   3    21    49
789   238   6    22    156
790   449   5    165    279
791   767   3    53    365
792   34   4    141    479
793   763   7    111    45
794   73   5    168    82
795   612   5    60    62
796   21   4    115    201
797   370   5    160    137
798   58   6    163    200
799   519   6    103    440
800   650   4    168    306
801   164   6    85    408
802   639   2    164    131
803   509   6    4    273
804   235   5    76    461
805   221   7    115    240
806   118   2    120    392
807   721   6    41    213
808   407   4    96    131
809   597   6    26    170
810   643   7    144    212
811   526   5    74    162
812   86   4    23    224
813   343   6    24    337
814   519   6    107    479
815   166   3    197    419
816   587   4    176    361
817   626   6    152    184
818   688   7    182    260
819   103   4    155    171
820   357   6    197    17
821   450   4    103    496
822   677   2    80    164
823   362   2    69    343
824   711   4    148    348
825   656   5    70    229
826   21   4    53    162
827   77   2    185    314
828   733   5    45    438
829   12   2    71    118
830   451   7    3    128
831   204   2    19    345
832   631   5    184    108
833   328   5    80    469
834   426   2    8    182
835   237   2    91    130
836   10   7    195    270
837   41   4    75    327
838   328   6    170    101
839   774   6    34    472
840   117   5    154    5
841   332   3    13    14
842   283   4    27    417
843   576   3    153    476
844   7   2    120    356
845   749   7    169    362
846   459   7    90    276
847   369   4    166    106
848   617   4    187    351
849   44   5    50    206
850   332   7    171    143
851   143   3    152    43
852   703   7    128    12
853   723   4    178    242
854   564   3    172    172
855   285   6    106    231
856   530   4    29    59
857   811   6    170    492
858   760   6    52    476
859   370   7    162    281
860   166   7    85    338
861   105   2    72    164
862   768   3    45    187
863   73   6    94    397
864   51   4    113    83
865   189   4    85    394
866   289   3    94    435
867   269   2    87    358
868   118   4    172    360
869   264   7    190    340
870   463   5    82    397
871   283   7    146    360
872   183   3    155    277
873   39   3    68    349
874   413   7    92    241
875   342   4    145    291
876   727   7    109    347
877   810   6    122    382
878   204   2    153    392
879   599   2    117    434
880   440   6    13    458
881   102   5    126    433
882   559   4    193    296
883   579   5    61    320
884   801   6    125    356
885   708   3    147    278
886   109   7    116    334
887   685   4    121    249
888   333   6    139    269
889   218   4    49    171
890   832   5    154    473
891   471   7    65    158
892   520   4    160    313
893   752   7    96    268
894   812   2    85    415
895   505   2    46    19
896   825   6    135    151
897   429   6    69    45
898   457   2    73    232
899   235   5    126    76
900   788   5    114    473
901   22   7    18    477
902   40   7    90    198
903   813   4    10    279
904   345   6    59    365
905   347   5    141    132
906   45   5    20    101
907   718   3    24    399
908   707   2    8    141
909   254   4    86    282
910   197   2    28    387
911   228   7    140    324
912   670   5    18    467
913   832   2    99    104
914   82   3    78    209
915   139   6    13    257
916   184   2    159    431
917   537   5    99    49
918   812   7    43    145
919   70   5    179    88
920   92   2    66    40
921   375   2    44    281
922   74   6    109    273
923   627   4    82    112
924   257   7    14    449
925   140   5    169    189
926   639   7    54    114
927   137   5    136    175
928   602   5    120    159
929   76   3    173    22
930   914   3    36    147
931   276   5    157    103
932   183   7    96    359
933   572   7    142    336
934   253   4    69    405
935   234   7    84    309
936   305   7    58    311
937   626   5    60    71
938   857   6    170    303
939   578   6    5    144
940   626   4    8    165
941   266   7    71    155
942   594   7    174    60
943   640   3    44    223
944   881   6    158    80
945   462   7    139    296
946   830   3    127    163
947   223   5    90    174
948   137   2    151    466
949   774   2    146    236
950   354   7    46    383
951   845   4    112    250
952   832   6    153    16
953   113   2    179    440
954   156   7    75    465
955   839   5    55    152
956   843   5    173    243
957   624   5    28    321
958   723   5    127    404
959   336   6    167    490
960   957   6    88    119
961   528   7    122    307
962   929   3    159    140
963   801   7    11    397
964   81   7    14    88
965   80   2    46    400
966   908   4    69    330
967   396   7    18    257
968   182   4    63    126
969   909   2    44    368
970   648   3    87    496
971   166   5    26    387
972   787   6    47    189
973   660   2    187    211
974   735   7    37    301
975   849   6    185    238
976   884   2    6    273
977   59   3    160    294
978   225   3    195    499
979   927   3    45    265
980   810   3    25    257
981   639   5    102    178
982   685   5    158    288
983   557   3    148    441
984   776   5    119    169
985   470   7    78    126
986   775   5    42    338
987   170   2    89    375
988   532   4    85    334
989   730   2    113    90
990   428   6    116    138
991   542   7    127    384
992   897   6    46    473
993   966   4    196    316
994   592   3    184    205
995   404   4    79    104
996   133   7    16    189
997   922   4    116    135
998   365   7    96    132
999   969   6    165    403
1000   255   7    104    236
1001   57   2    152    76
1002   824   3    31    209
1003   239   7    96    495
1004   527   2    168    101
1005   864   5    156    303
1006   807   7    153    451
1007   146   5    166    447
1008   765   2    43    326
1009   477   3    157    401
1010   199   6    57    122
1011   209   2    199    110
1012   283   2    184    36
1013   148   6    67    101
1014   675   7    196    254
1015   1000   7    115    242
1016   769   3    71    61
1017   171   4    173    55
1018   98   7    86    410
1019   826   2    51    108
1020   227   2    166    24
1021   612   2    64    346
1022   958   5    117    476
1023   388   2    70    436
1024   68   6    73    299
1025   674   5    63    14
1026   273   5    88    300
1027   716   4    165    306
1028   586   5    156    67
1029   604   3    176    228
1030   579   3    69    152
1031   53   7    173    217
1032   896   4    71    294
1033   549   3    70    350
1034   261   5    84    111
1035   571   5    189    68
1036   247   4    77    27
1037   319   5    2    215
1038   174   2    141    90
1039   472   5    47    475
1040   702   5    151    83
1041   708   6    53    34
1042   514   3    60    204
1043   339   3    25    135
1044   363   6    82    393
1045   714   6    21    450
1046   1017   3    56    195
1047   112   6    196    413
1048   920   7    121    357
1049   371   6    41    267
1050   596   3    80    92
1051   839   3    162    122
1052   426   6    117    262
1053   760   3    75    393
1054   1021   6    188    470
1055   577   2    21    264
1056   894   6    137    378
1057   765   3    85    36
1058   806   2    197    414
1059   547   5    8    222
1060   749   7    3    261
1061   54   3    48    435
1062   331   5    101    266
1063   587   3    106    140
1064   959   2    91    471
1065   751   4    124    480
1066   77   7    9    352
1067   256   3    50    392
1068   974   5    98    40
1069   331   4    106    418
1070   629   3    36    324
1071   845   7    191    390
1072   914   2    136    300
1073   1065   3    12    362
1074   864   7    173    154
1075   1025   6    7    471
1076   1008   3    122    37
1077   848   5    198    105
1078   332   5    46    365
1079   666   3    167    47
1080   1062   5    28    14
1081   802   3    120    426
1082   241   7    20    294
1083   705   6    37    383
1084   974   5    6    324
1085   381   4    199    400
1086   888   2    21    474
1087   485   3    164    397
1088   677   3    148    60
1089   163   6    187    185
1090   366   3    149    193
1091   730   6    80    178
1092   6   3    131    443
1093   881   3    12    492
1094   864   2    106    256
1095   696   6    76    426
1096   3   5    152    14
1097   909   6    101    443
1098   522   4    191    393
1099   588   3    1    104
1100   40   7    149    185
1101   195   6    137    399
1102   702   6    111    68
1103   191   3    134    426
1104   426   4    164    161
1105   320   5    40    210
1106   870   3    78    454
1107   354   2    124    487
1108   842   6    93    360
1109   688   2    123    214
1110   329   5    97    64
1111   206   6    36    311
1112   493   6    194    205
1113   528   5    64    323
1114   180   5    125    41
1115   308   5    62    50
1116   717   4    112    155
1117   577   2    42    482
1118   112   3    142    246
1119   985   3    6    399
1120   454   7    179    418
1121   72   7    17    417
1122   777   7    170    340
1123   20   5    43    233
1124   43   6    35    229
1125   566   6    173    437
1126   539   2    80    49
1127   987   7    152    144
1128   275   3    84    372
1129   71   6    144    495
1130   158   6    172    445
1131   325   7    64    245
1132   1036   7    72    101
1133   194   3    127    445
1134   802   6    10    398
1135   1127   2    48    227
1136   325   2    199    283
1137   465   6    38    331
1138   133   2    24    473
1139   921   3    106    471
1140   349   7    192    62
1141   695   5    8    484
1142   531   2    135    10
1143   1138   7    31    208
1144   846   6    174    40
1145   210   6    161    465
1146   140   4    6    109
1147   1041   4    10    66
1148   816   6    75    392
1149   862   5    191    255
1150   936   6    56    126
1151   1036   2    9    317
1152   1041   5    137    387
1153   79   2    114    141
1154   74   4    184    140
1155   224   4    1    462
1156   491   3    151    185
1157   536   6    176    151
1158   989   6    172    223
1159   1089   3    192    312
1160   119   4    162    469
1161   985   6    73    159
1162   949   5    9    178
1163   396   6    91    224
1164   346   3    174    76
1165   497   5    160    208
1166   548   3    43    251
1167   1051   2    42    267
1168   687   4    179    151
1169   950   3    22    100
1170   872   2    116    224
1171   1128   3    194    112
1172   309   5    49    352
1173   111   5    96    474
1174   153   4    133    250
1175   754   2    96    489
1176   555   4    73    141
1177   417   6    191    300
1178   706   5    139    278
1179   351   2    168    339
1180   554   4    29    251
1181   1165   4    9    350
1182   137   6    139    143
1183   681   7    188    343
1184   91   5    10    409
1185   262   2    18    109
1186   455   4    102    116
1187   1095   5    43    28
1188   283   2    53    8
1189   820   5    175    357
1190   12   3    157    468
1191   812   4    71    386
1192   45   3    109    11
1193   309   3    55    148
1194   1127   2    24    436
1195   508   7    4    296
1196   91   6    146    480
1197   1181   4    76    142
1198   1130   2    99    469
1199   640   3    79    315
1200   1110   2    159    123
1201   682   7    87    111
1202   994   7    30    170
1203   830   4    76    335
1204   1010   5    83    330
1205   42   6    186    158
1206   219   2    151    403
1207   123   6    166    160
1208   1073   6    179    9
1209   1110   3    164    377
1210   489   5    119    332
1211   592   6    125    261
1212   419   4    6    319
1213   257   6    104    69
1214   630   6    163    365
1215   373   7    4    441
1216   156   4    92    217
1217   928   7    141    161
1218   703   2    13    76
1219   504   7    99    484
1220   66   7    21    220
1221   974   4    84    354
1222   893   5    164    138
1223   772   2    69    233
1224   67   3    40    293
1225   647   7    11    329
1226   1014   3    27    53
1227   261   4    155    136
1228   838   4    55    101
1229   171   5    181    394
1230   679   4    23    125
1231   1057   6    6    74
1232   779   4    72    179
1233   418   6    194    195
1234   582   2    148    38
1235   858   5    32    485
1236   198   7    117    189
1237   804   3    91    16
1238   51   5    7    461
1239   1012   3    55    250
1240   390   2    161    93
1241   21   5    158    430
1242   816   6    17    165
1243   420   3    69    496
1244   806   4    79    229
1245   1066   6    181    101
1246   984   4    97    270
1247   920   7    27    458
1248   962   6    196    163
1249   490   4    191    173
1250   763   4    12    243
1251   129   2    173    480
1252   279   3    139    389
1253   117   6    66    293
1254   743   5    100    270
1255   788   7    25    368
1256   539   2    67    79
1257   500   3    190    208
1258   935   6    123    493
1259   1130   2    125    22
1260   966   2    108    248
1261   945   3    137    468
1262   281   3    84    323
1263   97   6    98    105
1264   1105   5    170    469
1265   195   6    178    137
1266   531   5    1    375
1267   304   3    27    97
1268   1038   5    108    139
1269   988   7    148    326
1270   953   6    173    342
1271   111   2    180    384
1272   1180   5    9    16
1273   660   7    185    140
1274   645   6    178    141
1275   566   4    199    112
1276   1047   4    132    36
1277   65   2    149    179
1278   655   5    158    119
1279   843   6    155    77
1280   547   6    173    214
1281   630   4    111    487
1282   493   4    115    354
1283   1261   4    168    106
1284   61   3    116    358
1285   910   2    64    160
1286   789   4    156    139
1287   809   4    95    230
1288   335   6    41    190
1289   814   5    78    244
1290   1251   2    15    108
1291   804   5    51    282
1292   549   3    114    18
1293   33   5    191    422
1294   540   4    14    145
1295   776   7    154    263
1296   1140   4    170    24
1297   907   2    161    223
1298   354   7    51    46
1299   138   3    89    375
1300   483   2    139    471
1301   1232   4    108    486
1302   915   6    85    429
1303   1211   4    34    257
1304   809   5    21    326
1305   309   6    119    204
1306   972   7    123    286
1307   446   6    144    426
1308   469   7    50    463
1309   278   6    189    149
1310   685   7    191    250
1311   545   3    175    464
1312   241   5    80    185
1313   749   3    80    468
1314   55   5    16    193
1315   163   2    60    200
1316   112   3    63    92
1317   1126   4    157    49
1318   656   4    117    113
1319   1275   5    93    442
1320   315   3    143    147
1321   197   7    191    33
1322   679   3    63    309
1323   1068   2    86    141
1324   1300   2    146    108
1325   1101   5    105    145
1326   1183   7    48    42
1327   286   2    64    294
1328   180   5    128    70
1329   1142   4    85    221
1330   301   7    90    40
1331   1287   7    7    414
1332   483   3    35    437
1333   919   2    63    118
1334   132   5    169    334
1335   1137   5    184    313
1336   217   7    84    320
1337   417   2    118    157
1338   574   7    110    143
1339   921   5    51    260
1340   1336   2    198    171
1341   122   2    92    330
1342   340   2    192    9
1343   1147   2    22    6
1344   520   7    194    427
1345   672   7    91    215
1346   137   3    162    263
1347   1282   2    178    218
1348   363   6    193    190
1349   1092   5    194    390
1350   1088   6    69    152
1351   843   6    9    59
1352   856   7    161    105
1353   612   4    92    4
1354   737   6    177    2
1355   280   4    39    24
1356   593   7    126    282
1357   1070   4    65    179
1358   965   2    159    338
1359   1231   2    86    209
1360   484   4    192    260
1361   445   3    7    244
1362   461   7    181    341
1363   656   7    7    48
1364   359   2    172    404
1365   1310   3    88    449
1366   130   2    193    83
1367   64   4    72    478
1368   801   6    133    183
1369   364   4    190    489
1370   930   6    127    292
1371   1087   3    41    256
1372   424   7    45    359
1373   452   4    90    187
1374   168   3    156    441
1375   1338   7    194    287
1376   944   5    106    70
1377   883   3    138    133
1378   931   4    67    254
1379   161   2    160    354
1380   316   6    174    48
1381   509   5    85    10
1382   1041   3    124    337
1383   271   4    15    175
1384   197   4    11    130
1385   146   7    71    333
1386   155   3    3    441
1387   164   2    22    50
1388   1355   7    31    122
1389   1236   3    11    87
1390   1079   5    86    343
1391   1258   6    19    422
1392   887   5    49    353
1393   988   5    179    145
1394   369   4    148    394
1395   495   2    35    303
1396   1151   3    181    415
1397   1   5    176    426
1398   671   5    196    32
1399   332   7    161    336
1400   1149   2    77    279
1401   238   2    157    485
1402   1333   3    125    408
1403   361   7    34    56
1404   140   2    56    453
1405   266   3    24    49
1406   414   7    19    91
1407   526   2    120    205
1408   885   5    45    24
1409   1211   6    142    307
1410   264   3    13    83
1411   1239   7    82    16
1412   433   2    116    251
1413   711   5    129    474
1414   740   7    71    430
1415   3   3    40    116
1416   827   2    97    43
1417   1108   3    94    162
1418   163   5    83    190
1419   1078   4    150    49
1420   72   5    33    68
1421   1250   7    87    15
1422   375   7    149    331
1423   802   3    85    148
1424   198   3    164    387
1425   830   3    61    436
1426   458   4    178    91
1427   269   5    82    441
1428   1378   6    186    245
1429   1051   2    25    399
1430   235   6    151    196
1431   288   6    81    89
1432   1186   7    55    163
1433   417   7    83    452
1434   962   6    113    48
1435   1296   5    35    4
1436   120   6    66    262
1437   69   6    74    422
1438   781   4    71    378
1439   391   2    97    274
1440   330   5    105    343
1441   942   7    73    337
1442   874   6    127    261
1443   153   6    80    467
1444   663   2    108    414
1445   176   5    17    448
1446   644   6    138    292
1447   566   4    160    186
1448   1204   5    42    419
1449   679   7    191    19
1450   456   3    151    67
1451   357   7    181    104
1452   88   6    178    404
1453   205   3    80    155
1454   270   7    159    223
1455   965   7    63    368
1456   44   4    104    49
1457   386   2    151    309
1458   1073   2    167    363
1459   1251   3    148    275
1460   1039   3    69    46
1461   693   2    176    92
1462   228   3    5    122
1463   640   5    71    391
1464   921   5    136    306
1465   1188   4    54    170
1466   1363   4    144    17
1467   1200   2    180    290
1468   1100   6    60    489
1469   1373   3    130    208
1470   1209   4    21    227
1471   1103   7    172    441
1472   1359   2    130    134
1473   24   4    9    358
1474   387   6    56    469
1475   1403   2    125    208
1476   841   2    168    355
1477   863   6    84    364
1478   572   2    148    12
1479   275   4    174    300
1480   341   6    9    272
1481   1192   6    4    355
1482   1005   3    35    296
1483   874   4    46    244
1484   1167   6    28    138
1485   1282   3    64    372
1486   142   6    146    480
1487   134   6    106    65
1488   1453   6    71    260
1489   734   4    20    467
1490   1160   3    129    79
1491   350   7    195    142
1492   424   2    160    441
1493   115   7    35    77
1494   381   3    195    450
1495   433   6    14    230
1496   1287   5    97    224
1497   486   7    128    228
1498   109   7    131    284
1499   606   2    110    460
1500   317   4    155    76
1501   382   5    69    412
1502   1125   2    157    162
1503   1322   5    79    375
1504   1242   5    30    266
1505   1453   6    140    245
1506   1394   4    165    16
1507   76   4    125    423
1508   1012   6    88    196
1509   227   5    6    444
1510   1086   3    195    238
1511   844   4    199    351
1512   476   6    38    80
1513   335   5    144    297
1514   937   4    108    60
1515   142   5    97    461
1516   1455   3    29    142
1517   815   7    61    101
1518   262   3    113    411
1519   664   7    131    6
1520   208   5    108    494
1521   844   5    145    395
1522   700   4    169    233
1523   654   2    160    441
1524   1144   7    196    159
1525   665   6    122    402
1526   247   7    185    434
1527   648   2    35    485
1528   678   7    56    437
1529   141   3    153    83
1530   968   7    141    207
1531   1072   6    154    197
1532   1208   3    23    30
1533   235   3    190    370
1534   777   4    176    201
1535   859   3    53    435
1536   1303   3    88    91
1537   351   5    95    253
1538   825   7    142    438
1539   1299   7    3    136
1540   567   7    197    128
1541   218   4    163    201
1542   1481   6    134    269
1543   472   6    90    481
1544   1504   7    194    131
1545   497   3    7    495
1546   306   6    167    451
1547   352   6    124    178
1548   663   3    135    326
1549   64   3    193    21
1550   1069   7    165    316
1551   1165   5    11    209
1552   1093   6    29    73
1553   1457   7    137    11
1554   1376   3    71    182
1555   772   7    157    72
1556   859   7    160    258
1557   192   6    114    235
1558   414   7    159    253
1559   1171   3    195    405
1560   1541   4    148    217
1561   821   7    55    311
1562   701   6    177    60
1563   506   7    15    201
1564   99   7    9    422
1565   1142   7    57    191
1566   571   3    20    417
1567   1446   5    188    106
1568   1020   6    18    452
1569   1029   3    67    57
1570   967   3    90    415
1571   259   6    54    118
1572   32   3    79    392
1573   977   4    56    445
1574   980   3    161    73
1575   1428   5    131    84
1576   958   2    105    217
1577   579   3    89    7
1578   1295   5    80    435
1579   424   2    103    77
1580   85   6    31    476
1581   1173   3    5    361
1582   1311   3    62    123
1583   1260   5    36    63
1584   940   2    102    160
1585   1347   3    192    369
1586   651   7    6    188
1587   616   4    75    13
1588   1068   2    42    404
1589   1293   7    110    420
1590   103   2    83    274
1591   1364   4    142    422
1592   1011   4    102    249
1593   863   5    136    219
1594   143   7    118    458
1595   194   2    57    114
1596   103   7    159    24
1597   1062   3    121    9
1598   1004   3    118    16
1599   1144   2    120    386
1600   239   4    117    66
1601   1015   7    29    46
1602   57   7    161    338
1603   415   4    195    101
1604   1482   2    182    302
1605   1030   2    75    456
1606   250   5    125    449
1607   1211   5    150    385
1608   330   3    3    139
1609   768   2    172    61
1610   408   4    194    122
1611   1394   5    33    39
1612   429   5    188    237
1613   1163   5    113    128
1614   655   2    171    392
1615   850   4    146    278
1616   1010   7    17    269
1617   1009   2    61    277
1618   396   5    1    61
1619   708   5    2    283
1620   881   7    39    320
1621   181   6    87    271
1622   690   5    5    5
1623   1462   3    60    483
1624   923   6    70    129
1625   674   2    119    420
1626   386   4    121    50
1627   737   6    102    332
1628   447   6    65    271
1629   886   2    192    440
1630   132   7    122    224
1631   689   3    104    90
