1   0   4    73    91
2   1   7    171    54
3   1   7    50    14
4   1   3    3    324
5   1   6    133    58
6   1   2    69    463
7   5   3    24    436
8   4   3    174    281
9   5   6    127    365
10   8   7    126    259
11   2   4    15    342
12   2   4    136    394
13   7   4    13    103
14   1   2    4    440
15   9   6    55    23
16   7   3    136    388
17   10   6    55    472
18   15   4    70    18
19   3   2    159    316
20   9   7    132    23
21   17   5    161    59
22   20   4    88    165
23   16   2    51    375
24   5   7    117    491
25   21   5    11    393
26   10   6    197    67
27   18   6    191    179
28   4   5    141    466
29   27   3    146    383
30   28   2    167    335
31   17   2    65    391
32   24   5    34    60
33   18   4    55    228
34   26   6    72    237
35   18   5    121    424
36   7   5    7    356
37   5   3    137    349
38   7   5    100    388
39   29   7    101    414
40   31   5    146    133
41   39   5    41    44
42   12   6    4    197
43   41   4    54    213
44   22   7    74    421
45   8   5    17    84
46   39   2    152    63
47   7   4    150    438
48   6   3    138    413
49   30   7    126    164
50   16   5    119    362
51   33   5    85    410
52   17   7    29    85
53   40   4    11    492
54   38   6    108    347
55   31   6    58    74
56   17   6    72    301
57   21   5    84    95
58   27   3    13    279
59   56   7    13    466
60   55   2    195    294
61   10   5    73    395
62   60   7    79    299
63   15   2    68    295
64   23   5    150    336
65   2   4    56    372
66   45   6    12    135
67   7   2    185    259
68   35   2    188    475
69   5   3    10    58
70   36   2    153    49
71   34   6    179    190
72   24   4    124    2
73   3   2    174    48
74   9   6    25    202
75   9   2    24    163
76   47   6    81    412
77   45   4    102    308
78   21   6    77    483
79   62   6    149    31
80   23   7    18    467
81   41   5    7    436
82   66   2    125    232
83   24   7    71    467
84   78   5    24    187
85   52   5    182    382
86   50   2    188    174
87   58   7    23    464
88   71   2    153    275
89   62   6    174    64
90   31   5    159    398
91   31   2    123    450
92   10   4    28    425
93   8   6    10    214
94   54   3    36    366
95   54   2    189    56
96   45   6    21    239
97   30   4    125    403
98   10   4    185    451
99   28   7    159    393
100   24   3    84    451
101   47   7    58    41
102   28   3    155    397
103   77   4    161    411
104   23   6    14    480
105   42   5    144    105
106   34   3    198    499
107   88   6    198    264
108   105   7    98    329
109   77   3    89    300
110   31   2    37    240
111   56   5    133    229
112   41   3    79    422
113   18   2    168    22
114   76   6    36    351
115   10   6    115    144
116   76   7    69    68
117   79   4    101    83
118   101   2    78    291
119   18   7    54    310
120   64   5    190    300
121   23   6    187    320
122   26   7    109    491
123   8   7    177    430
124   27   2    99    44
125   102   4    83    173
126   111   2    158    361
127   70   4    154    469
128   64   3    31    253
129   77   6    22    169
130   104   6    160    462
131   118   3    175    364
132   68   5    81    180
133   81   6    2    236
134   29   2    98    346
135   114   7    83    231
136   87   4    55    275
137   38   5    36    383
138   80   6    199    494
139   27   6    61    408
140   93   6    161    488
141   96   6    125    393
142   57   2    159    53
143   49   7    49    202
144   96   5    80    146
145   43   6    167    288
146   56   3    187    88
147   90   2    20    345
148   140   5    81    316
149   147   2    158    1
150   117   6    174    132
151   42   4    191    306
152   22   3    111    423
153   31   7    62    419
154   37   5    2    18
155   57   6    167    204
156   80   2    40    497
157   134   3    2    20
158   154   7    155    177
159   53   3    76    266
160   113   5    45    135
161   31   5    162    486
162   105   4    133    245
163   56   2    45    258
164   144   6    123    425
165   154   3    75    149
166   21   6    135    190
167   82   6    127    207
168   120   7    59    372
169   79   5    7    379
170   78   3    170    405
171   114   4    148    453
172   141   3    180    235
173   36   4    171    197
174   66   3    143    109
175   108   2    92    30
176   174   6    11    196
177   89   6    169    117
178   49   7    96    124
179   131   3    128    478
180   80   6    3    217
181   117   3    133    82
182   37   2    76    317
183   80   6    169    18
184   143   2    76    101
185   117   3    40    183
186   163   6    116    370
187   17   4    158    466
188   55   3    110    499
189   39   2    106    404
190   5   6    95    428
191   120   3    195    380
192   159   4    173    376
193   92   2    7    322
194   89   7    29    77
195   77   2    126    469
196   124   4    21    477
197   168   7    156    386
198   9   4    5    95
199   142   5    186    258
200   196   4    81    308
201   149   4    102    85
202   76   7    152    466
203   153   6    104    13
204   135   5    157    473
205   154   3    156    494
206   190   4    77    415
207   31   4    142    73
208   141   3    102    392
209   194   7    174    497
210   99   6    107    21
211   36   5    103    491
212   139   2    149    254
213   130   5    183    362
214   89   6    144    207
215   122   7    163    364
216   191   2    83    143
217   129   5    153    275
218   90   2    89    156
219   180   7    190    303
220   87   5    32    464
221   151   4    137    261
222   155   2    195    210
223   185   4    39    143
224   13   7    135    73
225   169   5    3    378
226   18   7    31    473
227   122   4    89    42
228   10   6    112    55
229   196   6    127    390
230   129   7    150    321
231   1   3    38    101
232   77   4    106    345
233   84   2    129    366
234   184   5    68    353
235   60   5    102    3
236   79   4    181    140
237   125   5    58    332
238   173   6    153    293
239   112   3    79    85
240   3   3    74    479
241   171   5    49    192
242   29   6    168    66
243   14   5    98    80
244   185   7    45    292
245   47   5    155    259
246   37   2    168    457
247   44   3    117    255
248   237   2    123    318
249   180   7    187    475
250   59   3    46    230
251   51   7    193    54
252   190   5    2    171
253   233   2    65    206
254   119   2    39    83
255   184   7    85    214
256   116   4    75    466
257   173   5    194    136
258   181   5    111    88
259   183   7    75    322
260   207   4    76    307
261   59   5    167    37
262   255   7    119    106
263   77   6    48    224
264   55   4    167    343
265   37   3    166    486
266   76   2    167    203
267   244   7    74    50
268   182   4    18    213
269   204   7    153    393
270   225   6    198    92
271   168   4    179    16
272   239   6    187    227
273   205   3    100    413
274   144   4    176    475
275   63   4    194    258
276   227   7    85    147
277   28   4    11    183
278   155   3    84    75
279   116   5    134    412
280   230   5    145    337
281   245   5    85    466
282   60   5    45    474
283   185   5    109    215
284   146   5    35    208
285   145   2    3    448
286   238   4    139    460
287   69   4    102    232
288   40   3    87    68
289   166   2    126    392
290   152   5    15    467
291   171   3    113    122
292   197   4    121    439
293   276   2    77    104
294   181   5    125    411
295   94   7    60    248
296   85   7    60    422
297   188   2    159    216
298   279   6    198    374
299   96   2    63    74
300   264   6    19    406
301   256   6    90    36
302   96   6    174    441
303   198   7    146    123
304   274   7    142    330
305   112   4    176    341
306   103   2    173    35
307   137   2    111    333
308   113   2    11    408
309   276   4    188    161
310   23   3    20    54
311   181   3    179    276
312   288   3    27    92
313   75   7    17    335
314   180   2    18    250
315   152   4    46    165
316   103   6    30    2
317   296   5    145    338
318   75   5    87    380
319   185   5    81    238
320   303   6    193    306
321   107   5    33    15
322   28   4    165    261
323   320   3    196    24
324   98   7    67    184
325   216   3    107    139
326   315   6    59    115
327   35   5    93    207
328   40   2    136    16
329   225   4    36    348
330   51   6    71    35
331   144   5    158    31
332   315   6    70    213
333   292   4    150    106
334   105   7    159    68
335   286   4    110    92
336   113   6    143    196
337   134   2    35    432
338   234   3    132    292
339   293   2    38    110
340   183   4    167    316
341   155   7    179    82
342   95   3    71    422
343   227   3    107    191
344   202   6    21    201
345   68   4    176    353
346   70   5    189    215
347   343   4    9    225
348   71   4    101    161
349   43   7    38    32
350   332   5    174    261
351   328   3    195    77
352   133   7    38    286
353   278   3    5    350
354   5   7    45    129
355   196   4    70    418
356   81   2    118    356
357   345   6    197    400
358   136   5    183    135
359   103   5    106    392
360   109   7    27    217
361   255   5    27    404
362   61   3    15    15
363   346   3    122    55
364   44   5    86    297
365   237   3    79    207
366   207   6    157    445
367   58   7    196    420
368   21   2    31    434
369   173   7    104    95
370   351   3    44    296
371   271   4    148    143
372   270   5    19    46
373   193   6    156    420
374   265   2    160    243
375   234   4    163    458
376   104   4    29    213
377   314   7    31    55
378   95   6    173    242
379   377   7    120    171
380   183   2    141    244
381   301   3    100    9
382   87   6    76    480
383   338   7    51    116
384   322   4    149    156
385   191   7    50    379
386   334   6    102    172
387   124   6    58    224
388   256   3    28    119
389   112   3    27    364
390   289   5    152    281
391   186   6    144    391
392   5   3    69    448
393   150   4    190    21
394   217   7    165    301
395   341   3    18    388
396   50   5    38    340
397   61   6    61    393
398   294   7    154    412
399   356   5    96    219
400   167   6    75    485
401   271   7    6    91
402   121   3    98    170
403   5   5    68    265
404   283   3    191    140
405   126   4    83    97
406   267   2    14    184
407   157   7    108    401
408   128   7    73    433
409   195   2    149    169
410   198   5    22    38
411   355   4    161    126
412   82   4    25    268
413   1   6    71    292
414   362   5    79    167
415   211   6    110    288
416   94   3    41    396
417   407   5    14    374
418   199   7    55    156
419   152   7    69    92
420   380   3    99    280
421   398   2    124    70
422   123   2    129    277
423   17   5    176    37
424   222   5    38    45
425   83   2    73    357
426   408   3    187    311
427   158   2    143    110
428   8   2    96    130
429   393   5    175    355
430   32   2    20    376
431   429   7    80    495
432   271   5    106    458
433   166   4    51    188
434   286   7    30    332
435   173   5    102    74
436   372   3    52    367
437   425   3    23    23
438   57   5    136    75
439   408   6    53    479
440   392   2    79    276
441   95   2    74    132
442   434   4    58    257
443   85   7    188    191
444   75   7    26    29
445   66   6    27    436
446   218   6    40    131
447   433   4    164    248
448   393   5    155    475
449   5   3    44    434
450   129   2    110    146
451   432   4    183    268
452   175   2    156    321
453   58   6    17    32
454   71   5    38    109
455   139   5    27    421
456   185   3    198    449
457   1   5    64    150
458   370   3    35    51
459   437   4    185    206
460   7   4    75    478
461   146   5    40    32
462   271   5    33    283
463   37   7    81    201
464   283   5    198    132
465   290   3    101    345
466   435   3    55    314
467   116   4    177    289
468   436   5    96    230
469   24   4    37    320
470   178   7    195    163
471   340   6    72    218
472   220   6    150    178
473   342   5    175    98
474   340   3    113    246
475   134   5    154    123
476   161   3    171    26
477   381   4    34    23
478   326   5    170    135
479   200   5    55    160
480   378   6    21    53
481   115   6    27    368
482   406   3    194    351
483   305   5    185    411
484   386   7    141    195
485   59   3    64    178
486   415   7    79    37
487   311   4    32    457
488   385   4    22    249
489   364   6    27    391
490   314   3    55    99
491   426   3    27    218
492   341   3    35    427
493   394   5    188    453
494   133   2    46    481
495   394   6    139    444
496   130   4    124    278
497   472   5    135    434
498   419   7    25    85
499   24   4    193    337
500   452   4    173    156
501   177   6    50    97
502   309   3    12    363
503   433   2    182    114
504   193   7    138    178
505   363   5    102    292
506   289   3    101    44
507   211   5    128    338
508   354   5    100    404
509   453   6    75    72
510   252   4    156    93
511   57   3    131    442
512   179   5    31    492
513   488   3    14    129
514   105   4    155    5
515   330   4    24    123
516   24   2    168    483
517   287   5    197    300
518   202   4    123    139
519   380   5    31    411
520   357   5    50    130
521   119   6    131    304
522   75   3    126    132
523   36   2    106    453
524   437   7    108    141
525   301   5    27    352
526   104   2    106    150
527   461   5    51    126
528   233   6    30    420
529   19   5    78    220
530   460   4    141    199
531   351   5    31    163
532   479   5    181    133
533   13   2    25    498
534   437   7    63    229
535   9   7    125    479
536   248   6    43    45
537   456   2    157    63
538   66   2    168    279
539   116   3    161    270
540   73   4    116    299
541   70   4    118    341
542   294   4    106    349
543   427   2    14    102
544   358   7    125    377
545   53   6    7    450
546   487   5    60    410
547   75   2    7    112
548   224   4    152    457
549   325   6    59    106
550   109   2    132    81
551   5   6    92    324
552   333   4    26    360
553   267   4    138    481
554   487   3    196    173
555   189   3    128    456
556   165   7    109    451
557   318   5    159    273
558   518   2    161    147
559   483   3    101    246
560   285   7    53    375
561   366   6    62    317
562   180   6    158    216
563   433   4    25    24
564   362   5    12    34
565   230   4    109    429
566   166   2    177    223
567   287   3    150    334
568   4   6    21    196
569   21   5    187    439
570   166   5    70    129
571   9   5    72    131
572   379   6    83    484
573   446   2    155    311
574   121   6    4    492
575   501   6    59    474
576   445   4    84    338
577   166   2    35    79
578   249   3    188    69
579   530   2    38    171
580   509   7    123    34
581   99   5    124    20
582   110   4    64    91
583   275   3    98    8
584   370   2    45    138
585   487   3    104    433
586   465   3    154    92
587   294   7    197    212
588   387   5    128    174
589   289   5    128    262
590   54   3    70    344
591   274   3    89    411
592   202   2    48    180
593   444   7    84    95
594   125   4    166    468
595   554   3    152    488
596   426   5    52    69
597   401   6    176    145
598   476   5    163    430
599   365   7    169    142
600   540   6    153    19
601   40   5    160    120
602   582   5    69    84
603   60   2    86    109
604   468   6    185    146
605   376   6    156    200
606   34   3    166    13
607   398   3    171    317
608   198   7    120    239
609   180   3    167    235
610   110   2    178    492
611   337   6    176    400
612   35   3    48    155
613   450   2    47    473
614   489   7    186    396
615   384   4    40    207
616   314   4    32    302
617   484   4    160    464
618   404   4    3    182
619   229   4    84    478
620   261   6    163    394
621   506   7    76    244
622   4   6    188    260
623   206   5    106    385
624   480   5    48    119
625   40   6    134    132
626   281   6    75    211
627   381   3    146    205
628   126   6    2    376
629   119   6    118    167
630   225   7    18    34
631   232   3    187    458
632   197   7    56    189
633   31   4    26    74
634   591   4    84    292
635   602   3    111    441
636   449   6    138    46
637   503   2    152    268
638   144   7    18    477
639   396   6    168    280
640   234   4    78    98
641   139   2    193    311
642   281   7    126    118
643   4   4    130    167
644   401   2    10    311
645   303   7    199    178
646   174   4    132    36
647   166   2    83    145
648   364   5    90    438
649   553   3    198    437
650   581   6    6    242
651   218   2    125    201
652   569   7    159    302
653   430   2    118    271
654   359   7    42    67
655   468   5    98    271
656   299   5    133    419
657   129   2    94    458
658   549   4    85    93
659   436   7    190    290
660   268   2    50    162
661   483   4    12    139
662   441   2    165    429
663   640   6    186    261
664   390   2    156    237
665   349   2    9    285
666   344   3    138    470
667   63   4    106    121
668   315   2    32    366
669   262   6    176    403
670   605   5    99    85
671   503   2    147    496
672   233   3    79    469
673   245   4    150    452
674   280   3    147    489
675   149   2    97    274
676   172   6    188    232
677   577   4    132    54
678   476   4    197    481
679   311   7    91    157
680   655   3    162    14
681   278   6    95    178
682   646   4    86    256
683   11   7    174    104
684   441   2    141    438
685   335   3    54    169
686   68   3    92    208
687   631   7    173    343
688   117   7    13    470
689   571   3    57    490
690   357   3    105    57
691   440   2    54    426
692   497   7    47    37
693   486   6    129    174
694   626   2    71    154
695   169   3    2    261
696   399   3    199    159
697   21   3    136    159
698   319   5    174    286
699   420   3    87    391
700   127   2    15    107
701   372   5    141    196
702   602   7    165    134
703   393   7    138    471
704   180   6    143    370
705   577   7    185    475
706   89   3    21    397
707   88   4    65    482
708   644   3    179    203
709   15   5    94    278
710   175   4    194    99
711   178   2    125    236
712   289   3    51    433
713   290   7    162    427
714   367   6    148    213
715   36   5    26    79
716   429   4    194    173
717   645   2    164    177
718   49   3    147    466
719   573   2    75    42
720   278   3    133    243
721   137   4    172    261
722   595   4    128    81
723   327   4    66    485
724   187   3    1    323
725   215   4    68    269
726   430   7    35    81
727   475   6    62    329
728   376   7    86    351
729   601   4    167    418
730   377   6    127    169
731   562   5    171    370
732   189   6    197    437
733   66   4    157    333
734   314   3    183    473
735   282   6    164    9
736   612   3    192    52
737   7   6    112    400
738   310   4    32    473
739   80   4    171    442
740   373   3    148    120
741   724   2    79    359
742   373   2    119    291
743   92   6    193    305
744   583   7    112    120
745   563   2    185    182
746   15   6    95    193
747   231   4    170    13
748   617   4    142    150
749   470   7    42    347
750   14   5    155    180
751   630   2    172    205
752   180   7    77    277
753   718   6    48    10
754   231   7    31    244
755   682   7    82    257
756   656   3    171    227
757   515   7    77    197
758   436   2    155    230
759   393   6    8    462
760   488   2    162    362
761   603   7    54    366
762   757   7    89    34
763   397   6    41    204
764   5   6    185    444
765   144   3    181    419
766   463   2    6    251
767   152   5    179    19
768   560   7    158    51
769   185   7    35    126
770   189   4    126    345
771   201   5    48    88
772   461   5    95    309
773   130   4    38    310
774   751   7    54    9
775   162   3    117    74
776   35   2    8    372
777   521   4    138    94
778   137   6    28    125
779   696   4    68    250
780   223   4    94    116
781   341   2    159    48
782   496   4    119    63
783   355   4    17    259
784   601   3    30    91
785   610   5    22    312
786   432   5    10    114
787   687   7    129    17
788   228   6    155    473
789   80   2    123    36
790   605   5    147    21
791   484   4    6    146
792   32   2    27    294
793   24   4    26    45
794   526   7    62    369
795   198   7    195    250
796   60   5    175    316
797   709   7    19    281
798   492   3    154    422
799   443   4    46    9
800   141   2    135    247
801   521   5    197    40
802   703   2    50    309
803   222   4    156    24
804   570   6    178    50
805   269   5    90    12
806   581   4    2    376
807   79   3    199    419
808   31   4    53    305
809   38   3    138    211
810   465   5    117    487
811   150   2    61    78
812   786   2    174    105
813   315   3    18    180
814   486   5    150    74
815   661   7    15    77
816   326   4    130    162
817   244   3    59    410
818   731   5    68    22
819   18   5    156    382
820   688   2    78    244
821   23   2    83    101
822   688   3    75    143
823   762   3    70    40
824   137   5    103    382
825   335   7    29    78
826   719   3    5    45
827   316   4    29    77
828   441   3    76    436
829   325   6    181    107
830   630   6    153    136
831   713   5    143    144
832   291   2    81    223
833   109   2    182    470
834   448   2    119    101
835   759   3    81    242
836   688   4    92    310
837   675   2    182    182
838   190   5    138    246
839   427   3    189    309
840   300   7    41    42
841   442   3    66    456
842   38   3    50    218
843   434   6    183    265
844   573   5    8    360
845   688   6    121    276
846   206   2    119    398
847   344   6    35    166
848   172   5    142    220
849   532   7    107    137
850   718   4    98    433
851   643   5    78    88
852   547   4    164    302
853   353   6    196    250
854   261   4    77    146
855   846   2    46    222
856   430   3    125    276
857   695   5    4    477
858   214   6    148    262
859   210   5    37    253
860   127   4    81    418
861   708   3    48    413
862   770   2    9    129
863   578   2    10    153
864   112   6    75    396
865   61   3    106    204
866   17   2    19    187
867   89   2    114    270
868   715   5    83    231
869   792   2    112    301
870   412   7    120    9
871   353   4    58    232
872   565   7    133    91
873   817   5    199    312
874   218   7    188    176
875   693   3    92    19
876   357   2    59    278
877   227   7    96    105
878   249   6    19    386
879   449   4    116    469
880   699   4    102    68
881   501   4    92    477
882   430   3    35    463
883   345   2    135    189
884   815   3    109    164
885   160   7    158    161
886   464   5    112    229
887   538   5    85    72
888   330   6    162    269
889   59   2    5    222
890   290   2    192    97
891   787   4    9    393
892   848   4    66    241
893   146   5    134    292
894   13   2    64    139
895   528   6    172    79
896   698   3    176    306
897   849   2    176    149
898   351   5    5    153
899   649   6    20    498
900   812   4    140    297
901   212   4    172    356
902   398   2    173    312
903   556   2    6    301
904   628   3    64    87
905   789   6    134    263
906   166   2    179    449
907   218   6    180    289
908   140   4    86    157
909   521   3    91    82
910   623   5    168    166
911   2   2    165    211
912   114   2    146    348
913   613   5    181    54
914   388   4    17    22
915   857   5    156    436
916   57   7    179    183
917   415   4    109    186
918   714   7    63    49
919   101   6    43    237
920   796   6    31    428
921   5   5    169    324
922   236   2    92    93
923   233   6    117    12
924   8   3    117    452
925   370   5    199    341
926   38   5    31    53
927   327   6    67    305
928   782   3    17    237
929   872   5    183    175
930   460   7    154    75
931   297   4    137    388
932   4   7    43    201
933   654   7    21    294
934   608   2    197    51
935   846   7    62    3
936   532   5    83    464
937   450   5    140    442
938   771   4    50    265
939   585   5    186    398
940   815   5    76    284
941   441   5    95    437
942   300   4    136    200
943   351   4    46    13
944   106   3    1    451
945   867   3    11    224
946   388   7    107    446
947   87   4    188    335
948   174   3    130    381
949   121   2    183    204
950   544   7    166    456
951   594   4    28    76
952   400   6    14    66
953   626   7    174    26
954   923   5    84    282
955   220   7    184    329
956   804   6    129    116
957   717   4    169    326
958   641   4    165    481
959   717   2    47    99
960   742   3    124    31
961   681   3    51    274
962   189   3    134    148
963   759   6    68    46
964   707   6    182    334
965   9   6    17    325
966   883   2    195    476
967   834   4    1    218
968   68   6    21    391
969   919   7    15    143
970   260   5    196    118
971   753   3    122    18
972   526   7    12    441
973   756   3    192    450
974   613   6    188    422
975   539   2    16    377
976   115   4    2    429
977   842   5    177    463
978   749   2    137    263
979   561   6    71    77
980   21   6    103    313
981   840   3    151    262
982   466   5    186    10
983   950   5    82    152
984   274   5    192    66
985   210   2    46    182
986   188   4    60    139
987   448   3    91    84
988   276   7    61    165
989   841   5    103    37
990   239   7    77    428
991   582   3    135    32
992   365   7    40    63
993   638   4    193    326
994   803   4    57    474
995   545   6    129    269
996   336   6    110    39
997   378   4    195    73
998   86   3    48    291
999   373   7    67    474
1000   353   7    48    277
1001   968   3    105    165
1002   692   7    183    161
1003   690   4    62    271
1004   935   3    95    428
1005   461   3    96    79
1006   757   7    48    392
1007   83   5    99    324
1008   441   3    53    317
1009   194   5    84    377
1010   789   5    168    408
1011   389   7    91    408
1012   449   5    23    438
1013   96   4    64    265
1014   946   5    20    475
1015   662   5    11    129
1016   951   5    70    334
1017   372   7    189    319
1018   629   2    180    82
1019   172   6    117    487
1020   344   7    189    207
1021   312   4    114    110
1022   865   4    73    72
1023   84   6    26    302
1024   926   2    48    386
1025   228   6    167    116
1026   781   2    105    252
1027   1014   4    162    226
1028   984   2    150    59
1029   739   4    82    323
1030   513   6    149    353
1031   258   6    68    420
1032   841   3    58    254
1033   486   5    26    117
1034   446   6    117    275
1035   543   5    53    369
1036   79   2    75    43
1037   964   6    64    260
1038   85   6    169    208
1039   458   5    167    479
1040   171   4    190    302
1041   835   5    85    105
1042   988   4    46    248
1043   703   4    175    108
1044   115   3    76    95
1045   338   7    67    211
1046   358   3    8    235
1047   990   2    185    456
1048   458   3    11    421
1049   365   5    106    45
1050   183   2    46    24
1051   176   3    19    374
1052   975   7    156    315
1053   783   3    114    454
1054   699   7    89    22
1055   284   3    41    247
1056   319   6    180    450
1057   466   6    14    42
1058   898   5    58    382
1059   240   2    30    369
1060   224   2    196    156
1061   570   2    130    56
1062   726   2    37    143
1063   277   7    83    104
1064   765   4    45    366
