1   0   6    6    44
2   1   7    75    332
3   1   4    23    154
4   2   4    104    274
5   2   4    49    173
6   2   4    91    103
7   1   2    162    9
8   5   2    147    319
9   1   3    90    319
10   7   6    139    223
11   8   6    152    42
12   7   2    163    122
13   10   6    49    30
14   2   2    93    327
15   5   7    88    317
16   6   5    171    328
17   11   2    59    289
18   15   5    36    145
19   5   4    87    30
20   10   6    33    303
21   17   5    73    43
22   16   6    171    110
23   7   6    158    33
24   10   6    71    392
25   11   6    106    155
26   3   5    171    403
27   21   6    9    340
28   5   6    68    269
29   4   4    182    30
30   11   6    116    474
31   7   5    187    358
32   8   2    35    414
33   28   3    22    180
34   24   7    118    242
35   15   4    131    40
36   9   6    139    327
37   4   7    196    435
38   9   7    106    79
39   25   7    177    10
40   3   3    121    52
41   24   4    183    242
42   21   6    197    194
43   10   2    96    415
44   11   7    173    230
45   26   4    134    201
46   20   7    73    88
47   4   6    89    312
48   25   6    140    149
49   38   4    80    248
50   36   4    129    368
51   31   7    170    414
52   12   5    119    86
53   22   2    137    206
54   25   6    158    276
55   33   4    37    301
56   9   3    16    495
57   43   5    111    487
58   32   7    179    94
59   50   4    159    44
60   32   6    47    491
61   13   7    153    486
62   44   4    17    491
63   28   4    56    437
64   4   5    111    156
65   38   5    115    214
66   27   4    114    125
67   64   4    162    83
68   35   7    177    432
69   27   4    24    249
70   43   4    92    135
71   19   7    33    339
72   8   7    3    383
73   42   4    170    436
74   72   4    129    181
75   56   4    193    306
76   71   2    179    403
77   22   2    102    409
78   17   7    172    351
79   8   4    192    276
80   12   3    50    425
81   75   4    33    465
82   65   2    57    322
83   16   3    43    323
84   64   4    97    343
85   33   6    114    351
86   3   7    38    296
87   51   5    2    406
88   53   7    152    425
89   14   6    114    150
90   3   7    26    467
91   88   6    44    294
92   51   2    86    376
93   41   5    169    90
94   30   7    44    251
95   22   6    199    256
96   22   7    180    83
97   59   5    104    178
98   77   5    109    140
99   73   3    33    177
100   95   3    39    495
101   86   4    103    189
102   12   2    68    112
103   72   7    32    88
104   12   4    153    308
105   39   3    52    329
106   65   4    130    430
107   13   2    101    387
108   90   5    109    228
109   38   3    35    108
110   63   5    142    163
111   16   3    11    481
112   53   3    66    267
113   32   2    105    130
114   79   7    185    361
115   76   5    81    457
116   107   7    178    311
117   114   6    16    62
118   27   3    35    421
119   42   3    20    463
120   110   7    107    318
121   14   7    182    392
122   30   6    54    83
123   74   4    95    413
124   37   4    89    452
125   34   4    78    176
126   51   3    129    386
127   79   3    185    153
128   70   6    183    391
129   36   7    79    55
130   96   2    97    442
131   121   4    96    8
132   45   4    192    296
133   18   6    125    402
134   130   7    137    36
135   98   5    5    182
136   30   3    34    395
137   47   3    94    91
138   86   4    151    36
139   9   6    99    499
140   133   7    169    326
141   29   6    20    183
142   106   2    80    342
143   27   6    41    412
144   24   6    120    140
145   70   4    85    329
146   82   3    21    165
147   76   4    64    72
148   60   4    189    446
149   110   5    67    69
150   39   7    22    215
151   51   7    135    78
152   86   4    143    205
153   106   2    95    162
154   20   7    42    116
155   105   4    155    272
156   103   5    196    34
157   104   6    42    472
158   34   7    51    455
159   46   2    106    51
160   37   5    184    42
161   34   5    24    164
162   155   6    108    266
163   148   3    82    222
164   119   4    91    159
165   81   7    35    201
166   151   2    82    95
167   123   4    135    454
168   153   6    96    238
169   38   4    39    58
170   111   3    43    393
171   96   2    110    163
172   72   3    47    192
173   149   5    174    309
174   32   6    80    300
175   147   6    156    303
176   39   3    55    11
177   86   5    192    310
178   100   3    124    401
179   141   3    176    343
180   112   2    5    486
181   128   6    190    331
182   61   7    19    163
183   158   3    154    395
184   73   6    154    265
185   180   3    77    209
186   107   7    29    428
187   85   3    90    89
188   79   7    157    142
189   121   6    65    275
190   69   2    24    174
191   153   6    64    60
192   45   4    109    174
193   169   7    193    79
194   53   2    175    22
195   73   5    96    172
196   53   2    36    410
197   110   3    2    457
198   135   7    95    488
199   77   6    128    360
200   193   4    82    77
201   199   5    54    399
202   144   5    114    65
203   180   5    46    269
204   40   3    140    489
205   92   3    1    169
206   23   5    134    151
207   121   3    103    191
208   179   5    129    377
209   202   6    138    202
210   150   5    182    327
211   67   4    12    221
212   98   6    95    31
213   77   6    57    263
214   156   4    170    7
215   29   5    81    489
216   37   6    197    207
217   183   7    52    237
218   129   7    150    349
219   151   6    26    406
220   179   6    50    262
221   80   2    27    124
222   116   6    149    437
223   123   2    186    446
224   178   2    172    25
225   108   7    24    74
226   162   5    177    12
227   201   2    83    340
228   34   3    96    28
229   62   2    8    399
230   83   3    102    186
231   65   7    72    415
232   18   5    143    253
233   103   7    68    224
234   215   5    102    492
235   97   6    182    454
236   155   3    83    401
237   16   6    57    421
238   91   2    72    148
239   217   2    163    485
240   232   6    72    353
241   223   6    178    105
242   146   5    111    256
243   141   6    68    217
244   214   3    124    456
245   123   2    188    207
246   161   3    89    68
247   101   6    138    13
248   154   4    1    125
249   87   4    104    41
250   84   7    78    140
251   54   7    70    354
252   148   6    180    449
253   229   4    30    161
254   193   2    158    328
255   237   6    124    349
256   92   5    137    480
257   161   4    174    282
258   250   2    134    158
259   199   7    7    155
260   238   5    6    29
261   200   3    128    279
262   82   6    185    219
263   159   7    85    283
264   85   2    57    66
265   256   4    18    60
266   247   7    140    427
267   187   5    115    480
268   123   3    146    448
269   43   3    56    230
270   265   2    77    166
271   144   5    53    388
272   188   5    55    455
273   95   5    27    120
274   15   2    30    187
275   224   3    113    46
276   219   3    182    463
277   94   4    71    427
278   211   2    93    376
279   235   3    81    425
280   31   4    64    358
281   178   3    69    199
282   153   7    19    19
283   259   6    29    74
284   136   5    19    90
285   128   4    158    92
286   276   6    160    485
287   96   6    199    246
288   67   4    165    83
289   284   4    177    6
290   256   7    88    362
291   129   2    120    5
292   122   3    145    158
293   206   2    169    460
294   52   4    159    216
295   19   4    52    305
296   167   2    12    21
297   222   3    191    188
298   115   6    120    38
299   150   7    88    136
300   215   4    41    18
301   272   6    115    26
302   79   7    146    65
303   170   4    21    447
304   159   2    150    202
305   129   5    44    60
306   232   5    86    257
307   167   2    128    9
308   243   6    14    489
309   288   5    115    149
310   47   3    103    137
311   56   7    183    283
312   58   5    23    354
313   19   6    43    71
314   222   6    67    203
315   176   4    131    38
316   211   3    144    163
317   291   2    178    2
318   156   6    79    421
319   112   5    65    387
320   72   2    153    395
321   76   2    43    221
322   267   3    105    208
323   92   5    111    242
324   246   4    189    144
325   184   5    147    497
326   247   6    130    227
327   219   3    143    421
328   162   7    197    52
329   207   3    75    293
330   43   3    174    103
331   323   5    135    264
332   294   4    143    419
333   168   4    36    199
334   266   4    126    230
335   129   2    194    232
336   104   2    69    311
337   203   7    161    148
338   224   2    102    55
339   230   4    58    398
340   195   4    18    105
341   202   4    33    75
342   55   2    193    81
343   90   4    100    296
344   315   3    176    58
345   98   7    79    450
346   216   5    78    207
347   169   6    37    400
348   146   7    192    96
349   280   2    124    350
350   61   6    96    231
351   116   2    184    217
352   223   7    154    50
353   126   6    129    61
354   254   6    153    130
355   314   5    148    188
356   45   6    119    425
357   267   6    3    102
358   57   3    73    240
359   52   2    2    208
360   146   2    190    114
361   314   4    187    262
362   103   7    18    266
363   361   7    191    422
364   200   3    48    381
