1   0   4    95    116
2   1   6    119    466
3   1   6    55    361
4   2   5    87    202
5   1   7    74    257
6   4   4    109    14
7   5   5    8    118
8   1   4    106    106
9   7   4    96    214
10   6   6    90    14
11   9   6    106    290
12   2   2    107    424
13   8   2    74    64
14   3   4    91    392
15   7   3    48    291
16   2   5    101    231
17   4   4    178    266
18   5   6    112    376
19   14   6    116    230
20   10   5    23    192
21   17   2    89    423
22   3   5    129    218
23   6   7    183    443
24   1   5    83    268
25   13   3    183    215
26   18   6    46    257
27   18   7    158    117
28   25   5    81    334
29   8   3    162    394
30   3   6    104    41
31   19   6    183    255
32   8   7    70    316
33   27   7    115    457
34   24   6    140    55
35   29   5    154    235
36   11   7    86    482
37   5   7    124    439
38   22   7    121    239
39   25   7    20    244
40   37   6    155    335
41   8   6    163    439
42   9   5    191    33
43   16   3    53    216
44   11   6    71    465
45   7   6    148    3
46   21   6    125    60
47   43   2    17    351
48   19   4    51    323
49   45   2    173    330
50   33   4    65    357
51   21   2    34    342
52   1   3    154    292
53   6   3    138    296
54   48   5    51    326
55   34   3    75    22
56   40   4    168    87
57   25   2    14    267
58   16   6    164    59
59   35   3    164    483
60   3   3    88    477
61   38   2    138    400
62   29   4    125    373
63   30   6    65    199
64   62   5    10    271
65   32   3    42    204
66   10   2    109    221
67   49   5    188    267
68   40   4    123    233
69   47   4    193    371
70   37   5    146    434
71   46   3    186    471
72   36   4    6    386
73   56   2    66    155
74   29   3    80    18
75   35   2    107    328
76   7   4    65    46
77   42   4    3    25
78   5   3    10    258
79   64   7    105    65
80   78   2    11    461
81   46   4    193    408
82   53   5    9    71
83   20   6    128    68
84   33   3    118    338
85   55   4    165    146
86   62   3    134    434
87   16   4    43    32
88   15   6    13    293
89   40   5    104    45
90   13   7    46    441
91   52   6    115    295
92   48   3    24    287
93   68   2    33    62
94   50   2    131    60
95   57   7    135    457
96   94   3    50    152
97   16   6    128    285
98   71   3    39    357
99   67   7    58    404
100   88   6    96    226
101   43   5    90    149
102   86   6    52    314
103   35   6    47    495
104   61   6    17    237
105   35   3    62    271
106   26   4    177    89
107   52   3    168    58
108   19   3    86    176
109   67   2    102    431
110   77   7    51    182
111   85   3    29    379
112   108   7    105    230
113   73   3    197    209
114   87   4    163    366
115   76   7    197    139
116   109   5    193    1
117   32   6    9    403
118   80   5    15    1
119   66   5    8    394
120   91   4    102    195
121   30   7    177    72
122   30   2    57    162
123   111   4    67    461
124   28   2    11    62
125   62   2    171    255
126   67   6    161    93
127   121   7    69    116
128   66   3    164    38
129   25   6    121    489
130   31   5    60    182
131   82   3    151    470
132   89   3    84    372
133   99   5    137    397
134   1   6    153    297
135   56   2    132    89
136   100   3    147    46
137   76   6    39    129
138   85   3    177    242
139   137   3    13    146
140   33   6    166    164
141   81   6    167    226
142   7   7    53    430
143   88   4    80    392
144   32   5    30    373
145   50   3    140    214
146   127   3    32    457
147   11   5    15    432
148   60   4    23    370
149   127   2    144    179
150   14   7    41    12
151   96   2    150    489
152   100   7    83    369
153   99   2    195    355
154   14   3    170    328
155   28   7    116    58
156   56   4    186    243
157   12   6    198    163
158   92   4    10    195
159   7   3    52    313
160   104   4    137    339
161   9   2    166    251
162   121   7    55    395
163   106   7    78    177
164   20   3    107    93
165   8   5    19    487
166   62   6    137    412
167   124   5    173    258
168   84   7    149    265
169   152   6    149    141
170   130   4    92    216
171   168   4    183    12
172   108   4    109    213
173   129   4    59    407
174   95   2    183    130
175   27   4    127    103
176   42   6    181    344
177   74   7    18    72
178   132   6    138    127
179   23   6    3    372
180   75   2    26    30
181   152   4    89    3
182   51   4    146    82
183   34   3    163    27
184   142   6    113    2
185   7   4    104    462
186   146   7    129    435
187   77   2    91    362
188   25   7    196    182
189   128   4    85    289
190   167   2    180    158
191   155   2    167    283
192   41   7    160    92
193   68   5    186    61
194   79   6    5    309
195   68   5    105    171
196   5   2    6    371
197   150   4    174    192
198   47   4    190    353
199   92   5    93    186
200   175   4    140    220
201   93   6    133    322
202   195   7    173    450
203   85   5    190    49
204   2   5    140    249
205   203   4    122    29
206   105   2    70    134
207   51   3    96    77
208   78   3    167    375
209   72   5    12    284
210   151   7    58    151
211   86   6    154    45
212   156   3    21    61
213   42   5    125    470
214   140   4    164    287
215   59   7    45    363
216   175   6    138    330
217   2   2    26    253
218   186   5    14    444
219   15   6    77    32
220   150   7    115    28
221   202   7    116    201
222   65   5    54    356
223   109   7    199    150
224   105   2    58    412
225   151   2    95    208
226   192   2    58    366
227   191   2    107    279
228   127   4    2    101
229   88   6    177    97
230   145   4    124    315
231   222   7    162    94
232   179   2    160    75
233   146   6    31    422
234   65   5    28    409
235   101   4    145    440
236   144   6    138    176
237   108   2    128    147
238   221   4    35    491
239   151   2    37    356
240   20   2    21    351
241   15   4    96    111
242   208   2    197    167
243   217   2    28    29
244   138   2    199    221
245   132   4    97    341
246   43   2    48    148
247   217   3    27    291
248   132   7    170    156
249   17   3    68    238
250   206   7    165    329
251   171   4    6    136
252   174   5    131    92
253   203   3    187    11
254   237   7    147    194
255   162   3    92    75
256   135   4    55    407
257   160   2    78    70
258   50   2    133    382
259   67   2    126    383
260   130   2    131    350
261   43   5    115    36
262   177   3    122    460
263   93   7    20    162
264   3   3    99    377
265   239   2    113    373
266   30   4    14    487
267   2   2    170    414
268   97   2    156    463
269   52   5    118    252
270   48   5    37    430
271   127   2    194    278
272   213   4    147    383
273   182   5    123    81
274   158   6    134    45
275   254   5    150    483
276   188   7    170    307
277   104   2    57    98
278   251   7    71    113
279   91   7    125    417
280   150   2    173    432
281   244   7    152    90
282   226   2    191    181
283   263   2    174    297
284   22   5    125    49
285   19   7    105    227
286   36   6    156    337
287   269   4    94    185
288   64   5    14    140
289   118   2    162    229
290   276   6    96    5
291   153   5    166    435
292   13   3    115    237
293   76   4    1    164
294   171   3    185    208
295   158   7    175    304
296   7   2    136    414
297   192   4    118    125
298   286   4    131    157
299   108   5    13    29
300   125   6    185    344
301   222   4    24    65
302   94   3    96    63
303   77   6    99    68
304   187   2    133    31
305   48   5    33    239
306   100   4    77    465
307   244   6    154    489
308   123   3    79    269
309   219   4    70    242
310   34   3    197    164
311   180   3    25    105
312   254   6    76    183
313   78   4    42    176
314   100   4    150    284
315   188   6    126    91
316   3   7    44    102
317   189   2    10    349
318   224   7    57    451
319   97   4    175    74
320   239   4    92    12
321   289   7    49    330
322   312   5    154    244
323   189   2    162    74
324   234   3    67    437
325   289   3    96    68
326   283   6    77    314
327   98   6    190    440
328   207   2    4    189
329   220   7    130    205
330   229   4    161    368
331   306   4    5    398
332   44   6    172    26
333   214   5    188    132
334   290   2    185    73
335   81   2    189    61
336   189   4    121    408
337   269   7    155    177
338   19   3    84    306
339   326   2    32    484
340   1   6    139    236
341   54   7    128    469
342   128   4    185    231
343   305   3    192    234
344   8   6    35    232
345   81   6    120    374
346   218   4    58    323
347   303   4    37    485
348   189   2    195    28
349   144   6    72    186
350   19   7    89    215
351   289   6    62    224
352   143   5    23    2
353   117   7    93    322
354   4   4    57    201
355   270   5    196    305
356   58   4    113    462
357   143   5    172    395
358   51   4    43    74
359   332   6    82    463
360   274   4    84    377
361   183   5    20    379
362   214   4    136    499
363   306   6    93    118
364   199   6    114    219
365   219   6    157    445
366   172   5    115    61
367   116   7    192    39
368   110   7    156    75
369   328   3    176    111
370   52   7    95    143
371   91   7    95    465
372   53   7    173    404
373   201   6    28    411
374   74   6    122    414
375   300   4    128    363
376   76   7    179    420
377   224   6    17    441
378   300   4    98    162
379   145   2    22    47
380   348   4    89    305
381   13   2    151    243
382   278   5    124    462
383   79   6    30    52
384   294   5    37    238
385   375   7    95    17
386   103   2    131    139
387   357   4    146    69
388   177   5    118    391
389   3   5    186    269
390   68   2    198    179
391   32   7    98    99
392   9   3    129    191
393   207   3    91    290
394   234   3    182    109
395   133   5    198    26
396   43   5    101    402
397   41   3    114    248
398   249   5    48    183
399   129   5    140    496
400   34   5    16    283
401   221   5    163    301
402   317   4    121    244
403   204   5    156    135
404   307   5    186    330
405   4   7    139    295
406   187   2    8    233
407   128   5    100    460
408   343   7    47    121
409   173   2    31    364
410   331   3    138    480
411   281   2    122    52
412   126   4    120    18
413   216   5    122    357
414   279   5    120    288
415   283   2    157    258
416   354   6    18    322
417   72   2    14    173
418   146   6    54    489
419   93   3    124    176
420   399   2    155    167
421   289   2    58    288
422   111   3    47    177
423   328   4    15    445
424   397   5    194    171
425   50   7    46    461
426   278   7    119    359
427   179   5    42    70
428   58   5    19    18
429   47   5    104    139
430   26   5    2    82
431   188   3    42    293
432   194   6    18    394
433   303   7    44    157
434   414   3    24    231
435   7   7    163    211
