1   0   7    63    418
2   1   7    97    161
3   1   5    168    72
4   2   5    169    412
5   3   3    108    243
6   3   6    131    277
7   5   6    51    367
8   3   6    76    193
9   2   2    66    278
10   4   4    199    143
11   2   6    70    393
12   2   7    47    76
13   1   4    46    145
14   1   6    137    426
15   7   4    148    349
16   7   3    120    117
17   12   3    128    290
18   9   7    187    103
19   8   6    112    127
20   5   7    89    398
21   1   4    8    353
22   1   5    7    338
23   12   6    98    71
24   20   3    44    417
25   9   6    133    158
26   4   6    51    470
27   13   2    54    171
28   16   4    45    183
29   17   3    133    88
30   13   7    124    277
31   1   4    90    375
32   10   5    184    275
33   4   6    54    191
34   26   6    140    144
35   24   5    41    276
36   24   4    78    212
37   23   6    57    289
38   3   7    56    470
39   22   2    22    172
40   34   5    189    224
41   33   2    129    441
42   4   3    82    293
43   10   4    83    281
44   23   4    114    439
45   22   5    70    382
46   15   4    26    347
47   3   4    121    372
48   23   2    99    138
49   9   7    173    192
50   7   2    196    419
51   24   4    61    6
52   40   7    187    156
53   9   6    192    272
54   39   6    152    170
55   23   5    41    363
56   14   7    83    223
57   11   7    120    288
58   38   2    59    22
59   1   5    199    309
60   15   2    106    412
61   37   6    170    53
62   21   7    142    197
63   37   7    87    318
64   53   2    24    48
65   54   4    145    101
66   31   3    175    305
67   59   2    174    101
68   36   6    71    429
69   17   7    70    468
70   37   7    65    436
71   66   5    47    313
72   16   6    128    199
73   11   4    14    49
74   62   2    189    405
75   10   6    55    133
76   37   7    166    178
77   47   7    131    100
78   15   2    19    160
79   44   7    56    371
80   34   6    76    3
81   38   4    35    205
82   79   3    191    78
83   54   6    25    467
84   66   5    68    178
85   75   5    172    229
86   70   4    14    353
87   68   6    198    76
88   71   5    128    438
89   18   2    76    170
90   22   3    163    398
91   15   7    171    110
92   55   6    58    209
93   64   6    71    64
94   19   7    160    420
95   46   6    103    97
96   78   5    125    38
97   38   5    96    397
98   33   6    96    462
99   17   5    34    82
100   6   5    70    188
101   78   7    162    295
102   88   5    99    14
103   14   4    19    17
104   13   7    170    374
105   97   4    149    195
106   34   4    186    67
107   46   6    59    448
108   37   4    173    284
109   58   2    78    495
110   32   6    153    138
111   107   3    115    177
112   77   2    5    85
113   15   4    132    124
114   65   7    178    167
115   78   6    143    251
116   7   6    186    442
117   69   7    32    135
118   52   3    112    22
119   93   3    23    51
120   88   2    165    211
121   104   7    93    456
122   95   7    60    236
123   67   2    63    361
124   73   2    187    291
125   36   5    120    152
126   43   4    166    143
127   55   7    41    310
128   59   6    187    134
129   20   5    144    479
130   99   3    88    463
131   39   4    190    106
132   87   6    134    245
133   89   2    60    390
134   75   5    192    196
135   107   4    46    4
136   61   3    18    405
137   14   6    77    204
138   26   6    8    58
139   13   4    132    135
140   92   3    20    43
141   44   2    53    10
142   92   5    36    229
143   129   4    141    409
144   12   5    52    63
145   35   5    175    425
146   120   2    91    432
147   7   3    137    428
148   89   7    56    29
149   132   2    55    12
150   24   3    52    281
151   100   7    116    358
152   128   3    147    103
153   113   3    191    388
154   64   4    13    483
155   97   2    191    360
156   148   5    87    278
157   135   2    71    376
158   48   4    175    68
159   80   6    99    7
160   94   7    196    495
161   114   4    183    93
162   141   3    63    26
163   41   4    97    148
164   18   7    49    321
165   152   6    70    35
166   73   6    194    76
167   121   7    106    270
168   43   3    34    349
169   58   6    170    141
170   132   4    63    333
171   37   4    134    262
172   140   3    105    133
173   90   3    61    418
174   142   5    185    273
175   5   3    32    337
176   139   5    137    259
177   135   6    81    143
178   79   2    179    39
179   165   6    7    325
180   152   2    126    93
181   1   2    181    180
182   128   5    71    413
183   126   3    41    344
184   19   3    103    369
185   88   3    28    376
186   32   6    195    400
187   102   4    87    193
188   55   2    9    144
189   93   4    91    424
190   81   4    87    156
191   173   3    33    16
192   28   4    143    31
193   153   3    180    445
194   46   3    111    491
195   32   7    38    72
196   194   7    122    228
197   138   5    130    62
198   155   2    20    81
199   17   3    131    319
200   196   4    29    198
201   174   6    14    426
202   96   2    19    330
203   152   3    156    422
204   75   7    1    54
205   173   5    166    409
206   45   3    164    142
207   163   3    131    86
208   46   4    169    110
209   64   5    132    361
210   123   2    68    82
211   98   3    197    344
212   155   4    131    250
213   90   4    96    245
214   139   5    180    334
215   81   7    136    467
216   34   5    57    163
217   49   7    76    428
218   88   7    15    340
219   154   4    186    401
220   75   2    77    11
221   186   3    96    159
222   164   2    184    358
223   36   7    32    85
224   97   3    87    407
225   106   7    78    25
226   47   5    69    231
227   67   4    154    358
228   95   7    158    224
229   60   3    96    215
230   54   3    167    471
231   94   6    142    344
232   62   3    156    205
233   166   7    192    53
234   148   2    27    123
235   9   2    28    492
236   52   7    110    231
237   32   2    65    234
238   146   6    102    480
239   90   4    199    328
240   156   3    71    131
241   238   2    87    259
242   151   4    159    492
243   53   3    164    298
244   121   7    6    126
245   63   4    22    270
246   99   4    161    20
247   86   4    65    162
248   23   5    32    31
249   229   7    12    490
250   140   3    197    487
251   118   2    140    130
252   88   4    158    189
253   156   2    142    391
254   141   5    65    56
255   1   3    194    151
256   1   2    145    218
257   127   3    20    36
258   146   4    188    4
259   8   5    53    493
260   185   4    141    243
261   106   6    44    234
262   116   3    4    296
263   255   5    138    103
264   66   4    177    387
265   196   7    137    292
266   230   5    134    267
267   101   4    40    483
268   46   5    77    40
269   117   2    97    42
270   60   5    186    370
271   84   5    114    251
272   196   3    12    342
273   165   3    119    206
274   209   7    151    199
275   59   7    115    62
276   187   4    17    424
277   255   6    192    335
278   62   5    129    450
279   31   5    152    388
280   104   6    39    178
281   264   4    159    401
282   236   4    175    38
283   63   5    80    486
284   217   7    13    122
285   22   6    33    234
286   113   6    75    209
287   51   3    55    417
288   124   6    197    343
289   9   7    151    149
290   218   2    128    145
291   253   2    76    204
292   162   3    37    336
293   225   6    146    37
294   291   4    152    446
295   265   4    35    83
296   65   7    5    302
297   146   3    52    158
298   245   7    15    28
299   70   7    164    183
300   281   7    63    109
301   253   2    136    222
302   63   7    173    201
303   217   6    179    67
304   264   7    138    35
305   8   2    77    277
306   282   3    109    320
307   205   4    86    397
308   234   3    89    92
309   30   5    11    171
310   265   5    127    438
311   225   3    148    110
312   57   4    74    181
313   125   3    62    314
314   34   2    17    256
315   231   5    111    52
316   81   7    5    208
317   15   6    56    459
318   218   6    115    111
319   41   2    79    263
320   195   4    67    357
321   185   2    36    251
322   51   5    120    124
323   305   4    52    39
324   270   4    49    459
325   280   4    33    205
326   13   4    161    497
327   268   7    192    161
328   114   5    126    319
329   311   5    194    430
330   30   3    67    375
331   120   6    161    441
332   317   3    140    369
333   323   5    193    321
334   72   6    168    352
335   248   4    56    265
336   278   3    168    49
337   96   4    83    156
338   70   6    114    188
339   260   6    128    411
340   316   3    97    495
341   339   5    191    258
342   210   2    106    330
343   253   4    41    158
344   262   4    89    315
345   20   6    34    285
346   151   4    198    304
347   2   4    194    158
348   266   6    122    253
349   326   3    82    199
350   176   6    55    205
351   131   5    76    62
352   191   2    147    300
353   306   3    28    243
354   8   3    12    236
355   349   2    98    63
356   258   3    67    214
357   163   4    93    65
358   327   5    11    79
359   174   3    146    308
360   213   3    35    174
361   326   4    34    208
362   112   6    16    459
363   52   3    48    148
364   151   6    192    453
365   109   4    108    332
366   46   3    73    53
367   106   2    166    339
368   15   3    102    425
369   84   2    96    185
370   284   2    30    338
371   363   5    169    405
372   306   6    16    222
373   115   2    40    110
374   74   7    123    244
375   57   6    183    354
376   88   7    136    316
377   355   4    166    136
378   359   4    115    234
379   26   5    117    423
380   368   3    82    367
381   333   3    10    142
382   109   6    25    229
383   262   2    70    482
384   187   3    150    307
385   173   2    44    318
386   247   2    183    363
387   213   3    191    342
388   107   4    16    112
389   172   4    66    123
390   324   5    10    315
391   79   3    175    114
392   325   6    186    126
393   374   4    137    114
394   247   4    153    148
395   26   7    107    426
396   100   4    69    375
397   248   2    34    317
398   388   6    120    204
399   397   6    125    411
400   396   3    141    362
401   372   4    77    153
