1   0   7    59    446
2   1   5    194    412
3   1   2    34    29
4   2   7    143    230
5   1   4    136    449
6   3   2    55    127
7   1   3    102    485
8   2   3    20    108
9   1   6    46    495
10   7   7    52    131
11   6   6    81    68
12   3   3    1    265
13   5   6    19    51
14   3   2    192    341
15   11   6    154    329
16   9   4    76    475
17   8   5    83    273
18   1   4    197    152
19   8   3    178    288
20   3   6    57    226
21   16   5    133    256
22   5   6    36    414
23   21   5    121    486
24   14   6    90    460
25   19   7    108    194
26   24   5    28    146
27   17   7    78    416
28   20   7    25    8
29   17   2    71    479
30   11   3    162    44
31   1   3    151    148
32   30   2    82    471
33   31   6    67    289
34   9   7    36    8
35   32   7    129    39
36   25   7    172    380
37   12   4    29    77
38   10   3    178    338
39   12   6    73    147
40   20   7    143    285
41   9   3    93    19
42   35   7    61    29
43   1   6    30    227
44   28   3    162    163
45   11   2    178    255
46   40   5    186    51
47   31   7    3    313
48   4   3    7    213
49   32   5    118    331
50   26   6    2    38
51   36   6    89    372
52   3   7    96    409
53   27   7    17    477
54   10   4    3    164
55   44   2    71    134
56   10   7    166    64
57   8   7    160    309
58   24   4    130    70
59   47   5    106    129
60   29   3    109    230
61   18   7    86    89
62   8   4    170    328
63   54   5    99    322
64   47   6    18    73
65   4   4    74    395
66   34   5    66    220
67   61   7    34    14
68   32   4    145    198
69   13   6    77    226
70   43   4    123    123
71   45   6    47    253
72   47   7    60    180
73   6   4    2    213
74   60   2    117    226
75   11   6    65    248
76   15   2    152    382
77   66   7    196    400
78   32   3    27    113
79   55   5    112    407
80   36   4    132    63
81   43   6    79    284
82   80   5    72    343
83   26   3    133    440
84   43   7    72    426
85   73   6    177    215
86   33   4    12    202
87   36   3    80    193
88   14   2    112    353
89   60   6    4    112
90   88   2    6    321
91   33   2    107    420
92   5   7    39    20
93   63   2    32    412
94   35   6    128    461
95   49   3    8    279
96   90   2    156    75
97   69   5    145    76
98   50   6    158    244
99   82   6    75    234
100   2   3    120    463
101   14   3    52    119
102   62   6    183    391
103   78   2    78    236
104   79   3    114    467
105   8   3    105    421
106   19   7    74    15
107   98   7    34    216
108   59   6    147    1
109   24   7    196    373
110   52   2    29    141
111   20   6    184    295
112   56   3    141    304
113   37   5    132    93
114   105   7    171    282
115   97   5    179    445
116   110   4    198    229
117   53   2    152    216
118   65   7    84    138
119   110   5    20    477
120   95   6    108    376
121   81   2    152    406
122   42   6    75    225
123   3   7    10    394
124   118   4    161    258
125   97   6    49    440
126   49   6    70    331
127   27   4    131    479
128   89   3    84    88
129   59   2    114    324
130   108   7    164    495
131   44   3    33    117
132   106   3    169    12
133   57   5    155    323
134   108   5    104    459
135   27   7    65    183
136   47   7    30    481
137   133   4    161    238
138   88   4    137    477
139   55   6    85    349
140   94   3    105    423
141   125   6    18    434
142   128   5    141    97
143   60   6    65    359
144   26   5    64    186
145   44   3    167    200
146   16   4    54    459
147   137   7    147    189
148   23   7    55    494
149   55   6    99    38
150   34   7    167    177
151   117   3    189    443
152   105   6    178    438
153   16   2    41    408
154   111   4    49    377
155   120   2    129    43
156   112   6    148    318
157   65   4    128    72
158   18   6    139    381
159   91   4    147    470
160   3   6    75    291
161   54   2    59    272
162   119   5    103    443
163   23   4    151    80
164   102   2    59    94
165   48   4    63    491
166   13   5    155    250
167   3   4    95    411
168   76   6    34    488
169   36   3    77    34
170   99   6    23    203
171   77   3    178    402
172   22   3    88    190
173   10   2    195    280
174   129   3    101    326
175   140   3    102    8
176   168   3    15    273
177   149   2    9    248
178   86   6    187    452
179   39   2    146    226
180   161   5    42    8
181   59   5    97    140
182   178   3    168    177
183   31   6    90    475
184   109   2    51    320
185   53   2    38    136
186   70   5    46    467
187   167   2    46    305
188   88   3    121    280
189   97   3    25    212
190   139   4    195    288
191   22   4    162    233
192   187   2    38    344
193   76   2    56    317
194   140   5    79    427
195   71   6    35    478
196   188   3    150    386
197   144   2    108    472
198   107   2    77    175
199   194   6    70    417
200   141   7    198    126
201   160   5    166    189
202   169   7    113    112
203   89   5    36    377
204   177   2    36    2
205   166   2    6    319
206   140   6    57    50
207   68   4    126    299
208   182   5    102    134
209   55   5    10    340
210   153   2    186    310
211   5   5    141    232
212   56   4    77    36
213   95   3    131    377
214   165   4    169    86
215   65   4    71    219
216   142   7    27    252
217   27   6    190    43
218   89   2    48    118
219   183   6    16    307
220   38   2    32    299
221   162   4    112    450
222   68   7    15    401
223   184   3    28    58
224   67   6    101    179
225   89   6    113    202
226   139   6    70    137
227   184   6    91    361
228   62   3    60    315
229   157   2    159    10
230   216   4    29    55
231   14   7    41    18
232   53   4    9    489
233   13   3    190    254
234   18   7    70    20
235   205   4    181    464
236   10   5    42    162
237   48   4    114    97
238   213   2    24    273
239   164   4    7    322
240   192   6    123    74
241   179   2    61    113
242   130   7    102    378
243   173   7    85    300
244   111   5    150    115
245   115   6    41    150
246   157   4    28    313
247   171   5    34    20
248   187   6    132    148
249   114   6    141    333
250   132   5    149    101
251   235   2    79    114
252   236   2    176    317
253   197   5    3    183
254   89   3    85    428
255   77   6    108    43
256   131   2    16    267
257   177   4    100    455
258   250   6    74    414
259   179   2    55    424
260   175   7    119    306
261   14   4    161    384
262   149   6    151    364
263   57   4    49    138
264   237   2    193    254
265   138   5    190    499
266   182   6    27    343
267   28   3    14    202
268   207   2    38    225
269   260   3    103    478
270   256   5    11    486
271   248   6    58    199
272   141   5    2    277
273   251   2    199    233
274   248   6    57    36
275   39   2    37    439
276   223   5    193    230
277   41   6    97    334
278   68   6    159    94
279   158   5    136    416
280   187   3    175    389
281   273   4    65    276
282   51   7    48    457
283   162   2    93    275
284   117   7    62    200
285   257   3    30    78
