1   0   5    50    483
2   1   6    27    4
3   1   3    15    155
4   2   2    12    451
5   3   5    134    390
6   3   4    103    119
7   2   6    166    276
8   1   3    180    292
9   3   2    185    301
10   1   5    66    214
11   9   2    61    476
12   1   2    78    137
13   2   5    18    297
14   10   7    118    269
15   3   3    186    96
16   12   2    161    171
17   11   7    163    384
18   1   3    151    5
19   8   3    194    104
20   18   3    154    416
21   9   4    31    448
22   8   4    79    84
23   4   5    142    348
24   20   3    39    305
25   16   6    166    126
26   22   3    11    449
27   8   5    71    167
28   24   5    100    366
29   18   4    14    448
30   17   6    197    475
31   1   2    45    393
32   1   2    105    268
33   15   2    114    96
34   32   7    72    255
35   30   6    186    148
36   16   5    51    337
37   26   2    44    335
38   5   7    198    375
39   2   5    45    468
40   24   3    198    305
41   17   7    144    410
42   19   7    159    6
43   22   2    10    42
44   20   7    83    279
45   33   4    112    354
46   23   4    28    282
47   3   5    54    31
48   26   7    153    35
49   13   5    63    154
50   8   6    158    109
51   17   2    189    452
52   33   6    192    471
53   43   5    136    226
54   11   6    149    48
55   15   2    155    69
56   16   7    112    189
57   51   2    33    271
58   15   5    134    242
59   11   7    85    65
60   10   4    43    250
61   26   6    148    482
62   9   3    70    300
63   11   5    47    38
64   54   3    56    445
65   47   2    178    66
66   64   2    59    154
67   20   7    104    126
68   9   5    167    138
69   18   6    58    309
70   16   7    78    129
71   68   2    174    386
72   14   2    145    357
73   67   2    110    24
74   41   2    45    430
75   53   4    23    99
76   54   5    171    210
77   6   2    143    171
78   22   7    116    368
79   77   2    114    441
80   42   4    10    36
81   71   6    154    437
82   69   5    185    70
83   28   7    145    448
84   44   6    72    247
85   31   7    82    38
86   65   4    129    72
87   12   5    175    38
88   70   4    166    41
89   29   6    199    40
90   46   2    50    222
91   70   7    118    343
92   59   6    129    104
93   76   6    100    25
94   37   5    186    461
95   62   4    47    115
96   73   5    157    10
97   77   6    121    71
98   94   7    174    20
99   84   4    160    281
100   29   5    76    11
101   33   6    68    182
102   92   7    170    220
103   54   4    151    50
104   46   2    45    415
105   29   5    119    372
106   94   6    199    198
107   92   6    122    470
108   59   6    96    329
109   95   3    47    179
110   7   4    2    108
111   28   7    158    173
112   100   5    110    118
113   63   4    40    417
114   55   3    173    33
115   29   5    97    5
116   74   4    10    340
117   65   4    59    366
118   31   6    172    456
119   109   4    10    369
120   44   2    131    442
121   101   4    20    361
122   29   2    148    435
123   98   4    92    241
124   65   2    60    266
125   70   6    159    55
126   71   3    151    163
127   20   7    20    301
128   91   5    134    367
129   119   2    160    240
130   101   6    129    307
131   113   3    181    231
132   78   2    199    221
133   5   7    122    240
134   85   2    59    410
135   71   6    138    170
136   8   4    71    57
137   55   5    96    20
138   84   5    151    17
139   63   4    119    468
140   13   4    59    2
141   117   7    174    45
142   9   2    84    7
143   36   2    107    472
144   18   2    152    284
145   137   3    106    30
146   118   7    29    158
147   29   6    99    277
148   101   7    175    70
149   117   5    120    82
150   58   2    162    16
151   27   6    73    18
152   54   2    122    173
153   2   2    192    136
154   94   6    32    178
155   24   5    95    462
156   53   6    188    122
157   49   3    80    191
158   49   3    65    446
159   129   3    163    305
160   90   6    27    217
161   27   2    149    267
162   45   4    64    354
163   2   7    34    463
164   89   6    65    105
165   150   6    171    261
166   157   2    63    187
167   108   6    92    238
168   25   3    185    467
169   41   2    144    294
170   1   4    199    459
171   125   7    43    427
172   134   5    186    301
173   66   7    109    205
174   118   2    172    134
175   137   5    140    37
176   33   5    53    494
177   130   7    131    28
178   86   6    171    487
179   59   4    177    374
180   135   5    84    263
181   63   2    48    45
182   145   4    119    108
183   146   2    14    33
184   157   6    42    7
185   25   6    165    18
186   141   3    48    259
187   168   2    143    120
188   59   3    104    192
189   71   4    39    269
190   25   6    137    112
191   71   5    131    170
192   76   4    190    214
193   167   5    133    123
194   69   4    129    435
195   39   4    195    351
196   44   6    71    417
197   118   6    94    212
198   25   4    64    486
199   60   7    77    134
200   25   3    64    119
201   198   6    129    50
202   199   6    15    242
203   169   7    120    64
204   159   6    137    314
205   47   6    193    382
206   61   4    90    250
207   193   5    28    283
208   139   5    76    121
209   78   6    181    339
210   5   6    167    230
211   192   7    188    224
212   46   6    110    443
213   160   7    184    108
214   174   6    48    227
215   210   6    174    19
216   104   2    96    274
217   156   7    60    315
218   26   6    79    158
219   97   4    74    342
220   71   6    162    435
221   169   2    153    285
222   195   5    25    188
223   95   6    58    161
224   45   6    83    206
225   139   4    145    61
226   173   6    40    274
227   122   5    21    400
228   194   3    44    390
229   180   6    21    260
230   192   6    87    414
231   153   4    150    414
232   199   2    120    93
233   58   7    22    462
234   114   2    151    51
235   61   3    55    210
236   205   6    70    210
237   9   6    129    106
238   7   7    73    442
239   144   2    40    9
240   131   6    152    380
241   224   2    146    43
242   146   3    64    94
243   88   6    141    184
244   59   7    48    435
245   179   5    113    356
246   154   2    5    291
247   180   2    199    34
248   11   5    113    189
249   153   6    112    277
250   165   7    76    41
251   232   2    60    416
252   223   5    132    195
253   118   4    153    426
254   31   4    195    381
255   244   4    143    75
256   64   2    3    346
257   3   4    138    192
258   26   2    178    405
259   195   6    157    242
260   158   6    130    167
261   134   4    94    13
262   61   3    43    58
263   221   2    39    19
264   126   2    185    438
265   195   6    157    429
266   5   6    67    423
267   89   6    193    447
268   5   5    182    388
269   22   6    27    421
270   230   3    82    341
271   202   4    117    403
272   49   5    158    395
273   118   3    43    135
274   83   3    145    482
275   232   6    25    139
276   264   6    109    465
277   111   4    132    42
278   190   4    90    490
279   50   2    190    259
280   8   5    92    66
281   226   3    112    203
282   117   6    22    393
283   193   5    63    356
284   114   2    165    459
285   11   7    177    430
286   276   2    157    270
287   7   6    175    203
288   99   3    129    475
289   238   5    180    186
290   175   4    38    479
291   252   6    189    186
292   277   5    74    433
293   16   5    100    158
294   30   2    176    266
295   213   4    162    145
296   89   5    189    188
297   202   2    56    427
298   267   3    137    132
299   184   3    1    232
300   150   5    100    39
301   212   4    18    303
302   88   7    1    406
303   17   4    114    105
304   125   3    151    477
305   65   5    30    345
306   266   7    188    124
307   29   7    40    227
308   9   7    51    84
309   252   7    23    80
310   137   6    10    50
311   307   2    138    265
312   260   3    39    336
313   8   3    46    393
314   164   5    125    7
315   71   2    92    204
316   183   7    136    384
317   284   5    122    208
318   64   2    140    342
319   286   6    21    353
320   120   6    14    409
321   213   4    50    171
322   240   3    126    474
323   294   2    108    249
324   277   5    123    31
325   49   2    173    211
326   31   5    142    469
327   255   7    99    482
328   276   6    38    1
329   113   7    172    181
330   187   5    85    147
331   109   2    59    275
332   183   3    23    158
333   225   6    14    111
334   232   2    23    165
335   249   4    99    309
336   175   5    128    345
337   45   7    151    188
338   94   3    101    142
339   22   7    143    307
340   325   7    140    324
341   92   6    116    78
342   217   6    11    222
343   45   7    161    381
344   205   5    159    103
345   42   4    146    481
346   32   2    32    163
347   79   4    75    55
348   272   5    17    77
349   16   4    10    131
350   53   4    99    296
351   186   7    64    155
352   157   4    37    206
353   117   4    32    472
354   131   6    66    193
355   81   2    83    50
356   148   6    92    193
357   303   4    195    486
