1   0   5    55    7
2   1   3    62    221
3   1   3    126    494
4   2   3    86    353
5   3   7    34    301
6   2   4    22    135
7   3   7    79    367
8   4   6    145    58
9   6   3    140    470
10   2   3    42    123
11   3   3    61    202
12   1   7    95    356
13   2   6    40    107
14   1   2    163    318
15   1   6    183    192
16   12   3    165    479
17   10   6    122    219
18   2   5    198    336
19   8   3    135    233
20   13   3    134    458
21   6   5    197    257
22   6   4    150    338
23   5   5    112    226
24   7   7    22    300
25   8   7    36    166
26   14   4    148    484
27   22   6    18    355
28   15   2    136    189
29   13   3    189    36
30   28   7    127    228
31   27   6    39    460
32   2   3    72    479
33   11   7    28    384
34   23   4    31    65
35   5   6    14    371
36   23   3    58    438
37   19   3    12    239
38   23   3    132    303
39   18   7    80    98
40   18   5    77    168
41   37   6    5    384
42   3   3    93    330
43   37   5    194    393
44   29   5    68    322
45   12   4    153    457
46   3   7    30    290
47   20   7    148    299
48   9   7    3    349
49   9   5    177    108
50   28   3    9    162
51   17   3    45    484
52   21   6    55    276
53   29   3    100    229
54   11   7    194    335
55   10   2    139    120
56   37   7    75    55
57   27   3    96    276
58   13   6    174    46
59   18   3    82    247
60   50   4    131    232
61   4   6    99    36
62   50   6    65    322
63   51   7    154    419
64   14   7    44    167
65   56   7    166    161
66   42   6    75    359
67   46   4    106    192
68   23   5    181    213
69   64   7    84    190
70   32   2    83    411
71   6   6    156    116
72   38   6    28    360
73   15   2    101    115
74   40   2    149    417
75   4   2    175    30
76   12   3    28    149
77   8   5    44    276
78   60   7    165    397
79   46   7    78    272
80   5   2    57    257
81   50   3    103    287
82   34   3    118    395
83   6   5    57    188
84   75   5    15    37
85   29   4    90    210
86   36   2    189    211
87   55   6    164    336
88   77   4    63    98
89   22   7    50    479
90   1   6    165    288
91   24   5    158    190
92   67   3    36    345
93   5   3    122    174
94   20   5    105    277
95   55   4    112    81
96   75   7    167    304
97   81   2    167    200
98   33   7    97    385
99   46   5    40    423
100   11   2    18    425
101   86   3    195    46
102   71   2    124    373
103   72   4    148    53
104   63   2    116    476
105   72   7    77    178
106   13   4    69    255
107   91   6    132    342
108   93   6    37    168
109   27   3    105    417
110   67   2    137    141
111   87   5    104    499
112   69   3    18    457
113   28   6    179    486
114   44   7    14    161
115   112   6    97    440
116   94   4    43    130
117   64   3    69    148
118   98   7    120    269
119   51   5    155    177
120   63   3    177    441
121   86   4    192    154
122   20   2    21    467
123   59   5    199    281
124   20   4    175    109
125   101   4    60    189
126   64   6    93    373
127   101   4    162    444
128   92   5    124    255
129   14   4    11    85
130   31   6    7    398
131   33   5    88    291
132   27   2    185    306
133   112   7    88    117
134   44   6    5    60
135   55   7    6    261
136   7   6    146    396
137   20   4    94    234
138   42   6    56    130
139   86   4    150    407
140   58   4    51    223
141   75   7    153    11
142   60   3    114    283
143   124   6    30    89
144   135   6    71    381
145   3   7    75    129
146   38   4    116    155
147   17   7    114    176
148   6   7    30    365
149   24   2    196    419
150   40   2    28    155
151   46   2    134    144
152   15   6    185    286
153   6   2    169    358
154   107   4    124    50
155   63   2    179    74
156   18   5    121    384
157   7   4    188    315
158   151   5    189    219
159   137   3    173    498
160   56   2    133    78
161   154   5    29    463
162   112   2    152    1
163   14   6    101    423
164   111   6    161    111
165   96   2    33    81
166   108   3    85    254
167   19   2    160    269
168   51   3    139    403
169   12   5    146    383
170   38   7    179    248
171   28   7    187    366
172   106   4    70    346
173   92   3    69    315
174   35   6    94    127
175   84   2    4    321
176   14   4    190    91
177   85   6    33    414
178   140   2    45    197
179   177   4    3    113
180   33   3    73    11
181   110   5    156    461
182   165   5    50    219
183   162   5    63    294
184   78   2    124    354
185   25   7    15    212
186   90   3    57    357
187   7   4    69    184
188   94   7    165    174
189   183   5    63    367
190   31   7    167    74
191   96   6    31    37
192   30   7    99    409
193   6   3    18    374
194   123   6    152    460
195   186   3    128    9
196   189   2    31    105
197   178   4    13    439
198   40   2    94    129
199   90   3    141    14
200   139   5    63    459
201   107   4    82    410
202   153   4    181    347
203   158   4    61    55
204   23   3    5    378
205   153   5    59    57
206   17   2    172    90
207   194   7    20    450
208   58   3    183    6
