1   0   3    42    83
2   1   4    115    48
3   1   3    14    466
4   1   7    84    148
5   1   4    124    243
6   3   6    9    259
7   1   5    3    210
8   6   7    75    310
9   6   2    142    335
10   3   4    121    156
11   8   4    145    97
12   2   5    122    462
13   3   6    133    44
14   3   4    17    304
15   9   7    166    431
16   7   4    109    7
17   1   5    152    287
18   9   6    198    340
19   5   4    129    113
20   11   5    131    490
21   5   7    145    475
22   4   6    131    295
23   2   4    182    255
24   11   2    120    50
25   12   6    55    21
26   1   6    15    375
27   13   4    91    313
28   10   4    89    220
29   26   5    131    34
30   10   5    71    229
31   7   6    177    97
32   11   6    121    469
33   1   5    65    6
34   12   4    103    430
35   3   7    6    396
36   28   6    121    213
37   14   5    8    168
38   7   2    91    438
39   32   3    34    256
40   28   5    66    25
41   7   3    87    250
42   3   4    171    484
43   10   7    84    148
44   40   5    90    243
45   21   4    111    33
46   13   5    106    193
47   41   3    15    309
48   34   5    79    399
49   38   3    171    396
50   14   6    88    214
51   46   2    104    445
52   48   4    175    60
53   21   4    65    447
54   8   5    182    90
55   10   4    126    252
56   25   4    41    39
57   3   6    144    309
58   5   7    186    437
59   4   4    27    107
60   47   5    97    427
61   28   7    97    348
62   25   6    43    111
63   13   7    81    83
64   21   5    76    380
65   41   5    15    442
66   12   4    124    441
67   62   7    119    472
68   50   3    52    496
69   59   6    101    14
70   35   4    34    440
71   27   2    45    182
72   15   7    66    201
73   61   4    45    287
74   35   5    108    54
75   8   7    74    58
76   33   2    18    459
77   60   5    37    260
78   75   2    148    19
79   22   3    165    467
80   61   3    71    229
81   28   7    37    249
82   11   2    71    61
83   52   4    179    452
84   21   6    95    171
85   70   3    144    193
86   44   6    34    280
87   50   7    133    382
88   50   6    20    14
89   4   3    170    337
90   51   7    64    278
91   16   7    199    141
92   8   6    121    421
93   67   7    147    279
94   70   3    141    442
95   44   7    7    238
96   3   2    140    223
97   27   5    35    317
98   49   7    44    21
99   6   4    183    102
100   1   2    152    44
101   83   3    74    82
102   58   7    180    29
103   34   7    59    127
104   6   6    199    62
105   19   6    165    160
106   14   2    35    59
107   60   3    118    317
108   29   7    191    470
109   70   4    54    389
110   30   6    76    191
111   20   4    126    35
112   85   6    94    282
113   108   4    140    384
114   83   4    29    297
115   58   2    171    441
116   76   6    43    487
117   99   7    178    439
118   66   4    23    69
119   114   7    106    450
120   12   4    199    354
121   88   5    164    393
122   22   4    130    198
123   15   4    57    395
124   7   7    61    155
125   9   7    146    325
126   100   7    198    248
127   62   3    39    6
128   64   6    40    362
129   52   4    171    392
130   100   6    79    57
131   29   3    34    468
132   96   6    105    456
133   44   2    100    364
134   94   4    168    165
135   112   3    142    84
136   8   3    105    337
137   116   6    193    293
138   115   7    84    335
139   127   7    61    215
140   32   2    62    3
141   64   2    11    358
142   131   5    12    461
143   40   7    160    246
144   55   7    110    184
145   128   4    114    276
146   56   4    180    179
147   34   4    14    371
148   41   6    86    147
149   17   4    168    253
150   17   4    129    227
151   62   6    126    56
152   135   6    198    380
153   139   4    118    54
154   11   2    62    279
155   130   6    118    184
156   1   2    123    318
157   81   6    75    424
158   23   3    49    473
159   138   3    36    14
160   95   2    25    45
161   127   3    7    356
162   18   3    47    215
163   20   2    56    36
164   156   4    92    235
165   72   6    57    317
166   108   5    85    29
167   14   3    147    497
168   18   7    7    121
169   156   5    169    242
170   135   7    20    371
171   69   2    150    146
172   79   5    54    261
173   135   6    28    390
174   96   3    35    388
175   1   5    174    322
176   61   3    122    267
177   80   2    62    315
178   64   6    154    148
179   113   7    141    240
180   161   3    166    477
181   8   6    81    445
182   136   4    4    404
183   15   6    158    31
184   106   2    109    47
185   166   4    36    341
186   33   6    116    204
187   24   4    51    377
188   166   2    140    54
189   119   5    66    185
190   26   3    65    144
191   112   7    27    474
192   62   7    97    348
193   131   4    81    159
194   119   5    177    176
195   180   3    23    356
196   141   3    77    213
197   15   5    137    25
198   82   4    118    234
199   4   4    182    116
200   75   6    63    254
201   188   5    3    148
202   3   7    161    285
203   174   3    137    274
204   124   5    97    298
205   106   3    108    139
206   125   2    16    3
207   47   7    3    363
208   184   5    165    86
209   89   3    104    59
210   167   3    132    106
211   124   4    67    157
212   106   2    54    486
213   5   2    88    396
214   41   3    154    96
215   88   3    161    110
216   204   4    170    272
217   30   6    98    74
218   22   7    81    360
219   199   3    88    463
220   58   2    124    173
221   207   7    72    11
222   125   5    178    373
223   67   2    50    247
224   79   7    131    354
225   61   2    64    258
226   120   7    10    231
227   36   6    21    88
228   23   5    65    294
229   158   6    116    180
230   128   3    97    168
231   217   4    70    2
232   94   2    99    485
233   115   5    14    134
234   111   7    84    330
235   57   6    86    43
236   120   5    184    32
237   40   2    88    468
238   23   5    139    191
239   175   2    166    177
240   233   7    57    96
241   197   7    144    495
242   190   2    125    257
243   12   2    56    463
244   163   6    1    148
245   24   4    89    325
246   166   4    47    211
247   29   3    3    61
248   101   4    126    307
249   114   3    32    216
250   80   6    119    17
251   33   7    181    289
252   10   2    37    459
253   145   5    196    369
254   130   4    25    271
255   30   6    123    485
256   71   3    98    412
257   193   7    99    14
258   96   3    169    88
259   222   2    110    334
260   30   6    46    162
261   97   4    45    279
262   256   6    102    328
263   135   6    155    481
264   136   7    60    124
265   233   2    152    416
266   224   7    49    50
267   94   4    11    435
268   219   3    174    390
269   233   7    66    295
270   248   6    136    482
271   165   2    50    74
272   142   2    23    459
273   227   6    54    1
274   196   4    1    396
275   63   4    11    283
276   19   3    6    250
277   24   6    92    239
278   105   6    3    266
279   213   6    84    87
280   229   4    158    87
281   77   4    16    91
282   247   5    184    167
283   107   6    2    345
284   276   7    3    25
285   165   5    154    133
286   140   2    136    129
287   212   4    73    376
288   159   6    144    419
289   117   2    25    420
290   221   2    189    254
291   150   3    40    59
292   79   2    1    232
293   112   3    183    411
294   286   4    111    221
295   205   4    35    327
296   241   5    113    246
297   74   3    48    123
298   296   6    82    62
299   108   3    191    335
300   228   3    94    51
301   262   4    191    102
302   219   5    142    469
303   288   2    64    45
304   168   2    192    137
305   107   4    195    267
306   171   2    114    165
307   169   6    75    497
308   174   6    50    145
309   300   4    65    357
310   7   6    63    487
311   192   4    165    184
312   86   3    21    403
313   307   2    158    155
314   1   5    122    267
315   245   5    22    319
316   127   6    83    216
317   281   5    159    275
318   77   2    167    209
319   282   5    43    352
320   147   3    58    61
321   264   2    151    227
322   190   4    34    422
323   228   5    131    346
324   246   2    105    388
325   249   3    2    413
326   308   2    21    221
327   158   2    30    278
328   302   7    116    294
329   49   2    194    229
330   57   5    73    379
331   200   2    57    116
332   227   3    156    286
333   243   7    110    453
334   256   7    114    477
335   30   7    10    115
336   197   3    164    325
337   190   7    188    173
338   140   3    129    266
339   151   7    163    467
340   230   2    124    39
341   306   2    76    256
342   146   2    19    440
343   120   6    115    207
344   136   6    161    334
345   190   5    88    331
346   135   2    177    382
347   174   7    42    230
348   180   6    137    29
349   234   3    126    161
350   14   4    134    3
351   61   6    93    195
352   209   7    106    452
353   51   4    51    333
354   257   2    125    259
355   83   6    178    112
356   202   4    151    53
357   105   3    84    54
358   130   4    35    166
359   224   3    157    251
360   67   4    198    272
361   350   2    188    348
362   25   5    51    169
363   15   5    62    102
364   166   3    133    259
365   133   7    192    61
366   139   7    145    369
367   43   2    87    80
368   205   2    135    175
369   152   6    38    118
370   94   5    94    154
371   129   7    94    243
372   317   7    145    106
373   46   7    11    11
374   324   3    169    310
375   299   6    138    173
376   27   6    169    351
377   174   7    149    134
378   294   7    91    166
379   85   5    86    28
380   27   2    43    283
381   104   3    145    401
382   369   2    181    387
383   36   2    58    491
384   296   3    50    423
385   360   3    187    217
386   89   3    108    329
387   41   2    2    339
388   107   2    185    144
389   78   3    57    195
390   303   4    30    36
391   33   5    12    86
392   45   7    128    267
393   180   6    176    465
394   372   3    135    242
395   75   2    186    300
396   311   5    181    366
397   272   5    40    259
398   258   6    22    268
399   306   2    41    275
400   71   6    119    146
401   387   2    71    450
402   292   7    166    437
403   389   5    197    136
404   305   5    188    366
405   31   7    55    358
406   396   6    52    488
