1   0   2    79    181
2   1   2    11    469
3   1   2    71    43
4   1   7    116    211
5   3   2    90    241
6   4   7    195    197
7   3   4    15    287
8   5   4    42    334
9   6   3    49    314
10   6   5    98    439
11   8   4    25    157
12   6   3    83    127
13   3   4    178    132
14   8   5    135    1
15   12   7    48    422
16   7   2    102    477
17   9   2    158    64
18   14   3    167    53
19   16   6    89    24
20   10   5    76    381
21   18   5    101    275
22   10   3    85    386
23   13   6    196    263
24   9   7    72    118
25   15   3    7    472
26   13   3    185    300
27   8   3    8    191
28   13   5    67    479
29   16   5    73    307
30   7   5    169    455
31   5   2    33    453
32   4   3    182    14
33   8   5    162    316
34   21   7    145    46
35   5   6    89    438
36   24   5    23    10
37   34   5    172    316
38   7   2    196    293
39   20   6    3    184
40   22   7    77    325
41   24   7    102    391
42   9   3    81    100
43   17   6    195    493
44   18   7    66    146
45   15   3    80    326
46   42   4    59    169
47   41   3    52    225
48   3   7    166    138
49   39   2    125    366
50   7   5    61    309
51   36   4    32    168
52   40   7    30    303
53   19   7    104    227
54   29   7    19    63
55   6   4    189    184
56   48   5    57    469
57   5   2    19    418
58   42   7    67    4
59   41   7    99    201
60   49   3    77    400
61   49   5    86    377
62   51   5    127    161
63   19   4    2    6
64   12   5    127    89
65   58   7    4    327
66   47   3    181    298
67   15   5    3    484
68   60   5    111    353
69   16   7    60    239
70   15   2    133    20
71   61   6    151    12
72   28   4    41    90
73   6   2    30    250
74   24   2    43    215
75   61   2    61    64
76   56   5    182    407
77   39   7    150    346
78   39   7    118    485
79   8   6    122    85
80   8   2    189    309
81   31   7    32    488
82   74   5    38    194
83   35   4    82    147
84   70   5    167    77
85   26   6    84    355
86   77   3    80    419
87   64   3    21    455
88   78   4    156    414
89   23   7    125    48
90   65   6    195    82
91   49   4    166    268
92   12   6    101    435
93   12   5    171    167
94   57   3    107    398
95   79   4    197    400
96   27   6    46    257
97   94   2    192    200
98   72   3    129    106
99   18   2    33    216
100   23   4    19    47
101   69   5    192    206
102   63   7    84    204
103   18   4    194    46
104   79   4    118    67
105   37   2    172    178
106   24   6    68    472
107   69   6    158    345
108   33   3    167    249
109   80   2    22    238
110   54   5    163    128
111   2   3    82    31
112   72   3    36    319
113   81   3    105    231
114   102   6    185    134
115   92   5    15    478
116   82   3    92    173
117   87   7    63    268
118   64   7    11    142
119   2   4    63    28
120   62   7    119    345
121   116   7    27    432
122   5   2    179    280
123   29   6    80    63
124   29   3    61    110
125   50   4    44    295
126   72   4    167    8
127   79   6    194    105
128   34   5    57    453
129   10   4    85    66
130   25   4    62    360
131   80   4    49    183
132   40   2    55    201
133   47   4    182    192
134   93   6    17    283
135   61   4    151    138
136   20   2    3    112
137   61   3    185    498
138   16   5    53    195
139   32   5    123    159
140   10   6    181    464
141   41   6    150    337
142   127   7    139    269
143   105   6    63    33
144   71   3    109    38
145   37   4    15    174
146   4   2    17    190
147   117   3    115    113
148   96   7    80    309
149   31   7    34    290
150   7   5    57    174
151   55   4    23    225
152   23   2    164    434
153   133   5    168    457
154   86   4    180    142
155   56   5    184    135
156   47   2    3    205
157   94   3    190    39
158   111   6    36    13
159   123   7    22    257
160   75   4    17    105
161   84   7    19    41
162   118   7    194    216
163   84   4    59    70
164   75   7    149    163
165   3   3    90    179
166   14   4    188    114
167   111   5    9    41
168   105   3    2    53
169   27   6    139    298
170   134   5    172    228
171   52   2    59    367
172   24   6    22    484
173   144   6    107    156
174   171   5    190    138
175   52   2    30    206
176   117   3    5    447
177   117   6    133    53
178   98   6    20    60
179   75   4    72    4
180   151   2    159    205
181   103   4    1    217
182   59   3    122    230
183   102   6    111    136
184   180   2    189    492
185   79   6    117    446
186   67   2    52    486
187   153   4    112    491
188   46   5    76    16
189   57   7    77    298
190   71   4    155    400
191   7   5    81    360
192   98   3    158    474
193   168   4    81    309
194   99   4    129    68
195   67   6    24    188
196   84   2    84    53
197   102   6    7    221
198   57   2    177    360
199   139   7    36    270
200   164   4    153    220
201   45   4    155    414
202   72   7    49    60
203   116   5    108    33
204   168   5    167    107
205   134   2    137    403
206   155   6    84    427
207   6   3    77    101
208   84   6    36    25
209   132   3    75    252
210   188   3    112    444
211   138   6    95    254
212   192   4    64    389
213   56   6    6    361
214   211   4    18    184
215   142   5    3    314
216   9   7    118    363
217   206   7    78    237
218   170   5    139    154
219   181   6    7    42
220   153   5    89    268
221   150   6    165    257
222   45   7    88    259
223   164   3    61    436
224   47   6    3    338
225   126   4    120    158
226   34   4    105    151
227   133   7    134    407
228   75   2    8    108
229   213   2    76    288
230   24   5    193    232
231   219   7    25    192
232   46   4    46    492
233   149   6    176    50
234   155   5    68    271
235   194   3    17    387
236   225   4    133    248
237   208   6    165    485
238   115   2    198    82
239   175   4    138    8
240   141   6    135    8
241   32   2    171    210
242   52   3    178    13
243   112   6    135    52
244   69   2    174    496
245   114   4    2    360
246   126   6    5    118
247   209   3    41    431
248   190   4    21    90
249   160   5    67    385
250   102   5    15    287
251   24   4    127    56
252   154   4    106    385
253   165   4    50    111
254   143   6    86    34
255   34   7    147    360
256   40   7    15    307
257   62   2    148    314
258   124   4    75    405
259   243   5    57    296
260   220   5    84    267
261   145   3    49    274
262   170   5    53    232
263   204   4    14    490
264   120   7    163    239
265   176   2    152    37
266   10   6    59    463
267   157   7    198    164
268   149   6    194    235
269   37   4    141    195
270   78   3    114    369
271   141   7    192    153
272   29   7    122    69
273   31   2    183    223
274   117   2    56    463
275   267   6    28    138
276   39   4    47    190
277   168   4    35    497
278   245   3    97    173
279   44   4    101    109
280   208   4    158    27
281   264   2    6    477
282   159   2    165    496
283   55   3    16    151
284   161   6    38    208
285   268   6    7    470
286   5   5    149    86
287   178   3    13    179
288   256   3    79    66
289   238   7    8    425
290   124   6    181    378
291   95   6    126    393
292   29   5    120    112
293   243   2    84    18
294   176   5    59    397
295   38   3    117    153
296   171   3    166    266
297   158   7    146    10
298   126   3    100    69
299   135   7    83    448
300   158   6    60    210
301   288   4    187    246
302   238   3    191    334
303   212   7    79    16
304   90   6    78    398
305   244   5    46    260
306   134   5    68    248
307   180   2    73    104
308   78   2    69    219
309   73   5    53    261
310   72   5    22    216
311   267   2    14    47
312   241   7    145    300
313   36   2    140    65
314   128   2    179    299
315   204   2    130    27
316   313   5    30    381
317   230   2    45    68
318   250   7    36    366
319   6   3    62    430
320   49   7    109    8
321   253   3    136    353
322   71   4    104    75
323   88   2    140    377
324   169   6    74    192
325   143   3    81    94
326   290   3    114    6
327   42   6    97    356
328   152   3    152    213
329   280   6    1    354
330   272   3    93    432
331   52   4    90    485
332   198   5    95    150
333   73   4    198    103
334   84   3    76    29
335   193   4    151    301
336   204   2    137    387
337   205   6    64    498
338   22   6    87    342
339   144   5    186    347
340   260   4    167    163
341   6   4    194    302
342   72   4    17    182
343   270   3    146    124
344   235   2    173    142
345   97   3    178    199
346   32   3    31    172
347   174   6    144    447
348   66   2    109    475
349   173   5    184    30
350   5   4    30    438
351   289   7    27    228
352   12   4    22    37
353   118   3    83    21
354   249   6    76    219
355   215   4    169    237
356   100   4    88    314
357   307   2    48    117
358   147   2    54    87
359   86   2    176    156
360   195   5    87    11
361   21   4    80    380
362   301   2    27    70
363   140   3    76    492
364   40   3    174    355
365   231   2    118    51
366   18   6    44    395
367   127   7    137    329
368   94   5    4    271
369   367   6    113    318
370   152   6    31    357
371   57   2    157    220
372   230   5    127    221
373   83   4    154    230
374   348   7    79    214
375   348   6    108    492
376   87   7    110    254
377   216   3    6    453
378   262   5    84    397
379   232   7    77    144
380   351   3    127    116
381   253   7    98    32
382   173   7    194    121
383   357   4    167    228
384   146   5    162    88
385   131   2    123    394
386   256   5    129    166
387   122   5    60    43
388   35   2    180    59
389   226   7    161    15
390   263   4    32    5
391   100   7    1    16
392   13   6    7    22
393   21   6    53    57
394   216   3    7    168
395   264   7    109    491
396   104   2    93    177
397   292   3    187    231
398   107   6    38    318
399   32   3    112    29
400   178   2    130    223
401   105   3    148    183
402   29   6    52    342
403   253   2    8    401
404   296   3    116    185
405   266   2    184    215
406   308   7    6    331
407   166   7    94    296
408   342   2    31    491
409   263   6    107    323
410   105   4    5    219
411   307   5    174    122
412   151   7    153    65
413   307   5    157    224
414   53   4    93    487
415   84   5    97    369
416   352   5    190    473
417   408   3    95    8
418   85   2    186    476
419   362   2    157    224
420   154   5    122    396
421   73   6    175    272
422   175   4    66    447
423   275   7    4    189
424   96   7    189    52
425   107   7    51    158
426   108   2    158    40
427   212   3    58    62
428   189   4    63    35
429   187   5    118    441
430   208   2    57    396
431   394   4    107    337
432   235   5    47    34
433   277   7    105    8
434   276   2    175    252
435   194   4    148    408
436   98   7    112    199
437   279   6    77    378
438   353   5    149    363
439   117   5    12    332
440   290   5    182    196
441   302   2    62    380
442   117   2    186    99
443   181   7    120    417
444   261   7    106    286
445   88   5    7    454
446   67   6    52    181
447   135   5    125    69
448   33   6    132    255
449   380   7    152    201
450   247   5    16    497
451   440   7    135    148
452   396   7    73    396
453   358   2    74    455
454   197   3    18    276
455   344   2    47    459
456   417   2    149    347
457   164   3    157    14
458   425   2    163    379
459   294   3    170    129
460   177   6    49    126
