1   0   4    27    347
2   1   3    171    257
3   1   7    115    493
4   2   2    39    495
5   3   4    128    387
6   4   5    123    422
7   5   3    60    378
8   1   4    42    286
9   1   7    145    177
10   8   5    166    264
11   3   7    146    268
12   4   7    147    220
13   7   2    194    78
14   2   2    122    5
15   7   7    124    349
16   12   5    16    315
17   5   2    182    477
18   6   7    11    26
19   4   5    2    138
20   1   7    149    268
21   12   3    147    366
22   8   2    94    49
23   16   6    151    110
24   8   4    107    128
25   11   5    116    323
26   14   5    4    459
27   18   4    74    135
28   2   6    138    499
29   9   5    25    120
30   7   5    183    327
31   8   3    104    257
32   16   3    25    293
33   2   7    197    59
34   11   5    19    68
35   31   6    165    353
36   27   3    171    428
37   23   5    16    385
38   19   2    183    383
39   8   2    10    40
40   32   5    4    6
41   16   7    151    293
42   40   2    136    69
43   7   6    1    207
44   4   3    167    402
45   24   4    147    385
46   20   6    147    175
47   5   7    91    155
48   23   7    130    224
49   3   2    125    183
50   13   5    139    390
51   41   5    127    434
52   18   7    170    379
53   28   2    127    311
54   31   6    93    48
55   29   4    195    206
56   32   5    127    186
57   9   5    104    4
58   54   3    182    315
59   3   6    100    237
60   3   7    139    80
61   3   5    83    387
62   33   6    135    406
63   1   5    180    432
64   55   7    45    251
65   10   6    178    366
66   4   5    30    174
67   5   3    81    300
68   29   6    166    281
69   40   6    78    38
70   38   3    10    330
71   38   6    34    457
72   4   3    145    419
73   67   2    186    25
74   56   7    31    242
75   71   5    85    190
76   33   6    11    205
77   10   2    57    222
78   18   7    122    200
79   55   2    83    448
80   30   2    21    335
81   33   5    118    210
82   39   3    71    347
83   64   7    170    244
84   82   5    45    47
85   69   3    46    52
86   1   3    185    3
87   70   2    142    325
88   17   5    35    374
89   44   6    166    198
90   45   2    128    241
91   81   7    35    161
92   19   5    189    398
93   27   4    65    383
94   82   6    136    148
95   73   3    99    155
96   75   4    168    234
97   47   7    124    3
98   94   2    54    393
99   2   4    91    87
100   74   5    168    113
101   48   7    105    27
102   28   4    104    17
103   87   2    99    371
104   91   4    90    204
105   71   5    115    400
106   52   2    41    64
107   102   2    126    111
108   38   6    74    338
109   106   4    149    477
110   53   5    96    206
111   29   7    88    238
112   78   7    121    120
113   82   6    118    224
114   73   5    175    326
115   25   2    189    485
116   5   5    155    83
117   26   2    172    88
118   33   4    15    184
119   117   7    112    28
120   89   7    46    485
121   53   7    8    438
122   46   3    19    83
123   72   3    195    392
124   121   3    20    403
125   114   7    14    78
126   63   6    132    249
127   117   4    128    423
128   2   5    116    166
129   111   4    59    457
130   50   6    108    434
131   105   5    87    94
132   121   7    108    351
133   88   3    182    141
134   130   2    162    199
135   20   6    127    307
136   106   5    172    289
137   12   2    98    481
138   108   2    80    179
139   39   7    187    389
140   119   2    88    94
141   26   5    163    25
142   86   7    131    176
143   61   5    167    45
144   51   6    141    21
145   128   2    179    419
146   85   5    108    200
147   92   4    64    140
148   126   3    34    338
149   87   2    35    78
150   56   2    161    325
151   123   4    121    28
152   83   6    30    440
153   93   3    175    88
154   53   6    92    288
155   52   3    134    409
156   35   4    190    423
157   124   7    149    109
158   72   7    150    126
159   137   5    127    119
160   153   4    49    7
161   74   2    63    158
162   29   3    141    146
163   40   6    46    238
164   31   2    183    273
165   118   3    174    329
166   161   2    30    343
167   114   3    91    122
168   126   2    92    278
169   30   7    174    258
170   158   2    147    468
171   22   4    27    398
172   104   4    78    392
173   2   4    60    217
174   44   6    147    261
175   35   2    7    313
176   41   4    98    425
177   64   7    154    440
178   145   4    147    105
179   165   6    49    300
180   165   3    155    284
181   164   3    171    90
182   78   3    56    317
183   4   3    143    68
184   100   7    171    24
185   32   5    163    375
186   122   3    162    300
187   9   4    55    410
188   35   5    56    378
189   62   4    23    462
190   76   7    134    3
191   140   7    111    232
192   187   4    123    97
193   55   6    63    216
194   167   4    187    465
195   165   6    10    88
196   158   4    40    280
197   135   7    38    408
198   61   4    61    185
199   167   6    14    3
200   127   3    84    496
201   199   2    128    369
202   121   6    183    455
203   172   6    107    471
204   37   6    97    156
205   15   4    175    300
206   183   7    64    110
207   172   4    115    490
208   102   2    178    128
209   98   7    117    80
210   77   5    29    488
211   132   5    47    211
212   86   7    110    191
213   100   4    100    384
214   28   5    62    77
215   189   2    25    335
216   147   3    130    151
217   24   3    98    119
218   207   2    169    55
219   92   5    177    478
220   139   5    72    424
221   94   5    120    407
222   73   5    190    174
223   213   4    91    56
224   58   7    92    297
225   163   3    49    498
226   114   2    65    369
227   181   3    87    363
228   194   3    153    7
229   103   5    163    28
230   47   5    146    360
231   96   7    181    269
232   2   2    58    165
233   165   6    175    30
234   5   3    75    145
235   233   4    121    257
236   201   4    126    211
237   65   4    20    343
238   228   6    49    239
239   78   2    165    159
240   188   6    22    16
241   103   2    64    56
242   85   4    74    12
243   232   6    189    449
244   11   3    175    170
245   116   4    76    168
246   52   4    50    260
247   145   3    60    18
248   79   6    189    208
249   81   3    105    373
250   234   6    93    155
251   178   5    169    394
252   29   5    119    499
253   22   4    41    220
254   226   3    122    292
255   143   2    144    363
256   77   2    169    253
257   52   4    68    106
258   184   4    104    466
259   248   6    106    9
260   72   3    32    233
261   15   3    116    179
262   65   6    26    398
263   62   5    69    354
264   244   2    188    259
265   245   3    80    239
266   46   2    6    401
267   73   3    66    60
268   74   5    46    376
269   51   4    62    1
270   127   3    57    170
271   3   6    45    475
272   3   4    38    156
273   10   4    32    158
274   47   7    133    378
275   20   7    47    265
276   55   4    8    138
277   134   7    7    93
278   173   6    41    352
279   100   2    159    408
280   275   6    149    53
281   110   3    150    51
282   107   7    32    111
283   8   3    41    61
284   14   4    53    11
285   278   4    92    481
286   62   5    96    344
287   82   3    160    61
288   192   2    24    381
289   153   2    63    496
290   222   3    112    322
291   69   6    195    260
292   30   3    155    483
293   266   6    72    340
294   240   5    84    105
295   117   6    166    234
296   171   5    78    245
297   215   3    60    465
298   23   6    63    126
299   9   6    113    50
300   259   7    170    163
301   198   2    186    429
302   202   2    80    253
303   285   5    98    93
304   204   2    194    353
305   288   7    101    48
306   204   3    144    424
307   243   4    178    468
308   44   3    85    406
309   69   3    103    466
310   92   7    22    381
311   47   5    180    210
312   58   3    146    393
313   46   3    194    427
314   82   2    63    427
315   229   7    81    104
316   82   7    129    278
317   128   5    191    141
318   133   2    89    389
319   141   3    189    137
320   309   4    48    28
321   6   7    187    193
322   68   2    169    250
323   128   7    132    181
324   47   5    119    30
325   118   7    86    83
326   76   7    32    330
327   146   5    71    379
328   291   2    199    493
329   139   5    122    268
330   49   5    22    239
331   121   3    68    191
332   315   6    65    435
333   228   7    117    298
334   237   2    67    209
335   6   7    94    68
336   284   4    78    498
337   283   3    41    410
338   251   5    58    479
339   213   5    198    160
340   254   6    40    355
341   59   2    44    355
342   192   2    188    382
343   330   6    14    74
344   293   5    180    112
345   89   6    185    193
346   162   4    177    48
347   114   6    8    235
348   67   3    79    283
349   331   6    93    179
350   147   5    172    5
351   197   6    19    109
352   218   4    10    161
353   259   2    90    103
354   284   5    34    369
355   145   5    75    148
356   203   5    189    457
357   161   3    165    398
358   183   2    46    11
359   129   5    59    113
360   249   6    110    113
361   113   3    173    381
362   243   6    119    70
363   277   6    26    488
364   106   6    192    479
365   207   5    13    206
366   60   3    181    426
367   233   6    140    111
368   238   7    34    420
369   172   7    154    142
370   245   4    87    81
371   136   4    33    227
372   339   3    121    289
373   110   7    125    94
374   252   6    66    289
375   132   4    66    160
376   280   2    153    84
377   241   5    85    419
