1   0   7    1    122
2   1   3    107    99
3   1   6    9    457
4   1   5    25    234
5   1   3    62    314
6   4   2    50    224
7   1   5    8    365
8   2   3    21    352
9   3   3    83    273
10   5   6    28    239
11   7   7    132    341
12   9   4    195    168
13   7   6    177    140
14   6   7    38    218
15   1   3    187    171
16   11   5    88    359
17   11   3    197    125
18   12   5    37    314
19   12   5    25    56
20   11   5    77    48
21   18   3    160    156
22   5   6    99    418
23   19   3    47    356
24   21   7    15    202
25   2   7    95    335
26   7   3    135    291
27   2   2    48    477
28   14   7    74    66
29   14   7    139    422
30   10   6    195    297
31   5   2    181    378
32   30   3    3    14
33   16   6    140    62
34   1   3    89    341
35   32   6    83    280
36   5   6    105    315
37   10   4    159    313
38   29   7    111    266
39   27   7    156    155
40   17   3    70    341
41   28   6    131    222
42   8   6    119    261
43   5   5    97    272
44   2   2    117    496
45   18   2    9    224
46   13   4    195    239
47   36   2    37    196
48   42   4    76    208
49   26   2    109    259
50   47   2    38    421
51   29   2    62    314
52   9   2    195    65
53   16   4    78    116
54   19   2    148    326
55   36   2    136    159
56   21   7    112    54
57   35   2    127    466
58   28   6    114    102
59   15   6    124    281
60   41   7    140    132
61   46   5    152    100
62   52   2    14    381
63   46   5    106    378
64   55   7    151    333
65   44   2    89    378
66   29   3    178    410
67   55   3    147    348
68   25   4    23    294
69   23   5    179    361
70   66   2    37    452
71   31   4    175    102
72   40   7    78    1
73   7   2    123    301
74   62   4    53    128
75   45   3    139    203
76   7   7    115    496
77   15   3    161    285
78   20   7    57    472
79   22   2    127    457
80   46   3    183    499
81   11   7    97    323
82   16   6    77    444
83   1   4    183    347
84   36   7    156    340
85   63   7    32    462
86   39   4    126    348
87   36   4    40    368
88   30   3    105    197
89   80   4    110    401
90   61   2    141    363
91   13   3    41    278
92   47   4    198    167
93   65   3    158    167
94   48   6    142    88
95   35   6    3    359
96   73   3    141    234
97   9   7    132    163
98   83   7    41    385
99   37   6    78    383
100   1   6    121    157
101   20   7    54    236
102   74   6    124    417
103   32   7    13    348
104   6   5    176    310
105   99   5    61    62
106   93   5    141    446
107   41   6    106    469
108   53   6    85    354
109   97   2    63    128
110   29   5    112    386
111   48   3    131    15
112   95   2    125    390
113   71   6    161    8
114   94   4    81    31
115   72   2    185    394
116   11   7    10    216
117   81   7    134    357
118   27   7    92    388
119   43   6    107    26
120   26   6    122    102
121   75   3    47    43
122   88   7    30    270
123   45   2    116    170
124   34   2    16    488
125   15   5    71    391
126   62   3    16    44
127   89   4    182    355
128   67   7    143    156
129   58   6    109    336
130   4   6    120    358
131   23   7    150    479
132   33   6    118    320
133   36   4    4    200
134   128   3    44    407
135   40   3    112    359
136   59   2    100    90
137   53   6    177    76
138   13   3    32    43
139   7   5    102    201
140   26   6    43    182
141   77   3    162    90
142   71   5    157    450
143   18   6    134    175
144   81   5    189    204
145   74   5    40    14
146   105   4    123    16
147   1   4    126    493
148   79   3    97    87
149   70   3    51    469
150   111   6    118    337
151   111   5    145    350
152   143   2    56    360
153   122   4    197    125
154   7   5    41    496
155   9   4    78    122
156   70   7    55    7
157   62   3    85    121
158   145   6    58    373
159   106   6    7    447
160   73   3    125    371
161   145   2    105    209
162   112   2    4    442
163   116   3    188    418
164   49   4    78    243
165   99   7    179    321
166   146   4    42    192
167   91   3    126    198
168   126   7    73    357
169   53   5    52    10
170   26   2    62    301
171   27   5    143    486
172   119   3    25    276
173   154   6    116    58
