1   0   7    65    58
2   1   3    121    108
3   1   3    132    392
4   2   2    129    265
5   3   2    144    348
6   3   4    124    45
7   1   5    6    268
8   4   7    132    374
9   5   2    15    462
10   6   2    82    332
11   3   2    79    384
12   1   5    83    496
13   1   6    112    113
14   5   7    122    5
15   7   2    10    65
16   14   4    36    4
17   15   3    136    484
18   2   7    181    3
19   16   3    154    280
20   17   7    159    328
21   13   2    46    415
22   17   3    105    302
23   2   4    32    339
24   11   3    175    450
25   11   7    73    23
26   16   2    9    358
27   21   4    148    317
28   23   3    23    101
29   20   3    34    293
30   25   3    13    256
31   4   5    171    116
32   23   5    114    88
33   27   4    189    29
34   18   6    30    482
35   17   4    175    432
36   24   6    189    139
37   20   3    10    377
38   9   3    72    387
39   14   3    183    139
40   35   5    41    404
41   31   7    138    315
42   34   2    163    454
43   18   3    136    3
44   30   4    1    237
45   25   4    141    451
46   6   7    28    472
47   23   3    43    412
48   27   4    197    474
49   11   4    25    82
50   22   3    162    354
51   5   4    161    114
52   1   6    76    255
53   38   3    160    333
54   11   4    25    459
55   10   3    38    237
56   4   7    184    366
57   12   4    62    390
58   44   7    135    437
59   6   7    149    414
60   36   5    150    109
61   39   3    156    351
62   50   3    20    414
63   25   6    44    357
64   55   3    168    192
65   60   2    149    115
66   62   2    98    4
67   43   6    156    464
68   62   3    36    91
69   67   5    199    490
70   11   5    29    89
71   34   6    127    246
72   4   4    67    220
73   10   5    159    213
74   26   6    39    432
75   35   5    130    437
76   23   4    55    346
77   63   2    27    409
78   16   4    14    153
79   50   4    199    429
80   5   5    22    447
81   77   2    49    29
82   3   4    119    359
83   24   7    58    449
84   82   3    94    252
85   47   6    118    289
86   19   6    96    107
87   6   7    186    431
88   46   3    153    84
89   5   4    129    371
90   55   7    131    423
91   22   4    191    255
92   80   3    121    417
93   81   4    169    57
94   69   7    95    368
95   18   6    11    274
96   72   3    47    162
97   41   2    67    131
98   54   2    60    194
99   1   5    67    135
100   77   4    170    2
101   98   2    114    390
102   92   6    147    338
103   79   7    121    412
104   73   4    198    452
105   19   6    127    371
106   43   4    74    99
107   19   6    105    44
108   69   3    109    34
109   66   6    61    394
110   15   6    170    73
111   1   6    69    307
112   101   5    136    142
113   8   5    155    475
114   110   6    60    206
115   2   7    102    2
116   95   5    162    26
117   58   6    60    271
118   102   4    4    432
119   66   2    71    252
120   94   4    17    271
121   45   5    175    261
122   14   3    116    17
123   16   5    199    332
124   30   3    103    456
125   89   6    189    92
126   75   2    24    419
127   31   5    152    7
128   91   3    6    267
129   91   4    45    121
130   100   2    41    360
131   72   3    64    493
132   23   2    106    380
133   17   3    191    194
134   80   3    93    368
135   21   5    39    185
136   51   4    134    431
137   28   6    176    461
138   111   4    90    182
139   110   5    137    214
140   125   7    166    274
141   12   4    182    270
142   84   2    191    316
143   94   2    23    102
144   39   6    123    112
145   62   6    197    350
146   119   4    134    279
147   84   6    130    358
148   114   4    199    76
149   110   7    70    264
150   78   2    193    487
151   84   3    125    208
152   94   2    121    355
153   24   4    122    140
154   117   2    132    84
155   78   6    172    385
156   54   5    108    200
157   31   4    100    75
158   19   4    178    56
159   8   2    151    492
160   137   5    175    361
161   103   6    102    152
162   86   7    6    66
163   118   3    181    101
164   39   7    127    146
165   3   5    56    57
166   50   2    93    45
167   164   3    120    310
168   91   5    173    377
169   27   2    112    388
170   40   7    108    85
171   168   5    143    190
172   31   3    67    361
173   57   7    165    446
174   122   4    10    375
175   142   5    15    361
176   13   5    6    342
177   174   4    67    448
178   130   3    61    468
179   116   5    165    233
180   68   4    81    340
181   35   5    153    324
182   12   6    37    220
183   147   4    108    488
184   14   6    38    152
185   124   3    109    59
186   81   6    35    52
187   113   7    179    216
188   158   3    54    277
189   123   3    108    149
190   68   3    56    476
191   131   2    60    142
192   155   6    125    241
193   113   2    13    486
194   57   4    40    369
195   12   3    105    240
196   106   2    79    30
197   71   5    141    434
198   93   3    8    98
199   80   4    175    430
200   149   6    136    137
201   110   6    84    222
202   27   7    194    27
203   116   4    114    345
204   109   5    128    133
205   146   2    144    315
206   74   5    54    40
207   142   6    52    190
208   37   5    8    382
209   50   3    82    294
210   79   5    168    34
211   67   3    77    464
212   153   5    112    266
213   64   6    181    349
214   56   6    176    215
215   148   3    91    325
216   81   7    140    496
217   204   3    77    285
218   177   4    106    153
219   160   2    11    117
220   147   6    49    198
221   33   5    36    460
222   166   5    96    321
223   205   7    184    14
224   165   3    198    207
225   195   5    91    223
226   124   6    2    213
227   195   4    41    396
228   73   3    87    192
229   170   4    138    76
230   78   2    150    147
231   120   7    41    157
232   48   7    61    113
233   225   7    87    209
234   164   7    51    111
235   169   3    175    17
236   117   4    185    83
237   42   3    95    317
238   170   4    80    259
239   231   5    12    46
240   139   3    104    260
241   115   2    78    239
242   91   3    27    293
243   173   7    73    217
244   60   7    109    364
245   34   7    132    10
246   38   4    67    383
247   44   7    151    227
248   114   3    134    40
249   70   5    51    227
250   97   5    139    322
251   30   2    192    105
252   60   2    159    445
253   103   5    164    303
254   78   7    91    450
255   48   6    72    90
256   42   5    116    448
257   235   2    79    78
258   132   7    150    459
259   203   2    36    91
260   247   4    104    67
261   161   5    33    142
262   109   3    192    115
263   72   4    149    39
264   62   7    39    496
265   64   3    55    492
