1   0   4    92    288
2   1   2    30    331
3   1   7    36    89
4   1   6    16    436
5   1   6    76    394
6   2   2    17    252
7   5   4    184    142
8   4   3    38    307
9   4   6    32    379
10   5   7    47    409
11   7   7    127    463
12   8   3    27    261
13   8   6    71    2
14   9   3    180    484
15   1   7    129    321
16   8   5    15    432
17   8   2    51    337
18   2   5    130    194
19   10   4    159    310
20   8   5    189    15
21   15   7    118    449
22   16   2    28    122
23   8   2    122    31
24   6   4    154    267
25   9   3    116    79
26   23   6    15    241
27   2   3    131    282
28   15   4    112    261
29   20   6    9    290
30   13   3    198    325
31   14   6    185    429
32   17   5    22    6
33   2   2    76    107
34   23   6    190    132
35   7   3    134    215
36   32   3    154    364
37   17   2    81    492
38   12   2    183    307
39   18   3    192    231
40   29   2    194    25
41   13   7    46    269
42   12   7    167    406
43   41   4    60    448
44   38   4    107    436
45   17   2    190    108
46   39   3    52    62
47   40   2    43    352
48   5   5    3    479
49   32   2    114    467
50   36   6    103    192
51   4   2    80    431
52   10   4    162    91
53   4   3    166    5
54   3   6    97    181
55   38   4    64    343
56   30   7    99    452
57   23   7    10    234
58   14   6    8    126
59   24   3    18    319
60   32   5    171    378
61   31   4    150    204
62   44   2    119    37
63   4   5    106    409
64   35   2    81    21
65   18   7    103    157
66   47   7    3    82
67   40   6    119    427
68   14   2    6    92
69   65   3    30    468
70   34   4    167    160
71   13   7    118    369
72   1   4    60    24
73   39   7    68    283
74   45   7    6    233
75   36   6    6    339
76   63   7    106    487
77   20   3    191    63
78   68   7    57    171
79   30   4    135    151
80   47   3    112    150
81   72   2    13    60
82   11   7    117    448
83   34   3    112    298
84   80   2    141    121
85   31   5    190    72
86   3   5    39    265
87   22   5    94    134
88   84   7    115    169
89   84   7    125    425
90   19   4    187    459
91   8   7    11    386
92   76   5    164    44
93   65   6    165    203
94   40   4    114    231
95   48   2    123    235
96   2   3    17    139
97   45   2    23    262
98   57   7    166    68
99   29   5    12    142
100   55   6    4    466
101   10   6    25    408
102   13   2    62    459
103   22   7    41    215
104   44   2    16    177
105   41   2    67    326
106   14   5    118    286
107   103   5    90    265
108   94   5    185    289
109   101   7    53    232
110   97   7    106    277
111   40   4    112    208
112   78   6    101    155
113   30   5    172    229
114   104   2    28    228
115   89   5    182    360
116   107   2    47    406
117   55   7    27    379
118   113   6    56    18
119   79   4    95    359
120   11   7    51    422
121   11   3    107    303
122   78   5    163    254
123   39   4    143    380
124   13   7    100    311
125   16   5    30    341
126   36   3    99    351
127   23   5    185    153
128   57   4    66    14
129   114   2    84    307
130   61   7    189    497
131   92   6    57    281
132   105   2    188    375
133   88   2    150    171
134   84   5    92    454
135   124   6    164    460
136   36   7    154    339
137   61   3    27    297
138   117   2    105    172
139   41   7    153    372
140   138   3    118    199
141   93   2    50    288
142   74   7    79    82
143   95   5    185    186
144   11   2    162    433
145   27   2    197    164
146   13   7    85    257
147   93   2    106    306
148   56   4    113    49
149   25   3    14    40
150   77   4    138    272
151   76   4    66    451
152   21   2    118    206
153   5   2    45    28
154   61   5    105    166
155   151   2    192    269
156   16   5    98    347
157   139   4    103    333
158   93   2    61    430
159   42   5    26    16
160   20   2    32    471
161   122   3    101    185
162   15   4    64    286
163   63   7    180    261
164   69   3    190    367
165   129   6    169    29
166   83   7    34    116
167   78   6    160    407
168   30   7    165    429
169   72   3    44    236
170   86   5    153    411
171   62   6    174    247
172   162   5    145    245
173   69   6    73    273
174   126   3    151    369
175   124   2    115    341
176   126   5    135    312
177   79   6    105    468
178   12   5    188    73
179   111   5    9    312
180   175   6    39    102
181   87   5    63    194
182   168   7    39    20
183   42   4    187    152
184   130   3    190    246
185   105   7    128    134
186   48   6    92    170
187   4   6    114    139
188   127   4    75    258
189   72   4    15    96
190   31   7    55    435
191   82   4    119    290
192   176   6    127    169
193   179   3    85    141
194   136   5    70    372
195   159   6    138    323
196   183   2    136    197
197   167   7    3    19
198   10   3    15    343
199   122   5    110    481
200   62   6    138    205
201   46   4    197    479
202   131   4    149    324
203   8   7    68    498
204   42   4    109    418
205   172   3    187    248
206   51   4    5    494
207   65   4    165    74
208   185   7    65    85
209   198   3    98    368
210   195   3    63    337
211   15   4    158    51
212   18   7    96    213
213   26   7    60    408
214   10   2    75    223
215   81   7    84    163
216   5   3    164    467
217   63   4    34    33
218   56   4    4    164
219   214   4    87    321
220   72   4    39    305
221   153   6    17    104
222   73   2    125    482
223   178   6    37    439
224   162   7    183    283
225   144   6    38    367
226   39   5    25    303
227   112   7    43    233
228   221   2    54    14
229   11   3    63    305
230   26   7    48    82
231   142   2    28    261
232   38   3    52    188
233   229   2    129    161
234   52   3    175    264
235   73   2    132    254
236   121   6    48    8
237   219   6    10    97
238   129   7    167    391
239   146   6    131    74
240   136   7    185    72
241   23   4    47    373
242   171   6    104    450
243   237   3    151    418
244   204   7    6    344
245   116   7    127    345
246   108   6    183    200
247   16   3    29    273
248   101   6    50    136
249   71   5    141    417
250   202   5    96    222
251   39   4    109    60
252   98   3    189    4
253   46   4    43    27
254   191   3    135    55
255   148   5    141    331
256   101   6    23    50
257   14   3    46    185
258   41   4    1    344
259   227   7    27    331
260   146   2    91    299
261   113   5    75    333
262   212   3    37    16
263   6   3    198    247
264   216   7    46    21
265   108   5    100    185
266   4   7    120    495
267   92   2    157    99
268   5   4    153    386
269   261   2    100    331
270   196   2    170    485
271   220   2    196    148
272   220   7    176    348
273   217   3    28    438
274   89   5    45    418
275   133   4    78    228
276   217   3    35    484
277   47   7    148    294
278   64   2    118    34
279   183   2    128    415
280   154   7    109    162
281   41   5    68    207
282   41   7    24    67
283   123   7    69    435
284   134   2    194    78
285   253   4    76    232
286   270   7    155    27
287   204   7    82    35
288   71   5    165    186
289   163   2    4    19
290   150   6    176    68
291   62   7    196    380
292   254   2    87    303
293   40   2    157    50
294   194   7    177    419
295   283   3    185    377
296   71   2    30    108
297   118   4    130    443
298   206   5    113    130
299   220   2    154    375
300   89   5    101    88
301   264   6    41    274
302   104   3    105    95
303   98   3    51    116
304   162   3    49    133
305   301   5    9    457
306   263   3    66    148
307   264   7    104    309
308   170   7    2    79
309   145   7    60    95
310   263   2    101    363
311   288   6    11    433
312   126   6    152    400
313   66   3    152    330
314   70   6    128    323
315   237   3    150    46
316   215   6    130    338
317   196   6    35    140
318   308   2    184    212
319   311   5    185    360
320   98   4    73    120
321   228   4    31    299
322   108   3    22    46
323   46   6    146    75
324   95   6    6    231
325   59   6    187    263
326   81   7    111    77
327   104   7    14    200
328   246   6    195    348
329   141   6    17    319
330   218   2    25    291
331   241   7    188    25
332   46   4    44    409
333   219   3    190    417
334   293   3    127    346
335   278   3    93    209
336   81   5    21    382
337   73   3    59    496
338   192   2    192    270
339   148   6    34    461
340   187   4    69    216
341   239   2    121    444
342   116   2    159    345
343   254   4    23    124
344   42   4    143    223
345   287   3    121    286
346   106   2    123    286
347   63   4    118    308
348   271   4    183    70
349   167   3    133    71
350   42   5    175    4
351   343   2    193    7
352   117   7    176    339
353   112   2    134    329
354   298   7    196    331
355   287   5    57    371
356   126   2    73    192
357   224   5    144    432
358   264   3    98    174
359   114   5    186    393
360   253   7    91    475
361   162   3    180    30
362   185   3    13    9
363   182   2    27    313
364   196   4    132    312
365   286   4    33    360
366   26   5    81    311
367   228   6    85    157
368   38   2    9    199
369   109   7    22    48
370   357   3    60    356
371   168   2    43    138
372   201   7    170    78
373   199   2    128    436
374   160   5    175    335
375   127   5    91    250
376   113   3    58    398
377   91   2    153    79
378   198   3    80    131
379   61   5    109    240
380   184   2    9    323
381   132   7    163    5
382   189   2    125    355
383   248   7    141    66
384   162   5    37    454
385   129   6    3    51
386   371   2    41    175
387   261   6    174    177
388   145   4    17    300
389   81   6    79    213
390   247   3    51    168
391   328   2    116    202
392   368   2    60    178
393   206   3    48    292
394   96   6    166    447
395   276   5    17    248
396   352   4    82    377
397   60   6    117    369
398   388   3    37    22
399   126   4    64    167
400   258   2    33    293
401   236   5    113    336
402   43   7    90    61
403   132   3    130    44
404   382   5    66    188
405   326   5    74    421
406   1   5    112    277
407   290   7    143    271
408   344   3    182    169
409   22   2    73    115
410   370   6    66    73
411   53   2    19    55
412   275   6    130    211
413   257   6    107    494
414   129   7    54    142
415   30   3    71    388
416   133   6    157    400
417   225   6    184    464
418   336   4    96    296
419   15   3    86    434
420   412   2    52    197
421   109   5    189    216
422   262   3    47    72
423   396   2    195    449
424   281   3    143    35
425   141   4    164    433
