1   0   7    10    27
2   1   5    127    133
3   1   6    60    438
4   1   7    33    109
5   2   6    134    354
6   3   4    135    42
7   2   2    26    38
8   2   5    147    417
9   1   3    62    50
10   7   5    127    339
11   9   6    55    279
12   4   3    43    246
13   1   4    164    267
14   5   7    184    172
15   7   2    141    244
16   2   5    146    105
17   15   6    171    497
18   15   6    165    106
19   7   5    14    68
20   5   5    66    158
21   4   6    57    430
22   10   6    100    263
23   12   2    128    357
24   10   4    85    434
25   10   7    6    473
26   15   6    43    185
27   25   2    186    167
28   24   6    73    335
29   7   6    120    45
30   23   2    113    310
31   12   3    157    310
32   27   3    60    109
33   27   7    158    358
34   8   6    174    430
35   26   7    110    355
36   2   5    107    336
37   16   3    7    427
38   20   5    86    113
39   28   2    182    87
40   35   4    62    3
41   9   5    142    163
42   38   4    185    468
43   3   6    123    499
44   33   4    8    7
45   17   4    174    230
46   16   3    96    345
47   35   4    8    347
48   37   6    156    193
49   45   6    157    455
50   46   2    60    3
51   29   3    104    23
52   10   7    82    5
53   23   2    81    487
54   42   5    153    14
55   31   4    107    96
56   28   7    139    28
57   11   4    143    421
58   54   3    37    305
59   22   3    61    393
60   58   3    192    495
61   19   3    66    457
62   49   5    41    69
63   9   7    158    129
64   19   4    160    39
65   44   2    30    313
66   8   7    133    437
67   20   7    172    248
68   42   7    117    439
69   55   2    90    145
70   68   2    86    462
71   43   3    106    243
72   13   5    19    414
73   55   5    133    421
74   12   5    110    339
75   34   5    137    56
76   47   6    71    140
77   54   2    183    454
78   55   5    36    464
79   40   2    128    441
80   9   3    26    29
81   55   3    82    108
82   34   6    28    338
83   3   6    199    30
84   41   4    176    233
85   59   2    146    73
86   20   6    89    127
87   11   4    182    303
88   62   5    63    435
89   76   6    67    52
90   11   5    127    380
91   83   4    101    150
92   29   7    161    92
93   36   6    133    408
94   5   6    10    435
95   65   4    41    296
96   24   6    12    304
97   63   2    110    56
98   32   7    138    255
99   76   3    28    130
100   37   4    59    160
101   73   2    22    157
102   29   7    14    433
103   12   6    4    96
104   57   5    23    248
105   68   6    119    385
106   98   6    112    192
107   43   2    155    226
108   5   6    3    20
109   95   2    24    236
110   31   4    130    204
111   102   6    180    495
112   29   6    183    480
113   6   6    97    118
114   88   7    170    142
115   19   4    105    214
116   24   4    67    44
117   17   4    129    480
118   56   6    168    273
119   82   3    195    91
120   10   6    149    78
121   108   6    147    171
122   45   7    110    489
123   40   4    45    248
124   4   4    47    412
125   33   2    145    19
126   16   6    111    446
127   17   5    190    235
128   125   6    192    124
129   42   7    114    400
130   90   2    45    286
131   64   3    93    136
132   58   5    42    87
133   116   7    4    427
134   116   3    126    399
135   85   5    111    439
136   101   6    15    102
137   59   5    175    380
138   38   7    16    47
139   62   6    167    53
140   38   3    7    472
141   100   3    21    219
142   15   4    190    69
143   43   4    57    200
144   137   6    44    338
145   50   6    173    319
146   134   5    163    96
147   55   7    19    272
148   4   6    120    417
149   142   4    61    456
150   101   5    12    189
151   83   5    174    127
152   48   7    60    129
153   103   5    150    329
154   145   6    186    51
155   147   7    12    123
156   20   6    136    383
157   130   5    33    14
158   153   7    151    282
159   72   4    179    113
160   78   7    168    97
161   142   7    81    491
162   123   6    39    95
163   61   4    53    99
164   6   6    7    410
165   53   3    16    478
166   61   2    92    225
167   52   2    133    140
168   127   2    134    384
169   141   2    112    342
170   48   6    141    28
171   57   6    126    157
172   93   4    135    57
173   83   6    40    237
174   7   4    49    379
175   148   4    15    168
176   41   6    141    343
177   122   4    77    69
178   31   2    157    373
179   74   2    92    311
180   121   5    145    398
181   166   2    185    33
182   171   7    37    231
183   95   4    106    422
184   115   2    77    304
185   118   3    140    421
186   4   6    67    123
187   143   5    87    58
188   85   6    31    105
189   95   5    190    173
190   170   3    27    329
191   86   4    165    281
192   105   3    180    396
193   13   6    111    85
194   43   6    178    164
195   177   6    14    250
196   121   2    11    303
197   38   4    56    9
198   150   7    84    300
199   25   3    22    85
200   81   4    45    221
201   76   5    188    386
202   110   3    143    400
203   48   6    158    9
204   24   6    36    211
205   171   7    183    196
206   120   6    51    10
207   43   2    147    245
208   106   7    24    251
209   121   6    102    53
210   114   4    53    154
211   137   4    153    178
212   138   4    99    43
213   131   6    73    314
214   167   4    8    26
215   52   4    108    438
216   152   7    10    137
217   58   5    32    228
218   180   5    120    299
219   6   6    197    127
220   91   6    105    387
221   109   7    185    77
222   171   5    159    62
223   175   5    133    152
224   213   3    25    53
225   71   2    50    133
226   70   3    159    416
227   78   7    146    109
228   130   3    39    409
229   47   7    81    93
230   139   4    40    327
231   129   6    51    6
232   14   2    34    461
233   20   7    145    84
234   13   6    98    368
235   104   2    170    92
236   126   7    90    260
237   179   4    69    57
238   149   3    135    139
239   196   2    33    330
240   136   2    130    39
241   56   5    55    35
242   186   3    66    450
243   128   6    166    360
244   46   5    55    410
245   124   3    47    153
246   80   7    11    192
247   82   6    98    62
248   207   2    34    225
249   120   2    49    49
250   124   5    181    227
251   134   4    192    281
252   104   3    135    289
253   236   7    109    393
254   168   3    140    481
255   178   4    190    346
256   176   6    65    208
257   78   6    146    481
258   47   4    174    72
259   191   3    68    344
260   243   3    31    314
261   84   6    103    62
262   84   7    117    169
263   147   5    161    240
264   66   7    131    148
265   59   2    86    401
266   51   7    25    410
267   81   6    158    498
268   40   4    194    59
269   89   4    80    53
270   13   7    35    317
271   117   2    197    104
272   33   4    76    487
273   158   6    120    293
274   108   2    3    413
275   152   7    84    252
276   42   3    177    128
277   40   4    99    76
278   231   5    107    473
279   128   7    23    219
280   99   4    47    428
281   11   6    90    265
282   187   7    171    472
283   225   7    174    142
284   142   5    99    166
285   16   2    106    264
286   140   4    19    204
287   81   6    156    151
288   93   4    29    256
289   74   4    156    145
290   175   7    13    359
291   150   4    150    25
292   193   2    39    227
293   104   6    90    307
294   179   6    63    51
295   235   5    47    245
296   160   3    13    469
297   171   6    93    217
298   286   5    48    428
299   212   5    96    429
300   111   7    6    471
301   288   4    124    167
302   211   3    5    467
303   208   7    28    289
304   8   5    3    33
305   117   4    93    164
306   246   2    121    362
307   29   6    188    224
308   60   5    92    78
309   82   6    86    129
310   37   2    72    118
311   209   4    119    405
312   208   6    177    412
313   151   4    33    155
314   213   5    43    167
315   33   4    11    493
316   143   7    69    258
317   270   4    188    61
318   269   6    127    286
319   73   5    166    316
320   50   5    39    234
321   96   4    158    330
322   73   2    139    471
323   138   3    127    25
324   291   3    73    18
325   123   4    115    240
326   169   5    119    486
327   295   2    70    418
328   18   3    159    210
329   199   2    70    495
330   222   3    140    356
331   114   7    46    16
332   299   2    86    45
333   96   2    153    217
334   268   5    26    41
335   287   5    62    397
336   83   5    199    211
337   91   2    46    478
338   140   7    113    317
339   74   3    31    442
340   276   7    40    499
341   133   6    95    83
342   248   5    173    38
343   316   3    88    178
344   156   7    17    7
345   6   2    41    262
346   294   2    19    257
347   234   2    56    185
348   59   6    62    140
349   177   4    194    88
350   18   6    56    183
351   190   2    101    7
352   52   6    20    13
353   105   2    146    218
354   231   7    142    290
355   161   7    152    93
356   195   6    189    314
357   300   7    16    96
358   186   6    129    391
359   263   3    156    409
360   160   4    88    336
361   128   5    165    108
362   283   5    11    364
363   281   5    95    227
364   118   7    62    363
365   357   7    32    384
366   312   2    188    498
367   65   3    196    146
368   173   7    51    430
369   236   3    40    126
370   279   6    11    153
371   366   2    65    111
372   106   6    196    52
373   185   5    139    329
374   74   6    83    205
375   180   2    57    409
376   160   4    160    142
377   149   7    82    96
378   369   6    22    116
379   266   6    65    166
380   220   7    82    241
381   194   4    136    408
382   123   4    198    192
383   44   7    154    248
384   224   5    27    105
385   96   3    57    350
386   240   2    170    443
387   11   6    174    177
388   112   5    183    354
389   248   4    77    285
390   115   4    141    346
391   290   4    158    352
392   366   6    148    111
393   357   7    9    104
394   249   6    103    399
395   94   5    38    117
396   276   5    109    456
397   325   6    155    196
398   204   4    152    219
399   23   5    99    365
400   95   7    94    257
401   205   7    163    452
402   163   7    195    144
403   160   3    148    372
404   119   2    54    9
405   157   6    87    122
406   355   7    132    135
407   262   7    91    498
408   197   5    184    66
409   64   4    77    217
410   60   2    183    192
411   351   7    178    101
412   220   2    142    89
413   374   6    195    246
414   276   3    37    435
415   74   7    13    178
416   71   6    106    413
417   175   7    19    461
418   218   4    184    238
419   245   5    167    80
420   160   6    150    496
421   340   6    16    158
422   417   3    93    487
423   408   6    186    330
424   6   6    199    22
425   34   6    169    206
426   254   2    29    376
427   216   7    155    221
428   118   3    48    313
429   401   2    137    110
430   358   3    131    230
431   370   7    124    423
432   386   2    74    132
433   393   2    146    498
434   113   6    80    255
435   358   6    158    18
436   422   6    179    46
437   113   6    142    104
438   300   5    25    330
439   433   5    85    83
440   411   7    143    13
441   382   2    147    426
442   8   6    178    370
443   198   7    182    430
444   409   2    194    441
445   168   2    105    198
446   235   3    4    384
447   81   3    195    443
448   189   7    54    17
449   410   5    6    291
450   228   2    153    464
451   205   5    143    19
452   99   2    102    481
453   96   4    49    269
454   112   6    169    364
455   403   3    120    165
456   184   2    90    62
457   153   7    57    231
458   256   7    108    290
459   398   7    45    457
460   418   2    45    39
461   445   3    122    120
462   454   5    152    197
463   311   7    3    224
464   312   7    83    336
465   373   5    109    186
466   208   7    97    350
467   321   7    34    57
468   219   3    132    330
469   247   3    60    99
470   429   3    134    105
471   361   2    149    223
472   125   6    77    360
473   238   6    2    11
474   179   7    6    69
475   339   4    11    76
476   434   6    181    329
477   269   3    135    146
478   241   3    85    235
479   49   5    169    22
480   298   4    170    328
481   30   3    148    138
482   413   5    141    416
483   456   6    28    331
484   123   6    103    58
485   439   4    175    40
486   234   4    43    86
487   485   6    45    82
488   61   5    181    72
489   388   5    80    29
490   63   7    166    62
491   26   2    170    45
492   344   3    90    412
493   371   7    5    433
494   85   3    180    62
495   490   3    142    41
496   61   7    100    451
497   355   3    32    454
498   396   3    137    379
499   465   2    193    255
500   194   4    6    219
501   385   5    56    437
502   193   2    185    247
503   65   2    192    308
504   378   3    190    450
505   262   2    195    426
506   504   4    184    40
507   427   2    81    449
508   51   3    121    52
509   336   2    165    144
510   425   5    9    13
511   120   3    180    243
512   333   4    63    491
513   72   3    194    262
514   51   2    136    6
515   109   7    134    172
516   408   6    3    290
517   430   6    166    378
518   12   7    173    158
519   18   2    164    352
520   129   5    160    163
521   482   4    186    94
522   479   4    96    320
523   39   5    73    373
524   124   6    1    36
525   515   4    92    198
526   229   6    101    374
527   89   3    154    383
528   379   3    134    263
529   491   7    54    197
530   209   7    156    206
531   57   4    189    158
532   201   3    147    38
533   356   7    193    325
534   266   3    114    438
535   324   2    46    370
536   120   3    194    490
537   362   7    17    163
538   206   6    128    314
539   37   5    134    408
540   214   7    14    104
541   76   5    32    125
542   325   4    188    454
543   531   2    34    404
544   205   5    35    94
545   370   6    65    298
546   141   2    164    111
547   414   2    49    83
548   102   3    69    295
549   236   3    19    20
550   362   6    44    250
551   86   3    46    268
552   227   4    154    62
553   19   6    87    213
554   3   6    53    108
555   433   4    38    327
556   76   6    176    134
557   70   4    64    109
558   87   5    79    281
559   103   6    51    96
560   497   6    22    416
561   424   3    145    120
562   81   4    128    156
563   512   3    191    114
564   348   2    199    217
565   49   5    26    152
566   193   7    6    211
567   449   6    93    488
568   118   3    7    417
569   34   2    85    355
570   5   5    103    392
571   393   5    123    305
572   212   6    166    241
573   237   7    74    11
574   397   3    122    444
575   265   4    42    471
576   384   3    70    138
577   126   6    76    189
578   405   5    32    146
579   537   4    34    39
580   110   5    43    266
581   397   7    31    12
582   331   4    94    21
583   579   5    140    183
584   393   6    166    203
585   13   5    190    160
586   523   6    161    480
587   407   7    63    117
588   156   4    129    377
589   285   6    154    407
590   282   3    117    124
591   381   5    164    119
592   212   2    31    215
593   473   2    121    19
594   108   7    80    214
595   83   2    150    331
596   58   5    171    452
597   18   6    169    215
598   203   2    4    220
599   142   5    174    164
600   583   5    196    318
601   124   7    54    397
602   107   4    123    408
603   438   4    120    120
604   149   5    151    20
605   535   3    177    488
606   350   3    168    445
607   401   4    43    345
608   204   3    20    342
609   528   4    114    2
610   231   5    177    455
611   73   5    132    215
612   240   3    112    152
613   604   5    51    287
614   244   6    73    384
615   277   2    194    364
616   42   4    164    399
617   509   2    68    20
618   178   7    83    196
619   348   5    37    305
620   344   6    55    444
621   553   5    110    227
622   249   7    82    153
623   105   5    159    93
624   117   6    190    148
625   78   7    93    147
626   105   3    112    412
627   137   3    114    192
628   383   3    122    38
629   368   3    40    197
630   144   2    52    112
631   409   5    146    252
632   85   2    153    85
633   400   6    6    320
634   30   5    196    31
635   584   3    160    145
636   603   5    161    198
637   72   4    8    260
638   322   2    153    72
639   620   7    182    36
640   553   4    88    421
641   606   2    166    147
642   440   4    55    299
643   329   3    64    470
644   153   6    1    358
645   188   5    121    432
646   577   6    13    265
647   524   3    32    471
648   510   7    8    331
649   591   6    19    106
650   61   3    30    331
651   305   6    191    165
652   93   7    99    42
653   241   3    17    90
654   497   3    138    32
655   445   3    144    480
656   47   5    175    163
657   580   2    92    465
658   168   7    66    398
659   423   5    112    414
660   491   3    79    38
661   149   2    38    447
662   373   4    153    14
663   562   2    118    398
664   649   7    197    304
665   340   4    113    361
666   314   5    15    61
667   40   7    149    178
668   300   3    184    433
669   564   7    163    482
670   113   4    151    193
671   635   3    7    52
672   120   5    11    56
673   205   7    188    464
674   391   7    136    166
675   571   7    113    181
676   200   4    62    374
677   359   2    50    475
678   606   3    117    104
679   338   2    47    319
680   300   3    87    469
681   17   4    89    404
682   159   2    54    385
683   204   7    101    436
684   364   2    103    39
685   64   5    92    451
686   57   4    168    83
687   438   6    14    163
688   24   2    8    410
689   298   6    178    48
690   595   3    50    134
691   193   6    17    343
692   112   3    153    314
693   46   6    177    320
694   533   2    182    219
695   60   2    111    90
696   638   6    93    96
697   352   2    1    269
698   590   4    12    241
699   489   6    11    17
700   50   6    9    470
701   121   5    170    198
702   107   6    128    155
703   203   2    107    262
704   627   7    136    46
705   562   2    199    89
706   503   7    62    478
707   325   5    135    202
708   642   4    193    12
709   363   3    11    331
710   562   3    189    425
711   453   4    147    67
712   90   2    124    255
713   569   7    173    228
714   297   3    28    215
715   557   3    122    460
716   274   6    94    442
717   314   2    4    148
718   416   4    122    283
719   272   6    18    186
720   338   2    8    292
721   82   3    14    468
722   277   2    181    482
723   39   6    149    449
724   199   3    77    181
725   543   4    179    453
726   85   4    94    467
727   413   7    179    241
728   142   4    131    207
729   613   5    151    218
730   360   7    118    201
731   128   4    31    143
732   204   5    39    257
733   695   7    167    216
734   440   2    195    142
735   304   4    117    229
736   459   6    51    254
737   605   4    39    202
738   513   7    54    324
739   715   4    97    344
740   321   5    34    237
741   350   4    29    291
742   550   7    159    421
743   296   2    35    68
744   281   4    113    303
745   666   2    43    137
746   730   6    121    347
747   265   3    193    445
748   205   2    95    368
749   583   5    161    476
750   245   2    42    362
751   353   5    69    391
752   589   2    112    65
753   101   2    26    387
754   645   4    168    172
755   352   4    168    332
756   321   7    14    186
757   470   7    68    125
758   169   5    157    397
759   736   4    33    391
760   725   6    38    24
761   152   6    191    55
762   614   6    121    24
763   96   2    100    337
764   51   3    42    318
765   208   5    164    468
766   521   2    144    235
767   359   6    87    429
768   277   7    82    432
769   36   3    159    225
770   754   2    173    44
771   529   7    124    12
772   730   2    176    33
773   100   3    109    296
774   535   7    41    367
775   379   7    20    85
776   635   3    73    217
777   50   3    159    85
778   62   3    59    158
779   550   6    33    259
780   585   2    79    21
781   590   3    108    420
782   703   7    28    306
783   363   2    43    352
784   210   7    77    30
785   541   5    101    476
786   245   5    177    218
787   155   5    148    108
788   101   2    47    121
789   491   3    141    393
790   528   6    128    78
791   161   6    188    176
792   585   7    164    178
793   719   2    161    460
794   214   3    199    111
795   304   3    199    240
796   686   2    39    410
797   66   3    79    394
798   87   4    94    463
799   204   6    79    182
800   436   2    89    431
801   26   3    45    262
802   415   7    199    111
803   397   7    103    322
804   384   7    116    51
805   98   4    17    392
806   760   3    174    155
807   450   4    114    229
808   361   5    35    282
809   374   2    104    303
810   117   6    66    346
811   303   2    81    164
812   438   7    112    426
813   556   4    75    50
814   296   4    124    274
815   213   3    8    271
816   767   5    13    454
817   309   3    162    85
818   334   2    150    18
819   798   2    167    126
820   528   2    195    157
821   468   6    154    454
822   97   7    41    97
823   285   7    161    15
824   231   6    142    128
825   473   3    170    229
826   362   4    24    442
827   783   5    8    284
828   117   6    66    151
829   166   7    128    491
830   188   3    163    468
831   97   6    98    367
832   534   3    157    434
833   103   5    172    425
834   233   6    68    493
835   528   4    33    172
836   407   6    188    56
837   583   7    92    435
838   140   7    153    80
839   749   4    162    443
840   825   3    29    281
841   641   6    190    88
842   265   4    117    449
843   512   5    148    49
844   689   6    138    275
845   231   2    148    113
846   528   3    98    32
847   584   2    54    210
848   136   6    156    193
849   842   4    90    117
850   125   3    146    474
851   461   2    164    229
852   409   7    192    400
853   211   5    59    206
854   401   6    172    301
855   345   6    196    297
856   341   6    18    255
857   220   5    54    224
858   773   2    135    87
859   66   4    1    338
860   485   3    122    316
861   604   4    19    140
862   847   5    39    217
863   9   2    28    396
864   730   4    184    493
865   378   6    169    124
866   626   3    189    364
867   519   4    117    38
868   395   3    189    209
869   473   4    106    433
870   612   3    50    399
871   91   3    24    336
872   752   2    92    9
873   791   4    23    114
874   631   5    91    381
875   748   3    194    327
876   507   7    13    149
877   781   3    85    255
878   782   5    81    429
879   572   5    91    352
880   844   7    145    371
881   301   3    65    13
882   554   6    159    163
883   315   4    149    213
884   733   7    180    205
885   67   4    11    216
886   358   7    174    448
887   252   4    77    24
888   230   6    157    418
889   21   2    194    185
890   3   5    186    393
891   333   2    63    277
892   534   5    110    491
893   682   2    113    189
894   534   3    147    257
895   871   4    106    54
896   797   2    198    163
897   751   6    107    162
898   344   3    190    249
899   869   3    56    82
900   109   7    25    132
901   272   7    35    16
902   185   3    163    339
903   860   7    182    410
904   878   6    29    268
905   694   2    86    116
906   749   3    11    466
907   236   7    126    182
908   586   4    85    401
909   31   7    74    368
910   579   4    15    350
911   728   3    168    351
912   27   2    136    161
913   844   7    139    351
914   541   7    99    189
915   368   5    149    229
916   327   5    111    345
917   623   4    120    205
918   830   3    65    479
919   399   7    43    394
920   458   3    163    382
921   187   6    92    77
922   796   4    175    37
923   562   7    86    186
924   443   5    12    125
925   337   5    92    37
926   743   7    104    397
927   837   6    191    315
928   480   5    25    222
929   885   7    137    125
930   896   3    141    382
931   396   2    89    397
932   746   6    135    189
933   421   5    51    356
934   436   3    66    22
935   588   4    103    461
936   519   5    73    36
937   99   7    79    89
938   608   2    168    422
939   788   2    88    147
940   811   2    12    465
941   145   3    110    354
942   824   5    198    90
943   908   3    152    69
944   863   7    117    357
945   879   4    99    429
946   941   2    113    450
947   866   4    59    183
948   779   2    134    224
949   41   5    167    95
950   877   3    157    351
951   230   3    150    167
952   829   2    194    485
953   148   7    11    403
954   188   6    151    180
955   281   2    197    482
956   41   4    18    310
957   415   4    102    64
958   676   6    156    73
959   396   6    22    155
960   761   4    168    187
961   232   5    84    120
962   63   3    12    302
963   450   2    80    449
964   203   2    48    108
965   506   6    32    13
966   823   4    146    211
967   869   7    115    84
968   926   6    184    129
969   327   3    41    283
970   301   6    174    61
971   518   7    75    244
972   316   5    103    104
973   432   7    181    476
974   882   2    76    379
975   180   3    187    462
976   671   3    4    397
977   891   6    138    333
978   115   5    144    260
979   965   2    176    416
980   764   3    17    190
981   414   4    78    384
982   435   4    52    252
983   595   3    87    160
984   571   7    84    381
985   870   4    36    70
986   732   7    6    120
987   749   3    94    74
988   143   6    12    284
989   742   4    137    196
990   312   5    99    330
991   168   5    51    418
992   196   5    25    139
993   548   3    143    256
994   173   4    43    265
995   799   7    61    443
996   908   3    86    496
997   269   7    68    294
998   129   4    7    110
999   596   3    142    20
1000   59   3    53    430
1001   336   3    43    159
1002   985   5    46    342
1003   797   6    117    77
1004   643   4    193    302
1005   127   3    144    438
1006   294   2    15    481
1007   761   2    118    290
1008   322   3    47    419
1009   593   5    65    314
1010   635   3    107    499
1011   431   3    75    207
1012   1006   4    149    6
1013   73   7    192    2
1014   211   5    185    221
1015   480   3    7    317
1016   795   7    28    18
1017   556   4    189    376
1018   824   3    170    129
1019   670   2    73    159
1020   814   3    129    124
1021   700   6    14    104
1022   152   2    25    388
1023   361   5    167    342
1024   526   5    33    475
1025   504   2    177    396
1026   914   5    143    162
1027   656   7    67    388
1028   551   2    185    428
1029   343   4    126    134
1030   1005   7    125    222
1031   380   7    46    255
1032   549   2    104    194
1033   90   6    97    124
1034   1003   2    175    308
1035   392   5    24    143
1036   291   5    154    243
1037   828   6    77    49
1038   100   6    95    336
1039   382   5    162    416
1040   807   5    192    26
1041   585   5    35    122
1042   16   2    9    40
1043   929   2    181    240
1044   866   5    119    127
1045   178   6    62    115
1046   544   7    125    60
1047   846   5    10    350
1048   173   4    152    428
1049   1039   4    89    478
1050   79   5    109    102
1051   1034   3    142    408
1052   767   6    123    120
1053   789   5    68    80
1054   329   7    91    27
1055   132   6    16    278
1056   134   3    73    270
1057   629   4    104    400
1058   946   4    119    77
1059   246   4    116    139
1060   8   7    21    24
1061   493   4    94    283
1062   457   4    180    40
1063   424   5    123    399
1064   133   2    153    7
1065   1029   2    63    161
1066   1014   5    158    486
1067   246   6    172    184
1068   366   6    7    333
1069   818   2    91    84
1070   718   6    186    64
1071   825   2    67    490
1072   700   7    55    204
1073   463   5    39    373
1074   763   2    156    210
1075   46   2    144    110
1076   525   4    89    398
1077   146   4    129    334
1078   976   6    127    426
1079   498   4    141    141
1080   484   7    176    319
1081   297   3    185    294
1082   633   3    99    202
1083   624   2    71    213
1084   778   4    9    280
1085   92   4    59    65
1086   965   6    168    376
1087   177   6    8    66
1088   410   4    193    479
1089   658   5    20    270
1090   416   3    80    156
1091   167   7    169    298
1092   636   7    153    232
1093   807   5    75    29
1094   694   2    144    240
1095   533   2    7    410
1096   321   6    147    477
1097   155   2    28    316
1098   1058   7    12    149
1099   885   4    170    39
1100   888   5    30    454
1101   915   3    198    43
1102   1094   7    37    450
1103   537   4    141    235
1104   577   5    107    32
1105   639   7    17    453
1106   389   7    112    127
1107   579   3    193    296
1108   637   5    96    203
1109   302   5    63    95
1110   431   7    134    499
1111   364   2    69    366
1112   953   2    40    31
1113   325   5    170    294
1114   1021   6    123    142
1115   126   6    135    209
1116   541   7    7    138
1117   801   6    177    344
1118   350   7    3    371
1119   571   5    173    305
1120   927   2    54    450
1121   586   4    99    495
1122   557   5    83    423
1123   1106   6    6    491
1124   238   5    179    16
1125   141   2    173    52
1126   711   3    169    263
1127   44   2    87    135
1128   19   5    40    448
1129   289   7    170    235
1130   433   4    109    20
1131   868   7    36    27
1132   1012   7    132    476
1133   598   4    91    304
1134   976   3    107    217
1135   1072   3    186    401
1136   798   6    175    367
1137   507   7    160    35
1138   86   4    107    138
1139   843   7    6    102
1140   25   6    152    369
1141   1042   6    114    488
1142   1135   6    192    219
1143   327   5    56    465
1144   984   7    99    95
1145   170   7    113    399
1146   365   2    157    102
1147   1026   4    157    473
1148   1065   4    15    375
1149   312   7    147    274
1150   970   5    36    83
1151   602   3    100    119
1152   719   6    145    148
1153   450   6    83    217
1154   636   7    148    322
1155   968   6    145    376
1156   197   7    3    274
1157   419   4    45    187
1158   605   7    36    479
1159   784   4    79    302
1160   15   4    88    441
1161   373   4    130    150
1162   392   2    64    73
1163   1095   2    11    302
1164   594   4    101    428
1165   1022   2    87    102
1166   363   2    28    456
1167   959   6    46    440
1168   661   3    59    214
1169   927   7    176    43
1170   451   4    36    33
1171   571   6    157    393
1172   340   4    143    355
1173   931   3    141    225
1174   930   5    85    155
1175   1158   4    107    132
1176   100   5    119    450
1177   1105   3    76    348
1178   316   2    140    471
1179   410   6    16    41
1180   743   4    172    80
1181   1122   4    124    186
1182   896   7    54    112
1183   177   7    65    363
1184   1113   4    111    181
1185   106   5    30    57
1186   1181   5    198    340
1187   914   5    158    159
1188   609   5    22    459
1189   431   5    10    140
1190   508   4    126    474
1191   1167   7    159    355
1192   707   6    48    495
1193   384   5    188    367
1194   442   7    62    258
1195   671   6    127    314
1196   1188   4    119    412
1197   862   7    31    477
1198   374   2    97    363
1199   1142   2    12    412
1200   185   5    190    91
1201   1155   2    186    316
1202   1170   2    153    313
1203   882   3    38    430
1204   630   7    150    368
1205   839   2    15    237
1206   164   5    198    15
1207   349   5    140    407
1208   883   6    11    321
1209   938   4    198    167
1210   1039   6    37    447
1211   1119   2    67    440
1212   955   3    119    478
1213   252   7    116    182
1214   867   5    142    241
1215   1179   7    99    67
1216   556   3    169    31
1217   254   7    141    391
1218   1100   7    36    265
1219   178   2    30    292
1220   839   2    89    26
1221   468   6    183    276
1222   879   6    5    126
1223   47   5    26    76
1224   277   5    152    243
1225   407   2    18    46
1226   928   2    8    180
1227   281   2    4    137
1228   178   5    26    290
1229   1081   3    28    464
1230   972   2    38    394
1231   198   5    134    218
1232   175   6    35    150
1233   675   2    80    314
1234   595   6    100    393
1235   457   2    109    190
1236   581   2    66    78
1237   940   3    174    2
1238   1113   7    107    115
1239   298   2    33    229
1240   343   7    132    479
1241   485   4    178    245
1242   184   3    83    361
1243   1109   7    153    74
1244   600   6    139    375
1245   966   3    62    4
1246   1044   2    44    107
1247   841   7    104    18
1248   124   6    2    149
1249   1066   7    7    326
1250   1127   3    141    427
1251   1167   2    133    239
1252   1235   3    163    203
1253   861   2    123    437
1254   1222   6    127    66
1255   694   5    148    113
1256   750   2    167    209
1257   1167   2    160    392
1258   281   3    175    397
1259   963   7    87    47
1260   903   5    156    416
1261   722   4    185    314
1262   247   2    78    387
1263   525   5    189    486
1264   830   7    71    126
1265   1019   3    119    403
1266   428   7    160    1
1267   424   2    61    210
1268   604   5    194    269
1269   436   7    25    484
1270   394   6    165    201
1271   286   7    123    79
1272   226   5    160    491
1273   780   5    83    457
1274   1255   6    125    129
1275   680   5    25    229
1276   200   3    173    369
1277   614   6    56    125
1278   216   4    112    216
1279   1033   2    18    316
1280   1072   4    195    255
1281   309   4    186    42
1282   462   6    91    177
1283   486   2    178    314
1284   374   7    100    115
1285   642   2    61    82
1286   1095   7    172    79
1287   768   7    69    281
1288   728   2    191    225
1289   430   5    52    416
1290   1141   6    75    438
1291   1188   5    104    370
1292   807   2    57    398
1293   355   5    21    123
1294   1074   5    26    478
1295   862   3    176    31
1296   1195   7    120    68
1297   37   4    35    348
1298   805   2    127    39
1299   1279   4    38    387
1300   347   7    108    272
1301   838   3    34    10
1302   858   7    173    276
1303   698   5    93    459
1304   937   7    20    75
1305   599   3    93    438
1306   280   3    186    464
1307   446   6    26    232
1308   1122   6    151    107
1309   1137   4    68    421
1310   548   3    186    179
1311   822   7    100    444
1312   639   5    67    404
1313   735   5    174    198
1314   799   4    37    482
1315   68   2    198    270
1316   795   2    97    4
1317   1235   3    93    233
1318   795   7    87    265
1319   302   3    150    430
1320   1215   5    4    457
1321   258   3    33    321
1322   374   7    127    97
1323   549   3    96    357
1324   754   2    113    334
1325   767   3    31    39
1326   1028   6    150    471
1327   1170   4    86    235
1328   1270   2    191    129
1329   267   6    136    76
1330   348   6    9    489
1331   255   4    35    56
1332   741   6    133    291
1333   1133   7    57    394
1334   1222   7    26    345
1335   154   2    120    327
1336   193   5    195    173
1337   844   4    182    44
1338   127   7    97    201
1339   1254   6    70    377
1340   926   3    2    375
1341   135   7    42    399
1342   382   7    135    392
1343   90   2    166    390
1344   844   4    74    394
1345   303   3    144    77
1346   876   2    177    336
1347   719   5    34    143
1348   740   6    116    296
1349   1061   6    196    465
1350   119   7    185    51
1351   1008   3    93    395
1352   1168   6    45    499
1353   851   2    199    284
1354   244   6    126    198
1355   283   5    14    294
1356   719   2    118    103
1357   176   3    171    175
1358   121   7    61    373
1359   521   5    43    425
1360   498   5    64    15
1361   1091   5    184    180
1362   810   2    158    361
1363   1208   4    112    177
1364   1353   7    152    65
1365   942   2    34    63
1366   504   6    76    76
1367   399   3    124    151
1368   831   3    108    297
1369   778   5    182    439
1370   473   7    87    333
1371   48   7    191    305
1372   752   5    145    128
1373   695   4    199    343
1374   631   5    122    356
1375   1102   6    194    497
1376   929   2    112    81
1377   1037   4    150    69
1378   514   2    26    79
1379   1099   6    5    237
1380   398   4    7    236
1381   475   4    186    42
1382   720   3    136    286
1383   354   2    160    423
1384   1015   2    85    373
1385   360   2    60    244
1386   407   2    182    392
1387   962   7    57    121
1388   702   6    102    481
1389   718   5    32    5
1390   1199   6    156    232
1391   536   7    20    283
1392   1212   7    169    48
1393   306   5    189    78
1394   752   3    158    138
1395   908   3    93    440
1396   896   7    101    418
1397   994   3    50    88
1398   920   6    132    72
1399   268   2    93    210
1400   859   5    100    313
1401   906   3    158    273
1402   489   6    149    238
1403   519   4    1    388
1404   386   6    4    62
1405   394   7    120    271
1406   485   7    9    204
1407   948   6    57    27
1408   602   2    21    69
1409   797   5    29    289
1410   352   3    189    30
1411   458   5    2    248
1412   740   7    128    495
1413   453   7    103    46
1414   704   7    180    409
1415   17   2    47    327
1416   568   4    185    439
1417   147   4    125    394
1418   443   6    68    464
1419   429   3    87    270
1420   357   4    72    451
1421   577   6    150    146
1422   311   3    131    496
1423   638   5    116    60
1424   989   6    44    6
1425   1350   3    91    41
1426   695   2    179    188
1427   1188   3    17    147
1428   522   3    11    493
1429   1102   5    121    293
1430   75   5    36    366
1431   1198   2    78    311
1432   1095   7    117    30
1433   263   7    78    233
1434   1396   4    112    199
1435   251   2    52    215
1436   1332   5    101    285
1437   467   5    191    273
1438   283   6    150    374
1439   1218   5    130    73
1440   269   6    170    405
1441   53   2    48    340
1442   1142   2    167    475
1443   276   3    192    149
1444   811   6    105    134
1445   1139   2    40    282
1446   1351   2    187    207
1447   1034   5    46    408
1448   1286   6    48    108
1449   375   7    59    108
1450   376   4    94    31
1451   145   4    102    104
1452   1159   3    152    453
1453   816   5    32    168
1454   580   7    143    240
1455   1280   7    121    13
1456   153   3    154    84
1457   1166   4    120    197
1458   475   7    148    307
1459   1416   4    65    381
1460   65   7    144    308
1461   105   6    130    475
1462   176   7    143    131
1463   973   6    195    259
1464   184   3    18    289
1465   1409   3    78    214
1466   163   6    165    294
1467   308   6    99    356
1468   1263   4    60    144
1469   1432   5    151    479
1470   176   6    63    436
1471   1236   6    74    297
1472   977   3    172    401
1473   766   4    85    394
1474   545   4    105    455
1475   705   5    25    182
1476   251   4    65    112
1477   151   2    32    405
1478   867   4    189    488
1479   1382   3    20    487
1480   250   2    138    278
1481   1186   5    138    44
1482   130   3    190    264
1483   552   3    31    21
1484   622   2    112    387
1485   745   6    16    398
1486   823   6    48    496
1487   942   2    173    407
1488   990   3    135    409
1489   825   4    58    349
1490   1200   3    178    109
1491   1110   7    107    135
1492   549   7    64    278
1493   967   3    137    218
1494   267   3    154    362
1495   98   4    60    284
1496   880   7    10    224
1497   673   4    173    298
1498   1306   3    24    443
1499   1048   3    5    208
1500   789   7    188    412
1501   863   4    28    98
1502   898   5    69    427
1503   1217   5    63    309
1504   421   2    160    30
1505   955   7    111    54
1506   1238   5    62    344
1507   523   4    122    153
1508   1356   6    178    21
1509   625   4    109    81
1510   1172   4    17    360
1511   1293   4    5    280
1512   647   6    150    329
1513   318   6    132    490
1514   942   6    130    325
1515   1052   6    133    125
1516   1147   5    191    322
1517   1066   5    8    65
1518   958   2    13    85
1519   1475   5    69    304
1520   780   7    185    143
1521   1270   7    181    282
1522   678   5    99    479
1523   1012   5    102    191
1524   874   3    38    430
1525   1187   2    28    422
1526   696   3    71    173
1527   1238   2    165    332
1528   830   3    190    443
1529   925   3    106    33
1530   707   3    144    141
1531   866   2    97    486
1532   777   4    54    204
1533   868   6    190    268
1534   392   6    4    139
1535   1361   2    93    67
1536   698   6    172    84
1537   451   5    184    89
1538   927   6    78    11
1539   863   6    52    173
1540   753   5    133    224
1541   1439   4    170    20
1542   501   6    5    38
1543   308   7    3    428
1544   238   3    194    333
1545   257   2    89    152
1546   1341   5    84    345
1547   899   3    75    23
1548   358   6    176    387
1549   878   5    67    280
1550   1493   2    170    79
1551   777   7    189    439
1552   92   5    78    72
1553   1074   7    54    275
1554   583   2    56    479
1555   149   2    87    303
1556   309   7    159    432
1557   907   5    10    73
1558   890   3    194    488
1559   489   5    42    322
1560   1105   3    22    294
1561   1421   5    48    307
1562   656   7    136    71
1563   232   5    189    195
1564   1119   2    191    169
1565   1216   2    113    120
1566   647   6    18    488
1567   200   2    9    470
1568   897   7    198    179
1569   403   3    191    305
1570   1133   2    42    438
1571   946   2    30    487
1572   780   5    55    444
1573   1536   5    84    43
1574   1302   2    160    477
1575   21   2    117    456
1576   851   6    16    464
1577   607   7    114    315
1578   1465   6    168    495
1579   569   3    25    380
1580   514   3    109    298
1581   467   3    79    102
1582   26   6    186    379
1583   186   6    28    142
1584   629   2    99    335
1585   691   5    108    146
1586   1160   4    167    466
1587   70   4    134    211
1588   1306   7    16    243
1589   485   7    181    285
1590   642   4    66    93
1591   591   6    158    462
1592   539   7    110    446
1593   174   5    92    11
1594   70   2    54    412
1595   490   6    50    381
1596   415   7    21    311
1597   375   2    136    406
1598   531   2    1    329
1599   1360   2    82    139
1600   1458   5    44    58
1601   1021   2    172    288
1602   701   3    61    161
1603   1187   3    62    292
1604   607   6    196    110
1605   657   6    73    34
1606   669   4    54    494
1607   1194   7    181    243
1608   870   2    59    68
1609   767   6    50    464
1610   211   7    156    17
1611   696   5    33    166
1612   1124   2    8    72
1613   733   6    32    182
1614   435   3    167    68
1615   1227   4    67    302
1616   1165   3    8    476
1617   1045   3    64    169
1618   1317   2    28    208
1619   1058   6    113    156
1620   1331   7    191    445
1621   667   6    71    376
1622   412   7    172    310
1623   540   4    49    296
1624   334   7    73    12
1625   227   7    168    39
1626   1105   4    15    231
1627   1607   7    122    150
1628   269   7    164    152
1629   590   7    193    297
1630   619   5    32    138
1631   551   4    98    33
1632   398   3    81    402
1633   267   3    146    469
1634   850   6    93    112
1635   1350   4    85    297
1636   1004   3    195    476
1637   583   7    169    325
1638   25   6    72    338
1639   367   7    96    294
1640   959   2    174    70
1641   659   4    168    169
1642   813   4    103    131
1643   1545   7    91    135
1644   693   6    85    197
1645   1445   3    112    242
1646   1030   3    134    413
1647   1362   4    60    33
1648   1310   6    9    429
1649   54   6    117    433
1650   1217   4    13    102
1651   909   6    137    462
1652   885   6    127    330
1653   1034   5    4    476
1654   894   3    121    253
1655   933   2    140    393
1656   661   5    199    127
1657   396   5    24    404
1658   930   3    41    154
1659   1188   6    39    488
1660   1012   3    97    411
1661   1481   7    163    231
1662   125   7    47    15
1663   1149   4    168    2
1664   774   7    74    172
1665   60   2    163    479
1666   830   2    13    268
1667   681   6    105    2
1668   1561   6    179    274
1669   1202   5    89    341
1670   1573   2    101    54
1671   137   4    171    84
1672   1364   5    188    13
1673   158   7    121    151
1674   1080   5    186    216
1675   1166   7    74    495
1676   1364   7    108    67
1677   684   2    196    244
1678   746   3    143    407
1679   1037   2    36    299
1680   522   3    173    73
1681   1112   3    144    251
1682   576   2    168    362
1683   1028   5    183    445
1684   971   6    71    260
1685   1192   2    33    69
1686   1002   3    116    375
1687   812   3    171    84
1688   849   2    77    466
1689   772   2    28    156
1690   1667   5    15    40
1691   593   2    13    59
1692   541   4    128    307
1693   1655   6    62    385
1694   1674   3    21    306
1695   57   5    123    257
1696   1355   5    15    143
1697   404   5    17    377
1698   781   3    83    280
1699   778   6    146    455
1700   1338   4    149    465
1701   964   4    77    460
1702   959   3    66    41
1703   292   7    56    446
1704   724   2    184    334
1705   1319   5    183    84
1706   795   7    168    337
1707   1662   7    151    158
1708   104   2    166    363
1709   1395   2    192    16
1710   1199   7    158    33
1711   1172   3    154    129
1712   1363   4    141    11
1713   912   3    169    299
1714   1317   7    37    436
1715   550   7    81    428
1716   1705   7    107    415
1717   766   7    176    358
1718   1433   5    97    265
1719   1188   7    43    125
1720   664   3    114    185
1721   715   5    159    214
1722   783   5    58    432
1723   1366   4    58    410
1724   27   4    103    301
1725   971   7    70    64
1726   1481   4    169    168
1727   1575   4    60    329
1728   1052   5    28    445
1729   454   2    45    367
1730   280   5    23    223
1731   1191   3    19    430
1732   1533   6    153    159
1733   91   4    141    63
1734   609   5    141    351
1735   964   2    70    17
1736   478   3    105    325
1737   982   4    18    31
1738   1638   3    90    310
1739   1306   5    132    350
1740   1504   7    63    443
1741   421   3    11    17
1742   957   6    137    443
1743   107   6    36    204
1744   652   7    113    321
1745   624   6    159    23
1746   1450   7    49    306
1747   1305   4    46    498
1748   50   4    162    68
1749   919   6    60    121
1750   1499   3    121    436
1751   1458   5    133    72
1752   1005   3    3    204
1753   1117   5    120    321
1754   586   5    30    57
1755   429   4    123    338
1756   769   2    157    396
1757   1100   2    159    398
1758   254   6    163    48
1759   1090   4    164    209
1760   1576   6    109    29
1761   379   2    59    377
1762   145   6    120    268
1763   976   2    153    39
1764   507   4    57    256
1765   774   7    4    326
1766   334   2    150    19
1767   481   2    30    156
1768   217   7    115    35
1769   1074   7    72    398
1770   1625   3    154    498
1771   795   5    159    78
1772   587   7    24    301
1773   125   6    174    386
1774   99   4    65    462
1775   409   7    170    228
1776   80   2    167    328
1777   520   3    78    365
1778   780   5    122    178
1779   775   2    182    440
1780   172   3    151    485
1781   1551   6    64    227
1782   1251   7    129    414
1783   1534   5    141    272
1784   64   2    38    73
1785   1764   4    127    322
1786   1730   7    144    145
1787   580   2    57    184
1788   265   2    21    127
1789   1596   6    194    152
1790   208   2    128    313
1791   1436   6    186    280
1792   1560   5    181    60
1793   291   3    198    61
1794   94   4    29    202
1795   190   2    86    323
1796   1699   6    190    40
1797   1186   7    115    54
1798   1666   6    54    346
1799   337   5    133    126
1800   1189   2    16    419
1801   287   5    176    367
1802   370   4    171    467
1803   1040   2    3    397
1804   1407   4    27    272
1805   1697   5    192    437
1806   772   2    48    30
1807   716   4    8    168
1808   291   2    134    441
1809   1560   2    160    23
1810   992   7    95    323
1811   1680   2    48    274
1812   1307   7    149    343
1813   1535   3    67    64
1814   408   2    167    403
1815   921   5    196    355
1816   824   3    43    452
1817   1289   3    69    226
1818   1680   3    112    463
1819   91   4    46    355
1820   1230   5    198    78
1821   559   5    174    22
1822   1055   5    181    134
1823   664   5    60    159
1824   901   2    84    410
1825   1014   4    123    341
1826   1479   6    111    138
1827   436   5    65    46
1828   1664   4    163    68
1829   163   6    160    156
1830   102   2    150    99
1831   1676   2    141    172
1832   1379   7    101    30
1833   462   3    163    64
1834   1745   2    195    297
1835   159   4    102    362
1836   110   7    106    219
1837   1305   5    65    6
1838   1151   7    63    316
1839   734   5    14    445
1840   832   4    147    403
1841   1740   3    182    133
1842   788   2    193    179
1843   482   4    56    134
1844   1272   3    72    189
1845   949   6    31    17
1846   1502   3    198    272
1847   303   5    81    384
1848   745   3    61    342
1849   738   6    182    279
1850   329   2    42    445
1851   902   2    101    301
1852   578   6    6    452
1853   414   7    135    265
1854   340   4    3    359
1855   38   7    81    174
1856   1770   7    34    203
1857   1383   6    99    421
1858   1332   5    168    48
1859   1318   2    51    486
1860   1458   3    56    263
1861   942   7    6    179
1862   1377   7    119    361
1863   794   7    148    372
1864   1152   6    142    196
1865   418   7    196    427
1866   707   7    5    385
1867   1650   6    104    212
1868   1150   3    12    387
1869   422   4    53    248
1870   936   6    150    163
1871   164   6    156    261
1872   1417   7    111    408
1873   868   4    15    35
1874   1848   3    126    217
1875   582   4    80    469
1876   264   5    56    342
1877   1835   2    76    62
1878   334   3    41    376
1879   1130   5    17    377
1880   25   2    10    97
1881   709   6    73    459
1882   1053   3    79    103
1883   214   3    33    339
1884   945   7    154    7
1885   1009   6    139    499
1886   940   7    144    131
1887   1618   6    52    223
1888   49   4    36    149
1889   1722   2    145    452
1890   227   7    146    356
1891   151   7    57    426
1892   1856   2    12    361
1893   1535   4    128    29
1894   1014   3    82    7
1895   478   4    177    473
1896   71   3    5    459
1897   1592   3    15    245
1898   474   7    75    282
1899   1104   4    5    437
1900   814   5    99    53
1901   1396   7    111    242
1902   1413   7    192    305
1903   668   5    194    156
1904   441   2    190    263
1905   752   6    55    406
1906   156   3    134    132
1907   1785   5    17    464
1908   1035   5    183    247
1909   1837   6    11    108
1910   460   6    27    69
1911   713   7    171    14
1912   87   3    145    459
1913   1596   4    6    80
1914   779   6    29    94
1915   1748   6    195    10
1916   1616   5    154    166
1917   1483   3    184    97
1918   514   7    175    180
1919   975   6    180    408
1920   1124   2    125    315
1921   1451   2    197    34
1922   1209   5    80    119
1923   1600   3    189    418
1924   1105   4    102    369
1925   153   3    74    221
1926   812   4    77    85
1927   1032   4    109    470
1928   1105   6    36    261
1929   575   6    196    40
1930   1379   5    15    278
1931   151   3    129    305
1932   723   6    120    409
1933   1746   5    144    290
1934   912   5    26    458
1935   1439   3    67    464
1936   684   7    25    480
1937   1084   7    23    286
1938   1099   2    138    267
1939   152   5    112    20
1940   1230   2    57    342
1941   1420   7    90    324
1942   488   6    32    488
1943   225   7    18    263
1944   665   2    55    204
1945   915   4    144    305
1946   253   4    89    344
1947   1403   2    179    19
1948   627   2    123    54
1949   79   2    6    435
1950   1227   6    170    313
1951   1812   3    126    13
1952   1224   5    86    418
1953   414   3    86    19
1954   1235   3    12    183
1955   642   4    145    162
1956   630   2    76    254
1957   94   7    112    494
1958   1328   3    119    338
1959   1951   2    47    208
1960   1406   4    134    281
1961   1086   5    164    140
1962   1287   7    149    361
1963   575   3    118    238
1964   878   6    93    357
1965   1444   2    138    243
1966   902   5    125    444
1967   806   5    153    186
1968   1238   4    75    432
1969   1959   7    131    494
1970   1060   3    188    148
1971   677   2    57    497
1972   1571   2    19    329
1973   1370   7    24    234
1974   1085   3    140    348
1975   1662   5    60    78
1976   1720   7    36    181
1977   1350   5    152    80
1978   1319   5    75    333
1979   130   3    19    407
1980   1534   2    108    153
1981   1498   7    63    199
1982   1117   4    114    262
1983   1156   3    169    170
1984   871   2    196    10
1985   1010   3    129    15
1986   1517   5    18    481
1987   156   6    144    473
1988   663   7    55    351
1989   335   7    48    182
1990   1387   7    175    355
1991   1524   4    49    201
1992   926   5    160    10
1993   1636   6    74    291
1994   1904   2    35    335
1995   180   7    119    264
1996   1480   5    105    145
1997   66   5    43    454
1998   1991   7    117    70
1999   34   4    147    24
2000   1831   4    112    330
2001   621   4    68    90
2002   608   3    143    224
2003   1503   5    34    382
2004   1690   2    190    27
2005   1454   2    168    242
2006   1915   7    192    459
2007   492   6    189    108
2008   1757   6    105    80
2009   429   7    56    280
2010   767   4    84    194
2011   884   3    113    227
2012   1495   6    194    451
2013   904   4    133    153
2014   1022   6    3    111
2015   730   2    166    288
2016   1199   5    120    271
2017   837   3    49    218
2018   182   5    90    117
2019   1567   3    51    413
2020   1181   5    65    431
2021   1909   7    20    353
2022   695   3    191    36
2023   350   6    45    338
2024   1080   7    144    325
2025   79   2    31    240
2026   1195   2    91    256
2027   1308   7    94    197
2028   1081   2    107    294
2029   1494   6    130    263
2030   1745   2    44    346
2031   1374   4    38    366
2032   206   2    91    131
2033   438   5    24    281
2034   1532   2    44    276
2035   618   7    11    466
2036   982   2    21    479
2037   1288   7    90    13
2038   1680   2    193    126
2039   840   6    95    76
2040   1461   3    87    148
2041   427   4    19    433
2042   681   6    52    82
2043   1388   5    56    60
2044   942   3    162    495
2045   577   4    195    314
2046   521   4    127    156
2047   1150   6    25    113
2048   482   2    9    152
