1   0   7    20    47
2   1   7    80    105
3   1   5    83    256
4   2   4    27    453
5   3   6    69    144
6   3   3    180    159
7   3   6    140    497
8   4   7    41    20
9   6   3    110    179
10   7   6    197    368
11   3   6    19    168
12   9   3    140    73
13   4   2    16    78
14   1   7    13    21
15   1   2    114    427
16   7   5    167    178
17   15   4    127    354
18   7   2    22    145
19   4   3    114    239
20   14   2    97    158
21   14   2    44    227
22   5   2    22    354
23   2   4    100    21
24   2   4    93    155
25   11   2    53    75
26   5   6    3    360
27   21   4    99    199
28   6   3    145    102
29   4   4    91    248
30   25   3    183    475
31   21   5    107    441
32   20   5    11    285
33   5   3    49    192
34   20   7    99    53
35   5   5    114    392
36   19   4    3    210
37   9   7    107    465
38   11   2    130    347
39   16   4    28    143
40   26   5    186    44
41   2   2    63    165
42   30   3    82    194
43   26   6    60    212
44   38   3    186    321
45   16   3    41    283
46   7   5    84    315
47   17   7    64    320
48   28   7    26    362
49   45   6    68    225
50   14   2    45    148
51   39   2    75    408
52   17   3    29    202
53   33   5    107    33
54   50   3    125    50
55   41   4    40    181
56   13   5    89    292
57   6   5    113    311
58   24   2    150    472
59   41   5    43    284
60   17   3    53    130
61   59   4    39    213
62   10   4    36    494
63   28   7    74    334
64   22   5    46    489
65   50   7    184    8
66   47   3    50    418
67   47   2    54    236
68   12   3    30    341
69   53   6    38    329
70   13   7    32    120
71   28   2    59    34
72   24   3    184    296
73   44   5    48    50
74   47   7    56    497
75   25   2    165    167
76   74   3    189    241
77   51   5    63    76
78   31   5    63    89
79   29   4    68    193
80   72   4    50    114
81   52   2    11    63
82   26   4    182    395
83   67   2    61    109
84   33   4    174    392
85   78   7    93    82
86   33   6    36    114
87   74   7    11    45
88   38   3    161    445
89   37   7    76    448
90   28   4    38    62
91   29   3    89    122
92   34   4    89    118
93   22   2    73    465
94   48   5    161    216
95   55   7    56    70
96   23   6    19    80
97   25   4    57    123
98   27   5    113    376
99   64   7    179    46
100   6   6    5    137
101   78   2    7    465
102   35   2    54    162
103   88   7    153    272
104   86   5    46    11
105   47   5    75    177
106   90   5    192    253
107   100   3    116    5
108   72   5    60    384
109   55   7    36    173
110   79   7    159    76
111   29   4    172    387
112   92   3    5    458
113   64   4    88    348
114   73   4    139    309
115   29   3    197    306
116   17   2    31    157
117   95   4    75    471
118   111   4    44    283
119   96   6    167    314
120   59   4    158    214
121   46   5    103    439
122   119   5    181    232
123   111   2    86    165
124   72   5    20    139
125   121   7    33    9
126   79   7    104    4
127   56   2    82    338
128   114   2    98    213
129   36   5    141    63
130   81   3    25    224
131   46   4    19    459
132   41   3    133    279
133   53   7    136    364
134   90   4    191    195
135   81   6    152    233
136   57   5    158    40
137   118   6    177    481
138   102   7    28    151
139   124   6    194    373
140   40   2    76    221
141   73   2    182    89
142   119   2    55    210
143   125   5    105    172
144   76   5    103    112
145   90   7    173    98
146   42   5    53    133
147   110   5    59    86
148   16   6    189    330
149   48   7    71    393
150   14   4    43    394
151   129   7    102    403
152   51   6    178    319
153   135   2    39    84
154   87   3    36    8
155   135   2    13    499
156   50   2    125    327
157   82   7    153    232
158   20   3    179    129
159   133   7    158    151
160   18   3    58    36
161   64   6    176    3
162   70   4    75    349
163   85   4    76    322
164   127   2    54    289
165   122   7    136    151
166   94   2    75    4
167   39   2    134    304
168   36   6    93    454
169   16   5    182    349
170   82   2    71    456
171   44   7    163    265
172   104   2    41    463
173   117   6    81    188
174   81   3    113    428
175   118   4    165    380
176   90   3    52    70
177   149   5    54    161
178   56   5    16    445
179   166   6    8    33
180   127   4    187    136
181   8   3    121    85
182   62   7    21    10
183   60   3    11    443
184   54   4    71    386
185   75   7    86    113
186   131   6    185    126
187   127   5    45    118
188   151   5    169    292
189   64   3    171    236
190   174   5    51    24
191   53   4    13    458
192   52   7    172    162
193   99   5    169    308
194   137   7    12    350
195   173   4    162    100
196   20   5    44    222
197   38   4    194    343
198   168   3    152    36
199   189   5    36    317
200   189   3    153    188
201   164   6    159    331
202   44   7    166    484
203   69   2    42    9
204   175   4    192    83
205   191   4    198    12
206   130   7    41    430
207   33   4    67    410
208   50   2    25    212
209   59   7    108    204
210   133   3    14    156
211   161   7    180    388
212   120   5    156    382
213   206   2    85    286
214   21   6    94    484
215   59   7    52    420
216   182   2    194    302
217   12   3    121    324
218   51   6    8    451
219   115   3    129    425
220   185   3    137    18
221   72   6    73    138
222   23   4    11    161
223   138   7    24    60
224   30   7    127    92
225   41   2    144    114
226   144   3    80    369
227   91   2    6    324
228   11   7    95    400
229   31   5    84    465
230   202   2    58    360
231   205   2    156    323
232   176   3    5    288
233   66   5    135    490
234   99   6    50    179
235   120   5    10    352
236   223   4    10    242
237   186   3    168    375
238   232   3    48    45
239   112   4    186    302
240   22   4    108    157
241   12   4    77    60
242   53   2    53    435
243   13   6    21    327
244   75   2    114    407
245   46   5    97    442
246   86   7    116    346
247   238   7    190    491
248   176   7    80    317
249   209   3    42    405
250   188   7    150    279
251   146   6    44    294
252   49   6    25    119
253   84   3    167    247
254   126   2    141    360
255   237   6    162    12
256   173   2    37    42
257   18   2    16    315
258   87   5    69    181
259   22   7    166    340
260   171   3    60    268
261   91   6    123    373
262   145   7    138    424
263   100   7    182    318
264   23   4    17    487
265   10   4    130    56
266   84   6    155    185
267   78   7    96    345
268   121   6    51    294
269   171   2    31    57
270   46   6    70    470
271   182   4    178    182
272   95   2    185    101
273   209   7    47    239
274   246   6    190    420
275   88   4    85    313
276   115   3    43    66
277   252   7    116    420
278   80   5    89    46
279   113   5    116    364
280   230   5    5    55
281   166   7    38    399
282   241   3    84    51
283   136   7    174    406
284   96   2    29    415
285   58   5    70    45
286   45   3    198    343
287   199   4    34    478
288   192   5    6    230
289   142   2    98    230
290   120   7    31    483
291   74   5    29    253
292   188   3    190    301
293   177   2    197    72
294   161   3    62    360
295   226   7    70    332
296   194   7    185    96
297   81   3    155    269
298   100   5    122    153
299   97   4    51    56
300   140   2    20    70
301   97   5    125    383
302   21   3    189    275
303   156   6    114    51
304   113   6    42    411
305   62   5    194    179
306   290   4    42    51
307   15   3    183    420
308   216   6    188    166
309   170   5    62    168
310   39   3    163    343
311   128   3    34    489
312   226   3    159    80
313   11   3    4    349
314   135   3    78    260
315   184   5    43    164
316   193   4    182    185
317   31   3    123    431
318   315   7    8    30
319   193   4    49    229
320   220   3    171    477
321   251   4    114    169
322   263   2    62    350
323   165   7    153    391
324   87   2    1    241
325   108   6    4    391
326   86   3    51    252
327   70   4    49    306
328   275   3    7    394
329   107   6    5    327
330   23   7    26    136
331   261   7    195    199
332   287   6    135    353
333   184   4    136    491
334   127   5    43    293
335   325   6    44    439
336   75   4    126    82
337   57   4    129    387
338   318   2    54    280
339   240   7    168    113
340   306   3    121    391
341   298   7    89    433
342   248   7    34    251
343   121   4    44    72
344   190   3    158    458
345   188   7    128    271
346   314   7    79    201
347   252   7    126    278
348   62   5    117    206
349   188   3    2    254
350   340   6    37    133
351   273   6    185    323
352   115   6    119    496
353   263   5    100    409
354   269   3    19    192
355   159   3    117    480
356   249   2    137    372
357   97   6    194    378
358   195   2    157    322
359   285   5    17    459
360   92   4    125    139
361   349   7    4    447
362   200   6    87    130
363   342   2    73    103
364   287   5    9    358
365   216   3    37    174
366   140   3    159    111
367   214   6    122    1
368   346   7    28    93
369   240   5    21    347
370   325   7    83    220
371   219   3    35    227
372   339   5    164    358
373   360   6    194    289
374   163   2    123    246
375   8   6    67    53
376   89   3    186    23
377   267   3    125    168
378   271   6    3    220
379   216   4    183    461
380   126   3    197    189
381   248   6    81    467
382   359   6    4    55
383   144   6    50    397
384   113   7    143    33
385   166   7    83    443
386   170   5    137    268
387   274   7    162    126
388   74   3    58    338
389   124   6    111    222
390   345   4    79    15
391   104   4    3    191
392   259   4    157    382
393   342   2    190    319
394   175   2    84    437
395   264   5    49    72
396   336   4    183    320
397   346   6    47    89
398   331   4    63    493
399   251   4    36    90
400   391   7    97    427
401   249   2    149    138
402   55   5    175    241
403   126   4    189    275
404   282   6    150    65
405   135   5    56    434
406   331   7    129    381
407   405   2    110    187
408   397   4    142    24
409   309   2    80    130
410   407   5    79    476
411   101   5    162    104
412   379   5    76    261
413   160   3    30    121
414   176   5    34    309
415   19   4    82    192
416   411   3    52    115
417   227   2    24    50
418   140   3    29    221
419   314   6    28    301
420   328   3    50    455
421   395   5    8    272
422   247   4    178    413
423   94   7    178    148
424   9   4    124    199
425   284   3    138    115
426   380   3    173    16
427   71   4    9    373
428   189   6    50    138
429   185   7    161    124
430   148   2    8    427
431   332   2    144    197
432   156   7    110    78
433   227   5    92    237
434   366   6    86    80
435   225   2    26    447
436   221   2    111    475
437   162   5    46    25
438   200   2    73    142
439   45   7    188    264
440   225   2    112    188
441   398   4    196    174
442   103   2    128    98
443   373   7    33    182
444   56   4    136    272
445   247   2    92    465
446   281   2    101    193
447   118   3    69    43
448   322   5    133    166
449   246   6    70    391
450   237   2    98    400
451   24   6    9    195
452   65   7    184    148
453   293   6    68    8
454   435   4    151    235
455   344   2    26    314
456   442   3    124    21
457   305   4    62    274
458   266   2    196    41
459   326   7    182    319
460   123   7    109    319
461   271   5    53    305
462   144   6    123    131
463   96   4    37    412
464   116   2    73    426
465   376   6    178    43
466   444   4    79    176
467   144   6    59    406
468   258   4    178    373
469   371   2    75    459
470   457   3    54    83
471   443   3    101    337
472   91   3    173    105
473   376   2    41    403
474   174   6    118    184
475   318   7    134    373
476   377   5    61    357
477   157   3    95    47
478   325   6    73    292
479   307   4    189    440
480   371   7    172    386
481   368   6    170    304
482   313   3    195    169
483   353   5    103    385
484   381   4    198    229
485   464   7    73    133
486   76   5    150    16
487   264   5    95    128
488   115   3    83    28
489   282   4    27    310
490   443   4    55    190
491   175   2    185    213
492   94   3    93    482
493   453   6    171    31
494   180   6    139    370
495   482   2    141    261
496   322   2    10    276
497   58   2    97    434
498   283   6    92    391
499   246   2    9    393
500   399   6    133    362
501   40   3    126    212
502   271   3    103    320
503   456   7    105    31
504   106   2    41    146
505   139   7    155    372
506   70   7    157    368
507   413   2    86    361
508   303   2    74    284
509   98   4    67    207
510   292   4    26    159
511   493   6    132    300
512   335   7    66    409
513   484   7    122    449
514   391   3    162    299
515   98   6    104    266
516   235   2    2    338
517   238   2    131    217
518   331   4    45    54
519   288   2    19    376
520   212   7    95    333
521   425   7    126    442
522   12   7    95    288
523   250   4    163    338
524   490   5    106    156
525   385   4    22    178
526   422   2    189    270
527   414   4    109    480
528   141   7    143    303
529   113   2    120    154
530   42   7    20    110
531   302   2    170    271
532   148   2    99    167
533   187   4    138    207
534   119   5    17    324
535   334   4    185    411
536   61   2    150    328
537   381   6    120    283
538   292   4    123    11
539   69   6    14    6
540   281   6    138    298
541   262   3    197    201
542   107   2    28    255
543   267   5    53    69
544   164   2    74    390
545   150   6    18    69
546   343   2    194    98
547   486   7    177    305
548   9   7    64    281
549   205   2    117    109
550   425   6    43    70
551   368   5    132    8
552   466   2    68    229
553   538   5    15    98
554   101   3    109    43
555   294   2    10    248
556   99   3    92    320
557   494   7    180    187
558   168   5    86    66
559   230   4    108    407
560   454   6    127    339
561   528   3    101    284
562   286   6    9    387
563   176   6    196    425
564   170   2    44    335
565   168   2    52    444
566   262   3    52    93
567   154   6    197    42
568   457   6    15    199
569   404   4    94    152
570   205   7    20    101
571   356   6    84    102
572   393   4    163    5
573   44   3    193    463
574   246   6    2    294
575   224   4    68    25
576   373   4    72    420
577   208   5    95    225
578   437   4    159    438
579   133   3    175    209
580   424   5    86    405
581   391   2    91    394
582   484   2    184    196
583   103   4    127    109
584   345   5    101    474
585   327   6    48    56
586   414   3    160    286
587   385   3    167    7
588   94   2    97    247
589   27   7    186    90
590   533   6    151    230
591   324   4    46    193
592   397   3    130    325
593   80   4    49    453
594   18   4    155    473
595   542   5    60    445
596   170   3    93    27
597   553   3    80    302
598   304   7    106    133
599   219   5    99    281
600   495   6    18    398
601   281   3    160    322
602   599   5    94    77
603   82   7    123    447
604   145   4    2    349
605   120   2    65    172
606   577   4    155    115
607   542   7    18    437
608   134   3    134    7
609   555   2    88    183
610   528   5    24    123
611   499   5    196    212
612   497   5    149    377
613   54   4    173    255
614   75   4    52    289
615   586   6    189    438
616   398   6    11    435
617   156   3    82    9
618   197   2    198    301
619   493   3    81    23
620   177   6    32    241
621   284   5    166    119
622   512   2    193    227
623   362   4    126    119
624   25   6    183    439
625   318   7    14    52
626   208   6    118    319
627   525   7    25    135
628   349   7    175    441
629   552   3    135    211
630   307   2    78    87
631   243   4    72    69
632   36   7    26    260
633   239   7    148    315
634   236   4    122    478
635   550   7    140    465
636   450   3    25    403
637   425   6    95    91
638   95   3    144    85
639   334   7    100    476
640   69   7    174    407
641   216   5    114    149
642   486   6    133    16
643   244   6    30    46
644   384   6    154    81
645   633   4    165    338
646   458   3    162    432
647   65   5    23    262
648   513   6    20    352
649   575   7    155    401
650   34   7    68    296
651   389   2    88    366
652   253   5    98    135
653   252   2    129    186
654   578   2    20    142
655   430   5    126    429
656   558   6    88    17
657   124   4    199    20
658   650   7    190    298
659   625   6    44    131
660   617   3    79    314
661   213   5    153    304
662   337   2    20    255
663   499   7    130    339
664   364   7    57    211
665   164   3    25    450
666   637   3    30    235
667   479   4    138    114
668   632   2    55    451
669   518   2    172    242
670   63   5    43    10
671   375   7    193    376
672   118   6    198    424
673   653   5    47    436
674   590   3    65    174
675   172   4    6    485
676   626   6    154    100
677   494   6    68    227
678   228   4    145    382
679   559   5    55    441
680   48   2    50    481
681   561   6    97    128
682   244   3    124    96
683   401   5    149    409
684   332   7    12    160
685   327   4    93    58
686   183   5    167    99
687   10   4    190    233
688   450   5    125    162
689   96   2    126    45
690   42   6    155    472
691   108   7    4    123
692   531   6    191    398
693   117   6    195    313
694   112   3    173    89
695   191   3    13    193
696   250   6    76    387
697   107   2    89    66
698   257   6    78    115
699   286   3    193    316
700   141   4    113    375
701   191   3    65    480
702   627   4    53    375
703   101   4    90    348
704   607   3    111    365
705   391   6    4    349
706   605   3    62    308
707   703   2    4    360
708   99   7    108    353
709   437   7    17    69
710   552   4    105    291
711   369   6    184    47
712   637   4    45    327
713   205   2    158    111
714   36   6    165    141
715   295   7    55    5
716   575   7    119    108
717   119   7    137    400
718   102   7    104    215
719   696   5    46    118
720   456   3    137    298
721   556   3    32    492
722   316   3    86    43
723   416   5    4    413
724   79   6    69    470
725   398   3    131    462
726   685   6    149    223
727   266   2    141    316
728   577   4    199    14
729   682   6    125    163
730   367   4    26    104
731   690   4    128    361
732   609   3    87    193
733   600   6    173    271
734   688   2    42    98
735   703   6    165    44
736   639   6    191    299
737   619   6    140    62
738   639   6    77    470
739   713   6    149    16
740   612   3    33    342
741   634   2    8    346
742   187   6    188    404
743   142   6    36    333
744   593   5    166    98
745   739   4    174    44
746   162   6    164    119
747   681   4    89    60
748   173   7    13    368
749   52   7    169    118
750   62   5    181    57
751   164   7    184    62
752   307   2    134    316
753   610   2    118    370
754   338   3    117    36
755   712   5    23    2
756   249   5    137    168
757   443   4    38    71
758   150   2    167    140
759   468   4    147    26
760   609   4    150    149
761   621   7    102    260
762   249   3    115    125
763   199   6    56    95
764   271   5    110    282
765   289   4    116    205
766   748   2    104    461
767   718   3    142    196
768   518   5    156    299
769   92   5    21    434
770   639   6    23    444
771   426   4    135    74
772   382   3    85    367
773   722   5    124    256
774   45   2    197    346
775   638   2    92    305
776   746   5    12    335
777   604   6    48    284
778   333   5    191    261
779   70   7    143    300
780   764   4    4    190
781   574   6    182    305
782   65   3    45    499
783   639   3    55    117
784   607   3    67    269
785   594   4    6    142
786   447   5    17    435
787   355   3    48    314
788   689   2    94    207
789   393   5    135    73
790   593   6    106    79
791   107   3    9    292
792   356   2    177    171
793   319   6    144    258
794   300   6    108    472
795   725   7    63    214
796   734   2    29    348
797   97   2    133    305
798   332   4    50    411
799   359   4    166    167
800   102   4    52    177
801   670   6    146    302
802   267   3    178    7
803   616   5    148    111
804   582   3    91    350
805   180   2    92    13
806   619   3    86    180
807   355   5    161    1
808   600   6    79    341
809   95   5    40    426
810   105   2    93    367
811   531   7    148    76
812   630   3    37    377
813   210   2    19    480
814   636   5    139    374
815   400   4    14    343
816   394   5    138    17
817   78   2    164    471
818   230   2    19    336
819   180   5    88    287
820   320   6    24    211
821   58   6    134    12
822   407   5    116    106
823   351   6    94    427
824   510   3    169    29
825   725   6    161    420
826   459   5    44    110
827   263   2    25    480
828   629   7    194    269
829   32   7    114    145
830   369   4    96    122
831   558   2    51    154
832   58   4    59    410
833   760   3    98    232
834   717   5    103    418
835   795   5    171    198
836   275   4    110    80
837   713   6    92    349
838   336   4    125    260
839   697   2    181    256
840   323   2    142    203
841   57   3    179    324
842   375   3    175    485
843   660   2    192    199
844   401   3    12    118
845   255   4    168    440
846   219   6    165    202
847   426   7    118    464
848   641   4    90    474
849   435   5    144    236
850   219   6    59    290
851   18   5    124    129
852   527   2    6    328
853   497   6    48    200
854   403   6    117    196
855   181   6    164    146
856   557   6    187    484
857   444   5    148    182
858   464   5    172    380
859   676   2    78    344
860   757   6    89    89
861   323   7    83    82
862   438   6    19    423
863   508   6    65    192
864   501   7    79    243
865   781   6    153    436
866   582   5    55    423
867   680   3    31    323
868   739   5    123    36
869   51   3    136    429
870   87   6    56    328
871   186   4    56    419
872   348   2    163    27
873   798   7    122    294
874   644   3    137    292
875   147   3    165    372
876   222   7    56    438
877   320   3    186    187
878   635   7    157    12
879   805   4    131    265
880   171   6    79    234
881   346   7    174    357
882   591   2    149    400
883   587   3    199    148
884   881   2    16    182
885   676   5    95    9
886   579   5    21    315
887   346   3    98    430
888   503   3    11    455
889   326   4    5    205
890   826   7    11    322
891   775   2    166    226
892   713   6    180    174
893   699   7    141    265
894   856   4    21    127
895   631   4    6    332
896   262   7    20    165
897   13   3    7    465
898   295   6    144    269
899   276   3    96    410
900   412   7    160    343
901   558   6    29    408
902   286   2    162    41
903   622   5    149    253
904   124   7    65    192
905   894   5    178    140
906   323   7    157    418
907   222   2    10    79
908   114   7    64    362
909   710   5    59    126
910   432   3    188    494
911   701   4    124    369
912   777   5    128    427
913   347   5    141    12
914   597   6    53    497
915   594   4    105    12
916   26   3    127    117
917   342   6    128    327
918   792   2    89    319
919   302   2    38    177
920   823   5    109    146
921   720   5    58    234
922   615   5    138    123
923   394   7    139    361
924   765   4    85    189
925   443   4    97    9
926   355   6    19    17
927   245   5    12    56
928   76   4    114    6
929   54   5    11    353
930   485   2    44    359
931   887   6    171    204
932   121   6    76    318
933   847   3    126    149
934   688   5    109    316
935   252   5    73    163
936   220   4    127    321
937   691   3    136    362
938   931   3    98    24
939   579   6    34    25
940   799   2    53    230
941   485   2    174    16
942   230   2    157    347
943   394   3    171    479
944   80   5    117    119
945   449   7    104    324
946   253   5    25    229
947   813   3    18    209
948   140   4    16    62
949   678   2    50    282
950   204   2    112    345
951   421   5    70    267
952   222   4    89    421
953   492   2    164    464
954   353   2    152    80
955   878   2    84    91
956   302   3    162    158
957   854   5    198    403
958   572   6    53    68
959   279   5    5    76
960   715   7    122    138
961   114   2    64    410
962   560   5    23    30
963   178   4    198    339
964   362   5    107    227
965   190   5    140    289
966   669   6    81    345
967   438   2    8    424
968   131   5    187    216
969   171   3    2    471
970   705   2    198    336
971   739   6    133    166
972   378   6    150    427
973   710   6    122    227
974   331   2    36    52
975   186   6    90    250
976   177   5    167    206
977   663   6    43    59
978   685   7    176    493
979   976   7    77    163
980   765   3    177    153
981   472   2    4    370
982   495   7    176    475
983   632   3    193    266
984   685   6    29    276
985   825   6    73    477
986   787   7    78    407
987   554   6    15    290
988   906   7    23    423
989   843   5    50    132
990   129   3    66    411
991   264   4    56    220
992   603   5    136    153
993   532   5    133    113
994   879   5    119    29
995   968   7    10    183
996   880   5    130    343
997   650   7    84    319
998   287   5    107    442
999   109   6    150    73
1000   954   3    193    98
1001   250   3    133    485
1002   857   7    162    495
1003   386   3    77    231
1004   850   6    44    245
1005   102   4    188    455
1006   110   6    56    60
1007   439   3    109    270
1008   68   7    18    119
1009   448   3    158    408
1010   348   4    112    172
1011   899   2    174    401
1012   491   7    116    237
1013   775   5    134    342
1014   474   2    32    10
1015   694   6    145    145
1016   275   7    80    258
1017   1003   2    187    368
1018   513   6    85    497
1019   690   4    58    109
1020   180   3    84    115
1021   670   5    176    489
1022   302   5    124    94
1023   796   7    125    202
1024   111   7    125    373
1025   66   6    7    161
1026   440   6    62    176
1027   227   7    20    86
1028   560   7    64    91
1029   633   6    162    457
1030   305   6    64    78
1031   448   6    77    322
1032   491   6    185    13
1033   538   3    102    49
1034   423   3    44    255
1035   742   5    190    407
1036   649   6    146    347
1037   584   3    39    282
1038   560   4    189    201
1039   52   7    33    480
1040   1012   6    13    97
1041   305   3    29    160
1042   518   2    69    74
1043   270   5    42    90
1044   606   7    129    173
1045   245   7    6    129
1046   1043   4    83    402
1047   341   2    175    412
1048   994   6    165    484
1049   715   6    94    90
1050   378   3    35    172
1051   999   4    113    400
1052   493   4    49    489
1053   919   4    153    52
1054   222   4    171    327
1055   940   4    153    314
1056   266   3    27    392
1057   698   4    155    219
1058   100   2    105    86
1059   985   6    6    187
1060   462   5    164    195
1061   396   7    121    175
1062   786   2    135    259
1063   883   3    31    257
1064   876   4    9    185
1065   65   2    6    363
1066   509   6    6    135
1067   933   4    6    301
1068   810   6    122    161
1069   508   4    120    177
1070   253   2    132    41
1071   975   4    92    130
1072   779   6    36    438
1073   710   7    180    365
1074   1040   5    34    345
1075   242   3    138    285
1076   324   2    172    129
1077   827   4    72    240
1078   226   2    159    395
1079   1069   2    90    306
1080   122   3    174    149
1081   162   7    5    20
1082   726   6    119    37
1083   411   2    198    3
1084   71   4    21    239
1085   974   4    71    371
1086   417   2    153    14
1087   596   3    18    377
1088   463   7    124    437
1089   1017   2    133    105
1090   983   5    49    196
1091   911   7    11    270
1092   378   2    191    352
1093   1058   2    117    377
1094   713   5    151    14
1095   551   5    154    420
1096   813   7    146    269
1097   389   4    79    276
1098   889   2    158    298
1099   769   4    159    47
1100   770   6    73    270
1101   605   6    136    314
1102   1052   3    72    131
1103   1004   6    76    176
1104   476   7    15    323
1105   954   2    163    169
1106   877   5    170    243
1107   518   2    176    350
1108   1067   7    143    171
1109   902   3    177    66
1110   437   2    123    149
1111   949   6    116    317
1112   483   6    198    292
1113   444   4    8    45
1114   530   6    40    480
1115   541   4    38    411
1116   971   6    7    417
1117   508   2    72    264
1118   1033   3    117    173
1119   358   4    108    76
1120   10   3    199    355
1121   944   2    29    315
1122   727   2    43    451
1123   585   4    114    417
1124   505   7    79    349
1125   267   2    42    493
1126   966   6    151    323
1127   699   5    55    480
1128   719   4    122    323
1129   359   2    168    440
1130   761   2    88    138
1131   923   2    120    422
1132   985   3    85    134
1133   197   5    41    54
1134   256   3    185    223
1135   1028   4    61    171
1136   759   7    138    163
1137   398   5    105    268
1138   336   2    95    127
1139   352   6    136    358
1140   952   2    2    277
1141   702   3    9    107
1142   610   4    120    245
1143   815   3    66    462
1144   969   3    120    176
1145   789   4    111    323
1146   515   7    50    248
1147   991   5    165    204
1148   214   4    59    272
1149   1123   3    193    24
1150   63   5    198    262
1151   582   3    14    471
1152   350   7    47    315
1153   1032   7    125    190
1154   1018   7    85    279
1155   828   4    152    210
1156   311   5    115    16
1157   168   7    184    128
1158   1065   7    149    319
1159   574   3    185    313
1160   878   4    77    403
1161   424   7    42    414
1162   15   7    14    394
1163   698   2    73    275
1164   1026   3    10    126
1165   190   7    190    280
1166   311   3    95    371
1167   266   5    69    38
1168   101   7    144    376
1169   225   2    98    93
1170   856   4    153    145
1171   315   3    11    218
1172   1077   5    52    476
1173   310   5    156    460
1174   340   3    191    132
1175   1040   2    196    439
1176   340   2    157    391
1177   1024   4    106    79
1178   237   6    90    472
1179   538   2    86    186
1180   666   3    97    45
1181   67   7    161    4
1182   373   5    39    39
1183   934   4    105    433
1184   211   6    65    48
1185   1021   3    5    403
1186   705   2    19    241
1187   1046   6    97    171
1188   221   4    39    449
1189   809   5    3    141
1190   476   4    90    460
1191   498   5    58    126
1192   992   5    83    170
1193   312   5    139    322
1194   770   4    4    295
1195   866   7    1    421
1196   214   2    2    236
1197   345   7    157    459
1198   1014   4    30    28
1199   743   3    99    465
1200   494   3    196    399
1201   704   7    73    467
1202   815   7    8    475
1203   594   6    38    240
1204   465   6    187    111
1205   55   6    145    46
1206   807   3    55    193
1207   885   6    11    255
1208   1102   6    182    184
1209   779   7    170    205
1210   854   5    67    318
1211   924   5    151    384
1212   196   4    176    360
1213   557   2    180    114
1214   720   2    183    62
1215   345   3    130    5
1216   1158   7    150    409
1217   754   7    21    75
1218   1036   5    58    358
1219   1077   7    74    233
1220   662   5    166    163
1221   607   4    30    391
1222   882   7    4    258
1223   272   2    199    246
1224   737   7    55    183
1225   650   7    113    244
1226   1177   4    14    144
1227   408   3    172    38
1228   57   5    39    433
1229   224   7    134    433
1230   467   7    8    21
1231   359   5    140    195
1232   1129   5    50    287
1233   299   5    26    322
1234   1095   2    10    485
1235   447   6    44    125
1236   1150   7    87    64
1237   905   2    90    121
1238   580   7    99    34
1239   866   6    66    334
1240   942   2    185    128
1241   796   7    164    62
1242   571   2    55    69
1243   39   6    48    381
1244   264   5    170    447
1245   794   6    93    152
1246   623   4    169    230
1247   816   4    15    231
1248   963   3    135    204
1249   363   3    173    36
1250   803   7    13    126
1251   402   6    176    204
1252   628   5    180    427
1253   24   7    176    346
1254   60   3    56    404
1255   340   4    197    478
1256   122   2    153    181
1257   122   5    177    236
1258   774   2    79    348
1259   708   7    165    287
1260   83   7    192    260
1261   1090   2    73    165
1262   576   5    72    323
1263   365   3    194    84
1264   309   7    122    280
1265   308   5    18    241
1266   484   2    121    428
1267   1097   2    35    231
1268   1022   7    185    159
1269   909   5    89    497
1270   422   7    163    404
1271   1244   5    103    327
1272   691   6    34    307
1273   643   4    113    313
1274   1095   2    13    487
1275   322   2    128    110
1276   922   3    186    184
1277   1257   7    111    385
1278   353   3    122    190
1279   952   2    193    367
1280   621   7    157    283
1281   174   3    55    278
1282   711   3    67    106
1283   489   3    61    407
1284   173   4    154    110
1285   674   7    6    399
1286   965   5    31    423
1287   401   4    120    18
1288   860   2    66    370
1289   782   3    64    78
1290   31   2    66    233
1291   903   4    195    290
1292   940   4    177    20
1293   788   6    23    149
1294   776   6    199    289
1295   1109   5    102    120
1296   420   7    91    119
1297   610   7    183    344
1298   841   4    192    223
1299   1054   6    104    434
1300   86   2    104    1
1301   203   6    48    311
1302   582   7    49    268
1303   304   5    65    17
1304   1270   3    95    124
1305   481   6    49    286
1306   1061   6    43    263
1307   133   5    157    207
1308   1015   2    61    290
1309   878   6    77    176
1310   557   7    82    270
1311   335   7    97    448
1312   829   5    167    165
1313   387   7    176    237
1314   159   7    8    11
1315   1157   6    19    135
1316   860   5    97    113
1317   556   6    96    336
1318   1010   4    198    133
1319   1165   6    189    126
1320   238   6    95    137
1321   666   7    77    41
1322   707   5    67    84
1323   873   6    125    358
1324   773   5    140    433
1325   700   7    164    266
1326   919   2    163    364
1327   240   3    54    310
1328   1060   2    180    413
1329   1022   5    71    80
1330   710   6    76    431
1331   255   2    106    309
1332   1121   7    129    230
1333   889   7    84    349
1334   1017   2    143    345
1335   197   2    124    172
1336   1122   5    184    239
1337   105   3    18    15
1338   641   3    124    470
1339   822   3    22    488
1340   1193   5    76    232
1341   641   3    51    497
1342   970   6    190    103
1343   686   5    21    113
1344   739   6    2    147
1345   1180   6    147    461
1346   468   3    24    201
1347   213   7    67    246
1348   178   2    66    25
1349   535   2    64    394
1350   487   6    56    429
1351   1173   4    186    353
1352   569   6    90    186
1353   125   6    28    406
1354   1086   2    98    348
1355   1338   2    143    199
1356   830   2    64    147
1357   211   7    95    28
1358   1060   5    69    399
1359   1206   2    157    112
1360   1113   3    53    489
1361   813   2    103    182
1362   553   5    199    359
1363   411   3    165    276
1364   318   7    157    461
1365   1000   6    77    248
1366   950   2    53    201
1367   361   5    148    482
1368   114   4    25    384
1369   1367   2    180    403
1370   977   7    169    92
1371   218   4    38    197
1372   859   6    105    429
1373   324   2    100    159
1374   349   7    171    410
1375   352   2    128    457
1376   1103   3    162    142
1377   1177   2    45    346
1378   906   5    148    406
1379   226   6    34    250
1380   924   7    64    165
1381   919   3    26    79
1382   1323   6    133    117
1383   910   4    52    495
1384   177   6    65    305
1385   686   5    127    188
1386   1246   5    77    293
1387   859   6    57    181
1388   317   3    84    331
1389   1306   3    63    497
1390   304   7    160    52
1391   42   3    13    443
1392   854   3    73    254
1393   197   7    78    94
1394   415   2    98    261
1395   362   5    63    440
1396   463   4    133    72
1397   1042   4    184    224
1398   1065   4    46    47
1399   662   3    109    396
1400   1251   6    1    63
1401   1357   3    87    255
1402   1078   7    141    107
1403   1186   4    151    154
1404   110   5    29    55
1405   92   2    181    242
1406   555   4    35    134
1407   508   3    112    46
1408   892   5    77    492
1409   160   5    152    361
1410   805   6    20    274
1411   1404   7    17    47
1412   275   6    122    330
1413   1139   7    110    135
1414   590   5    61    288
1415   281   5    85    51
1416   1091   6    24    141
1417   361   7    53    382
1418   901   7    11    26
1419   386   3    67    212
1420   329   3    165    449
1421   717   4    160    220
1422   1362   5    155    257
1423   787   6    14    59
1424   1328   7    192    24
1425   1044   6    169    324
1426   1297   7    98    234
1427   920   7    132    329
1428   1031   3    82    456
1429   532   4    150    100
1430   918   3    114    224
1431   416   5    105    264
1432   496   5    39    243
1433   766   2    68    18
1434   290   3    179    177
1435   1293   2    151    156
1436   648   3    168    184
1437   239   5    26    374
1438   645   2    38    489
1439   1288   3    163    465
1440   1348   7    17    252
1441   1211   5    78    36
1442   213   3    178    165
1443   610   5    162    173
1444   71   2    177    175
1445   1192   5    198    469
1446   633   5    141    31
1447   679   4    79    491
1448   535   3    70    148
1449   982   5    185    309
1450   1266   7    190    250
1451   1285   2    186    468
1452   63   6    141    197
1453   1320   7    8    478
1454   343   2    139    76
1455   1397   3    8    337
1456   689   7    70    451
1457   242   6    44    164
1458   986   2    185    31
1459   1001   6    97    401
1460   825   4    25    258
1461   1221   6    184    261
1462   1094   2    31    336
1463   98   6    139    491
1464   491   6    2    153
1465   467   4    142    437
1466   385   6    151    404
1467   1415   5    81    294
1468   159   5    53    441
1469   383   5    37    189
1470   680   3    163    304
1471   367   3    40    311
1472   1126   6    27    242
1473   374   7    15    17
1474   1154   4    46    334
1475   1038   5    72    189
1476   949   3    130    384
1477   973   4    21    390
1478   1271   6    28    114
1479   880   5    23    91
1480   927   2    123    56
1481   763   2    187    336
1482   409   4    174    493
1483   448   2    45    370
1484   1207   4    190    122
1485   1184   4    110    285
1486   957   6    132    333
1487   729   3    197    392
1488   1059   4    39    273
1489   466   7    153    263
1490   285   5    65    430
1491   499   3    158    297
1492   865   5    155    370
1493   664   4    21    256
1494   327   4    4    299
1495   722   2    180    196
1496   405   2    110    353
1497   1112   4    155    482
1498   690   7    117    388
1499   638   5    19    246
1500   809   4    84    422
1501   354   3    90    198
1502   196   6    119    302
1503   1501   4    182    458
1504   973   6    61    138
1505   1253   7    138    409
1506   430   2    88    271
1507   728   4    87    110
1508   1125   3    173    267
1509   1314   5    59    168
1510   876   4    184    371
1511   1428   4    120    98
1512   950   4    172    417
1513   1228   7    64    33
1514   1302   5    187    77
1515   1468   7    66    62
1516   708   3    73    36
1517   1078   6    102    212
1518   706   6    38    377
1519   420   7    67    140
1520   843   4    48    22
1521   497   4    160    363
1522   644   3    194    419
1523   887   4    65    458
1524   1361   7    73    337
1525   1373   6    115    173
1526   1492   4    20    144
1527   496   7    162    34
1528   1182   7    157    431
1529   259   4    100    8
1530   1434   4    54    109
1531   1517   7    182    169
1532   513   3    32    442
1533   1258   3    193    39
1534   468   5    177    25
1535   1135   2    79    327
1536   364   6    98    55
1537   678   3    17    486
1538   1156   3    20    236
1539   1164   5    138    486
1540   1037   3    186    426
1541   1302   6    28    123
1542   482   6    49    426
1543   1089   6    122    52
1544   1305   6    117    210
1545   48   3    118    125
1546   1372   6    7    475
1547   106   5    73    20
1548   1336   3    98    452
1549   957   3    129    266
1550   1233   5    147    491
1551   1380   7    116    78
1552   1444   3    149    9
1553   63   4    98    331
1554   921   2    57    161
1555   1286   6    179    101
1556   542   5    65    222
1557   1191   2    147    468
1558   1241   4    21    80
1559   969   3    171    368
1560   872   3    51    164
1561   722   4    77    231
1562   626   4    183    277
1563   941   5    90    481
1564   521   2    8    299
1565   272   6    144    417
1566   218   2    78    60
1567   1165   5    20    289
1568   1272   4    75    466
1569   1060   5    110    312
1570   1339   7    24    42
1571   287   4    105    117
1572   614   5    122    324
1573   1274   4    169    380
1574   1013   3    120    410
1575   1389   2    6    352
1576   787   6    152    65
1577   1565   7    59    467
1578   1217   7    101    155
1579   877   6    25    449
1580   1056   3    192    419
1581   499   4    57    451
1582   1482   5    118    17
1583   1549   2    167    107
1584   355   2    143    286
1585   1071   2    14    301
1586   444   4    126    175
1587   1485   6    84    77
1588   1379   4    83    325
1589   1241   7    183    42
1590   1497   4    192    18
1591   1589   3    85    450
1592   784   6    165    266
1593   315   5    23    436
1594   456   5    14    221
1595   799   6    34    4
1596   1013   3    93    27
1597   1053   2    112    212
1598   1272   4    171    420
1599   495   5    57    326
1600   736   7    73    418
1601   256   5    105    232
1602   367   3    43    193
1603   1050   7    119    475
1604   1450   3    187    289
1605   1565   2    35    440
1606   243   5    171    496
1607   502   3    172    265
1608   227   7    37    402
1609   440   3    181    223
1610   740   3    163    76
1611   161   5    31    354
1612   935   2    25    140
1613   448   6    196    263
1614   583   6    94    3
1615   1174   2    178    82
1616   648   2    180    375
1617   653   7    6    212
1618   555   2    56    372
1619   1603   5    73    355
1620   686   5    108    75
1621   743   7    71    25
1622   1207   7    15    54
1623   1540   5    157    250
1624   904   2    128    425
1625   32   2    29    20
1626   936   5    45    123
1627   556   6    182    227
1628   540   7    30    388
1629   1085   4    194    268
1630   500   3    50    18
1631   825   7    174    176
1632   1027   2    172    2
1633   354   2    54    309
1634   1322   6    144    104
1635   1487   4    70    410
1636   567   5    190    381
1637   613   3    152    350
1638   259   2    16    64
1639   342   7    107    149
1640   540   7    76    190
1641   1052   4    123    118
1642   671   2    46    443
1643   861   5    40    335
1644   501   5    53    344
1645   255   3    11    33
1646   932   5    98    368
1647   1546   4    63    121
1648   378   4    144    357
1649   918   6    51    341
1650   477   6    53    73
1651   327   4    157    189
1652   486   7    170    107
1653   858   2    72    207
1654   1312   6    157    386
1655   1385   7    167    340
1656   1098   4    126    91
1657   541   5    179    84
1658   915   3    57    277
1659   464   4    80    195
1660   914   5    47    287
1661   541   2    145    6
1662   1472   5    168    269
1663   1346   4    163    329
1664   84   6    17    4
1665   799   3    16    39
1666   1355   4    162    423
1667   1305   2    14    331
1668   148   3    51    323
1669   1370   7    53    124
1670   1609   7    182    29
1671   869   3    84    204
1672   1474   4    48    356
1673   1615   3    153    426
1674   1140   4    152    441
1675   1421   3    106    142
1676   565   2    161    24
1677   671   7    88    405
1678   1504   6    85    121
1679   769   2    176    320
1680   479   7    56    333
1681   1332   3    5    435
1682   1478   3    102    166
1683   1652   2    117    327
1684   535   3    166    148
1685   939   3    91    422
1686   1493   4    115    147
1687   1505   5    96    470
1688   1668   7    19    69
1689   619   7    141    314
1690   243   6    83    477
1691   1394   5    152    58
1692   209   3    194    285
1693   806   2    163    281
1694   1261   3    40    437
1695   1419   3    130    481
1696   522   7    154    379
1697   285   5    144    398
1698   162   6    181    246
1699   1237   7    57    494
1700   1622   3    150    281
1701   812   7    188    181
1702   874   6    135    259
1703   432   2    45    54
1704   794   4    161    496
1705   1267   6    195    315
1706   1168   6    17    177
1707   669   5    17    299
1708   998   3    53    273
1709   544   7    158    218
1710   1418   3    106    433
1711   1297   7    35    188
1712   650   4    47    414
1713   1141   7    62    2
1714   159   4    6    426
1715   1245   6    148    38
1716   458   4    121    187
1717   957   4    72    485
1718   381   5    193    429
1719   486   6    18    197
1720   1210   2    75    120
1721   350   7    41    472
1722   1373   4    118    386
1723   1383   2    126    321
1724   531   3    9    368
1725   256   6    113    119
1726   1134   4    59    234
1727   68   5    117    294
1728   1155   5    64    468
1729   1033   5    40    349
1730   931   3    116    472
1731   1118   2    170    113
1732   431   6    57    441
1733   778   6    127    334
1734   1511   7    89    228
1735   1637   3    156    291
1736   815   5    39    140
1737   393   3    199    244
1738   505   7    83    272
1739   1570   2    52    328
1740   311   2    97    131
1741   1013   7    42    28
1742   288   3    44    205
1743   131   5    156    290
1744   67   2    38    402
1745   1288   6    37    253
1746   1013   6    62    481
1747   487   2    137    177
1748   836   7    134    495
1749   1277   3    168    44
1750   1710   3    92    414
1751   1679   6    48    496
1752   721   5    45    25
1753   82   5    20    249
1754   1184   4    184    155
1755   853   2    112    76
1756   1126   4    171    443
1757   819   3    76    192
1758   603   4    164    275
1759   314   5    38    3
1760   613   3    147    297
1761   1683   5    179    383
1762   641   6    42    417
1763   1596   2    26    307
1764   1416   4    64    335
1765   1592   6    30    488
1766   763   3    50    425
1767   1274   4    46    495
1768   1070   6    65    56
1769   8   4    109    149
1770   344   6    194    105
1771   1155   2    12    63
1772   611   4    17    6
1773   1135   6    192    149
1774   1478   3    15    234
1775   336   2    5    157
1776   1223   6    154    27
1777   952   2    158    448
1778   1270   7    8    194
1779   494   6    187    426
1780   1099   6    75    455
1781   1750   4    172    216
1782   848   4    86    367
1783   559   2    66    477
1784   413   7    148    441
1785   304   6    80    374
1786   728   3    150    327
1787   1591   6    52    228
1788   418   5    161    436
1789   772   4    47    114
1790   1788   3    68    249
1791   1447   3    175    193
1792   1470   2    192    463
1793   381   6    20    442
1794   1195   4    81    421
1795   546   2    100    364
1796   512   5    154    147
1797   1037   3    18    188
1798   1250   7    90    202
1799   347   6    87    377
1800   631   7    63    358
1801   535   3    86    252
1802   1114   3    36    255
1803   725   6    160    463
1804   1129   7    120    49
1805   1222   2    12    253
1806   828   4    126    409
1807   1805   4    120    388
1808   1215   5    6    148
1809   1411   7    190    385
1810   405   6    29    427
1811   670   4    48    99
1812   68   3    31    378
1813   1038   3    36    144
1814   742   7    76    274
1815   1698   4    74    33
1816   1019   4    191    46
1817   1444   7    183    38
1818   1111   2    121    439
1819   760   6    141    326
1820   855   7    34    346
1821   1685   4    40    55
1822   1045   6    172    343
1823   262   3    1    401
1824   977   6    42    83
1825   1362   2    31    345
1826   1161   4    47    10
1827   603   3    158    310
1828   1433   7    109    45
1829   1821   3    77    369
1830   546   6    75    448
1831   371   6    7    58
1832   1174   6    152    25
1833   673   7    48    387
1834   510   5    40    180
1835   470   3    126    335
1836   200   3    140    383
1837   457   3    181    279
1838   1009   5    15    319
1839   303   2    74    120
1840   1321   3    124    144
1841   1364   5    8    214
1842   1350   4    136    183
1843   60   2    116    196
1844   1146   3    180    22
1845   1283   7    16    482
1846   1121   3    153    300
1847   273   3    79    146
1848   200   5    78    280
1849   322   5    134    159
1850   1526   6    50    423
1851   982   6    99    308
1852   1504   6    22    98
1853   364   6    62    325
1854   1195   7    195    396
1855   1644   3    4    376
1856   1464   4    167    191
1857   458   6    140    434
1858   344   7    179    251
1859   820   3    50    127
1860   738   3    125    68
1861   1733   2    166    334
1862   485   4    23    485
1863   789   6    60    227
1864   399   7    102    344
1865   1291   6    148    154
1866   876   3    132    70
1867   1339   3    52    488
1868   1791   6    4    60
1869   823   2    174    137
1870   1729   5    179    30
1871   550   5    159    278
1872   128   6    197    457
1873   563   4    149    27
1874   1861   2    169    379
1875   654   7    140    218
1876   1416   6    88    179
1877   1161   2    107    150
1878   426   6    111    272
1879   1323   3    116    351
1880   324   4    63    440
1881   747   7    2    233
1882   1214   2    27    359
1883   1366   5    129    422
1884   452   2    95    410
1885   297   3    31    429
1886   634   7    6    363
1887   1479   7    176    70
1888   1000   6    135    348
1889   1648   7    149    409
1890   1720   3    178    135
1891   504   6    122    35
1892   893   6    58    48
1893   1389   3    154    97
1894   1158   4    18    326
1895   677   4    71    335
1896   1687   2    24    185
1897   1876   5    116    253
1898   1793   5    113    394
1899   371   6    4    401
1900   192   4    94    393
1901   1296   6    35    117
1902   274   2    80    27
1903   1225   7    43    41
1904   1177   4    46    123
1905   301   4    114    320
1906   619   3    184    164
1907   1448   3    195    307
1908   1201   6    196    391
1909   370   6    60    481
1910   1895   5    94    484
1911   452   3    158    362
1912   816   2    112    56
1913   1544   6    112    26
1914   1075   2    138    328
1915   1105   7    65    191
1916   1786   6    190    147
1917   1074   5    119    384
1918   529   5    54    433
1919   758   2    92    31
1920   788   3    29    485
1921   1126   6    108    426
1922   819   6    80    390
1923   1300   7    112    438
1924   1726   4    107    189
1925   792   2    177    341
1926   1055   2    186    19
1927   174   2    128    473
1928   276   5    145    374
1929   1033   3    77    198
1930   148   7    135    338
1931   1550   3    23    329
1932   586   4    16    24
1933   674   2    56    141
1934   1134   2    171    309
1935   1015   6    8    498
1936   1420   6    174    490
1937   1551   7    191    40
1938   1653   3    146    333
1939   292   2    158    162
1940   769   5    39    84
1941   484   2    84    190
1942   163   2    70    169
1943   1511   5    119    209
1944   1000   6    70    392
1945   780   7    103    103
1946   1904   4    182    270
1947   1364   6    75    418
1948   994   2    30    155
1949   1894   7    83    126
1950   440   5    59    476
1951   1289   3    88    84
1952   1024   7    81    98
1953   1897   5    112    374
1954   549   7    180    286
1955   1305   5    54    25
1956   1847   3    60    431
1957   583   6    116    68
1958   1485   7    188    232
1959   1386   7    168    416
1960   761   6    12    98
1961   504   6    157    272
1962   1328   4    13    224
1963   1583   6    122    63
1964   1367   3    137    80
1965   1895   2    58    380
1966   856   7    156    472
1967   992   7    14    403
1968   1136   7    61    128
1969   1678   7    197    495
1970   674   5    2    26
1971   332   3    175    25
1972   341   5    69    181
1973   1358   5    3    472
1974   888   4    27    288
1975   1937   2    186    167
1976   1332   5    53    474
1977   1573   2    136    41
1978   1746   5    77    468
1979   493   2    127    284
1980   1770   6    82    203
1981   1145   6    131    384
1982   123   5    15    188
1983   1251   7    187    458
1984   528   2    77    95
1985   637   2    66    109
1986   853   6    144    129
1987   467   5    92    419
1988   809   3    52    394
1989   1878   7    40    314
1990   596   4    39    127
1991   1678   7    79    51
1992   1085   2    198    319
1993   1311   2    150    173
1994   209   2    137    346
1995   602   3    14    121
1996   513   4    6    244
1997   138   2    20    390
1998   1948   4    169    225
1999   1818   5    50    188
2000   1295   4    81    113
2001   1154   4    156    15
2002   1986   4    69    23
2003   1957   6    163    190
2004   1952   5    127    193
2005   1575   3    99    459
2006   1196   4    99    385
2007   420   4    92    496
2008   1182   5    168    396
2009   797   5    17    23
2010   1199   6    157    191
2011   1704   3    51    102
2012   765   6    180    487
2013   889   7    9    179
2014   1696   6    110    40
2015   1551   2    185    418
2016   1200   5    170    436
2017   405   7    136    45
2018   482   3    50    97
2019   436   3    185    273
2020   870   5    43    252
2021   337   6    191    171
2022   855   2    96    3
2023   608   6    99    313
2024   540   7    156    227
2025   1588   4    194    314
2026   1974   7    100    53
2027   1514   4    69    355
2028   1650   3    19    174
2029   1063   7    125    253
2030   1036   2    19    41
2031   1442   3    131    298
2032   1005   7    192    244
2033   1686   7    35    368
2034   1032   7    31    351
2035   293   2    95    283
2036   996   2    102    44
2037   1446   5    178    328
2038   1874   2    65    319
2039   705   5    178    82
2040   1133   7    127    142
2041   646   2    5    408
2042   813   6    91    70
2043   1207   5    154    93
2044   1100   7    11    268
2045   301   2    15    235
2046   1799   5    23    229
2047   1379   7    134    354
2048   952   5    15    82
