1   0   5    25    45
2   1   6    71    418
3   1   5    59    441
4   1   4    150    238
5   2   7    30    313
6   1   6    153    44
7   1   7    182    38
8   5   5    118    24
9   7   5    177    457
10   8   7    183    285
11   4   5    107    105
12   3   2    114    155
13   11   7    69    189
14   8   6    128    8
15   2   5    111    338
16   4   3    133    330
17   4   5    15    442
18   11   2    186    313
19   7   7    132    257
20   7   7    189    324
21   3   5    12    462
22   19   2    96    460
23   6   6    197    294
24   20   6    1    226
25   8   5    64    431
26   2   6    14    312
27   23   6    153    382
28   10   3    193    442
29   7   6    96    55
30   12   6    80    46
31   10   2    11    29
32   3   2    18    337
33   8   7    128    498
34   5   4    196    330
35   14   2    28    318
36   7   7    75    385
37   21   2    8    96
38   15   5    48    35
39   9   7    122    238
40   11   2    56    37
41   25   7    168    223
42   4   6    192    474
43   31   7    59    251
44   1   3    65    41
45   3   7    75    365
46   16   2    132    18
47   1   7    63    421
48   13   7    86    186
49   16   5    62    471
50   17   7    32    282
51   42   6    83    407
52   21   3    197    63
53   42   6    75    437
54   14   2    71    393
55   31   7    141    235
56   26   5    139    208
57   8   7    67    152
58   33   2    23    289
59   2   5    59    431
60   43   5    196    320
61   8   6    66    361
62   43   5    38    202
63   25   2    87    399
64   16   2    8    430
65   46   2    199    193
66   21   6    47    274
67   57   5    184    392
68   21   3    64    44
69   36   6    198    32
70   36   4    55    485
71   12   4    165    393
72   17   2    143    430
73   38   3    135    411
74   19   5    125    235
75   65   6    81    322
76   56   3    149    371
77   22   3    129    374
78   16   6    159    206
79   40   7    78    330
80   6   4    123    291
81   75   5    108    249
82   26   3    29    212
83   3   7    187    27
84   76   2    79    423
85   24   6    105    96
86   71   5    170    461
87   3   6    45    136
88   77   5    195    40
89   60   2    192    87
90   46   5    180    231
91   68   4    15    220
92   44   7    103    343
93   12   7    6    56
94   42   6    67    441
95   20   7    89    73
96   22   3    159    458
97   73   2    135    88
98   38   6    35    165
99   51   4    32    346
100   21   7    126    73
101   47   3    192    451
102   27   3    43    171
103   37   6    15    476
104   96   6    120    323
105   49   5    113    315
106   57   3    145    158
107   90   2    147    477
108   93   5    17    301
109   17   5    59    406
110   78   4    187    217
111   11   7    99    306
112   27   6    61    373
113   91   3    166    367
114   78   3    5    15
115   21   3    69    143
116   26   3    66    317
117   44   5    83    485
118   63   7    34    173
119   96   7    164    69
120   53   6    183    125
121   43   4    150    80
122   95   3    74    48
123   59   3    160    321
124   89   5    147    236
125   39   2    118    165
126   107   4    164    54
127   38   5    100    337
128   89   3    94    13
129   84   3    133    430
130   108   7    77    68
131   86   3    70    287
132   25   2    159    182
133   84   7    144    267
134   128   2    47    148
135   78   2    136    366
136   133   4    181    85
137   87   2    14    364
138   88   7    59    425
139   18   7    108    15
140   6   4    113    453
141   27   4    89    306
142   122   7    52    391
143   106   5    185    376
144   85   2    10    168
145   63   3    45    315
146   106   6    87    403
147   4   2    70    128
148   97   5    95    381
149   95   7    146    268
150   10   4    199    491
151   98   4    124    293
152   100   6    129    433
153   82   7    49    491
154   124   3    124    15
155   115   2    143    123
156   20   3    12    466
157   24   4    36    311
158   146   3    129    243
159   51   4    156    302
160   150   6    18    466
161   6   7    70    496
162   77   4    36    408
163   119   5    7    475
164   25   5    19    123
165   120   2    121    444
166   65   6    106    42
167   78   7    68    69
168   121   6    88    259
169   53   2    110    196
170   125   6    190    118
171   167   2    165    295
172   100   6    145    112
173   19   6    199    444
174   136   5    176    432
175   164   3    141    457
176   17   2    87    297
177   19   2    116    259
178   138   5    162    434
179   154   7    19    172
180   129   7    140    379
181   86   7    64    23
182   15   6    44    320
183   112   2    92    96
184   42   4    176    128
185   134   7    45    258
186   99   4    18    485
187   122   5    159    399
188   22   7    55    281
189   118   7    123    357
190   31   2    62    376
191   63   3    161    314
192   69   6    69    190
193   24   2    60    172
194   38   2    47    42
195   112   7    162    344
196   34   5    67    251
197   108   6    192    336
198   115   6    67    287
199   91   2    128    130
200   35   4    129    182
201   88   2    165    182
202   78   5    125    185
203   85   2    147    17
204   164   7    55    86
205   107   4    19    211
206   5   6    54    285
207   91   6    177    249
208   2   4    40    234
209   145   5    29    73
210   42   4    174    57
211   59   3    169    347
212   116   4    22    464
213   196   3    87    315
214   210   4    11    23
215   198   4    59    356
216   66   6    145    414
217   107   7    187    440
218   91   5    142    110
219   110   4    147    135
220   80   3    194    121
221   92   3    62    5
222   193   5    138    438
223   181   5    1    462
224   190   2    136    368
225   221   7    106    418
226   138   2    24    247
227   122   6    3    57
228   177   7    115    389
229   102   4    96    476
230   221   6    130    139
231   79   6    10    156
232   114   6    136    366
233   52   5    5    336
234   34   6    93    449
235   77   2    159    385
236   143   4    102    474
237   96   2    109    161
238   81   3    176    22
239   229   4    178    329
240   154   3    27    163
241   84   4    148    53
242   62   3    135    81
243   232   7    34    42
244   180   6    36    204
245   181   4    153    213
246   140   3    17    346
247   28   2    33    386
248   145   7    87    307
249   60   4    196    411
250   143   4    67    4
251   144   4    75    279
252   185   2    92    378
253   206   4    191    298
254   81   3    52    462
255   65   7    153    344
256   174   4    83    32
257   217   5    197    349
258   74   2    19    460
259   228   5    63    416
260   141   7    25    146
261   177   4    159    20
262   36   2    58    274
263   168   3    21    34
264   247   3    42    449
265   33   3    155    91
266   154   2    18    159
267   76   2    123    390
268   92   3    191    130
269   266   2    2    291
270   151   4    73    189
271   203   6    66    243
272   266   7    125    114
273   265   6    138    284
274   272   3    197    77
275   86   2    30    107
276   88   3    143    136
277   197   6    102    99
278   167   4    182    31
279   212   2    52    231
280   63   3    80    141
281   186   3    33    264
282   245   7    45    346
283   135   4    140    159
284   137   2    156    399
285   154   3    15    88
286   92   2    163    216
287   166   3    73    421
288   10   3    138    477
289   36   5    171    365
290   143   7    37    128
291   41   7    52    29
292   15   2    135    148
293   152   5    153    346
294   31   5    131    3
295   142   6    157    263
296   50   3    159    84
297   171   6    154    269
298   150   6    54    5
299   105   2    152    398
300   108   7    127    397
301   216   5    10    482
302   160   5    116    262
303   91   3    16    333
304   123   2    88    308
305   28   6    68    362
306   5   4    43    294
307   146   3    19    27
308   177   7    3    354
309   201   6    89    482
310   164   7    93    281
311   222   5    105    288
312   155   3    47    333
313   138   2    171    365
314   203   4    59    463
315   102   5    191    262
316   173   3    67    216
317   229   7    36    47
318   202   7    140    168
319   33   4    119    463
320   161   3    191    34
321   229   2    151    88
322   72   7    144    232
323   286   5    113    162
324   289   5    122    474
325   231   2    130    221
326   320   4    16    169
327   257   5    77    203
328   104   3    59    338
329   105   2    133    467
330   9   3    9    265
331   303   2    28    355
332   300   5    88    28
333   50   4    16    283
334   300   5    148    483
335   287   3    14    94
336   252   4    175    426
337   216   2    148    413
338   269   2    44    11
339   127   2    173    31
340   53   3    78    395
341   218   2    153    71
342   27   2    77    417
343   145   6    61    221
344   34   5    30    385
345   32   6    6    348
346   294   7    162    363
347   323   7    29    97
348   237   2    80    346
349   64   3    172    472
350   213   5    27    232
351   39   6    165    95
352   141   2    6    357
353   154   7    165    496
354   201   5    154    498
355   106   2    87    90
356   252   4    41    182
357   158   5    3    499
358   329   5    32    256
359   57   3    93    226
360   162   7    29    201
361   143   3    152    82
362   122   5    68    468
363   189   4    56    234
364   48   2    102    462
365   92   3    44    335
366   72   2    95    442
367   273   3    32    213
368   300   5    134    376
369   151   4    106    387
370   343   5    101    197
371   147   2    140    194
372   114   6    159    195
373   346   5    103    415
374   169   6    140    16
375   103   4    97    330
376   353   5    79    35
377   338   3    2    417
378   190   6    70    132
379   253   5    173    92
380   164   5    111    193
381   284   3    159    237
382   147   6    151    220
383   367   3    103    263
384   292   6    176    372
385   286   2    161    283
386   19   6    49    235
387   32   5    86    3
388   51   5    196    316
389   304   2    44    88
390   198   3    31    32
391   180   4    66    405
392   46   4    152    196
393   344   2    44    134
394   53   7    28    360
395   139   4    161    19
396   118   3    123    235
397   59   3    109    347
398   292   2    156    420
399   213   3    138    317
400   241   5    176    350
401   4   3    174    359
402   305   6    17    403
403   27   4    107    129
404   316   5    65    442
405   327   5    79    278
406   351   7    127    351
407   158   2    104    325
408   359   7    67    238
409   222   4    165    441
410   261   3    52    332
411   61   4    80    481
412   30   7    27    439
413   291   6    63    375
414   128   3    123    440
415   409   4    28    231
416   315   6    157    407
417   362   2    35    384
418   322   4    35    444
419   141   4    40    33
420   331   6    117    62
421   133   2    21    439
422   47   4    18    265
423   149   6    24    70
424   244   6    101    182
425   241   3    174    74
426   328   3    128    251
427   28   2    22    234
428   12   2    78    351
429   196   4    155    47
430   34   7    146    169
431   204   2    107    342
432   219   4    175    17
433   291   6    73    279
434   279   2    175    329
435   32   5    160    65
436   140   3    45    64
437   430   6    199    482
438   144   4    7    409
439   39   3    113    215
440   217   5    86    34
441   167   2    196    181
442   184   6    199    424
443   388   7    14    274
444   164   2    171    19
445   81   2    150    482
446   277   7    185    37
447   427   3    40    256
448   311   4    46    227
449   311   5    14    178
450   46   7    55    371
451   197   4    54    418
452   435   7    118    102
453   326   5    157    186
454   189   7    108    294
455   348   2    98    423
456   388   7    91    204
457   263   3    37    433
458   71   3    170    463
459   161   7    75    343
460   327   3    191    249
461   375   3    142    63
462   250   7    191    451
463   390   6    174    473
464   227   7    41    458
465   115   5    75    57
466   372   2    192    168
467   298   4    183    240
468   133   3    125    414
469   187   3    62    316
470   318   4    159    95
471   70   7    45    427
472   462   6    75    303
473   128   6    24    122
474   438   2    74    281
475   49   6    146    163
476   266   7    165    346
477   128   7    28    173
478   104   2    55    16
479   404   4    34    290
480   291   7    9    106
481   305   6    91    21
482   153   4    61    277
483   232   7    198    235
484   127   6    135    202
485   249   7    134    68
486   107   5    59    294
487   452   4    157    2
488   387   6    9    401
489   350   6    56    350
490   414   7    101    331
491   388   3    90    37
492   482   7    56    262
493   157   3    66    335
494   457   4    69    174
495   228   3    127    454
496   207   6    66    351
497   263   3    136    355
498   389   5    137    205
499   14   5    176    87
500   85   6    39    64
501   398   3    106    341
502   359   5    53    412
503   186   7    122    459
504   386   6    14    200
505   367   2    132    159
506   304   3    145    398
507   462   6    177    444
508   106   6    115    447
509   125   2    184    264
510   347   5    100    3
511   453   2    153    354
512   310   4    73    203
513   98   3    126    398
514   435   7    106    450
515   316   6    198    186
516   265   3    155    344
517   47   3    52    349
518   28   4    46    161
519   153   7    48    311
520   207   6    162    421
521   35   6    20    135
522   293   5    181    150
523   418   6    135    231
524   214   6    141    298
525   432   6    101    112
526   463   2    123    293
527   60   7    162    447
528   197   4    159    363
529   488   3    157    38
530   248   5    115    420
531   296   3    187    53
532   325   2    51    102
533   15   6    190    375
534   481   3    176    302
535   203   3    75    178
536   241   3    132    106
537   174   4    14    327
538   67   2    149    292
539   168   3    38    288
540   385   6    169    31
541   76   2    199    184
542   120   3    79    131
543   267   7    120    14
544   541   7    18    375
545   408   7    36    395
546   69   7    41    165
547   417   4    182    412
548   80   5    165    358
549   88   6    87    81
550   104   2    155    267
551   426   3    21    111
552   9   7    48    200
553   120   3    164    471
554   281   7    116    370
555   231   6    13    424
556   467   2    90    203
557   161   5    159    215
558   189   5    150    111
559   298   5    179    327
560   110   7    67    263
561   462   7    36    142
562   423   3    48    380
563   515   2    94    218
564   307   4    98    255
565   290   3    78    38
566   182   6    176    100
567   113   5    137    317
568   191   7    147    138
569   439   3    126    196
570   35   5    139    415
571   374   3    98    212
572   222   2    68    153
573   219   3    45    285
574   62   7    45    44
575   422   7    194    284
576   266   6    84    335
577   381   2    172    431
578   186   4    57    409
579   314   5    105    228
580   224   3    55    396
581   296   3    110    129
582   55   7    55    394
583   387   6    19    361
584   73   7    153    165
585   313   2    31    402
586   365   2    128    94
587   491   4    82    117
588   372   6    101    481
589   473   4    30    404
590   181   5    18    79
591   352   6    56    449
592   566   4    95    261
593   244   5    159    413
594   21   3    138    239
595   538   3    106    87
596   64   7    110    193
597   81   7    137    42
598   360   4    186    217
599   565   7    138    108
600   375   7    192    497
601   358   4    190    87
602   284   5    16    75
603   508   2    121    388
604   591   5    87    332
605   114   2    31    89
606   205   6    12    160
607   371   7    134    466
608   446   5    153    20
609   578   4    33    393
610   185   3    65    204
611   509   2    114    106
612   547   3    122    209
613   352   3    197    194
614   396   3    32    75
615   205   4    149    381
616   283   3    5    421
617   464   2    98    168
618   271   4    126    270
619   69   7    33    379
620   286   6    122    37
621   324   5    105    367
622   11   5    70    62
623   447   6    197    403
624   31   4    197    415
625   542   7    97    61
626   302   3    60    163
627   449   2    93    329
628   522   5    160    83
629   84   5    196    391
630   285   7    189    50
631   193   4    132    186
632   194   4    11    83
633   571   7    57    222
634   207   6    55    56
635   164   2    65    139
636   150   6    199    181
637   94   5    45    25
638   295   4    56    483
639   607   2    16    99
640   66   7    142    436
641   121   4    83    315
642   180   4    1    141
643   428   2    61    413
644   577   7    28    128
645   267   7    180    228
646   172   2    80    50
647   435   6    42    52
648   579   4    166    326
649   566   7    61    114
650   224   2    148    324
651   22   6    154    492
652   12   2    129    146
653   391   6    11    125
654   257   5    170    193
655   18   3    126    114
656   616   5    103    22
657   31   6    4    286
658   598   3    187    23
659   98   7    53    343
660   632   7    145    390
661   358   2    21    70
662   34   4    151    187
663   528   2    102    380
664   212   4    83    389
665   566   2    28    353
666   642   2    158    458
667   383   3    42    28
668   72   7    185    374
669   48   6    88    320
670   235   3    8    75
671   141   7    83    223
672   149   7    8    362
673   128   5    42    261
674   95   6    125    145
675   411   7    190    59
676   25   7    124    407
677   401   4    52    308
678   205   6    41    13
679   655   4    86    358
680   630   2    107    137
681   128   7    114    370
682   498   6    195    337
683   122   5    69    168
684   272   5    23    463
685   670   7    160    450
686   136   5    57    292
687   424   6    127    67
688   508   2    61    123
689   168   4    83    107
690   196   4    20    350
691   592   3    146    358
692   437   3    159    259
693   259   7    25    93
694   589   7    198    66
695   567   6    141    137
696   523   4    165    208
697   681   2    133    371
698   610   6    131    64
699   504   4    180    207
700   290   7    91    112
701   292   2    185    356
702   156   6    62    217
703   10   6    92    26
704   589   5    2    45
705   290   3    70    233
706   549   2    9    177
707   647   7    132    424
708   150   5    133    73
709   147   4    6    371
710   137   7    15    170
711   382   6    45    292
712   531   7    197    27
713   120   6    157    277
714   515   4    101    37
715   606   5    37    234
716   23   2    154    433
717   386   7    36    283
718   496   3    141    265
719   43   2    4    272
720   648   7    72    491
721   612   7    185    307
722   17   2    118    109
723   215   4    115    190
724   576   4    99    35
725   593   7    142    411
726   309   4    8    314
727   289   7    100    209
728   87   4    197    266
729   194   6    76    330
730   211   2    182    470
731   258   3    69    241
732   211   2    4    479
733   696   4    37    247
734   144   7    45    273
735   363   7    38    418
736   561   6    183    300
737   487   2    105    60
738   454   3    111    334
739   207   3    19    224
740   34   3    86    401
741   245   7    175    298
742   298   7    110    230
743   727   4    122    435
744   523   2    36    103
745   98   3    77    425
746   175   5    33    228
747   448   2    126    351
748   161   4    179    65
749   673   6    52    403
750   260   5    1    459
751   545   4    102    437
752   16   3    106    422
753   458   4    70    150
754   438   6    127    51
755   292   4    21    63
756   675   3    103    452
757   56   7    25    106
758   744   6    126    347
759   186   2    177    382
760   501   3    29    304
761   496   3    160    472
762   175   2    120    416
763   382   3    192    364
764   379   2    85    244
765   422   2    35    125
766   244   2    52    205
767   384   7    73    128
768   255   6    12    378
769   341   4    8    297
770   159   5    119    150
771   755   7    19    209
772   451   3    66    223
773   496   5    38    379
774   297   6    175    200
775   730   3    194    149
776   97   4    46    324
777   533   5    92    188
778   618   2    27    434
779   127   5    20    155
780   412   5    25    344
781   533   2    54    499
782   745   2    64    336
783   406   7    157    482
784   643   7    120    36
785   474   4    114    358
786   626   3    50    176
787   642   4    134    477
788   454   3    132    146
789   311   6    132    419
790   188   2    98    494
791   78   3    155    206
792   352   2    18    359
793   386   2    141    194
794   453   3    89    45
795   215   7    99    194
796   582   6    124    283
797   557   4    9    402
798   625   5    157    194
799   49   3    81    444
800   62   6    147    419
801   451   4    194    294
802   609   2    68    359
803   603   2    168    308
804   433   7    58    32
805   377   2    32    146
806   711   2    161    497
807   296   5    166    409
808   201   2    174    428
809   711   2    179    347
810   804   5    34    324
811   179   7    14    67
812   285   4    188    414
813   248   4    75    37
814   340   7    57    58
815   331   6    189    185
816   53   7    71    39
817   365   7    10    380
818   697   7    109    204
819   435   3    154    113
820   284   5    167    290
821   442   3    77    199
822   774   7    49    291
823   278   5    11    387
824   479   2    22    476
825   150   7    108    152
826   707   2    196    143
827   54   3    46    173
828   335   6    101    388
829   329   5    193    353
830   750   2    33    96
831   708   4    151    29
832   182   4    52    464
833   473   5    142    289
834   534   4    34    39
835   449   2    86    364
836   44   6    28    335
837   615   5    25    224
838   264   6    135    469
839   40   6    85    492
840   637   7    116    373
841   53   7    177    8
842   189   4    3    360
843   513   5    58    414
844   582   5    166    450
845   707   3    108    217
846   251   2    149    52
847   304   5    33    4
848   168   7    39    271
849   238   7    154    3
850   510   7    104    78
851   754   2    4    67
852   56   3    104    320
853   204   4    135    332
854   718   6    17    256
855   226   5    113    257
856   134   2    171    385
857   209   4    70    246
858   111   5    61    319
859   359   7    143    64
860   53   6    147    230
861   627   2    15    332
862   396   5    40    159
863   537   6    190    463
864   226   6    165    317
865   121   2    17    42
866   487   3    191    210
867   51   4    114    32
868   800   4    134    295
869   867   3    143    52
870   283   7    35    29
871   806   2    172    205
872   607   6    38    37
873   396   2    162    227
874   501   2    44    170
875   359   2    190    108
876   830   3    169    332
877   240   4    158    443
878   541   2    124    22
879   75   2    150    285
880   254   7    196    322
881   576   4    130    24
882   155   7    13    20
883   201   2    128    7
884   215   3    21    87
885   747   2    113    296
886   674   5    147    308
887   234   4    134    267
888   393   4    184    65
889   484   5    138    94
890   216   2    59    261
891   174   6    77    85
892   769   4    120    323
893   475   7    12    360
894   771   6    178    222
895   434   5    5    434
896   225   7    153    376
897   449   4    12    279
898   293   3    71    370
899   437   2    67    145
900   425   2    71    402
901   102   3    111    85
902   67   2    105    168
903   735   2    75    477
904   505   5    78    28
905   255   7    31    325
906   842   7    99    59
907   647   5    193    229
908   680   6    179    103
909   790   7    29    445
910   718   5    72    349
911   605   4    104    47
912   787   3    158    495
913   748   2    21    459
914   248   6    59    321
915   739   2    88    108
916   354   2    175    34
917   767   4    14    10
918   411   6    173    64
919   181   5    159    170
920   467   4    137    141
921   230   6    194    454
922   299   7    37    55
923   72   4    141    113
924   312   4    49    467
925   373   2    120    45
926   63   2    74    350
927   892   3    23    437
928   509   5    63    130
929   726   5    108    336
930   143   4    120    17
931   545   4    74    353
932   438   3    198    135
933   542   5    190    169
934   647   5    148    484
935   901   4    116    72
936   78   2    138    115
937   585   6    30    302
938   441   5    1    214
939   615   5    110    313
940   19   7    97    344
941   58   3    128    369
942   83   6    103    361
943   776   7    133    293
944   930   3    37    282
945   694   3    196    450
946   146   3    51    363
947   534   6    177    183
948   265   5    65    297
949   243   6    42    50
950   73   4    198    139
951   561   5    127    178
952   575   6    11    61
953   131   5    157    444
954   488   3    81    128
955   733   6    180    17
956   291   2    42    243
957   232   3    196    442
958   285   6    78    404
959   808   5    190    185
960   554   5    178    99
961   777   3    99    418
962   250   7    76    329
963   198   3    35    383
964   911   3    54    64
965   760   3    78    471
966   701   4    16    51
967   520   5    183    226
968   853   4    161    304
969   927   6    168    107
970   710   4    14    51
971   703   7    61    367
972   825   2    128    135
973   772   2    108    483
974   886   2    110    120
975   486   2    195    158
976   378   6    92    426
977   20   6    30    475
978   957   6    195    184
979   161   3    173    22
980   92   5    159    382
981   835   6    96    215
982   115   5    91    71
983   231   5    21    412
984   211   5    167    52
985   413   6    25    433
986   541   4    5    251
987   10   6    4    193
988   197   7    110    395
989   101   7    3    46
990   339   6    106    1
991   829   7    127    362
992   489   2    190    236
993   183   3    13    400
994   3   3    117    220
995   952   6    17    430
996   132   4    76    431
997   308   7    100    260
998   171   7    139    393
999   443   6    81    299
1000   811   5    130    263
1001   38   2    15    95
1002   145   5    46    269
1003   361   2    65    33
1004   922   6    62    414
1005   831   7    125    283
1006   951   4    155    23
1007   539   6    65    251
1008   986   3    174    202
1009   906   6    128    320
1010   821   5    85    447
1011   888   5    167    325
1012   127   3    6    269
1013   597   5    45    247
1014   18   3    97    175
1015   31   7    48    307
1016   728   5    147    222
1017   271   6    24    270
1018   653   7    161    248
1019   445   4    146    283
1020   808   5    180    22
1021   910   3    143    69
1022   660   7    13    96
1023   342   3    13    15
1024   9   4    109    109
1025   494   6    36    349
1026   637   6    6    102
1027   993   4    192    320
1028   647   2    42    203
1029   422   5    7    422
1030   297   3    69    493
1031   567   2    22    229
1032   622   4    22    266
1033   969   5    20    150
1034   652   2    193    214
1035   931   7    25    361
1036   961   4    163    329
1037   612   4    141    406
1038   967   5    95    470
1039   891   7    173    183
1040   272   6    114    337
1041   324   6    182    450
1042   767   3    48    432
1043   719   7    158    107
1044   540   5    39    334
1045   194   4    36    424
1046   154   4    69    305
1047   699   5    116    141
1048   224   4    127    323
1049   211   6    29    49
1050   499   3    93    238
1051   819   7    175    153
1052   510   6    69    428
1053   300   2    88    138
1054   783   2    119    411
1055   627   3    98    243
1056   733   2    6    140
1057   168   6    33    361
1058   381   6    121    356
1059   364   4    30    179
1060   409   5    27    185
1061   862   6    96    309
1062   64   3    109    317
1063   429   6    141    337
1064   953   6    157    462
1065   370   4    64    462
1066   503   3    79    214
1067   200   6    78    32
1068   476   3    35    210
1069   625   7    105    158
1070   729   3    104    276
1071   569   3    78    256
1072   684   7    99    345
1073   589   3    170    360
1074   964   6    24    272
1075   536   7    115    163
1076   750   7    54    197
1077   488   2    13    137
1078   505   5    165    138
1079   259   2    129    466
1080   232   2    11    143
1081   570   3    13    390
1082   506   5    65    83
1083   284   3    7    337
1084   1064   6    86    93
1085   393   4    179    135
1086   64   4    91    24
1087   556   3    14    2
1088   966   6    114    481
1089   727   6    144    327
1090   286   7    8    373
1091   657   3    6    32
1092   140   5    95    443
1093   613   4    166    15
1094   595   4    87    273
1095   689   5    17    291
1096   500   6    24    413
1097   87   7    126    119
1098   859   6    128    169
1099   41   5    73    404
1100   4   7    172    189
1101   614   3    148    229
1102   822   7    13    234
1103   201   7    59    262
1104   989   2    21    312
1105   226   4    114    333
1106   69   7    180    197
1107   510   3    106    404
1108   132   6    144    259
1109   271   4    70    36
1110   349   2    101    467
1111   303   3    3    232
1112   320   4    188    249
1113   450   7    106    267
1114   308   3    134    77
1115   64   2    178    366
1116   253   5    193    273
1117   1073   5    141    344
1118   650   6    86    83
1119   832   2    8    183
1120   978   4    123    481
1121   1049   3    188    284
1122   295   7    150    437
1123   755   7    55    398
1124   349   6    55    222
1125   407   7    42    26
1126   1025   5    102    149
1127   134   3    72    360
1128   1086   5    88    224
1129   789   5    58    428
1130   589   5    57    188
1131   253   6    80    62
1132   167   6    64    245
1133   243   5    92    291
1134   500   3    21    142
1135   819   7    57    26
1136   424   6    46    197
1137   774   5    66    122
1138   922   3    147    50
1139   121   2    47    144
1140   1130   2    74    331
1141   50   4    119    465
1142   290   7    134    116
1143   30   2    126    86
1144   957   7    174    102
1145   990   5    95    489
1146   4   2    22    2
1147   760   5    47    467
1148   352   7    28    60
1149   818   3    80    7
1150   952   4    140    311
1151   369   6    133    408
1152   601   2    38    296
1153   1134   4    65    427
1154   406   7    13    302
1155   384   3    5    291
1156   381   4    186    20
1157   114   4    99    246
1158   911   6    78    409
1159   772   6    190    338
1160   520   7    24    105
1161   272   2    82    434
1162   243   6    133    436
1163   769   2    166    304
1164   186   4    187    61
1165   228   2    109    70
1166   380   4    151    183
1167   534   5    141    334
1168   773   7    64    347
1169   837   2    19    316
1170   1064   5    37    73
1171   49   6    162    95
1172   1109   6    148    399
1173   954   5    66    44
1174   396   5    182    81
1175   688   5    16    87
1176   136   2    11    31
1177   699   6    3    364
1178   1124   2    165    253
1179   1115   5    137    78
1180   384   4    188    279
1181   386   3    88    4
1182   925   4    85    189
1183   566   7    87    29
1184   553   7    35    285
1185   1160   6    1    432
1186   1176   6    55    244
1187   768   6    132    128
1188   733   4    97    381
1189   160   2    110    466
1190   190   7    135    347
1191   731   4    166    427
1192   283   5    11    340
1193   498   7    33    5
1194   249   5    49    340
1195   596   2    54    352
1196   31   3    82    164
1197   385   6    86    377
1198   653   7    53    438
1199   239   3    40    353
1200   911   6    66    91
1201   519   2    35    438
1202   384   4    145    18
1203   1000   6    104    333
1204   835   7    157    220
1205   926   4    43    246
1206   59   5    81    69
1207   783   2    151    450
1208   570   3    100    121
1209   783   6    85    163
1210   38   7    26    387
1211   1147   4    163    256
1212   1205   3    28    89
1213   551   6    114    196
1214   1172   7    42    34
1215   446   4    98    193
1216   928   5    109    98
1217   711   5    109    302
1218   671   4    150    345
1219   1084   6    40    359
1220   304   7    153    187
1221   263   5    110    264
1222   376   6    173    364
1223   186   6    54    131
1224   1064   5    162    298
1225   905   5    117    226
1226   944   5    88    361
1227   651   2    131    95
1228   612   6    95    175
1229   690   3    156    23
1230   726   6    5    418
1231   146   5    159    377
1232   412   4    105    53
1233   693   2    13    137
1234   362   4    126    33
1235   1028   7    165    324
1236   666   6    99    109
1237   315   4    120    380
1238   154   5    3    245
1239   970   3    159    493
1240   784   3    38    54
1241   299   5    154    353
1242   238   3    102    248
1243   342   6    191    11
1244   656   4    32    490
1245   699   7    26    291
1246   46   5    22    227
1247   373   7    76    82
1248   505   4    7    135
1249   809   2    141    315
1250   571   4    106    84
1251   66   4    117    249
1252   516   2    173    156
1253   16   7    100    8
1254   1030   7    26    14
1255   970   4    103    149
1256   355   4    112    307
1257   984   2    129    455
1258   481   5    126    140
1259   557   3    11    22
1260   993   2    90    364
1261   231   5    35    14
1262   606   2    40    80
1263   1010   4    148    222
1264   79   7    15    294
1265   219   3    44    37
1266   292   6    29    373
1267   504   4    68    99
1268   881   2    63    205
1269   837   4    50    468
1270   1186   4    38    386
1271   572   3    155    329
1272   397   5    38    13
1273   359   6    183    340
1274   478   5    170    134
1275   42   5    58    35
1276   134   6    136    319
1277   1137   2    191    188
1278   894   4    131    181
1279   371   4    23    119
1280   805   7    82    322
1281   675   3    6    382
1282   405   3    71    247
1283   571   2    60    105
1284   203   3    166    26
1285   109   6    78    124
1286   953   4    44    378
1287   434   3    125    282
1288   613   6    112    167
1289   954   6    53    265
1290   1090   2    136    286
1291   1011   7    130    88
1292   518   4    27    66
1293   599   5    113    71
1294   618   4    104    78
1295   375   4    175    192
1296   996   3    186    209
1297   1129   3    93    476
1298   1293   5    16    63
1299   283   5    151    365
1300   735   5    4    214
1301   1153   7    197    421
1302   808   4    19    360
1303   763   7    189    302
1304   76   3    110    213
1305   303   3    169    235
1306   1204   6    30    465
1307   484   3    61    291
1308   673   2    128    18
1309   1307   5    72    214
1310   315   6    115    475
1311   91   2    158    113
1312   253   5    60    243
1313   344   5    111    403
1314   161   3    169    121
1315   1056   3    154    150
1316   41   3    155    338
1317   308   6    116    227
1318   479   4    179    335
1319   1009   7    1    397
1320   1191   6    148    202
1321   1060   6    60    137
1322   757   7    109    333
1323   1315   3    12    349
1324   175   2    40    288
1325   848   2    128    463
1326   114   2    172    279
1327   740   6    196    127
1328   1051   2    9    414
1329   607   4    156    324
1330   816   4    111    462
1331   127   7    97    280
1332   942   5    168    210
1333   356   7    54    319
1334   319   7    82    437
1335   72   2    110    291
1336   262   2    106    22
1337   543   4    18    339
1338   1234   3    4    36
1339   1183   5    143    427
1340   779   6    35    344
1341   1077   7    111    484
1342   955   5    26    274
1343   1216   4    71    67
1344   709   5    157    366
1345   38   2    89    363
1346   914   2    61    74
1347   1132   4    82    3
1348   1207   2    83    5
1349   642   2    79    169
1350   433   4    134    468
1351   187   7    188    490
1352   1308   6    146    78
1353   159   6    3    212
1354   688   5    189    181
1355   1051   2    97    94
1356   1084   2    98    255
1357   1176   2    191    194
1358   998   2    101    387
1359   1238   5    74    94
1360   379   7    101    375
1361   1359   4    191    81
1362   741   2    29    448
1363   162   3    55    466
1364   340   3    92    396
1365   80   4    169    164
1366   543   2    192    272
1367   170   6    18    321
1368   257   3    138    123
1369   1248   6    7    488
1370   227   7    60    254
1371   625   6    16    489
1372   839   3    122    453
1373   735   7    46    427
1374   918   5    128    449
1375   883   6    126    370
1376   1263   6    145    82
1377   977   2    87    124
1378   279   6    102    179
1379   861   7    188    491
1380   1266   4    162    177
1381   265   7    51    252
1382   759   7    163    215
1383   763   5    105    299
1384   1143   6    110    128
1385   421   5    109    101
1386   940   2    86    164
1387   711   5    191    96
1388   831   6    30    250
1389   465   5    76    333
1390   237   3    121    155
1391   17   6    54    52
1392   826   5    40    207
1393   1103   5    146    239
1394   122   7    120    227
1395   879   5    57    257
1396   1198   3    181    37
1397   550   6    45    315
1398   963   4    90    325
1399   274   7    47    38
1400   1205   7    157    38
1401   223   3    136    321
1402   903   7    50    116
1403   928   2    191    333
1404   623   5    142    103
1405   913   6    42    317
1406   894   3    69    38
1407   105   5    25    285
1408   222   3    16    115
1409   871   6    20    395
1410   931   5    77    399
1411   957   4    116    151
1412   445   6    8    367
1413   1067   7    164    327
1414   389   6    178    309
1415   843   3    29    250
1416   953   6    197    459
1417   1183   2    106    234
1418   974   5    86    411
1419   1375   5    111    7
1420   1314   7    176    84
1421   357   2    139    485
1422   561   4    20    58
1423   434   7    130    25
1424   762   3    190    96
1425   148   3    128    306
1426   377   5    128    227
1427   435   7    59    239
1428   1244   3    191    78
1429   1402   6    90    99
1430   1378   6    130    272
1431   480   7    134    105
1432   832   6    128    436
1433   699   6    176    374
1434   877   4    67    208
1435   799   7    171    330
1436   134   5    66    377
1437   1251   6    167    392
1438   919   2    191    129
1439   1209   6    193    395
1440   239   3    91    410
1441   521   4    8    119
1442   712   3    167    491
1443   107   6    101    211
1444   1156   4    178    481
1445   505   6    17    82
1446   794   4    129    13
1447   1266   7    180    13
1448   1291   6    137    336
1449   1272   7    104    66
1450   104   5    154    87
1451   896   4    39    313
1452   374   5    116    138
1453   1433   7    120    142
1454   51   6    18    200
1455   882   4    140    24
1456   678   2    71    111
1457   402   4    21    431
1458   1039   5    96    90
1459   924   2    106    49
1460   285   7    33    144
1461   707   4    133    11
1462   478   3    182    148
1463   255   7    22    299
1464   305   7    81    394
1465   1251   3    53    324
1466   618   2    85    260
1467   1299   2    196    129
1468   303   2    187    484
1469   1165   2    29    119
1470   1407   6    167    219
1471   826   7    25    457
1472   1142   4    123    198
1473   584   5    24    329
1474   735   3    26    226
1475   314   6    56    371
1476   638   6    175    453
1477   976   6    181    181
1478   1067   5    20    402
1479   669   3    74    131
1480   1053   2    152    242
1481   1002   7    74    178
1482   442   6    47    422
1483   786   2    190    389
1484   428   3    148    123
1485   827   2    133    498
1486   1396   3    126    417
1487   758   6    198    292
1488   742   5    113    298
1489   1392   6    184    121
1490   489   7    135    318
1491   1345   7    123    297
1492   429   4    1    152
1493   399   2    16    384
1494   63   6    60    151
1495   289   3    194    446
1496   762   4    50    284
1497   473   7    4    66
1498   1153   2    154    179
1499   475   2    90    436
1500   1261   7    185    50
1501   114   2    16    149
1502   222   6    157    319
1503   458   2    10    419
1504   812   6    180    464
1505   786   2    145    493
1506   1084   4    146    61
1507   133   2    132    312
1508   1483   6    107    490
1509   568   7    23    162
1510   517   3    179    498
1511   1376   5    151    63
1512   534   5    1    424
1513   1409   2    66    5
1514   957   3    13    87
1515   108   4    180    111
1516   1298   7    87    241
1517   1256   7    101    467
1518   899   7    170    78
1519   195   4    68    323
1520   89   5    47    175
1521   1462   7    18    83
1522   334   7    117    156
1523   846   5    132    447
1524   90   7    77    320
1525   615   2    189    337
1526   1392   6    73    265
1527   1199   7    55    361
1528   1359   3    139    387
1529   793   6    143    28
1530   1499   2    121    259
1531   1129   6    56    251
1532   1420   7    104    475
1533   220   2    31    67
1534   1366   6    127    25
1535   714   6    84    53
1536   957   5    114    304
1537   623   2    24    89
1538   558   6    162    419
1539   1124   6    10    277
1540   201   3    60    262
1541   1201   7    61    266
1542   619   5    11    398
1543   499   3    127    381
1544   453   2    139    450
1545   1441   6    54    459
1546   662   4    107    159
1547   24   5    164    437
1548   1091   6    77    112
1549   414   7    135    37
1550   1329   5    26    92
1551   652   5    6    159
1552   592   4    22    464
1553   1282   3    193    92
1554   412   4    155    301
1555   607   5    95    31
1556   1487   3    120    286
1557   564   7    67    257
1558   1532   2    186    26
1559   472   2    165    361
1560   916   3    17    41
1561   244   6    94    357
1562   339   6    43    291
1563   1437   2    184    49
1564   501   4    48    72
1565   107   3    87    164
1566   1172   4    169    54
1567   404   6    153    142
1568   218   4    37    267
1569   1156   2    79    150
1570   963   2    26    152
1571   1475   6    94    396
1572   502   5    22    203
1573   380   3    27    103
1574   979   3    130    188
1575   430   6    18    200
1576   926   3    176    407
1577   766   6    108    464
1578   344   2    147    102
1579   800   7    61    482
1580   1035   5    171    317
1581   1190   6    69    282
1582   514   3    164    143
1583   918   3    186    120
1584   1045   4    109    356
1585   94   3    42    379
1586   261   2    111    338
1587   918   4    15    155
1588   678   7    192    308
1589   784   4    137    327
1590   1235   3    136    333
1591   677   3    175    444
1592   1190   3    172    239
1593   186   3    157    362
1594   752   3    32    84
1595   1362   3    184    69
1596   1508   2    81    23
1597   1324   3    27    68
1598   1378   5    163    160
1599   780   6    132    247
1600   863   5    110    280
1601   877   6    108    79
1602   221   4    116    272
1603   1141   6    57    272
1604   1   7    42    209
1605   866   4    160    204
1606   1099   7    68    309
1607   22   7    98    193
1608   1215   5    117    283
1609   1193   5    131    63
1610   1326   2    171    426
1611   528   2    176    251
1612   627   4    132    291
1613   142   5    10    314
1614   661   3    45    496
1615   176   5    47    251
1616   104   6    192    138
1617   1338   7    198    343
1618   165   6    68    280
1619   237   2    134    263
1620   378   4    143    313
1621   748   2    56    250
1622   323   3    111    64
1623   1257   7    78    202
1624   923   6    135    41
1625   1136   5    29    100
1626   1193   4    50    448
1627   1015   5    145    300
1628   802   5    164    72
1629   1203   4    64    384
1630   1432   3    169    473
1631   585   3    119    320
1632   1358   7    153    291
1633   158   2    66    128
1634   1629   4    72    15
1635   448   3    58    80
1636   1123   4    38    363
1637   1117   3    186    433
1638   938   2    159    38
1639   85   6    100    7
1640   338   2    68    480
1641   731   3    68    411
1642   1413   6    168    191
1643   1097   2    2    21
1644   1342   7    2    54
1645   281   6    110    149
1646   104   2    87    3
1647   1396   4    102    177
1648   1293   7    188    499
1649   1131   4    2    6
1650   1643   4    160    306
1651   831   2    31    129
1652   328   6    169    496
1653   613   3    19    388
1654   690   6    144    143
1655   1242   3    96    81
1656   1409   4    194    254
1657   796   5    110    21
1658   949   3    58    232
1659   1381   5    194    247
1660   1266   2    34    371
1661   987   2    137    381
1662   392   6    7    260
1663   1359   7    121    32
1664   1394   6    102    168
1665   719   4    185    342
1666   123   3    28    361
1667   579   6    7    419
1668   1373   2    3    19
1669   820   4    184    346
1670   854   2    16    192
1671   245   4    108    25
1672   191   6    105    437
1673   1307   2    55    51
1674   47   5    55    5
1675   803   5    128    483
1676   435   3    106    53
1677   1020   3    184    295
1678   924   6    185    308
1679   1301   2    176    33
1680   1569   2    37    47
1681   163   7    18    18
1682   739   5    4    54
1683   810   6    179    451
1684   940   2    17    477
1685   799   5    144    484
1686   289   3    24    75
1687   1179   2    101    460
1688   836   4    40    216
1689   289   5    13    314
1690   962   7    114    467
1691   1620   7    108    192
1692   1073   6    107    325
1693   289   4    95    449
1694   1454   7    36    165
1695   949   2    143    206
1696   128   4    153    197
1697   300   4    140    118
1698   685   7    194    219
1699   555   3    172    387
1700   336   5    9    192
1701   254   5    4    441
1702   478   6    128    456
1703   512   4    41    167
1704   221   3    166    36
1705   451   2    3    257
1706   937   5    151    473
1707   19   2    161    111
1708   1290   5    158    431
1709   546   3    81    434
1710   128   5    92    14
1711   1663   5    40    456
1712   955   2    16    39
1713   1531   3    132    442
1714   468   6    107    346
1715   258   3    77    67
1716   848   4    4    271
1717   1567   6    20    420
1718   786   2    10    388
1719   1106   5    142    283
1720   437   5    140    128
1721   1630   3    144    361
1722   239   6    72    264
1723   1140   2    57    439
1724   853   5    38    66
1725   1163   2    13    154
1726   284   2    22    436
1727   1437   4    45    188
1728   1035   5    199    476
1729   488   5    29    485
1730   453   3    58    460
1731   1257   7    40    403
1732   1681   3    47    491
1733   860   7    120    257
1734   1530   3    175    347
1735   1523   4    117    13
1736   420   6    109    272
1737   1191   6    178    156
1738   580   2    182    352
1739   366   2    131    436
1740   356   6    185    92
1741   1323   6    17    215
1742   1650   7    40    495
1743   1600   6    57    68
1744   805   6    159    452
1745   1478   6    26    190
1746   1556   3    172    464
1747   133   6    168    306
1748   565   6    64    419
1749   708   3    180    322
1750   496   3    136    181
1751   938   7    91    232
1752   596   2    45    417
1753   559   2    101    115
1754   50   2    27    252
1755   1683   3    138    409
1756   922   3    186    424
1757   632   4    168    484
1758   897   3    138    166
1759   1316   3    76    38
1760   125   7    37    233
1761   1692   3    193    386
1762   1546   2    80    43
1763   1045   7    123    208
1764   38   2    28    347
1765   399   3    133    340
1766   1097   5    43    157
1767   1697   3    194    403
1768   1136   5    60    300
1769   799   7    26    251
1770   607   2    91    258
1771   386   7    132    110
1772   43   7    189    487
1773   802   6    79    190
1774   923   5    195    132
1775   378   3    112    387
1776   600   4    12    284
1777   1574   6    72    7
1778   1000   2    68    434
1779   806   4    20    98
1780   211   2    139    244
1781   472   5    137    455
1782   718   5    105    149
1783   1450   3    90    225
1784   1620   6    192    386
1785   559   4    125    289
1786   513   6    156    443
1787   10   5    143    376
1788   386   2    59    438
1789   566   7    149    393
1790   1443   4    5    147
1791   664   3    10    55
1792   995   7    41    391
1793   441   4    26    238
1794   2   6    135    262
1795   205   5    142    153
1796   1282   7    164    437
1797   695   2    86    140
1798   1405   4    167    5
1799   1142   7    43    191
1800   669   7    172    127
1801   1631   6    174    210
1802   1470   7    44    108
1803   1270   2    160    166
1804   338   5    196    175
1805   1203   5    76    18
1806   577   5    12    365
1807   1243   2    66    184
1808   1530   2    77    302
1809   1391   7    124    338
1810   1654   3    141    317
1811   739   5    41    235
1812   1018   4    114    111
1813   1390   7    60    434
1814   1678   7    26    192
1815   1043   3    84    420
1816   1447   6    154    387
1817   1514   7    148    468
1818   367   7    21    30
1819   261   4    176    428
1820   890   4    68    38
1821   109   5    64    53
1822   649   6    199    155
1823   1166   3    23    391
1824   653   2    66    111
1825   943   3    127    357
1826   996   4    182    324
1827   618   3    119    207
1828   705   3    54    384
1829   843   6    33    159
1830   803   5    73    164
1831   147   7    109    328
1832   1159   5    136    48
1833   239   2    133    9
1834   1718   6    41    236
1835   12   7    53    481
1836   770   6    45    496
1837   1811   3    34    384
1838   9   6    30    60
1839   1373   6    128    206
1840   1448   2    83    215
1841   821   2    26    225
1842   549   7    106    106
1843   1825   6    143    400
1844   28   2    116    156
1845   257   4    156    12
1846   36   2    189    428
1847   545   6    145    13
1848   1102   4    102    127
1849   480   5    20    431
1850   249   2    194    254
1851   1024   6    49    248
1852   965   3    75    271
1853   1146   6    175    229
1854   1259   5    195    107
1855   1542   4    95    316
1856   282   4    123    438
1857   975   3    156    412
1858   1724   4    146    264
1859   783   7    90    435
1860   697   5    13    25
1861   1459   3    12    52
1862   1134   2    70    96
1863   1437   4    4    372
1864   185   5    98    87
1865   252   6    13    417
1866   1263   7    55    166
1867   1709   2    69    352
1868   831   3    177    404
1869   738   2    103    357
1870   1347   5    139    12
1871   853   3    51    235
1872   523   2    193    252
1873   710   4    66    342
1874   728   3    40    243
1875   347   2    91    89
1876   652   4    134    485
1877   1488   2    117    411
1878   492   4    32    394
1879   736   3    78    265
1880   997   6    45    366
1881   1559   3    4    305
1882   1412   7    18    17
1883   61   4    127    292
1884   654   5    165    432
1885   1288   4    144    272
1886   917   6    66    74
1887   1627   7    88    344
1888   733   7    133    66
1889   1740   3    167    239
1890   1664   6    5    288
1891   1491   3    38    118
1892   351   7    183    168
1893   1675   4    164    445
1894   178   5    18    229
1895   1682   3    41    474
1896   560   5    69    471
1897   496   3    190    167
1898   438   5    12    389
1899   196   7    65    224
1900   538   5    199    143
1901   437   3    17    386
1902   1709   7    186    165
1903   595   6    76    393
1904   1366   3    72    449
1905   1353   3    40    194
1906   1666   6    198    305
1907   928   5    163    160
1908   1560   3    146    149
1909   273   5    134    294
1910   1528   2    32    401
1911   1777   7    127    307
1912   1645   2    119    140
1913   488   4    96    213
1914   547   6    186    432
1915   798   3    120    425
1916   742   2    169    49
1917   1073   5    126    224
1918   1185   5    173    260
1919   867   6    176    394
1920   1709   4    165    252
1921   595   2    92    299
1922   613   2    10    284
1923   221   6    173    273
1924   1075   4    144    444
1925   527   5    39    37
1926   1   5    96    28
1927   295   5    177    230
1928   923   2    136    44
1929   1653   2    123    47
1930   1856   4    42    455
1931   1392   6    63    331
1932   1764   6    27    101
1933   391   3    128    65
1934   688   2    139    387
1935   338   3    163    146
1936   351   6    101    453
1937   1915   6    16    246
1938   397   3    5    494
1939   440   2    21    78
1940   1619   7    113    134
1941   1464   5    20    497
1942   1619   7    11    207
1943   1118   3    194    211
1944   1161   5    36    471
1945   640   2    96    226
1946   945   5    85    303
1947   1285   7    114    102
1948   788   7    27    410
1949   1159   7    111    62
1950   1492   4    40    244
1951   264   7    52    221
1952   1438   2    8    63
1953   1044   7    161    215
1954   839   2    178    450
1955   1772   3    96    367
1956   1689   7    27    271
1957   1822   4    110    386
1958   1377   7    67    323
1959   1251   6    137    436
1960   1307   5    198    370
1961   1457   7    141    470
1962   1214   3    131    461
1963   1596   6    74    175
1964   1894   5    154    424
1965   791   4    128    322
1966   942   6    88    375
1967   1251   4    100    393
1968   823   2    189    14
1969   264   3    152    4
1970   787   4    13    446
1971   995   6    75    356
1972   1413   3    61    244
1973   1912   6    5    166
1974   1534   7    117    276
1975   765   7    97    269
1976   136   3    93    368
1977   802   3    53    5
1978   1845   7    58    210
1979   467   4    180    27
1980   1224   6    69    94
1981   310   5    197    464
1982   1679   6    170    446
1983   1073   4    111    477
1984   267   2    81    119
1985   569   5    166    42
1986   486   6    52    347
1987   1304   6    191    340
1988   1323   6    187    318
1989   1478   6    2    302
1990   579   3    124    362
1991   1356   4    182    272
1992   1585   5    198    334
1993   1449   5    101    343
1994   706   4    25    67
1995   1415   2    33    102
1996   623   2    68    404
1997   649   5    98    22
1998   1880   5    17    433
1999   1576   7    38    490
2000   1680   7    197    476
2001   1429   3    134    362
2002   330   7    151    44
2003   49   5    176    495
2004   1128   2    95    428
2005   54   5    171    323
2006   1667   6    198    146
2007   1528   5    158    406
2008   1201   2    165    331
2009   141   6    101    262
2010   1650   4    155    277
2011   1402   5    140    352
2012   1500   3    107    389
2013   811   3    52    61
2014   1372   7    58    336
2015   1102   4    135    153
2016   374   2    69    460
2017   1678   7    100    255
2018   1742   7    168    195
2019   1423   5    179    320
2020   10   4    106    32
2021   1252   6    111    391
2022   1185   4    115    319
2023   1561   4    66    437
2024   1081   6    128    308
2025   174   3    63    92
2026   1494   6    65    174
2027   830   5    135    152
2028   764   2    128    489
2029   336   7    180    69
2030   732   2    92    429
2031   1505   7    117    4
2032   1994   7    80    386
2033   330   4    156    303
2034   1507   4    132    88
2035   1014   7    118    475
2036   540   4    101    73
2037   1302   3    60    487
2038   251   5    121    415
2039   242   6    32    145
2040   1913   6    160    426
2041   1890   4    149    13
2042   347   2    133    311
2043   223   7    140    13
2044   1175   6    63    179
2045   918   6    179    267
2046   1715   3    58    87
2047   626   7    124    464
2048   992   7    122    372
