1   0   7    13    6
2   1   5    39    386
3   1   2    96    380
4   1   6    103    43
5   3   2    44    474
6   3   6    15    159
7   1   7    54    182
8   4   5    81    71
9   3   6    172    205
10   3   7    133    323
11   1   2    70    255
12   7   3    151    285
13   3   5    150    273
14   5   2    163    432
15   6   3    10    121
16   10   3    139    22
17   8   4    94    392
18   3   6    86    240
19   16   4    176    498
20   9   3    85    341
21   5   5    70    286
22   5   6    6    280
23   15   3    67    220
24   1   7    195    225
25   3   6    85    384
26   4   2    106    217
27   5   5    58    260
28   9   2    150    67
29   4   3    21    358
30   25   6    153    333
31   7   5    5    291
32   22   5    104    222
33   30   5    195    488
34   14   4    170    216
35   20   3    153    364
36   25   7    111    404
37   8   2    165    436
38   4   6    48    304
39   9   2    135    286
40   7   2    73    153
41   13   4    162    430
42   30   4    64    296
43   25   7    178    74
44   8   7    96    96
45   5   3    164    497
46   26   2    15    22
47   31   4    24    70
48   1   7    48    193
49   21   6    171    100
50   36   2    121    85
51   45   3    51    196
52   8   7    30    180
53   44   4    50    236
54   36   7    68    353
55   25   5    174    44
56   45   5    183    137
57   4   6    75    325
58   20   2    116    184
59   33   6    97    216
60   1   3    131    77
61   7   2    140    224
62   7   5    31    87
63   18   3    1    66
64   42   5    29    314
65   26   7    116    76
66   39   5    30    474
67   35   4    115    95
68   46   2    90    79
69   11   7    136    149
70   32   4    70    406
71   55   4    62    460
72   34   2    137    10
73   30   7    134    455
74   62   2    124    353
75   1   4    10    13
76   33   7    153    359
77   66   2    169    42
78   72   6    166    144
79   33   4    59    389
80   32   3    169    33
81   37   4    65    29
82   50   4    164    308
83   55   4    183    237
84   34   6    59    382
85   24   3    9    127
86   81   5    97    171
87   36   2    199    212
88   12   7    116    319
89   39   2    79    45
90   48   7    26    403
91   61   3    193    116
92   54   5    107    217
93   4   3    195    71
94   18   3    7    358
95   24   3    74    238
96   68   3    165    476
97   8   5    138    358
98   45   2    44    79
99   16   2    160    404
100   95   2    56    309
101   1   3    153    350
102   27   2    179    286
103   100   5    156    234
104   2   5    70    25
105   92   6    37    61
106   85   2    122    148
107   64   7    53    294
108   54   7    188    249
109   24   2    195    326
110   82   3    62    78
111   41   5    22    63
112   71   3    98    199
113   57   3    122    354
114   106   4    52    47
115   107   5    151    310
116   8   3    23    420
117   42   2    45    359
118   40   7    65    434
119   26   2    105    261
120   16   5    133    296
121   104   5    5    276
122   32   7    120    401
123   21   2    117    45
124   23   4    114    359
125   70   5    111    1
126   87   2    6    390
127   35   2    19    224
128   105   6    149    455
129   36   2    61    54
130   43   3    147    471
131   35   5    87    371
132   32   7    13    29
133   18   4    123    89
134   49   7    25    280
135   26   2    188    75
136   97   5    14    455
137   45   4    191    235
138   20   5    14    303
139   44   5    50    287
140   99   2    158    445
141   9   3    120    397
142   65   6    81    366
143   130   6    140    48
144   57   5    89    115
145   66   7    10    266
146   128   6    48    325
147   134   2    195    34
148   21   7    99    386
149   45   5    135    464
150   26   7    10    112
151   144   6    192    339
152   138   7    48    140
153   91   7    50    367
154   64   7    122    468
155   24   2    67    31
156   63   4    30    387
157   49   2    69    460
158   140   5    112    74
159   131   2    148    85
160   113   6    54    63
161   83   2    24    81
162   4   3    196    321
163   24   6    58    374
164   129   3    8    242
165   107   4    174    179
166   4   2    20    193
167   45   4    129    172
168   125   2    42    140
169   133   4    53    11
170   168   3    166    207
171   23   5    24    346
172   87   6    190    246
173   166   5    137    27
174   80   5    106    65
175   112   7    181    478
176   25   3    53    70
177   34   7    51    359
178   51   6    186    479
179   141   6    68    372
180   114   3    170    497
181   132   3    94    429
182   175   6    172    445
183   126   3    26    122
184   40   3    17    219
185   41   6    175    317
186   181   4    19    327
187   47   6    2    277
188   35   3    196    122
189   165   2    124    244
190   78   7    38    221
191   18   3    61    360
192   92   7    126    364
193   9   6    77    39
194   179   3    57    34
195   163   2    36    19
196   139   2    178    131
197   90   4    91    418
198   134   3    21    449
199   101   2    112    383
200   108   3    96    316
201   69   6    145    11
202   17   7    2    445
203   119   6    13    54
204   21   6    38    39
205   149   5    64    246
206   83   7    154    74
207   136   2    67    478
208   171   6    18    377
209   164   6    163    257
210   189   4    65    316
211   154   5    198    110
212   155   6    99    281
213   117   6    43    231
214   119   3    178    388
215   164   5    149    58
216   165   4    106    318
217   30   3    5    173
218   28   2    178    148
219   144   3    141    377
220   111   3    187    243
221   16   5    59    377
222   150   3    143    18
223   108   4    178    226
224   2   4    139    375
225   4   4    120    470
226   4   3    81    448
227   207   5    31    303
228   208   4    76    289
229   111   6    18    405
230   114   7    180    57
231   60   3    52    350
232   95   2    162    278
233   211   4    44    448
234   111   5    164    33
235   76   4    129    74
236   156   2    152    203
237   124   4    67    416
238   188   6    51    184
239   194   6    2    250
240   121   7    130    410
241   158   5    35    391
242   16   7    68    490
243   28   3    110    288
244   111   7    20    258
245   41   5    115    22
246   121   6    50    95
247   139   7    74    146
248   171   3    26    23
249   18   5    98    397
250   148   4    4    308
251   174   4    139    399
252   171   5    144    385
253   57   7    27    419
254   59   3    180    266
255   230   4    43    286
256   178   3    84    430
257   204   2    41    271
258   119   2    49    264
259   29   5    135    373
260   152   2    152    54
261   137   7    33    239
262   34   7    197    65
263   255   2    30    72
264   233   3    64    487
265   25   5    33    325
266   56   3    35    371
267   41   7    73    216
268   192   2    70    111
269   105   4    70    436
270   3   5    123    72
271   80   5    139    155
272   107   3    109    53
273   41   6    85    235
274   61   2    43    27
275   156   5    170    232
276   6   4    23    68
277   88   6    62    481
278   40   5    49    150
279   1   5    119    248
280   64   6    45    33
281   176   3    83    359
282   110   4    147    304
283   48   7    21    401
284   255   2    183    114
285   175   5    166    226
286   65   5    1    492
287   4   7    4    179
288   145   5    197    413
289   158   7    172    304
290   87   4    155    400
291   242   5    85    89
292   264   3    126    200
293   169   5    88    212
294   239   7    75    60
295   30   6    160    270
296   173   3    89    476
297   119   6    164    272
298   17   7    146    62
299   105   7    21    382
300   255   5    60    34
301   26   6    98    144
302   53   6    88    232
303   240   6    145    206
304   106   4    159    34
305   139   6    167    470
306   56   5    102    432
307   54   5    196    464
308   217   2    44    458
309   294   6    86    210
310   122   7    5    357
311   163   7    21    354
312   235   7    177    40
313   217   6    12    54
314   172   6    7    393
315   175   5    127    477
316   240   4    70    97
317   161   6    90    230
318   181   2    49    30
319   118   6    64    369
320   171   5    189    97
321   301   6    68    130
322   147   4    152    124
323   7   2    161    128
324   262   2    54    496
325   116   3    47    301
326   103   2    153    23
327   325   6    171    128
328   110   4    27    111
329   320   7    195    341
330   153   5    157    440
331   24   4    83    41
332   321   5    75    281
333   140   4    184    101
334   38   7    16    254
335   174   7    54    217
336   304   6    162    475
337   145   3    94    484
338   7   3    67    411
339   163   5    198    276
340   40   3    10    275
341   207   4    99    487
342   226   5    181    339
343   301   2    3    327
344   231   6    43    149
345   324   4    67    274
346   39   3    126    298
347   97   2    30    225
348   290   6    195    261
349   26   5    168    318
350   63   2    107    384
351   338   4    42    5
352   67   2    50    97
353   345   2    37    362
354   128   5    95    62
355   183   4    9    205
356   93   4    63    132
357   284   2    172    307
358   233   3    121    425
359   58   7    148    189
360   222   4    72    212
361   277   2    136    158
362   229   5    4    14
363   28   4    75    275
364   5   6    103    1
365   13   3    125    211
366   112   2    173    2
367   320   2    172    482
368   184   4    137    185
369   363   7    35    451
370   264   2    190    135
371   352   2    189    129
372   189   7    86    429
373   232   6    155    354
374   77   6    9    447
375   85   4    155    434
376   38   4    171    315
377   151   4    33    59
378   73   6    187    83
379   346   5    66    2
380   215   7    96    88
381   12   4    150    322
382   91   5    117    186
383   159   7    145    81
384   330   6    22    431
385   256   3    36    218
386   98   5    141    29
387   298   2    113    201
388   386   5    144    348
389   183   6    149    427
390   35   6    40    362
391   16   2    38    231
392   252   7    47    447
393   155   6    24    391
394   207   4    167    339
395   95   5    37    327
396   304   7    14    44
397   384   5    182    300
398   216   3    3    193
399   380   5    84    288
400   275   7    120    495
401   355   5    192    237
402   42   3    86    65
403   331   5    174    490
404   241   3    48    164
405   280   2    141    134
406   230   6    136    404
407   206   2    154    227
408   270   4    108    460
409   121   3    190    139
410   27   7    171    440
411   374   5    20    442
412   66   6    91    457
413   186   2    76    55
414   184   5    43    370
415   384   3    55    389
416   229   6    54    351
417   199   4    5    335
418   117   5    34    43
419   260   6    31    279
420   206   3    174    190
421   8   4    4    24
422   72   4    146    297
423   359   7    159    376
424   311   4    169    232
425   171   2    6    237
426   336   6    107    27
427   292   3    183    490
428   359   2    46    237
429   21   4    45    497
430   73   7    22    424
431   128   3    19    172
432   85   6    39    488
433   396   2    19    94
434   60   7    39    24
435   409   2    26    176
436   303   6    61    221
437   110   4    91    188
438   180   7    119    412
439   377   4    57    398
440   289   3    105    402
441   239   7    8    379
442   105   2    35    158
443   429   6    138    173
444   47   2    70    172
445   228   7    32    133
446   45   2    104    227
447   249   6    43    485
448   226   3    65    185
449   168   5    56    457
450   18   3    137    482
451   79   6    22    215
452   136   5    96    1
453   224   2    42    169
454   83   4    126    483
455   375   2    145    90
456   89   7    196    430
457   386   5    191    234
458   96   3    196    407
459   10   5    160    86
460   339   2    141    295
461   443   7    143    132
462   286   4    64    201
463   377   4    12    244
464   247   6    157    452
465   71   5    181    203
466   316   4    173    233
467   143   6    42    186
468   19   3    167    212
469   445   5    116    15
470   108   3    142    16
471   95   5    163    35
472   29   6    13    191
473   53   4    125    2
474   151   2    61    64
475   256   4    43    194
476   427   2    52    463
477   120   7    182    31
478   467   5    154    302
479   432   7    3    433
480   440   2    93    123
481   440   3    62    231
482   430   7    120    418
483   111   7    178    197
484   440   4    176    497
485   417   4    53    246
486   106   2    71    471
487   274   6    163    8
488   351   7    101    141
489   462   7    5    228
490   231   7    124    355
491   173   5    14    32
492   252   3    189    202
493   394   6    19    399
494   410   6    157    176
495   372   4    16    249
496   202   5    5    67
497   404   4    52    67
498   146   5    67    131
499   137   5    138    301
500   342   6    108    476
501   375   4    108    44
502   295   4    96    213
503   467   7    18    267
504   140   2    48    446
505   56   3    62    37
506   386   6    19    373
507   8   4    177    479
508   32   3    156    210
509   475   6    152    240
510   139   2    20    485
511   234   2    136    31
512   45   2    83    155
513   213   6    43    444
514   29   6    125    220
515   427   6    174    150
516   299   4    167    294
517   254   6    43    394
518   320   5    100    399
519   323   6    102    219
520   59   2    191    150
521   197   6    52    486
522   320   2    121    275
523   24   4    6    346
524   57   4    35    377
525   11   4    7    422
526   482   7    129    111
527   345   6    116    220
528   316   7    102    53
529   3   2    30    133
530   47   4    117    276
531   453   5    67    319
532   176   3    132    233
533   215   5    165    311
534   384   7    121    121
535   219   2    32    437
536   325   7    191    442
537   410   3    112    48
538   489   5    19    312
539   160   6    59    151
540   192   5    153    81
541   149   6    115    132
542   517   7    21    70
543   188   4    8    295
544   67   7    162    199
545   207   5    60    188
546   83   3    130    50
547   370   7    46    439
548   273   3    170    471
549   77   2    73    462
550   225   6    172    66
551   390   7    94    195
552   161   3    149    6
553   107   4    109    145
554   68   7    33    442
555   336   6    56    223
556   221   4    107    203
557   518   2    181    36
558   98   6    85    265
559   84   5    140    270
560   160   5    52    189
561   462   2    187    144
562   74   4    91    149
563   525   4    72    225
564   366   5    178    124
565   215   2    150    122
566   179   3    65    23
567   348   6    124    223
568   149   3    48    81
569   287   2    79    361
570   373   4    47    464
571   341   2    114    366
572   450   2    5    138
573   341   6    80    216
574   313   3    2    293
575   180   3    110    26
576   268   2    114    133
577   271   4    58    437
578   22   2    119    415
579   22   3    199    493
580   247   4    166    409
581   332   7    134    213
582   429   3    11    360
583   74   3    16    324
584   265   4    85    59
585   143   4    17    457
586   150   6    195    334
587   529   7    24    188
588   479   5    64    230
589   229   6    164    492
590   190   6    177    312
591   118   4    193    81
592   55   2    165    490
593   73   5    163    271
594   507   4    17    237
595   34   5    193    338
596   235   4    168    401
597   281   6    152    383
598   267   4    171    314
599   76   6    164    376
600   112   3    126    241
601   130   2    35    363
602   218   3    148    326
603   440   7    144    213
604   424   2    70    343
605   476   6    54    365
606   293   6    189    179
607   565   6    132    228
608   169   4    47    162
609   439   2    55    35
610   541   6    164    473
611   494   2    25    414
612   585   6    80    494
613   501   4    55    279
614   327   2    176    431
615   469   2    130    106
616   461   6    84    57
617   85   5    97    475
618   172   2    70    229
619   606   7    160    5
620   39   3    70    182
621   53   6    53    285
622   144   3    30    450
623   490   3    10    252
624   394   3    51    326
625   463   3    195    194
626   509   5    166    99
627   314   4    135    482
628   555   2    157    126
629   249   3    199    78
630   497   6    6    361
631   262   6    137    444
632   92   3    110    239
633   224   4    127    389
634   99   6    66    149
635   521   2    137    164
636   604   5    53    319
637   252   3    1    128
638   94   4    156    214
639   431   2    185    133
640   563   6    60    63
641   426   2    104    42
642   296   5    113    303
643   278   4    165    112
644   533   4    79    254
645   58   2    159    391
646   214   2    32    201
647   62   7    72    46
648   504   4    50    133
649   475   3    95    114
650   595   6    132    195
651   160   5    12    242
652   335   3    19    480
653   94   2    145    480
654   581   5    65    47
655   538   2    158    372
656   588   7    77    396
657   388   6    196    255
658   388   7    118    338
659   290   5    54    166
660   545   5    135    499
661   56   6    125    248
662   340   6    58    452
663   86   2    170    63
664   237   4    168    65
665   269   4    79    383
666   402   6    73    197
667   99   4    92    459
668   475   2    149    377
669   593   2    5    17
670   398   2    182    442
671   490   4    124    111
672   157   6    165    15
673   532   4    51    319
674   543   4    55    229
675   535   5    81    344
676   235   5    87    132
677   339   6    164    75
678   589   6    75    290
679   36   5    58    247
680   302   6    126    132
681   371   2    40    495
682   476   4    40    469
683   447   5    188    117
684   372   4    37    34
685   487   5    162    365
686   589   5    53    415
687   259   6    154    69
688   260   3    18    85
689   544   5    72    80
690   106   6    99    69
691   680   2    172    440
692   305   3    25    443
693   133   2    106    337
694   63   3    191    292
695   86   3    153    479
696   415   6    167    87
697   31   6    33    214
698   404   4    184    381
699   501   3    199    86
700   316   5    168    6
701   254   5    146    26
702   99   4    129    372
703   146   2    70    14
704   204   6    184    60
705   401   7    96    168
706   572   6    66    448
707   179   5    31    421
708   423   6    168    486
709   533   7    15    254
710   424   2    197    316
711   552   4    35    357
712   384   3    19    281
713   620   6    42    398
714   469   4    59    487
715   238   2    199    253
716   675   6    42    451
717   525   3    104    355
718   361   7    57    475
719   387   7    142    32
720   312   4    113    345
721   427   3    16    180
722   37   4    43    343
723   26   2    131    77
724   320   5    96    348
725   667   5    189    109
726   604   5    47    202
727   667   7    5    189
728   400   6    33    154
729   24   5    60    281
730   294   5    5    280
731   104   3    44    376
732   570   2    11    361
733   541   5    136    288
734   345   6    172    59
735   611   7    69    461
736   609   5    158    292
737   384   7    184    369
738   268   7    41    245
739   331   3    163    247
740   558   7    139    392
741   704   4    65    456
742   139   2    39    428
743   153   2    163    436
744   571   5    159    47
745   115   4    90    397
746   210   4    69    467
747   280   2    57    124
748   656   5    39    265
749   73   3    57    29
750   255   5    125    368
751   693   2    122    485
752   719   3    7    243
753   373   4    174    162
754   654   7    179    468
755   64   2    140    39
756   689   6    140    8
757   649   3    176    499
758   640   6    12    479
759   64   2    120    130
760   400   3    137    313
761   377   4    8    65
762   273   7    197    281
763   193   3    188    277
764   645   5    148    31
765   195   2    102    183
766   579   3    126    370
767   89   2    6    438
768   246   6    159    397
769   466   4    197    177
770   70   6    70    164
771   601   6    90    68
772   203   5    153    323
773   361   2    143    354
774   656   4    196    481
775   420   3    134    247
776   514   4    36    256
777   86   5    18    114
778   616   6    71    381
779   149   3    92    122
780   731   2    13    484
781   663   7    166    419
782   770   5    117    295
783   336   6    134    101
784   165   4    144    329
785   752   3    98    55
786   257   7    4    399
787   259   4    50    102
788   170   6    82    378
789   427   2    120    471
790   87   2    63    435
791   239   2    144    282
792   782   7    93    5
793   629   3    189    411
794   477   7    16    378
795   561   3    184    83
796   387   5    106    152
797   551   2    43    140
798   591   2    160    301
799   31   7    171    244
800   573   7    5    235
801   20   5    154    133
802   629   5    45    178
803   653   5    163    25
804   585   2    162    43
805   557   4    172    39
806   608   5    29    216
807   744   3    73    146
808   124   4    176    473
809   473   2    120    39
810   609   6    191    432
811   275   4    131    217
812   290   3    91    281
813   223   3    197    171
814   31   3    14    66
815   521   5    188    27
816   326   7    66    12
817   359   3    105    485
818   145   2    144    107
819   598   6    178    213
820   289   6    138    434
821   617   2    68    166
822   476   6    85    159
823   645   6    183    54
824   115   4    132    315
825   266   2    142    235
826   138   7    51    65
827   231   5    4    319
828   519   4    12    436
829   472   3    83    218
830   812   7    134    347
831   430   2    4    27
832   13   4    71    480
833   517   6    109    349
834   423   7    35    172
835   483   2    181    134
836   229   2    19    266
837   156   4    157    167
838   796   7    128    329
839   694   6    47    332
840   200   3    100    404
841   488   4    90    415
842   532   5    36    470
843   728   7    122    317
844   149   6    37    194
845   391   5    79    455
846   419   2    9    456
847   650   3    39    444
848   827   2    13    114
849   632   6    56    377
850   636   2    153    121
851   681   5    191    287
852   537   6    140    79
853   811   6    134    398
854   583   6    15    278
855   290   5    6    12
856   389   4    196    38
857   238   3    115    157
858   171   4    197    236
859   360   7    134    446
860   711   7    54    484
861   440   4    3    278
862   511   5    165    53
863   698   5    67    345
864   830   5    40    183
865   595   7    141    107
866   637   5    101    46
867   210   3    11    63
868   57   6    15    430
869   152   4    4    446
870   99   7    101    47
871   825   5    182    223
872   866   4    74    87
873   858   3    42    70
874   105   3    51    245
875   721   4    57    485
876   340   3    124    192
877   384   3    174    449
878   833   6    43    484
879   276   4    152    388
880   114   5    77    118
881   729   7    83    325
882   514   6    109    321
883   667   3    159    304
884   39   5    113    458
885   308   4    63    118
886   383   3    131    352
887   659   6    135    61
888   833   3    36    107
889   220   5    3    27
890   669   6    64    406
891   776   6    159    497
892   336   2    76    215
893   35   5    107    494
894   305   3    161    165
895   124   6    10    160
896   584   5    38    181
897   559   2    19    266
898   777   2    76    189
899   207   5    1    134
900   761   6    83    368
901   286   2    156    101
902   543   2    116    299
903   379   3    191    371
904   515   3    127    436
905   286   4    53    234
906   34   3    83    18
907   535   6    100    286
908   653   3    84    360
909   125   4    139    457
910   51   6    94    18
911   643   6    62    329
912   538   5    34    28
913   554   2    192    175
914   34   3    180    263
915   447   5    172    203
916   52   4    174    461
917   22   4    180    221
918   237   5    41    185
919   216   4    4    269
920   376   6    45    428
921   422   2    26    308
922   507   7    62    251
923   770   5    48    420
924   170   3    197    374
925   451   5    102    288
926   541   7    67    358
927   115   5    97    245
928   150   4    22    64
929   102   2    135    165
930   524   3    197    374
931   288   7    169    495
932   842   4    191    148
933   271   6    74    445
934   123   7    45    476
935   639   7    100    211
936   500   5    114    277
937   683   7    188    408
938   315   6    64    261
939   570   4    58    333
940   720   5    111    171
941   752   6    3    106
942   647   3    142    436
943   760   6    42    422
944   459   3    146    366
945   344   4    34    432
946   231   7    119    499
947   57   5    105    495
948   247   5    137    160
949   730   6    180    269
950   533   4    96    269
951   206   4    191    400
952   435   2    141    62
953   792   3    141    83
954   454   3    24    337
955   351   6    172    483
956   658   3    64    172
957   796   2    152    199
958   675   2    132    459
959   808   3    141    490
960   169   3    17    357
961   902   4    9    423
962   444   7    124    142
963   507   6    174    101
964   264   7    155    367
965   394   5    33    431
966   290   4    38    298
967   51   4    82    19
968   238   2    165    35
969   553   3    62    170
970   532   6    186    489
971   887   3    152    344
972   559   2    84    103
973   708   5    140    98
974   473   2    172    279
975   808   5    23    377
976   93   6    172    406
977   235   3    49    322
978   412   7    190    65
979   736   6    178    248
980   705   6    40    226
981   357   3    94    150
982   536   7    155    313
983   105   7    192    368
984   369   4    178    107
985   128   3    150    281
986   622   3    154    2
987   107   2    18    70
988   946   4    10    435
989   450   3    114    292
990   308   6    170    460
991   412   7    60    79
992   838   5    196    422
993   841   6    199    408
994   163   6    195    212
995   125   7    68    119
996   539   6    65    185
997   356   3    9    31
998   326   4    8    55
999   490   6    119    105
1000   304   2    27    95
1001   912   7    155    278
1002   648   2    83    355
1003   702   3    88    492
1004   519   6    46    41
1005   501   3    19    261
1006   713   3    41    441
1007   852   7    52    25
1008   345   4    29    191
1009   116   3    74    355
1010   259   3    69    45
1011   91   7    189    298
1012   619   4    25    322
1013   743   4    165    155
1014   635   2    84    294
1015   570   5    197    330
1016   654   7    168    236
1017   448   7    191    89
1018   967   6    76    122
1019   556   5    98    139
1020   754   3    159    303
1021   550   3    102    355
1022   732   7    185    229
1023   550   5    150    74
1024   687   7    136    238
1025   748   2    18    128
1026   758   2    146    181
1027   156   6    147    67
1028   223   7    85    32
1029   413   3    178    429
1030   386   6    139    295
1031   447   7    158    406
1032   167   4    52    198
1033   968   6    56    50
1034   369   3    8    59
1035   834   3    16    330
1036   464   5    5    374
1037   641   4    157    198
1038   322   6    83    286
1039   679   6    80    362
1040   313   7    46    55
1041   392   2    159    456
1042   835   7    97    418
1043   376   4    24    490
1044   88   7    154    395
1045   694   3    43    140
1046   340   7    38    305
1047   296   5    26    370
1048   972   7    97    255
1049   391   6    26    344
1050   647   2    40    25
1051   956   6    7    108
1052   857   6    54    253
1053   391   3    2    173
1054   1006   4    90    293
1055   975   2    126    160
1056   21   2    90    481
1057   269   7    25    34
1058   439   7    127    50
1059   846   2    25    494
1060   571   6    62    440
1061   364   5    109    379
1062   299   6    20    164
1063   601   2    98    329
1064   858   6    72    38
1065   118   5    32    272
1066   1036   5    72    376
1067   837   7    72    317
1068   1044   3    16    58
1069   200   2    179    485
1070   874   5    145    194
1071   106   7    195    309
1072   58   5    67    406
1073   3   3    66    468
1074   133   5    49    133
1075   664   2    129    280
1076   687   4    144    360
1077   188   2    161    311
1078   470   5    108    269
1079   832   3    109    117
1080   267   7    84    49
1081   1021   4    118    272
1082   1023   3    4    397
1083   176   4    94    179
1084   287   3    26    134
1085   351   2    40    446
1086   994   5    77    339
1087   183   2    15    278
1088   1030   3    169    499
1089   527   5    66    100
1090   858   6    68    53
1091   547   3    116    311
1092   368   2    174    252
1093   748   7    169    472
1094   1012   6    78    255
1095   190   2    25    366
1096   117   3    150    90
1097   1078   4    54    182
1098   666   6    111    63
1099   699   4    116    47
1100   1087   4    145    499
1101   421   5    110    483
1102   629   6    69    4
1103   200   7    130    127
1104   847   7    11    330
1105   623   2    185    401
1106   556   6    125    450
1107   119   6    76    279
1108   960   3    181    300
1109   481   3    67    32
1110   1081   7    79    469
1111   425   2    85    198
1112   317   7    165    281
1113   832   5    132    308
1114   451   2    140    383
1115   707   7    54    78
1116   934   6    53    172
1117   624   5    81    442
1118   988   4    196    306
1119   849   3    11    384
1120   1101   4    164    313
1121   828   6    185    297
1122   380   7    111    141
1123   820   5    185    294
1124   341   3    162    471
1125   186   3    117    271
1126   549   7    108    374
1127   232   2    175    426
1128   172   6    164    400
1129   255   7    161    428
1130   184   3    192    261
1131   264   5    6    391
1132   1003   5    102    137
1133   177   7    199    89
1134   739   2    154    152
1135   74   6    85    338
1136   1067   4    131    78
1137   375   4    2    27
1138   237   4    99    364
1139   196   5    179    461
1140   1074   6    107    491
1141   679   3    111    212
1142   992   4    170    217
1143   284   5    149    125
1144   571   3    31    491
1145   1014   4    139    426
1146   141   6    106    305
1147   457   6    60    450
1148   997   6    134    107
1149   926   5    182    25
1150   178   7    116    46
1151   1107   2    52    438
1152   567   2    179    35
1153   959   3    48    247
1154   205   5    11    394
1155   1153   7    151    66
1156   444   5    157    272
1157   364   7    163    256
1158   875   6    26    131
1159   122   3    156    418
1160   930   4    68    87
1161   318   4    110    248
1162   67   3    171    13
1163   923   7    128    381
1164   572   5    126    410
1165   128   3    11    25
1166   804   2    161    38
1167   1064   3    84    224
1168   909   5    91    441
1169   776   5    154    204
1170   877   5    34    449
1171   97   4    150    422
1172   843   5    3    450
1173   715   3    154    303
1174   254   5    151    346
1175   496   6    5    73
1176   439   7    4    188
1177   767   3    2    161
1178   47   4    164    296
1179   871   5    197    442
1180   776   7    127    408
1181   44   3    196    179
1182   880   3    41    347
1183   18   3    101    157
1184   351   3    57    328
1185   411   2    45    445
1186   679   7    113    20
1187   303   2    170    348
1188   724   7    176    223
1189   353   5    2    215
1190   1029   7    190    249
1191   97   7    81    156
1192   251   4    32    46
1193   977   5    65    49
1194   187   4    192    105
1195   973   5    3    310
1196   13   4    137    378
1197   758   2    23    355
1198   353   3    137    97
1199   326   7    84    267
1200   1134   4    42    409
1201   156   4    54    330
1202   559   3    140    114
1203   330   5    138    211
1204   763   3    141    212
1205   523   4    132    468
1206   202   2    74    135
1207   1066   4    109    104
1208   556   7    9    481
1209   42   5    150    217
1210   154   6    79    44
1211   482   7    90    392
1212   640   3    110    44
1213   808   2    114    469
1214   1209   3    179    463
1215   1178   4    34    114
1216   46   4    69    122
1217   499   3    72    483
1218   416   4    56    227
1219   1161   5    26    76
1220   583   5    179    480
1221   56   5    46    454
1222   1212   2    55    266
1223   821   4    100    163
1224   616   3    131    496
1225   847   4    149    474
1226   1155   3    165    155
1227   301   3    191    297
1228   907   7    130    155
1229   1092   6    5    127
1230   962   7    73    280
1231   308   4    149    235
1232   1064   6    192    124
1233   222   2    105    137
1234   1067   3    14    444
1235   898   7    56    102
1236   494   6    171    66
1237   499   4    111    23
1238   202   6    158    342
1239   149   3    141    379
1240   405   7    38    319
1241   631   3    11    454
1242   663   7    196    458
1243   520   5    188    132
1244   1168   6    125    124
1245   74   5    44    293
1246   479   6    12    108
1247   89   5    40    110
1248   177   5    51    481
1249   9   7    86    430
1250   478   7    33    117
1251   786   3    131    75
1252   1158   5    31    223
1253   783   2    99    254
1254   313   7    55    99
1255   627   6    96    50
1256   56   5    168    147
1257   693   2    127    40
1258   915   2    19    217
1259   462   7    32    455
1260   1060   5    44    351
1261   746   2    199    238
1262   664   2    140    98
1263   1057   5    76    371
1264   1248   4    146    35
1265   402   2    163    387
1266   113   7    93    249
1267   34   3    96    205
1268   403   6    48    162
1269   801   7    101    89
1270   1011   6    40    383
1271   278   5    111    293
1272   647   7    174    98
1273   1106   7    126    144
1274   882   5    98    41
1275   1175   2    177    365
1276   306   3    90    278
1277   907   5    141    252
1278   802   7    116    52
1279   1032   2    116    391
1280   1259   7    102    189
1281   602   5    166    479
1282   176   3    141    320
1283   225   6    6    23
1284   441   5    21    467
1285   675   4    105    242
1286   773   6    153    154
1287   320   4    13    67
1288   593   7    158    158
1289   1107   6    79    121
1290   1272   5    63    78
1291   175   2    72    260
1292   797   3    85    27
1293   956   3    49    336
1294   945   5    106    486
1295   711   2    158    60
1296   1021   4    9    403
1297   936   6    68    96
1298   976   4    132    206
1299   729   7    187    33
1300   1185   3    48    291
1301   299   4    42    384
1302   416   5    55    416
1303   359   2    37    269
1304   942   3    152    15
1305   1200   2    103    53
1306   1234   4    170    23
1307   1   7    80    279
1308   982   5    28    221
1309   1034   2    88    105
1310   611   4    174    236
1311   552   5    14    350
1312   834   4    161    175
1313   685   7    89    251
1314   386   4    78    364
1315   675   7    63    11
1316   835   6    83    105
1317   699   2    91    440
1318   676   7    70    263
1319   907   2    169    78
1320   613   2    134    447
1321   918   6    187    207
1322   513   7    24    57
1323   1079   4    110    239
1324   397   6    53    277
1325   109   2    149    55
1326   436   4    93    394
1327   505   7    9    424
1328   927   7    2    302
1329   1098   2    5    328
1330   534   7    155    336
1331   353   4    21    160
1332   244   6    64    271
1333   1208   5    69    140
1334   365   4    103    336
1335   481   3    53    476
1336   532   5    125    150
1337   42   4    99    237
1338   970   5    10    153
1339   463   7    197    450
1340   1307   2    61    478
1341   563   7    160    110
1342   45   7    28    91
1343   958   6    74    382
1344   1303   7    34    257
1345   656   4    112    269
1346   281   3    191    238
1347   1289   6    189    277
1348   162   2    187    270
1349   1313   2    109    198
1350   125   3    151    177
1351   1281   4    153    33
1352   306   6    190    325
1353   282   3    50    190
1354   994   7    139    117
1355   39   6    19    395
1356   565   2    84    425
1357   1015   7    66    265
1358   855   7    68    65
1359   91   7    180    184
1360   271   3    29    408
1361   1043   5    160    72
1362   180   6    37    32
1363   461   5    41    277
1364   189   6    71    472
1365   106   3    100    170
1366   651   6    73    276
1367   792   4    93    266
1368   498   3    7    436
1369   771   2    182    130
1370   842   6    33    48
1371   1111   2    28    228
1372   1146   2    142    479
1373   1210   7    41    138
1374   611   4    39    68
1375   23   2    34    257
1376   1273   2    124    352
1377   1334   3    159    463
1378   714   4    93    172
1379   453   6    18    74
1380   521   5    81    485
1381   575   2    120    425
1382   824   7    2    125
1383   516   6    52    414
1384   1345   2    54    332
1385   446   7    59    171
1386   751   6    111    64
1387   697   4    39    221
1388   288   5    25    374
1389   13   6    45    249
1390   745   2    91    440
1391   614   5    172    449
1392   721   3    72    327
1393   281   5    65    202
1394   666   5    198    410
1395   456   6    57    418
1396   64   7    26    204
1397   807   6    18    476
1398   138   5    89    499
1399   1309   3    118    356
1400   1079   2    181    480
1401   321   2    7    23
1402   95   3    100    320
1403   127   7    108    164
1404   263   4    140    67
1405   1094   4    182    4
1406   300   2    106    5
1407   311   7    76    121
1408   1059   7    157    45
1409   1021   7    82    463
1410   357   2    112    300
1411   839   3    22    239
1412   104   2    123    173
1413   1366   7    136    74
1414   591   5    71    315
1415   28   3    140    144
1416   862   6    30    425
1417   945   3    117    268
1418   9   3    98    368
1419   479   2    160    245
1420   96   5    64    455
1421   396   4    109    290
1422   181   7    65    342
1423   731   7    72    413
1424   1343   5    98    115
1425   1030   3    50    234
1426   350   2    64    35
1427   40   2    152    8
1428   253   5    95    47
1429   1031   6    75    57
1430   1097   2    25    197
1431   1313   3    31    334
1432   1007   5    43    262
1433   1087   3    195    15
1434   41   6    89    203
1435   417   2    69    312
1436   341   2    99    310
1437   913   6    97    318
1438   546   7    7    173
1439   473   2    138    205
1440   952   7    60    243
1441   1106   4    128    286
1442   991   6    101    27
1443   971   4    23    155
1444   1417   4    85    148
1445   402   2    198    361
1446   730   7    80    186
1447   1193   4    171    229
1448   804   7    194    3
1449   1361   3    43    95
1450   401   6    101    443
1451   1004   4    32    13
1452   777   5    92    103
1453   1075   6    164    152
1454   992   4    179    483
1455   1233   3    69    32
1456   1206   6    123    120
1457   680   3    170    277
1458   1131   5    87    16
1459   858   5    11    394
1460   1005   5    17    437
1461   237   3    169    192
1462   309   5    128    215
1463   1119   7    138    456
1464   258   6    6    313
1465   660   7    136    364
1466   1117   6    145    306
1467   971   7    115    393
1468   1361   4    77    127
1469   671   6    22    57
1470   498   7    84    273
1471   1   4    140    5
1472   582   6    20    65
1473   61   3    103    329
1474   1346   2    19    453
1475   450   2    64    195
1476   548   3    172    131
1477   496   7    198    493
1478   16   6    193    12
1479   1119   5    64    216
1480   100   2    2    60
1481   595   6    131    345
1482   190   6    148    337
1483   345   6    98    331
1484   1339   6    164    468
1485   1345   7    61    344
1486   1355   4    109    24
1487   831   2    17    243
1488   1364   4    53    165
1489   739   5    121    460
1490   588   3    132    13
1491   948   3    2    47
1492   301   4    114    392
1493   436   7    7    223
1494   651   5    178    202
1495   1353   4    161    218
1496   315   2    25    226
1497   316   4    88    312
1498   10   4    52    146
1499   968   5    51    213
1500   977   3    105    367
1501   60   4    177    217
1502   911   7    134    224
1503   497   3    22    488
1504   44   7    153    153
1505   234   3    164    464
1506   1239   7    47    138
1507   42   7    52    149
1508   3   2    47    244
1509   1030   3    143    5
1510   883   7    195    96
1511   990   7    102    457
1512   611   5    93    480
1513   1315   2    72    25
1514   668   4    57    39
1515   28   2    20    362
1516   527   5    29    209
1517   743   5    60    83
1518   1313   5    187    71
1519   80   5    183    45
1520   1398   4    45    34
1521   1481   7    162    71
1522   1513   2    138    100
1523   1449   2    56    423
1524   404   6    27    194
1525   456   4    195    18
1526   1052   2    183    63
1527   925   7    4    107
1528   1380   7    46    15
1529   1307   3    172    123
1530   533   4    133    150
1531   1230   3    50    429
1532   1523   6    17    325
1533   636   7    92    2
1534   1297   7    151    401
1535   929   3    186    72
1536   808   2    53    401
1537   443   5    6    483
1538   1080   2    102    294
1539   174   7    83    401
1540   426   5    188    348
1541   465   3    129    209
1542   560   5    146    265
1543   1244   3    75    273
1544   874   6    20    329
1545   1123   4    61    343
1546   1178   4    57    373
1547   808   4    149    449
1548   736   4    191    284
1549   751   3    9    68
1550   1131   4    185    475
1551   1290   6    109    204
1552   217   3    175    349
1553   954   7    192    341
1554   413   7    65    107
1555   1100   7    137    449
1556   222   3    38    114
1557   734   7    179    169
1558   138   4    143    47
1559   259   4    58    495
1560   1273   4    138    432
1561   1446   5    40    358
1562   1337   6    86    329
1563   1442   7    8    243
1564   850   2    76    260
1565   122   7    107    119
1566   648   7    119    176
1567   1345   7    66    496
1568   1473   3    184    265
1569   296   5    52    137
1570   637   4    94    111
1571   681   4    176    423
1572   273   2    144    322
1573   1315   4    115    405
1574   241   4    182    32
1575   944   7    54    381
1576   631   7    135    206
1577   1226   3    137    16
1578   939   7    118    461
1579   265   3    6    137
1580   926   6    125    319
1581   1519   4    16    191
1582   387   7    72    413
1583   511   5    94    213
1584   1119   3    75    32
1585   588   6    120    118
1586   176   2    57    395
1587   460   6    63    334
1588   25   4    166    93
1589   1007   6    104    5
1590   1440   3    128    461
1591   1533   5    65    127
1592   426   5    20    135
1593   170   7    18    364
1594   528   6    155    302
1595   23   4    197    41
1596   159   2    173    278
1597   931   4    99    404
1598   1033   3    160    118
1599   644   2    148    59
1600   592   7    178    150
1601   889   3    98    372
1602   1066   3    4    121
1603   45   7    189    6
1604   480   6    121    320
1605   1011   2    115    73
1606   171   5    128    173
1607   1136   6    7    480
1608   788   7    192    498
1609   341   7    68    476
1610   462   4    91    473
1611   12   3    172    451
1612   881   7    51    482
1613   85   7    186    91
1614   285   5    88    211
1615   688   6    17    123
1616   757   4    171    64
1617   558   6    166    152
1618   99   5    183    386
1619   876   7    122    389
1620   92   6    52    191
1621   136   5    1    132
1622   1360   2    107    288
1623   1621   4    165    398
1624   392   6    178    37
1625   515   2    175    387
1626   481   5    125    195
1627   330   7    107    335
1628   445   4    50    266
1629   275   7    125    490
1630   1015   2    150    497
1631   763   2    18    293
1632   362   7    174    351
1633   905   6    148    380
1634   99   3    45    355
1635   1075   6    112    115
1636   290   5    89    158
1637   907   4    182    205
1638   1195   3    130    179
1639   1577   5    77    445
1640   175   3    115    198
1641   690   6    14    479
1642   639   6    15    495
1643   26   5    187    366
1644   1248   4    175    95
1645   509   7    133    394
1646   1464   7    103    45
1647   71   2    24    441
1648   720   7    75    159
1649   671   7    154    195
1650   915   5    183    178
1651   827   3    179    69
1652   50   2    166    443
1653   727   6    38    334
1654   61   6    172    450
1655   511   5    189    239
1656   14   2    147    469
1657   474   2    63    335
1658   1202   7    92    59
1659   268   4    183    108
1660   1622   4    186    83
1661   987   5    21    101
1662   86   5    22    470
1663   758   2    176    257
1664   484   6    50    160
1665   359   2    117    481
1666   1266   6    25    285
1667   771   6    48    130
1668   765   7    148    369
1669   536   4    30    128
1670   697   2    49    250
1671   1637   3    41    376
1672   525   3    131    165
1673   385   2    187    256
1674   126   2    122    45
1675   526   7    171    25
1676   58   4    194    430
1677   131   2    27    325
1678   1269   2    121    289
1679   442   6    64    319
1680   389   5    140    160
1681   628   2    157    489
1682   1412   4    189    163
1683   12   6    171    432
1684   877   6    58    275
1685   42   4    140    272
1686   874   6    15    259
1687   617   7    4    126
1688   1671   6    72    156
1689   1044   2    145    227
1690   488   4    29    212
1691   1280   4    198    480
1692   1037   6    67    490
1693   890   6    12    220
1694   680   3    102    339
1695   3   7    176    474
1696   624   2    175    307
1697   1500   4    15    107
1698   422   5    176    116
1699   404   3    27    268
1700   764   6    156    388
1701   22   4    84    454
1702   1175   7    93    392
1703   1055   5    110    314
1704   76   6    122    291
1705   1134   5    38    497
1706   1249   7    112    187
1707   1056   3    69    195
1708   1349   5    28    429
1709   206   6    158    353
1710   880   5    118    251
1711   234   3    99    328
1712   995   2    69    427
1713   1541   2    172    250
1714   460   7    19    458
1715   94   5    142    27
1716   290   5    44    112
1717   740   4    170    35
1718   695   5    113    57
1719   547   7    48    200
1720   1660   5    32    263
1721   1470   4    10    469
1722   583   5    18    113
1723   1181   2    70    164
1724   67   6    36    295
1725   375   5    156    223
1726   719   2    177    433
1727   1079   4    120    499
1728   1261   5    186    295
1729   134   4    27    455
1730   1690   6    61    7
1731   778   3    48    85
1732   569   7    131    233
1733   1268   4    140    243
1734   849   5    180    66
1735   288   4    36    173
1736   1066   5    169    156
1737   77   5    136    46
1738   73   5    17    413
1739   1403   7    185    409
1740   1189   2    143    15
1741   207   4    184    78
1742   1127   2    106    117
1743   439   2    171    84
1744   848   3    184    356
1745   1460   5    59    352
1746   402   4    75    360
1747   1675   2    75    335
1748   397   2    158    117
1749   476   5    72    284
1750   669   2    33    498
1751   1157   4    123    298
1752   1599   7    100    376
1753   856   6    135    367
1754   1727   3    72    454
1755   1492   5    140    64
1756   673   5    157    359
1757   43   6    131    447
1758   447   4    130    29
1759   475   6    176    120
1760   238   7    50    463
1761   1621   2    147    317
1762   1714   6    100    195
1763   465   2    63    348
1764   1264   3    114    332
1765   1672   2    138    74
1766   204   5    149    290
1767   1021   2    100    376
1768   426   4    38    220
1769   1430   7    165    288
1770   351   4    122    112
1771   398   5    44    180
1772   1757   6    58    265
1773   1004   5    145    21
1774   296   6    154    100
1775   1021   3    56    499
1776   118   7    143    418
1777   101   6    149    264
1778   770   7    42    268
1779   957   3    181    328
1780   1318   5    195    353
1781   1426   5    46    321
1782   1260   3    119    130
1783   1727   7    9    193
1784   1547   7    9    24
1785   1018   7    39    281
1786   568   2    149    376
1787   433   3    3    333
1788   1445   5    88    259
1789   916   4    163    266
1790   856   7    136    365
1791   197   6    58    490
1792   224   6    58    144
1793   1171   3    50    154
1794   1658   4    124    294
1795   1136   3    184    199
1796   1082   3    142    479
1797   1742   6    96    111
1798   1179   3    141    97
1799   65   7    134    258
1800   754   5    135    73
1801   1465   2    106    253
1802   1052   2    195    487
1803   1794   6    74    75
1804   115   3    1    298
1805   65   7    13    382
1806   165   6    121    322
1807   915   5    131    283
1808   406   4    95    455
1809   856   5    120    494
1810   1571   7    54    105
1811   1077   5    170    78
1812   32   4    22    155
1813   1303   6    189    187
1814   1296   5    55    303
1815   347   7    17    133
1816   1468   2    70    489
1817   667   2    41    358
1818   1328   4    57    143
1819   534   5    186    108
1820   1774   2    116    122
1821   1214   6    166    41
1822   991   2    75    58
1823   944   3    140    144
1824   452   5    41    112
1825   1292   6    185    10
1826   1301   4    165    103
1827   1649   3    94    443
1828   684   6    188    63
1829   1377   3    90    359
1830   1356   6    35    318
1831   769   4    121    464
1832   911   6    54    343
1833   843   7    123    181
1834   1308   7    100    492
1835   939   6    50    62
1836   165   5    39    65
1837   244   4    170    62
1838   184   7    57    269
1839   463   2    42    217
1840   404   4    158    90
1841   212   6    37    217
1842   1237   7    153    291
1843   275   3    48    340
1844   1034   3    196    15
1845   1364   5    85    321
1846   1800   3    92    57
1847   1337   2    172    230
1848   1528   2    54    95
1849   82   3    169    439
1850   716   6    74    186
1851   1689   5    81    305
1852   974   4    13    153
1853   1216   2    141    148
1854   1778   4    25    145
1855   1149   6    53    184
1856   1118   7    172    111
1857   1390   5    1    146
1858   1835   6    170    49
1859   111   7    145    35
1860   1384   6    191    213
1861   1025   3    22    138
1862   636   2    135    54
1863   776   4    140    406
1864   1105   6    164    410
1865   5   7    127    43
1866   644   6    97    154
1867   52   3    182    421
1868   1013   5    36    126
1869   1648   4    9    146
1870   1785   5    193    154
1871   276   6    171    108
1872   1322   5    154    382
1873   1509   3    32    265
1874   764   7    166    149
1875   1604   2    191    239
1876   61   7    39    348
1877   1250   6    21    33
1878   593   2    12    431
1879   408   5    140    129
1880   1213   5    130    239
1881   821   3    18    365
1882   75   5    93    295
1883   513   6    22    343
1884   256   5    180    428
1885   1208   2    61    255
1886   688   6    165    499
1887   1713   2    166    488
1888   601   6    118    185
1889   1667   2    140    410
1890   1571   6    199    70
1891   830   4    27    45
1892   1503   4    56    163
1893   1210   2    184    381
1894   145   4    171    248
1895   854   4    95    327
1896   1115   4    39    161
1897   1302   6    183    287
1898   706   2    88    161
1899   1478   5    143    317
1900   404   6    149    321
1901   869   3    162    244
1902   26   5    133    270
1903   1164   4    178    232
1904   1323   6    116    323
1905   27   7    50    18
1906   640   2    124    361
1907   1739   4    117    437
1908   1793   3    183    444
1909   1528   7    50    276
1910   8   6    7    129
1911   580   6    20    314
1912   1536   5    57    475
1913   170   5    193    394
1914   1673   7    43    59
1915   59   3    151    330
1916   203   2    44    146
1917   533   5    119    200
1918   523   6    144    100
1919   924   5    199    191
1920   739   2    122    153
1921   1831   7    113    455
1922   1164   6    139    99
1923   611   5    81    48
1924   1487   7    132    145
1925   19   7    101    138
1926   19   6    86    188
1927   150   3    81    301
1928   851   6    80    499
1929   121   4    170    250
1930   293   5    157    480
1931   730   6    171    131
1932   238   4    191    422
1933   11   7    179    357
1934   584   2    123    376
1935   1239   7    68    150
1936   1028   4    78    169
1937   4   3    41    155
1938   1930   5    187    160
1939   1757   2    45    246
1940   1769   3    61    157
1941   1306   4    30    478
1942   170   4    72    196
1943   1678   2    29    225
1944   357   2    74    71
1945   1586   7    20    277
1946   786   6    109    67
1947   878   2    29    122
1948   262   2    103    34
1949   209   4    67    178
1950   825   7    124    329
1951   1895   3    37    390
1952   1428   3    142    195
1953   1199   6    118    4
1954   734   3    144    451
1955   417   5    153    482
1956   59   7    146    458
1957   616   3    13    435
1958   1176   2    149    120
1959   1849   5    145    326
1960   719   6    152    412
1961   1319   3    72    32
1962   756   5    98    312
1963   719   4    83    393
1964   1811   3    183    491
1965   1264   5    158    4
1966   1399   6    126    113
1967   4   5    158    439
1968   1334   6    78    90
1969   727   6    169    72
1970   1157   4    192    60
1971   1664   2    126    63
1972   109   4    109    44
1973   1749   5    18    176
1974   921   5    47    175
1975   907   3    23    237
1976   99   2    192    25
1977   1410   7    187    203
1978   92   4    137    262
1979   1251   2    30    87
1980   257   7    160    198
1981   1024   3    150    79
1982   1920   3    14    314
1983   1879   7    144    461
1984   192   7    3    62
1985   1698   6    13    152
1986   26   2    2    159
1987   339   5    18    148
1988   308   6    97    247
1989   27   2    100    396
1990   583   7    180    433
1991   1390   4    175    329
1992   1453   2    81    462
1993   1114   5    13    462
1994   918   2    198    88
1995   1161   4    53    100
1996   151   5    111    290
1997   1349   5    149    399
1998   831   7    99    246
1999   1256   5    145    463
2000   626   3    1    452
2001   436   6    170    466
2002   1706   2    32    274
2003   764   7    31    84
2004   1014   6    49    389
2005   703   7    84    137
2006   171   5    115    281
2007   1445   6    1    339
2008   64   4    70    264
2009   1056   7    30    494
2010   375   7    127    28
2011   302   6    91    163
2012   81   7    23    471
2013   977   3    117    445
2014   1805   5    151    251
2015   401   6    148    370
2016   1727   6    90    122
2017   1355   3    23    490
2018   1382   2    3    384
2019   1263   5    72    329
2020   1961   3    69    103
2021   270   5    139    120
2022   1945   2    152    346
2023   137   3    191    155
2024   101   5    152    147
2025   136   3    11    248
2026   1597   3    28    189
2027   1296   6    70    341
2028   890   6    13    433
2029   1789   5    24    123
2030   40   2    131    3
2031   766   3    22    220
2032   980   2    184    414
2033   1640   7    130    433
2034   1037   2    159    163
2035   1347   2    132    244
2036   819   6    33    180
2037   378   6    91    199
2038   1564   2    118    87
2039   1193   3    116    213
2040   2032   5    143    172
2041   1619   7    191    55
2042   1355   4    51    273
2043   944   2    198    43
2044   857   7    76    380
2045   618   2    57    73
2046   1856   5    65    27
2047   408   6    72    40
2048   1664   4    149    35
