1   0   5    22    24
2   1   3    38    100
3   1   7    79    487
4   1   3    85    327
5   1   7    179    226
6   1   5    147    323
7   1   7    39    435
8   1   2    3    201
9   3   5    135    226
10   2   2    42    194
11   1   7    171    319
12   2   4    104    194
13   2   3    179    279
14   8   5    173    157
15   4   2    125    347
16   10   7    36    296
17   9   4    81    254
18   11   5    152    282
19   13   6    109    104
20   6   5    98    46
21   3   2    108    58
22   13   6    176    61
23   12   5    110    435
24   7   7    142    110
25   17   6    4    319
26   12   4    101    141
27   24   5    107    462
28   20   4    42    74
29   18   5    30    97
30   1   5    139    230
31   9   6    13    170
32   9   6    20    312
33   4   2    9    188
34   28   3    146    333
35   1   5    133    47
36   29   5    118    477
37   2   7    165    111
38   15   2    95    297
39   29   7    184    477
40   33   7    50    435
41   12   2    107    230
42   32   7    125    28
43   28   5    110    243
44   29   5    113    184
45   27   3    127    34
46   17   2    178    483
47   6   6    29    429
48   34   7    175    319
49   30   6    82    319
50   6   6    117    347
51   21   2    38    241
52   12   5    46    329
53   39   2    193    294
54   46   4    69    159
55   47   7    103    474
56   34   3    129    431
57   5   4    142    42
58   41   5    146    89
59   31   7    194    401
60   7   4    30    335
61   5   3    94    46
62   58   4    187    494
63   9   2    18    404
64   31   7    52    71
65   26   3    13    1
66   1   2    118    416
67   1   2    94    43
68   36   6    158    419
69   22   6    76    422
70   1   2    13    52
71   49   4    190    93
72   49   3    40    471
73   70   6    168    279
74   61   4    19    308
75   57   4    149    480
76   3   6    176    199
77   46   6    42    88
78   62   7    38    436
79   33   2    4    344
80   18   3    54    207
81   34   2    8    75
82   67   5    3    158
83   37   2    120    475
84   51   5    99    135
85   66   2    137    154
86   75   2    146    29
87   10   3    45    230
88   85   4    15    56
89   69   3    185    100
90   50   3    19    17
91   1   2    197    423
92   66   5    10    276
93   40   5    61    66
94   66   7    61    152
95   16   2    56    116
96   87   7    30    352
97   28   5    80    61
98   86   3    10    499
99   35   6    178    201
100   23   3    68    24
101   8   4    98    457
102   61   2    38    451
103   37   2    12    248
104   72   5    141    264
105   1   3    54    17
106   75   7    60    29
107   42   7    41    35
108   55   2    15    69
109   97   7    27    255
110   19   4    187    200
111   51   3    107    149
112   17   4    35    216
113   59   3    167    24
114   49   7    157    385
115   18   4    96    50
116   33   7    16    92
117   27   4    15    396
118   24   4    88    176
119   69   4    91    4
120   35   4    80    353
121   36   5    91    335
122   99   2    134    52
123   99   3    195    356
124   104   7    193    184
125   59   5    70    194
126   111   2    131    63
127   116   6    147    250
128   58   2    98    404
129   20   2    76    45
130   104   7    98    446
131   69   2    179    436
132   34   3    3    276
133   42   4    154    281
134   116   6    119    36
135   115   7    142    462
136   96   7    97    39
137   49   5    196    330
138   11   7    116    383
139   38   4    107    456
140   77   2    39    40
141   19   5    5    180
142   48   6    134    238
143   73   7    51    429
144   108   7    179    89
145   87   6    154    456
146   141   3    29    493
147   45   2    161    46
148   134   2    73    404
149   58   7    179    310
150   78   6    68    82
151   8   7    179    130
152   43   3    194    428
153   151   7    169    203
154   122   7    50    325
155   44   3    57    202
156   78   2    19    373
157   153   2    88    148
158   45   4    34    62
159   124   5    196    459
160   32   6    161    247
161   8   3    99    99
162   94   7    50    98
163   24   4    102    60
164   112   2    166    105
165   144   3    39    134
166   160   2    168    215
167   63   2    83    492
168   142   7    199    286
169   22   6    181    492
170   84   4    50    69
171   10   6    168    123
172   31   5    157    108
173   39   5    82    189
174   17   3    186    10
175   128   5    95    63
176   3   7    193    412
177   152   6    52    209
178   17   2    60    415
179   5   7    58    121
180   3   6    1    307
181   114   4    30    32
182   46   5    95    171
183   86   4    199    54
184   63   6    122    158
185   66   7    130    131
186   32   2    82    191
187   50   7    137    181
188   154   3    118    88
189   70   3    84    410
190   72   3    113    75
191   168   3    59    484
192   182   4    97    487
193   99   3    82    270
194   124   6    18    146
195   153   4    133    261
196   31   2    40    94
197   194   7    78    450
198   87   6    68    104
199   36   6    65    70
200   68   6    164    428
201   142   5    128    112
202   128   4    159    418
203   93   4    164    18
204   104   3    162    243
205   128   3    183    396
206   185   7    109    371
207   81   6    49    112
208   140   3    183    53
209   95   4    96    120
210   14   6    128    272
211   34   5    30    395
212   136   4    67    236
213   75   4    131    431
214   176   6    101    413
215   60   7    198    256
216   196   5    42    299
217   44   6    58    87
218   198   5    165    338
219   93   6    198    360
220   143   7    101    4
221   72   5    184    468
222   148   3    60    21
223   84   4    5    107
224   84   3    54    158
225   141   6    94    114
226   49   7    84    341
227   133   4    79    240
228   159   6    117    199
229   186   6    22    273
230   124   4    162    61
231   188   6    100    419
232   224   2    124    153
233   184   4    186    341
234   74   3    44    117
235   218   6    184    178
236   226   3    129    95
237   127   7    12    359
238   1   3    94    97
239   77   2    11    104
240   213   5    164    275
241   55   5    78    280
242   193   6    172    139
243   194   4    39    29
244   149   3    95    297
245   151   4    87    324
246   110   2    158    101
247   209   4    13    41
248   235   5    37    161
249   6   2    119    218
250   11   2    132    409
251   209   6    37    163
252   135   4    4    488
253   120   5    20    422
254   31   4    176    242
255   155   7    71    194
256   152   5    94    166
257   208   2    96    33
258   228   6    126    494
259   229   2    141    333
260   124   7    7    211
261   54   7    86    480
262   131   3    33    34
263   222   4    144    68
264   72   2    187    128
265   167   4    101    280
266   176   7    37    324
267   155   4    83    362
268   138   4    52    60
269   72   6    145    478
270   205   5    190    22
271   79   2    124    88
272   10   2    158    469
273   135   4    106    183
274   95   3    99    399
275   196   3    195    59
276   89   4    35    254
277   16   2    27    456
278   40   4    47    406
279   10   3    188    79
280   48   7    51    49
281   228   4    112    280
282   100   4    6    108
283   237   4    27    42
284   163   2    19    146
285   262   2    30    82
286   169   2    119    309
287   76   6    195    312
288   21   2    111    50
289   231   4    190    441
290   65   6    40    226
291   172   2    106    276
292   234   6    90    380
293   86   6    74    195
294   190   2    79    25
295   149   2    7    119
296   279   3    53    226
297   55   3    167    389
298   200   7    64    231
299   229   7    70    422
300   202   4    77    90
301   286   5    129    272
302   163   2    105    364
303   131   5    13    172
304   93   3    161    113
305   43   6    30    376
306   145   6    173    259
307   50   3    49    165
308   13   2    102    431
309   41   3    191    403
310   64   5    53    170
311   4   2    7    404
312   211   4    91    270
313   51   7    199    132
314   123   3    11    77
315   7   3    68    69
316   265   3    160    245
317   154   6    46    301
318   68   3    44    224
319   233   4    176    64
320   208   4    169    404
321   13   3    93    241
322   38   4    20    259
323   190   2    191    273
324   130   6    19    305
325   99   3    111    175
326   43   3    66    244
327   49   7    57    492
328   289   3    106    55
329   270   5    194    235
330   299   6    62    133
331   128   5    91    443
332   216   7    8    174
333   54   4    94    390
334   264   6    99    152
335   333   3    68    219
336   14   5    174    309
337   270   4    56    441
338   295   6    43    295
339   8   4    35    224
340   85   2    71    209
341   315   4    187    103
342   194   4    77    263
343   320   4    52    142
344   211   4    165    20
345   169   7    49    172
346   221   7    54    109
347   285   6    50    133
348   45   5    118    306
349   4   7    90    188
350   14   3    151    12
351   284   5    68    51
352   291   2    157    454
353   222   7    168    349
354   104   7    92    296
355   162   2    48    262
356   95   6    122    216
357   152   4    171    102
358   96   2    153    363
359   169   2    85    471
360   197   5    119    409
361   133   4    139    20
362   112   3    101    269
363   203   2    53    246
364   277   5    172    219
365   221   5    106    269
366   360   5    174    59
367   98   6    85    11
368   245   5    81    260
369   155   7    103    255
370   86   7    167    284
371   322   2    50    345
372   189   2    86    283
373   107   5    45    351
374   40   3    9    291
375   82   2    80    29
376   152   5    137    174
377   325   2    112    452
378   221   5    48    493
379   254   4    74    268
380   132   7    150    112
381   242   7    125    433
382   70   7    124    341
383   116   5    57    371
384   197   6    34    360
385   351   3    14    382
386   70   7    86    317
387   243   5    93    16
388   4   3    148    11
389   188   3    42    350
390   157   4    85    161
391   327   5    123    434
392   336   6    136    162
393   237   4    37    194
394   265   3    172    137
395   221   2    58    302
396   191   2    65    20
397   129   6    117    271
398   382   2    131    337
399   198   6    31    281
400   163   5    38    140
401   366   7    8    218
402   57   4    156    258
403   39   2    71    444
404   183   7    43    371
405   83   6    68    496
406   227   3    11    233
407   337   7    20    181
408   316   2    188    11
409   76   4    136    290
410   366   3    194    432
411   287   5    139    315
412   44   3    133    275
413   243   7    14    284
414   392   6    67    266
415   211   5    174    380
416   273   6    37    426
417   260   5    165    134
418   323   7    12    175
419   358   5    6    17
420   313   7    105    394
421   272   2    36    401
422   47   6    52    432
423   316   7    51    41
424   151   2    146    239
425   232   7    160    405
426   395   2    179    481
427   17   3    114    270
428   113   3    140    189
429   136   6    64    296
430   61   7    34    90
431   37   6    138    189
432   400   4    134    225
433   191   7    168    388
434   86   5    177    449
435   230   6    31    243
436   133   5    180    451
437   38   6    72    311
438   180   4    79    89
439   53   5    114    144
440   48   4    181    292
441   88   3    47    75
442   434   4    9    485
443   141   4    99    15
444   338   3    15    124
445   21   4    64    123
446   234   2    92    35
447   95   2    133    377
448   35   7    64    306
449   64   4    88    251
450   295   4    156    256
451   316   6    16    491
452   437   3    31    467
453   142   2    3    468
454   106   3    105    134
455   368   3    140    145
456   450   3    13    48
457   221   5    119    312
458   18   6    17    102
459   296   6    7    63
460   126   2    137    188
461   192   2    147    249
462   412   4    24    206
463   69   3    104    121
464   220   5    48    430
465   431   4    52    365
466   427   6    30    495
467   298   7    27    220
468   433   3    1    357
469   249   3    8    181
470   4   7    86    284
471   444   7    143    7
472   362   2    190    223
473   347   4    45    257
474   8   3    7    410
475   256   6    11    49
476   160   5    175    380
477   103   3    51    211
478   269   4    57    491
479   179   4    10    494
480   218   2    39    449
481   11   4    5    97
482   140   3    178    472
483   461   3    38    438
484   258   7    155    383
485   131   2    102    103
486   140   3    101    449
487   19   4    158    399
488   71   5    155    190
489   388   7    144    377
490   180   3    116    329
491   186   2    25    266
492   83   4    57    397
493   187   3    76    176
494   200   6    52    38
495   329   4    39    39
496   241   7    12    469
497   433   4    8    455
498   338   4    60    455
499   332   2    135    302
500   461   2    110    212
501   388   2    56    441
502   275   7    134    27
503   163   4    107    30
504   243   5    119    367
505   419   4    163    110
506   206   4    177    325
507   119   7    31    407
508   348   2    124    43
509   276   3    136    312
510   26   7    173    43
511   496   2    14    74
512   429   2    94    275
513   300   6    192    398
514   380   4    52    194
515   485   7    86    386
516   324   4    102    144
517   411   6    73    465
518   499   6    142    139
519   372   3    172    221
520   301   3    119    286
521   450   4    49    227
522   393   2    96    226
523   252   4    188    101
524   10   4    38    463
525   320   7    140    158
526   91   5    22    244
527   357   6    150    441
528   280   6    65    19
529   298   5    22    55
530   98   4    85    243
531   446   5    110    146
532   368   6    177    215
533   485   7    138    281
534   233   4    62    263
535   460   6    199    3
536   482   4    8    455
537   101   5    5    271
538   523   2    49    337
539   397   5    42    223
540   297   7    6    455
541   256   7    190    44
542   5   3    9    99
543   4   3    56    200
544   221   6    87    114
545   331   2    55    316
546   240   7    143    247
547   167   7    58    201
548   494   6    166    244
549   367   6    133    471
550   460   3    106    234
551   290   6    99    152
552   550   5    108    455
553   451   6    191    96
554   125   3    14    303
555   421   7    152    232
556   509   6    119    265
557   142   3    169    311
558   98   5    60    178
559   270   5    2    267
560   509   5    192    317
561   188   6    137    291
562   478   2    123    255
563   556   2    18    337
564   44   5    17    137
565   188   5    54    80
566   71   5    137    116
567   297   2    173    35
568   255   2    95    146
569   224   2    70    292
570   492   5    119    139
571   424   5    127    381
572   372   7    9    443
573   507   3    56    53
574   245   3    33    93
575   473   7    75    268
576   397   7    110    251
577   77   7    181    314
578   259   2    27    171
579   268   2    111    62
580   107   6    9    414
581   531   7    115    379
582   328   4    147    449
583   233   6    199    61
584   274   7    15    147
585   30   6    63    247
586   217   7    65    285
587   471   5    103    63
588   383   2    42    16
589   45   2    175    238
590   72   5    76    206
591   553   6    126    367
592   308   5    14    458
593   154   4    100    149
594   504   7    1    169
595   438   4    44    73
596   561   7    54    61
597   355   7    124    172
598   285   3    193    84
599   449   5    92    202
600   294   4    145    206
601   291   4    193    47
602   74   5    72    22
603   60   7    128    471
604   270   3    180    248
605   307   5    2    6
606   485   5    49    38
607   233   7    96    215
608   543   7    113    440
609   357   6    114    418
610   14   7    141    70
611   199   6    143    300
612   289   4    159    374
613   606   3    145    49
614   322   3    146    480
615   554   5    187    231
616   89   4    172    433
617   358   7    137    393
618   164   2    118    61
619   593   3    68    36
620   452   4    5    29
621   213   4    135    138
622   72   4    156    152
623   476   3    26    158
624   283   4    95    315
625   433   2    171    124
626   137   6    145    277
627   405   5    47    244
628   358   2    92    104
629   255   6    160    155
630   510   2    36    167
631   352   3    26    430
632   242   6    120    229
633   179   5    137    33
634   146   6    180    293
635   83   4    8    86
636   315   7    199    18
637   45   7    13    59
638   251   3    122    293
639   567   6    182    183
640   113   6    148    264
641   29   6    140    321
642   622   6    68    210
643   206   5    12    233
644   343   7    71    282
645   90   2    192    426
646   226   7    81    118
647   505   2    46    77
648   645   3    7    108
649   527   4    119    104
650   312   4    52    297
651   413   2    7    372
652   469   6    174    398
653   75   6    189    99
654   37   6    192    227
655   121   6    107    116
656   620   5    67    477
657   373   3    99    295
658   262   5    107    107
659   326   6    131    208
660   606   6    52    46
661   413   3    124    461
662   474   5    154    401
663   480   2    129    48
664   88   5    86    465
665   599   7    126    251
666   508   6    46    390
667   214   6    2    316
668   358   3    15    38
669   514   5    187    50
670   38   3    13    462
671   560   2    30    418
672   212   7    198    264
673   448   4    106    81
674   220   2    127    409
675   298   2    15    343
676   520   4    22    294
677   630   5    23    11
678   347   4    112    406
679   248   7    141    134
680   500   6    21    97
681   584   7    136    10
682   514   2    75    437
683   282   7    75    321
684   229   4    17    154
685   297   4    189    47
686   330   2    199    180
687   619   3    86    22
688   112   5    26    499
689   524   6    70    405
690   462   5    153    323
691   15   6    29    79
692   426   3    97    263
693   15   2    78    137
694   634   5    132    481
695   575   4    100    241
696   151   6    125    237
697   435   5    105    132
698   228   5    188    468
699   391   3    8    108
700   19   7    57    21
701   562   6    73    36
702   532   6    130    421
703   257   6    189    216
704   140   5    164    106
705   70   3    13    102
706   430   7    81    237
707   658   6    63    39
708   7   2    62    176
709   180   7    80    279
710   343   6    110    66
711   626   2    144    383
712   196   5    142    467
713   288   6    30    182
714   106   3    155    265
715   460   7    134    313
716   361   2    138    95
717   676   3    25    317
718   663   5    44    118
719   371   2    192    474
720   16   5    51    445
721   175   2    13    188
722   486   6    75    345
723   568   7    191    284
724   597   7    106    25
725   61   3    195    439
726   429   3    149    480
727   666   5    48    5
728   168   4    52    369
729   204   3    195    51
730   508   6    147    203
731   445   6    156    436
732   670   4    33    431
733   515   5    72    162
734   357   4    12    188
735   77   3    49    193
736   636   3    120    116
737   640   7    49    388
738   585   4    31    393
739   563   5    161    475
740   219   5    76    336
741   546   6    133    170
742   136   3    193    129
743   668   7    86    391
744   673   2    42    180
745   293   2    51    351
746   238   6    160    287
747   237   2    106    12
748   82   4    17    7
749   124   7    86    148
750   709   2    15    107
751   3   3    50    45
752   6   6    95    479
753   343   5    145    404
754   79   4    196    241
755   355   7    92    284
756   671   2    164    343
757   219   4    145    369
758   262   6    84    355
759   550   2    39    396
760   630   5    97    148
761   623   4    181    364
762   669   2    33    147
763   656   4    179    36
764   279   2    189    394
765   681   3    76    185
766   452   2    143    495
767   11   6    71    128
768   475   6    183    144
769   204   4    109    418
770   90   2    124    150
771   662   7    151    474
772   247   4    1    346
773   485   6    2    453
774   309   7    50    245
775   79   6    60    238
776   336   3    47    192
777   327   4    177    207
778   147   3    160    22
779   54   6    76    274
780   449   3    128    423
781   89   2    1    254
782   189   6    176    450
783   336   6    31    163
784   419   3    77    214
785   429   5    49    458
786   395   2    107    474
787   659   2    25    88
788   565   4    182    447
789   631   7    105    237
790   52   4    123    46
791   218   5    28    90
792   74   6    94    71
793   450   7    160    109
794   630   5    110    263
795   29   6    81    213
796   333   5    3    437
797   58   5    115    405
798   738   6    47    410
799   98   7    66    69
800   399   4    52    189
801   335   5    111    195
802   508   3    136    104
803   441   2    76    296
804   192   5    48    360
805   667   2    191    231
806   167   7    91    113
807   94   2    156    314
808   603   6    65    137
809   618   4    104    383
810   621   3    44    276
811   770   3    55    373
812   91   3    97    226
813   191   7    39    143
814   129   4    1    87
815   374   3    164    124
816   245   5    53    186
817   389   2    76    100
818   594   2    37    306
819   368   4    51    190
820   108   6    79    460
821   83   2    92    125
822   732   3    36    372
823   169   6    146    437
824   139   7    188    490
825   472   2    161    335
826   783   4    91    102
827   129   4    74    215
828   481   7    132    141
829   281   7    101    490
830   499   6    64    39
831   104   7    14    376
832   779   5    124    125
833   55   2    25    200
834   326   6    65    328
835   729   6    22    316
836   237   4    64    377
837   761   3    161    461
838   655   2    140    283
839   747   4    83    421
840   77   7    137    249
841   834   4    62    343
842   246   7    68    356
843   556   7    120    419
844   686   6    45    88
845   836   2    197    490
846   490   6    124    256
847   407   5    13    483
848   125   7    33    158
849   287   4    178    442
850   417   5    185    329
851   67   7    146    33
852   655   6    59    114
853   197   2    101    154
854   383   3    194    405
855   82   7    94    262
856   766   2    140    200
857   839   7    96    287
858   251   2    141    415
859   63   5    136    450
860   756   2    101    224
861   198   6    27    394
862   82   5    161    71
863   776   7    161    343
864   355   3    69    386
865   199   5    190    369
866   153   3    119    253
867   807   7    94    169
868   165   4    98    31
869   336   3    177    419
870   60   3    140    313
871   480   5    127    384
872   516   6    99    351
873   830   4    44    226
874   828   5    71    160
875   606   6    41    307
876   185   5    177    326
877   96   4    17    153
878   580   5    127    6
879   225   2    27    293
880   641   2    143    145
881   296   7    51    499
882   368   5    180    100
883   805   4    67    202
884   852   6    41    359
885   129   4    45    376
886   56   2    188    63
887   422   7    168    359
888   202   2    144    145
889   68   4    97    397
890   868   4    118    198
891   565   4    108    438
892   797   2    141    148
893   500   2    130    483
894   608   2    58    325
895   776   2    93    496
896   388   2    89    152
897   729   6    36    173
898   869   3    8    42
899   230   5    104    369
900   184   2    185    170
901   797   5    33    258
902   17   3    5    344
903   518   6    77    331
904   681   5    195    128
905   667   4    146    19
906   309   6    39    21
907   541   4    81    408
908   598   7    194    12
909   560   2    87    168
910   897   7    19    360
911   418   5    123    408
912   309   6    144    266
913   747   6    66    442
914   542   6    25    440
915   76   5    108    88
916   734   7    180    256
917   205   3    5    197
918   367   5    69    452
919   311   7    125    11
920   837   2    52    232
921   247   5    185    179
922   432   3    177    9
923   274   5    32    298
924   266   6    29    440
925   709   5    151    173
926   238   4    19    33
927   324   6    35    415
928   604   5    44    332
929   219   4    13    58
930   121   6    177    444
931   469   5    52    434
932   892   5    165    362
933   617   3    21    16
934   731   2    47    200
935   213   3    177    246
936   20   7    182    285
937   369   2    34    316
938   88   7    121    36
939   487   4    131    144
940   162   3    72    454
941   931   3    63    168
942   336   3    3    289
943   883   7    125    238
944   241   2    143    377
945   472   2    41    417
946   106   6    155    60
947   788   4    156    192
948   764   6    59    61
949   559   3    27    394
950   123   4    159    241
951   503   3    41    370
952   527   7    140    307
953   200   7    15    412
954   192   7    16    67
955   816   2    147    415
956   667   2    116    132
957   588   5    165    431
958   624   6    42    315
959   621   3    71    307
960   221   4    175    72
961   472   4    186    486
962   101   5    25    220
963   899   4    135    11
964   748   2    86    13
965   502   4    79    496
966   357   2    49    297
967   714   7    65    194
968   671   5    61    299
969   330   6    45    455
970   373   3    62    498
971   355   2    33    141
972   447   5    137    120
973   5   2    111    357
974   858   5    187    475
975   319   6    198    72
976   457   5    96    138
977   916   2    99    496
978   701   5    82    196
979   206   6    127    162
980   199   6    130    358
981   840   4    8    294
982   153   4    18    190
983   96   5    32    375
984   581   5    180    444
985   219   3    63    57
986   434   5    10    393
987   72   7    65    35
988   5   4    154    381
989   269   6    180    277
990   310   7    37    266
991   106   7    61    200
992   385   7    151    145
993   280   7    71    354
994   851   3    19    178
995   212   7    100    283
996   791   2    109    147
997   368   7    93    20
998   291   7    117    166
999   818   3    3    420
1000   841   6    163    339
1001   959   5    182    56
1002   39   5    89    204
1003   713   4    135    378
1004   609   2    87    314
1005   329   7    20    271
1006   275   7    135    122
1007   49   4    159    291
1008   933   3    155    294
1009   964   4    154    312
1010   516   5    189    445
1011   731   4    87    407
1012   386   7    190    361
1013   280   6    6    23
1014   774   6    158    328
1015   925   4    31    294
1016   918   6    45    385
1017   557   7    81    273
1018   974   4    187    211
1019   826   5    29    31
1020   626   2    194    74
1021   698   2    75    177
1022   479   6    50    74
1023   485   5    180    383
1024   809   4    26    160
1025   921   4    88    407
1026   657   2    197    57
1027   34   5    111    470
1028   963   7    33    79
1029   54   3    64    481
1030   491   2    32    248
1031   788   3    121    196
1032   982   6    40    485
1033   581   6    162    429
1034   720   3    178    243
1035   942   2    54    152
1036   547   4    143    218
1037   547   4    110    49
1038   127   7    41    292
1039   759   2    162    436
1040   229   6    89    23
1041   918   4    121    180
1042   319   2    11    456
1043   873   5    20    4
1044   992   2    23    338
1045   726   2    92    231
1046   247   7    192    13
1047   423   2    34    268
1048   809   7    47    147
1049   959   6    96    229
1050   65   7    103    129
1051   489   4    178    327
1052   792   7    54    392
1053   828   2    112    443
1054   622   6    5    453
1055   586   7    12    448
1056   356   7    110    179
1057   564   7    193    148
1058   596   5    111    385
1059   697   2    15    177
1060   17   4    80    87
1061   747   7    199    105
1062   823   5    55    156
1063   519   5    133    329
1064   18   7    188    481
1065   60   6    8    176
1066   210   4    125    278
1067   1053   3    97    350
1068   408   7    89    76
1069   287   3    103    440
1070   84   7    182    175
1071   703   7    12    467
1072   663   3    66    126
1073   580   6    118    98
1074   793   5    121    461
1075   448   2    66    5
1076   332   2    1    179
1077   170   7    37    1
1078   681   4    11    452
1079   145   3    72    87
1080   776   4    72    57
1081   377   7    75    37
1082   602   4    171    454
1083   1011   5    17    98
1084   197   4    6    159
1085   320   6    179    69
1086   497   6    128    464
1087   317   4    38    197
1088   927   3    96    361
1089   295   6    121    152
1090   530   3    157    179
1091   655   6    26    202
1092   793   7    166    8
1093   543   7    152    498
1094   6   4    59    416
1095   1058   4    16    231
1096   316   6    136    385
1097   188   6    48    93
1098   164   7    66    474
1099   1035   6    165    417
1100   776   7    114    490
1101   949   7    59    183
1102   308   3    147    298
1103   250   7    15    294
1104   180   2    159    234
1105   869   6    41    382
1106   681   2    177    342
1107   1071   4    192    188
1108   1036   3    22    120
1109   880   4    103    2
1110   567   6    92    78
1111   153   2    90    351
1112   139   5    125    4
1113   288   7    162    292
1114   1033   4    92    317
1115   567   3    50    394
1116   208   7    70    314
1117   543   7    4    405
1118   526   4    173    270
1119   263   2    51    115
1120   675   7    65    284
1121   492   3    94    343
1122   590   7    143    128
1123   78   5    14    287
1124   525   3    188    135
1125   655   6    131    232
1126   652   2    20    419
1127   145   5    138    172
1128   25   4    105    219
1129   430   5    58    9
1130   92   5    33    450
1131   541   6    124    174
1132   1056   6    17    374
1133   706   6    100    231
1134   335   5    119    192
1135   232   6    131    109
1136   246   2    125    318
1137   55   6    54    364
1138   802   5    83    438
1139   920   6    2    364
1140   668   6    62    90
1141   491   7    9    137
1142   817   6    23    452
1143   880   4    56    315
1144   1045   7    81    302
1145   311   7    78    328
1146   351   5    136    371
1147   29   2    77    89
1148   410   6    80    340
1149   570   2    124    262
1150   810   4    3    116
1151   2   2    60    395
1152   135   4    126    159
1153   27   5    183    332
1154   576   4    132    263
1155   249   3    34    479
1156   208   4    167    446
1157   1117   5    109    159
1158   408   7    123    263
1159   359   5    18    81
1160   333   3    21    458
1161   896   5    175    447
1162   49   2    80    383
1163   319   4    51    119
1164   1069   2    99    62
1165   660   2    174    77
1166   809   4    97    337
1167   872   3    131    412
1168   910   5    36    455
1169   81   2    176    81
1170   124   6    93    418
1171   1031   2    41    485
1172   1167   2    130    484
1173   501   6    98    16
1174   108   4    62    182
1175   40   5    74    191
1176   248   3    32    252
1177   901   4    14    389
1178   1035   4    193    55
1179   489   2    112    352
1180   394   7    185    44
1181   656   4    96    58
1182   628   5    41    412
1183   492   2    16    51
1184   206   2    9    31
1185   1150   6    148    400
1186   492   5    188    275
1187   645   2    48    462
1188   491   3    131    322
1189   35   6    92    154
1190   539   5    44    152
1191   71   5    21    78
1192   483   2    49    379
1193   465   7    92    14
1194   1175   7    191    215
1195   169   6    54    419
1196   1020   3    113    15
1197   478   6    43    217
1198   714   7    142    241
1199   150   5    159    39
1200   255   6    47    156
1201   870   4    55    97
1202   503   5    2    267
1203   918   3    72    249
1204   720   3    156    81
1205   198   5    104    61
1206   20   6    64    340
1207   440   6    117    474
1208   1189   3    54    219
1209   1087   7    146    309
1210   1133   6    96    294
1211   471   2    182    117
1212   1159   4    174    454
1213   912   3    24    452
1214   998   3    44    281
1215   1089   3    76    33
1216   1146   3    166    402
1217   330   3    100    52
1218   634   3    41    362
1219   348   4    165    454
1220   288   5    188    482
1221   809   5    45    493
1222   6   4    195    225
1223   518   7    139    87
1224   711   6    83    156
1225   1014   3    111    101
1226   425   2    179    31
1227   959   7    117    130
1228   836   5    159    8
1229   517   4    13    49
1230   855   7    190    391
1231   492   4    128    330
1232   689   2    2    224
1233   1015   5    170    149
1234   873   4    104    179
1235   212   4    121    123
1236   328   7    96    89
1237   1061   6    71    181
1238   757   6    131    430
1239   231   4    112    145
1240   604   2    118    124
1241   683   6    179    454
1242   685   4    96    208
1243   684   7    124    112
1244   1022   7    155    490
1245   278   4    171    495
1246   601   6    52    131
1247   1204   7    143    195
1248   669   5    40    363
1249   247   5    180    38
1250   282   7    107    375
1251   101   7    165    139
1252   781   4    163    294
1253   929   7    82    436
1254   985   2    128    444
1255   526   6    174    492
1256   1050   4    109    264
1257   462   3    55    140
1258   244   3    25    344
1259   377   7    65    269
1260   465   5    152    152
1261   544   5    130    340
1262   650   3    186    128
1263   888   3    94    479
1264   707   4    106    477
1265   618   7    3    376
1266   294   4    3    100
1267   656   4    90    314
1268   177   4    23    111
1269   1127   6    91    121
1270   1261   4    119    257
1271   100   3    164    34
1272   151   6    101    374
1273   632   2    51    279
1274   1134   6    129    163
1275   749   6    134    373
1276   1141   7    85    67
1277   582   2    123    203
1278   103   5    25    48
1279   880   6    184    32
1280   689   3    62    86
1281   298   4    34    251
1282   82   3    123    187
1283   1060   2    114    274
1284   588   6    98    273
1285   1167   4    11    367
1286   907   3    155    374
1287   40   7    69    192
1288   521   5    141    80
1289   77   5    188    258
1290   1017   4    109    479
1291   17   2    101    409
1292   1185   2    52    243
1293   438   2    40    468
1294   857   7    80    386
1295   1079   6    196    102
1296   392   5    30    244
1297   755   3    169    210
1298   1143   6    154    163
1299   691   7    2    159
1300   945   6    133    374
1301   779   3    190    389
1302   278   3    171    496
1303   1095   6    165    43
1304   761   3    80    480
1305   569   6    99    373
1306   881   5    29    345
1307   97   4    10    131
1308   1199   3    25    381
1309   395   5    70    340
1310   552   3    113    73
1311   303   7    59    52
1312   632   4    186    332
1313   1224   6    108    139
1314   234   2    2    197
1315   212   3    173    152
1316   601   2    107    419
1317   34   6    56    44
1318   1117   5    58    192
1319   248   4    197    71
1320   573   4    110    261
1321   1239   5    18    319
1322   482   2    19    249
1323   774   4    7    373
1324   924   7    132    132
1325   209   2    157    360
1326   317   7    146    5
1327   400   7    29    264
1328   365   2    112    289
1329   933   4    192    263
1330   555   2    46    12
1331   246   6    41    141
1332   264   3    78    78
1333   638   6    176    204
1334   255   3    178    317
1335   395   7    51    299
1336   1019   6    179    121
1337   1105   4    4    394
1338   437   7    76    7
1339   567   2    63    316
1340   95   6    160    467
1341   8   6    1    382
1342   1261   4    68    48
1343   631   7    109    143
1344   1056   3    23    249
1345   975   2    179    393
1346   692   4    91    15
1347   628   7    105    76
1348   538   5    142    162
1349   748   4    157    370
1350   700   6    153    196
1351   1049   2    74    19
1352   732   7    93    273
1353   547   3    70    11
1354   1342   4    59    290
1355   467   2    168    461
1356   5   4    161    404
1357   176   6    59    432
1358   514   6    140    98
1359   1117   2    6    377
1360   280   2    181    90
1361   702   2    113    245
1362   1323   3    6    378
1363   928   5    16    329
1364   502   6    10    149
1365   1257   5    192    481
1366   431   2    90    210
1367   639   5    100    239
1368   1037   5    124    144
1369   1225   3    94    98
1370   1252   2    105    303
1371   182   3    170    351
1372   1292   7    174    125
1373   620   5    43    347
1374   28   4    70    407
1375   1187   4    113    9
1376   759   2    194    375
1377   1246   6    118    448
1378   968   5    65    450
1379   532   6    119    37
1380   1066   2    44    116
1381   559   6    199    114
1382   38   5    40    381
1383   990   3    54    265
1384   79   5    66    204
1385   326   3    7    153
1386   1   3    86    45
1387   68   7    156    251
1388   660   4    169    306
1389   568   6    199    9
1390   232   6    139    234
1391   915   7    182    355
1392   493   6    152    341
1393   218   4    158    477
1394   1153   6    156    395
1395   447   5    196    202
1396   748   6    35    401
1397   1163   2    115    134
1398   508   4    63    307
1399   503   6    1    171
1400   1320   5    54    141
1401   153   3    179    321
1402   578   4    40    98
1403   529   6    5    135
1404   1071   7    18    104
1405   23   4    120    436
1406   1040   7    143    373
1407   722   6    111    136
1408   1165   7    108    280
1409   66   7    159    379
1410   413   3    90    104
1411   589   3    115    164
1412   1257   7    7    205
1413   902   3    61    460
1414   456   2    122    18
1415   190   7    188    82
1416   977   6    86    156
1417   70   7    137    133
1418   905   5    93    346
1419   1092   4    20    89
1420   490   7    167    411
1421   882   5    140    385
1422   131   3    151    272
1423   322   2    82    402
1424   1282   7    175    253
1425   371   2    170    175
1426   574   6    64    109
1427   111   2    195    234
1428   192   7    75    85
1429   1140   5    77    407
1430   1004   6    40    413
1431   704   5    171    300
1432   1199   7    187    419
1433   1048   7    19    11
1434   201   7    69    267
1435   449   2    161    447
1436   379   7    68    173
1437   527   2    10    268
1438   1406   3    180    464
1439   758   6    199    35
1440   929   3    152    497
1441   496   7    97    424
1442   1194   2    140    302
1443   619   7    25    191
1444   550   6    20    161
1445   947   6    125    97
1446   903   3    30    488
1447   222   2    73    415
1448   1061   6    11    6
1449   204   4    185    459
1450   139   5    174    154
1451   1271   5    104    367
1452   106   4    92    17
1453   944   6    197    70
1454   646   5    65    445
1455   760   4    81    248
1456   1328   4    22    353
1457   867   5    67    351
1458   240   2    143    114
1459   165   5    88    41
1460   519   2    96    148
1461   47   2    139    305
1462   219   6    115    170
1463   1029   2    190    405
1464   962   4    76    466
1465   170   4    127    155
1466   54   7    147    336
1467   552   3    189    169
1468   1104   6    196    219
1469   142   6    170    274
1470   707   7    17    434
1471   237   7    198    433
1472   9   5    22    50
1473   667   2    97    419
1474   529   3    104    150
1475   288   3    56    198
1476   1249   6    121    51
1477   467   5    43    469
1478   827   6    43    484
1479   105   6    15    48
1480   1209   5    75    394
1481   41   4    14    235
1482   239   6    196    492
1483   16   7    134    205
1484   783   2    180    223
1485   1454   3    122    424
1486   1314   6    191    141
1487   1379   7    159    121
1488   338   5    110    63
1489   643   5    65    412
1490   1083   5    38    40
1491   832   6    122    442
1492   1036   4    37    468
1493   457   2    154    370
1494   168   2    12    289
1495   965   7    85    155
1496   558   7    33    399
1497   38   4    153    316
1498   412   3    116    301
1499   21   4    171    234
1500   255   3    43    123
1501   386   5    107    271
1502   969   2    56    131
1503   779   4    123    460
1504   404   5    49    37
1505   870   3    140    155
1506   777   4    95    419
1507   389   4    48    129
1508   106   6    135    148
1509   838   5    190    455
1510   563   5    159    169
1511   702   4    109    231
1512   998   6    79    55
1513   297   3    44    489
1514   622   3    12    134
1515   1216   2    17    191
1516   1450   5    3    34
1517   578   5    80    447
1518   300   3    146    294
1519   505   6    181    483
1520   702   2    192    335
1521   660   5    181    181
1522   268   7    92    440
1523   534   4    118    154
1524   340   2    6    290
1525   256   6    129    71
1526   82   2    166    415
1527   357   5    172    220
1528   269   2    124    479
1529   1522   5    11    202
1530   1092   4    191    346
1531   132   6    94    360
1532   313   5    46    355
1533   147   2    39    110
1534   345   6    145    228
1535   1396   3    109    247
1536   899   5    86    94
1537   1237   2    115    432
1538   1238   6    152    407
1539   1181   4    2    117
1540   724   3    155    325
1541   343   5    50    435
1542   1395   4    17    307
1543   1322   7    194    72
1544   1175   5    110    212
1545   334   5    147    244
1546   229   4    107    50
1547   421   2    182    163
1548   163   5    99    475
1549   1190   5    191    217
1550   457   6    184    152
1551   81   5    38    293
1552   1039   2    49    408
1553   1296   4    134    243
1554   1393   3    64    488
1555   830   7    56    115
1556   16   4    24    346
1557   855   6    169    163
1558   895   3    47    475
1559   176   2    129    407
1560   285   6    174    271
1561   263   5    167    430
1562   776   7    57    327
1563   1546   7    191    21
1564   112   7    100    267
1565   392   3    138    44
1566   652   3    67    122
1567   1227   6    93    426
1568   479   5    10    419
1569   7   2    117    249
1570   1109   6    59    441
1571   845   4    24    322
1572   834   3    42    19
1573   597   2    184    269
1574   78   4    162    262
1575   516   2    15    90
1576   478   2    176    296
1577   1474   2    36    51
1578   986   6    104    463
1579   375   2    47    404
1580   1565   3    143    34
1581   44   6    96    205
1582   1164   3    77    98
1583   1284   2    164    373
1584   1213   3    122    408
1585   972   4    69    347
1586   1491   7    42    468
1587   162   2    44    181
1588   1073   5    56    246
1589   122   7    20    65
1590   169   5    15    319
1591   753   3    146    165
1592   861   7    142    431
1593   482   5    43    127
1594   1331   4    133    106
1595   1475   7    51    262
1596   1319   5    135    315
1597   1306   3    112    224
1598   254   7    199    223
1599   581   3    63    210
1600   776   2    119    166
1601   487   6    199    471
1602   738   4    98    25
1603   990   2    154    113
1604   1128   4    138    376
1605   296   3    189    126
1606   342   6    52    12
1607   496   5    3    192
1608   225   6    47    462
1609   1393   5    171    345
1610   50   5    158    112
1611   234   3    195    455
1612   1090   5    194    422
1613   1531   3    103    412
1614   1074   5    163    114
1615   1042   4    113    325
1616   656   3    184    121
1617   360   3    111    292
1618   849   6    106    492
1619   831   2    101    161
1620   579   3    38    453
1621   647   5    146    389
1622   551   2    192    323
1623   466   3    15    271
1624   1250   6    166    2
1625   1374   6    112    53
1626   1511   3    138    181
1627   1453   4    143    97
1628   448   3    186    87
1629   791   2    97    414
1630   1149   7    195    410
1631   872   6    136    475
1632   943   2    188    474
1633   1210   7    59    176
1634   159   2    88    62
1635   1517   4    30    220
1636   253   4    16    287
1637   136   3    94    320
1638   1556   4    165    45
1639   1138   4    92    197
1640   1089   3    34    246
1641   1252   4    123    4
1642   799   5    22    441
1643   1493   5    173    39
1644   388   4    108    269
1645   182   6    63    285
1646   439   6    111    119
1647   708   5    107    269
1648   218   5    153    327
1649   103   6    70    340
1650   357   3    171    408
1651   1508   2    173    486
1652   37   6    126    211
1653   346   4    171    36
1654   1150   2    175    170
1655   293   4    160    404
1656   887   6    138    82
1657   140   5    81    47
1658   196   4    86    15
1659   1122   3    175    328
1660   463   4    22    187
1661   183   4    186    261
1662   1466   6    110    366
1663   1351   7    166    298
1664   33   3    134    377
1665   540   6    129    240
1666   1618   6    154    421
1667   1171   2    6    390
1668   1019   7    5    332
1669   78   4    40    294
1670   415   3    48    296
1671   1189   4    183    155
1672   679   7    34    494
1673   1607   3    120    107
1674   133   2    7    328
1675   1081   4    9    254
1676   542   6    166    277
1677   818   5    192    322
1678   1487   2    73    34
1679   1365   7    14    371
1680   186   3    37    290
1681   258   2    71    226
1682   222   3    27    386
1683   1002   7    81    155
1684   1188   6    94    490
1685   639   2    174    269
1686   1146   4    196    449
1687   654   5    166    105
1688   560   6    193    271
1689   886   5    65    482
1690   601   4    39    359
1691   983   7    88    441
1692   1182   5    41    304
1693   1514   4    40    12
1694   382   2    12    261
1695   977   3    99    462
1696   1617   4    5    360
1697   395   7    167    43
1698   358   7    36    100
1699   1475   5    54    174
1700   115   2    168    358
1701   252   7    25    278
1702   721   4    18    10
1703   1489   6    182    409
1704   1190   2    192    270
1705   1667   7    125    434
1706   213   4    73    37
1707   1181   7    107    206
1708   1150   7    195    148
1709   432   7    7    159
1710   1526   6    137    152
1711   1150   2    98    311
1712   775   3    131    221
1713   121   3    146    257
1714   1238   2    31    176
1715   1181   3    124    194
1716   178   4    180    148
1717   1074   3    143    140
1718   1324   4    54    377
1719   749   3    47    401
1720   1602   4    103    117
1721   888   3    187    210
1722   516   5    186    169
1723   1556   2    42    137
1724   1126   4    55    32
1725   749   7    152    478
1726   1047   5    115    399
1727   1629   7    88    214
1728   141   6    103    139
1729   385   6    14    385
1730   894   7    135    96
1731   1371   4    115    98
1732   1419   6    75    89
1733   1331   4    192    169
1734   324   3    76    462
1735   1205   7    179    164
1736   1010   6    172    434
1737   87   2    137    302
1738   293   2    50    49
1739   406   6    27    131
1740   62   3    43    471
1741   468   7    79    169
1742   1295   2    187    336
1743   974   4    57    35
1744   786   4    102    189
1745   785   2    7    334
1746   1088   5    135    173
1747   226   4    173    326
1748   832   5    143    488
1749   1721   4    35    10
1750   1278   4    64    443
1751   977   6    158    130
1752   92   5    139    374
1753   814   3    51    117
1754   704   2    158    375
1755   313   4    64    310
1756   1076   7    85    194
1757   1618   7    27    357
1758   1151   5    91    61
1759   415   3    3    260
1760   278   5    164    400
1761   1666   5    28    452
1762   61   5    196    491
1763   605   2    195    284
1764   1281   4    74    292
1765   1060   3    136    187
1766   786   7    39    65
1767   1608   4    132    116
1768   703   5    26    201
1769   1620   5    19    226
1770   1500   3    48    65
1771   156   6    9    364
1772   853   4    96    6
1773   941   3    32    455
1774   446   2    122    368
1775   1467   5    152    38
1776   1559   5    198    318
1777   868   7    113    476
1778   991   4    61    153
1779   1703   4    86    285
1780   1610   5    41    219
1781   1205   2    77    65
1782   1095   2    193    69
1783   859   4    5    1
1784   694   7    5    55
1785   216   2    58    101
1786   1316   3    195    123
1787   1347   6    154    173
1788   863   5    87    31
1789   86   7    66    207
1790   1179   3    121    235
1791   3   2    7    190
1792   292   5    69    233
1793   1078   4    59    312
1794   128   5    12    84
1795   1098   7    29    17
1796   1779   4    170    326
1797   648   7    94    467
1798   332   3    140    166
1799   1561   2    16    410
1800   868   2    99    124
1801   970   3    40    276
1802   333   7    167    412
1803   1767   7    67    302
1804   1454   6    39    472
1805   1055   2    140    7
1806   1233   7    151    375
1807   933   5    39    455
1808   823   4    109    57
1809   569   5    21    405
1810   682   4    198    315
1811   265   7    29    290
1812   202   7    191    227
1813   678   6    50    92
1814   857   4    96    32
1815   1598   5    107    335
1816   309   5    161    302
1817   1359   2    18    75
1818   1315   4    17    444
1819   1012   6    175    104
1820   157   4    19    375
1821   435   6    75    429
1822   915   5    8    397
1823   1031   2    68    141
1824   1165   3    156    150
1825   382   3    72    485
1826   1236   2    37    335
1827   787   7    69    91
1828   1018   3    171    246
1829   907   2    199    463
1830   852   6    50    328
1831   1769   4    3    153
1832   788   6    113    285
1833   1780   5    19    403
1834   390   5    9    259
1835   984   2    109    186
1836   736   4    112    386
1837   222   6    132    335
1838   1561   6    39    381
1839   3   2    12    405
1840   1427   4    108    327
1841   1787   2    47    280
1842   1106   6    67    462
1843   1683   5    132    475
1844   257   4    6    338
1845   876   3    101    260
1846   1312   5    80    54
1847   740   5    170    234
1848   417   7    58    95
1849   1707   7    139    486
1850   1347   6    97    342
1851   1388   2    49    112
1852   1850   2    151    471
1853   1731   5    161    140
1854   515   5    36    317
1855   1041   5    96    277
1856   544   5    82    130
1857   1494   2    114    45
1858   526   6    16    122
1859   1429   5    106    2
1860   1332   5    93    157
1861   655   3    79    99
1862   1221   3    63    397
1863   1026   3    8    441
1864   922   3    130    363
1865   684   7    116    445
1866   538   5    180    356
1867   383   3    161    321
1868   1134   6    59    398
1869   504   7    189    329
1870   159   3    88    460
1871   1005   2    11    174
1872   871   3    174    11
1873   801   3    89    410
1874   844   2    43    455
1875   113   4    145    467
1876   1187   3    11    373
1877   1317   3    181    125
1878   923   3    198    151
1879   410   5    43    214
1880   511   6    79    171
1881   126   7    36    265
1882   1837   7    162    463
1883   1678   3    150    254
1884   856   2    96    333
1885   1572   2    57    100
1886   1059   3    131    249
1887   1514   3    73    316
1888   1206   4    184    131
1889   160   2    41    286
1890   118   2    186    48
1891   1640   6    112    138
1892   150   5    63    466
1893   13   6    127    402
1894   396   6    179    51
1895   1533   7    133    215
1896   1664   5    154    163
1897   41   2    118    109
1898   1449   5    185    186
1899   651   6    119    184
1900   752   7    31    255
1901   1017   2    82    468
1902   1222   5    19    142
1903   551   5    103    219
1904   936   5    125    486
1905   330   2    186    16
1906   1138   6    18    290
1907   753   3    162    482
1908   1502   5    23    41
1909   41   3    178    201
1910   1150   4    25    120
1911   1044   6    79    423
1912   1059   3    143    61
1913   1089   7    192    296
1914   456   4    67    351
1915   110   3    2    340
1916   525   2    123    352
1917   865   4    152    384
1918   1128   4    8    492
1919   1229   5    183    213
1920   1870   5    54    109
1921   604   6    40    251
1922   1108   3    185    368
1923   1693   2    107    231
1924   1275   4    166    186
1925   196   6    174    281
1926   1301   3    90    344
1927   74   3    16    474
1928   1034   2    156    288
1929   1588   4    47    468
1930   752   6    37    248
1931   687   6    29    75
1932   508   6    65    329
1933   145   4    18    4
1934   873   2    88    39
1935   1506   3    14    85
1936   1730   6    68    301
1937   1386   3    76    333
1938   603   3    115    343
1939   93   5    136    56
1940   656   2    191    316
1941   600   6    117    75
1942   312   7    116    280
1943   366   7    63    195
1944   1395   2    116    131
1945   124   3    143    415
1946   1111   2    145    72
1947   942   3    45    112
1948   1615   6    27    24
1949   697   2    149    491
1950   967   2    46    375
1951   509   7    61    385
1952   1541   6    193    236
1953   1835   5    89    254
1954   849   2    134    458
1955   1663   5    147    100
1956   1865   4    40    23
1957   671   3    81    326
1958   1738   4    44    319
1959   363   4    176    288
1960   1110   3    196    442
1961   1390   6    26    108
1962   1404   6    83    109
1963   409   3    129    377
1964   47   7    75    377
1965   91   2    106    34
1966   1323   4    93    115
1967   225   2    54    8
1968   1502   3    198    413
1969   1521   6    9    403
1970   282   6    34    246
1971   1412   4    68    354
1972   1153   6    187    152
1973   541   7    134    353
1974   844   3    137    64
1975   973   3    199    86
1976   1542   2    43    394
1977   54   3    45    216
1978   1446   3    50    48
1979   1800   5    177    130
1980   1261   5    98    264
1981   1249   5    108    234
1982   1078   3    188    36
1983   1021   4    32    27
1984   1422   5    65    494
1985   1707   2    110    187
1986   77   3    144    109
1987   1797   6    38    308
1988   992   2    41    110
1989   1308   5    105    152
1990   1385   4    147    4
1991   1107   2    117    395
1992   1598   4    194    231
1993   953   7    58    472
1994   97   4    96    417
1995   1049   3    45    220
1996   1712   5    37    267
1997   705   7    51    35
1998   1812   2    115    320
1999   1240   3    172    452
2000   1719   3    19    463
2001   118   5    149    141
2002   563   6    89    426
2003   206   3    93    396
2004   1511   7    47    342
2005   653   7    139    179
2006   342   5    37    435
2007   276   4    134    330
2008   1269   7    172    19
2009   1160   3    41    310
2010   786   3    189    359
2011   48   4    132    135
2012   1843   4    123    443
2013   1213   7    28    299
2014   1858   6    31    354
2015   1053   6    47    426
2016   1938   4    154    250
2017   924   5    133    285
2018   1209   4    191    96
2019   1992   4    11    251
2020   282   7    115    482
2021   1073   3    69    154
2022   1528   5    35    47
2023   1598   6    164    273
2024   1022   4    7    208
2025   1910   7    158    115
2026   1655   7    188    274
2027   474   3    120    294
2028   1238   3    120    202
2029   1043   7    159    471
2030   611   4    102    432
2031   1215   3    167    499
2032   512   6    122    478
2033   1678   5    146    407
2034   832   3    123    313
2035   811   6    116    386
2036   1010   5    158    125
2037   1078   5    102    456
2038   291   2    102    302
2039   97   3    93    8
2040   1264   3    187    72
2041   79   3    12    43
2042   1129   5    90    122
2043   1394   7    99    398
2044   1738   2    172    448
2045   376   2    193    231
2046   313   6    3    223
2047   967   4    14    149
2048   1915   5    22    49
