1   0   6    12    27
2   1   3    110    16
3   1   3    74    229
4   1   7    197    375
5   3   5    161    135
6   1   5    27    16
7   5   7    93    360
8   5   6    16    270
9   5   7    178    471
10   6   6    132    299
11   4   4    78    223
12   6   7    56    230
13   3   4    53    499
14   9   5    46    178
15   8   5    123    128
16   10   2    166    129
17   13   5    184    444
18   2   5    133    385
19   10   7    191    149
20   18   7    133    201
21   16   3    34    294
22   17   5    184    303
23   3   3    169    75
24   11   5    153    209
25   14   7    98    78
26   4   4    43    310
27   9   6    171    337
28   15   3    44    422
29   4   7    136    448
30   3   4    82    195
31   9   4    31    480
32   5   3    180    91
33   13   3    17    161
34   3   7    137    180
35   28   5    119    30
36   9   2    199    339
37   15   4    176    243
38   36   5    49    48
39   15   3    190    447
40   31   6    197    282
41   39   5    122    128
42   33   6    125    366
43   29   2    128    379
44   26   3    5    446
45   20   3    75    144
46   27   7    14    480
47   8   3    79    63
48   15   5    191    381
49   13   4    20    392
50   47   4    95    93
51   48   2    113    239
52   43   2    30    288
53   32   3    146    401
54   46   2    99    275
55   4   6    41    163
56   33   5    174    386
57   36   7    72    444
58   9   5    120    396
59   45   7    88    185
60   16   4    14    4
61   17   4    25    82
62   3   4    48    31
63   10   7    11    311
64   43   7    42    12
65   27   2    45    45
66   57   7    34    142
67   50   5    92    89
68   23   7    59    34
69   23   2    146    169
70   40   5    57    266
71   13   3    161    375
72   9   2    82    414
73   34   6    160    371
74   15   3    148    281
75   66   7    97    148
76   52   4    73    281
77   51   6    185    352
78   25   3    123    488
79   74   3    112    497
80   15   2    28    383
81   5   4    59    204
82   57   4    157    77
83   37   2    85    407
84   11   3    17    107
85   68   6    134    24
86   67   3    54    375
87   63   5    152    235
88   71   2    92    48
89   74   6    124    255
90   48   2    80    352
91   75   6    11    293
92   59   6    56    217
93   86   2    36    87
94   70   5    19    199
95   90   2    100    81
96   90   3    128    103
97   70   3    125    393
98   93   5    119    148
99   67   4    74    93
100   7   7    160    476
101   59   6    3    71
102   99   4    15    423
103   87   4    13    30
104   19   4    94    11
105   59   2    164    346
106   15   6    76    86
107   86   5    100    323
108   104   3    96    412
109   100   6    178    334
110   108   4    140    21
111   85   6    88    154
112   61   7    54    123
113   13   5    92    13
114   98   4    54    144
115   10   6    92    169
116   55   6    139    18
117   103   7    70    235
118   109   6    130    326
119   63   4    198    203
120   66   6    23    323
121   52   6    38    480
122   75   3    117    153
123   87   3    139    133
124   56   3    11    428
125   6   2    81    337
126   124   7    115    364
127   87   7    165    208
128   39   5    42    328
129   68   3    192    111
130   95   7    149    391
131   31   6    178    269
132   62   7    165    452
133   117   3    130    170
134   50   7    68    52
135   47   4    150    210
136   68   4    122    70
137   93   3    95    338
138   4   6    114    411
139   53   5    199    13
140   138   3    146    265
141   138   3    166    287
142   113   5    189    407
143   136   2    191    452
144   114   4    20    428
145   124   5    7    441
146   126   7    136    223
147   99   5    74    339
148   37   4    102    142
149   117   2    190    490
150   114   4    111    465
151   113   6    66    415
152   8   5    146    386
153   3   4    86    390
154   119   4    86    18
155   30   4    62    65
156   51   2    179    279
157   93   7    176    171
158   155   5    137    485
159   43   3    191    345
160   6   4    63    461
161   125   5    15    400
162   68   5    109    116
163   71   6    18    82
164   148   2    42    395
165   66   3    137    141
166   2   3    81    251
167   59   6    135    301
168   164   5    199    121
169   75   5    100    64
170   117   4    54    333
171   45   2    93    329
172   155   3    73    206
173   134   7    71    251
174   126   4    163    247
175   132   6    74    44
176   73   2    16    248
177   113   2    191    1
178   37   7    10    218
179   82   7    12    313
180   72   3    162    475
181   6   2    59    276
182   133   5    155    112
183   66   2    146    465
184   34   3    185    304
185   18   7    26    289
186   93   5    122    362
187   128   4    112    401
188   163   4    21    386
189   119   2    150    394
190   55   2    180    151
191   163   4    12    134
192   147   3    85    94
193   7   2    136    368
194   102   6    123    203
195   183   2    115    268
196   60   7    156    322
197   154   6    117    132
198   154   5    112    473
199   140   7    43    419
200   187   6    23    25
201   192   3    56    106
202   157   5    57    450
203   68   3    6    235
204   140   7    125    140
205   161   7    189    127
206   8   6    63    213
207   193   5    65    289
208   124   3    28    36
209   33   6    24    324
210   41   2    106    241
211   83   6    54    198
212   83   4    10    435
213   197   2    58    412
214   184   5    6    224
215   48   7    127    120
216   45   2    99    218
217   77   4    148    244
218   174   4    102    329
219   191   3    75    58
220   14   2    193    408
221   200   2    21    300
222   167   2    12    307
223   24   6    25    102
224   215   3    139    2
225   130   2    137    346
226   188   4    96    426
227   98   5    136    69
228   151   7    122    203
229   69   6    3    190
230   70   3    139    220
231   62   7    131    36
232   46   2    62    383
233   121   6    173    396
234   191   2    193    420
235   167   4    177    113
236   145   2    90    476
237   69   7    28    335
238   220   5    41    297
239   215   4    141    36
240   141   3    33    458
241   156   2    108    438
242   204   5    110    375
243   114   2    43    428
244   226   7    12    181
245   65   7    27    189
246   123   7    1    207
247   235   7    35    72
248   73   4    91    338
249   87   3    46    79
250   134   7    74    42
251   24   2    125    67
252   17   4    44    88
253   138   6    15    8
254   149   5    151    332
255   125   2    46    488
256   88   2    130    146
257   122   4    65    431
258   200   4    93    160
259   130   7    166    307
260   233   4    35    367
261   4   6    146    399
262   117   3    160    10
263   224   5    28    384
264   88   2    78    161
265   28   3    18    326
266   130   2    180    215
267   191   3    146    208
268   203   6    96    307
269   237   6    23    239
270   217   7    66    26
271   53   6    172    306
272   262   6    69    214
273   200   5    40    289
274   58   4    93    293
275   69   3    137    142
276   12   7    175    193
277   275   5    95    3
278   48   3    48    276
279   154   4    91    269
280   276   5    128    179
281   83   5    127    115
282   142   4    49    61
283   21   6    93    325
284   129   7    187    447
285   14   4    140    11
286   153   4    183    327
287   127   7    39    401
288   86   2    109    408
289   244   3    156    424
290   189   3    22    180
291   169   4    182    40
292   179   4    135    255
293   100   3    40    372
294   66   7    4    216
295   252   7    164    222
296   28   3    69    192
297   212   2    185    262
298   290   6    45    142
299   117   6    87    14
300   20   2    120    158
301   3   7    178    183
302   112   5    48    114
303   162   4    70    335
304   157   3    118    12
305   242   2    124    201
306   239   4    97    418
307   206   7    172    348
308   186   3    78    460
309   92   2    34    426
310   55   6    174    448
311   267   2    82    323
312   183   7    161    457
313   196   2    25    306
314   199   6    106    256
315   7   4    35    103
316   210   4    138    473
317   141   4    94    347
318   302   7    102    24
319   288   3    5    208
320   174   5    103    451
321   8   6    185    437
322   169   3    145    232
323   253   2    166    432
324   241   4    174    45
325   152   4    125    237
326   198   5    176    390
327   137   5    180    39
328   134   3    190    403
329   83   7    114    292
330   53   6    161    84
331   249   2    164    230
332   300   6    28    467
333   322   6    138    303
334   240   5    4    56
335   224   6    116    409
336   243   3    73    300
337   47   4    153    445
338   309   2    197    454
339   295   6    52    395
340   42   2    83    193
341   156   4    39    469
342   115   3    108    44
343   156   3    130    251
344   91   6    8    366
345   331   3    197    44
346   192   5    133    232
347   62   7    71    240
348   342   6    24    259
349   252   4    165    472
350   79   7    176    370
351   148   4    58    408
352   63   5    54    92
353   12   5    126    72
354   183   4    55    143
355   107   5    167    450
356   336   4    191    138
357   345   5    154    190
358   10   4    122    450
359   35   7    122    324
360   87   2    61    110
361   105   2    185    29
362   63   4    184    494
363   149   6    186    272
364   149   5    43    443
365   242   3    189    223
366   203   3    82    14
367   172   2    126    391
368   358   7    41    321
369   143   6    141    260
370   251   5    122    74
371   131   3    88    53
372   52   3    52    440
373   278   6    199    416
374   61   2    33    360
375   110   7    189    416
376   166   3    85    96
377   54   5    130    95
378   344   4    187    234
379   127   3    108    158
380   201   2    83    318
381   310   3    199    173
382   256   4    161    295
383   214   2    78    169
384   23   3    25    465
385   367   3    170    360
386   187   7    30    36
387   21   3    74    63
388   127   3    6    13
389   26   2    193    258
390   16   2    15    152
391   180   6    132    310
392   271   4    64    188
393   224   3    23    154
394   223   5    142    78
395   376   6    121    402
396   71   6    126    445
397   208   5    25    79
398   3   4    9    147
399   2   6    5    452
400   226   4    68    57
401   247   4    136    348
402   338   3    198    346
403   272   2    181    230
404   110   5    92    161
405   117   2    181    353
406   189   2    66    209
407   175   3    155    371
408   262   3    177    253
409   199   5    39    314
410   403   4    173    315
411   230   4    166    394
412   236   4    16    497
413   289   6    1    343
414   245   6    98    223
415   362   7    87    494
416   125   7    22    223
417   76   6    33    414
418   171   7    66    184
419   120   4    92    229
420   27   5    125    480
421   407   7    52    353
422   231   2    19    454
423   301   7    65    322
424   269   6    13    345
425   38   5    171    137
426   205   7    156    213
427   412   2    50    366
428   258   2    82    120
429   368   5    30    113
430   151   7    37    351
431   91   2    65    180
432   109   2    148    28
433   264   2    84    238
434   414   5    24    311
435   130   7    45    407
436   234   2    7    24
437   377   3    80    455
438   142   7    127    37
439   322   7    39    257
440   80   3    46    489
441   216   7    179    239
442   349   2    148    88
443   283   7    31    182
444   334   4    134    162
445   395   3    88    62
446   433   3    52    368
447   147   4    12    150
448   319   2    11    466
449   195   6    82    288
450   268   3    143    445
451   247   3    54    174
452   158   3    179    75
453   221   7    53    269
454   322   4    91    276
455   17   4    130    212
456   436   3    90    251
457   253   6    53    30
458   267   7    6    7
459   277   7    73    9
460   116   4    75    325
461   74   3    192    9
462   13   2    124    166
463   284   4    132    108
464   361   3    41    203
465   448   5    40    186
466   78   7    82    151
467   303   2    72    127
468   200   4    34    19
469   13   2    8    189
470   16   6    187    489
471   235   3    167    290
472   162   2    52    114
473   396   6    145    271
474   391   3    129    71
475   16   3    48    469
476   54   5    172    389
477   117   5    159    24
478   417   5    191    62
479   22   4    1    394
480   226   6    132    134
481   453   6    185    333
482   200   4    177    382
483   358   3    108    57
484   161   2    47    274
485   127   5    40    117
486   87   3    14    338
487   370   2    191    202
488   385   2    150    55
489   223   2    103    288
490   138   7    179    246
491   354   5    144    193
492   180   6    189    152
493   408   7    35    445
494   217   7    132    436
495   409   4    130    15
496   487   7    151    464
497   443   7    120    54
498   383   3    193    358
499   305   3    63    242
500   169   7    63    119
501   64   2    61    78
502   182   7    115    80
503   389   5    172    2
504   176   6    178    114
505   463   7    41    253
506   205   6    34    24
507   361   3    19    417
508   112   3    36    458
509   498   2    51    256
510   404   6    168    416
511   53   4    134    324
512   411   7    137    320
513   403   4    82    459
514   398   6    94    85
515   100   5    97    20
516   181   2    25    278
517   247   4    133    416
518   119   7    111    484
519   210   7    25    499
520   407   6    53    453
521   67   2    55    144
522   281   3    125    138
523   425   3    56    491
524   107   5    110    15
525   116   7    90    431
526   183   6    37    303
527   75   6    175    33
528   349   6    6    319
529   402   3    78    30
530   297   6    109    100
531   300   6    8    352
532   293   4    127    382
533   333   4    161    445
534   427   6    151    182
535   170   4    10    198
536   525   2    31    129
537   247   7    166    109
538   279   7    14    32
539   532   4    103    161
540   473   4    51    432
541   274   4    18    495
542   490   2    72    91
543   371   7    8    71
544   235   5    6    461
545   499   7    115    449
546   228   3    52    162
547   176   4    161    347
548   24   3    1    383
549   414   5    111    82
550   92   4    185    179
551   59   4    169    311
552   46   6    15    323
553   33   6    163    318
554   54   2    115    87
555   234   2    155    9
556   329   3    71    386
557   465   7    6    93
558   237   6    102    102
559   484   4    95    86
560   391   5    97    49
561   536   3    20    315
562   13   6    163    49
563   411   6    59    259
564   554   5    70    80
565   336   3    115    98
566   42   2    9    18
567   31   5    100    152
568   205   4    89    46
569   552   4    137    66
570   19   6    142    450
571   81   2    12    308
572   222   5    26    60
573   32   3    174    326
574   290   2    86    353
575   171   3    119    263
576   215   2    115    89
577   424   2    91    350
578   15   5    26    469
579   313   3    58    170
580   375   5    41    435
581   122   6    88    337
582   470   3    145    430
583   159   2    170    226
584   455   5    149    391
585   447   5    161    319
586   441   7    32    231
587   464   6    105    20
588   332   4    8    65
589   230   4    143    423
590   295   6    54    314
591   27   7    186    407
592   399   5    27    435
593   318   4    107    113
594   20   6    189    15
595   13   6    131    226
596   430   6    8    499
597   408   5    148    467
598   555   4    146    237
599   356   2    27    144
600   201   6    152    106
601   404   2    104    445
602   342   4    28    371
603   533   4    35    12
604   58   2    172    126
605   463   3    2    251
606   196   5    33    362
607   591   3    31    310
608   200   4    3    493
609   200   4    28    236
610   240   4    51    334
611   336   5    159    256
612   283   5    141    334
613   190   4    162    329
614   353   3    115    207
615   200   3    173    271
616   245   3    154    471
617   554   5    195    373
618   352   3    35    98
619   539   2    62    495
620   608   5    37    248
621   473   2    35    445
622   470   2    84    463
623   225   6    178    295
624   291   2    5    56
625   251   4    139    187
626   153   2    172    192
627   380   6    164    90
628   319   4    173    194
629   290   4    98    413
630   201   5    183    419
631   571   7    90    3
632   239   3    108    473
633   406   4    198    183
634   549   3    71    470
635   342   6    159    65
636   286   4    82    281
637   235   6    43    214
638   513   4    166    367
639   429   2    147    175
640   441   4    173    333
641   327   6    116    475
642   104   7    143    219
643   238   2    25    356
644   603   2    153    436
645   101   7    67    124
646   229   2    123    410
647   55   2    172    66
648   569   2    146    419
649   376   4    138    177
650   287   7    90    84
651   479   3    142    469
652   178   6    186    379
653   432   3    77    137
654   326   7    179    299
655   13   5    7    83
656   350   5    165    290
657   86   4    4    479
658   464   3    102    25
659   573   3    177    204
660   383   3    128    316
661   213   4    2    66
662   534   5    46    99
663   519   4    58    161
664   95   6    196    112
665   515   5    51    203
666   645   6    91    207
667   371   5    191    121
668   79   6    49    346
669   516   2    165    103
670   643   6    39    240
671   352   3    145    161
672   595   3    76    32
673   245   6    167    157
674   115   3    196    115
675   556   5    70    352
676   112   4    44    346
677   101   3    174    225
678   603   5    115    387
679   301   4    116    484
680   405   2    40    316
681   611   4    191    420
682   56   2    84    169
683   539   6    162    153
684   462   4    82    279
685   460   3    191    321
686   78   3    85    18
687   421   7    171    158
688   132   7    80    35
689   654   7    95    199
690   18   5    17    443
691   27   3    13    201
692   279   7    172    42
693   243   4    180    29
694   77   3    184    170
695   464   7    174    176
696   627   6    4    272
697   319   2    162    135
698   497   5    113    189
699   593   6    117    161
700   602   6    88    476
701   518   7    154    465
702   166   4    153    402
703   41   5    118    378
704   368   2    161    117
705   497   5    33    157
706   222   3    141    458
707   658   3    124    435
708   11   3    4    396
709   640   2    162    186
710   429   3    98    113
711   235   2    14    50
712   431   5    143    454
713   402   4    22    218
714   405   3    4    191
715   515   5    25    16
716   630   4    29    444
717   442   7    117    470
718   452   6    104    279
719   386   3    56    385
720   263   3    47    475
721   238   3    180    377
722   663   4    31    98
723   237   7    31    222
724   46   2    152    458
725   393   4    184    342
726   719   7    13    392
727   213   7    26    20
728   589   3    124    352
729   113   4    105    252
730   32   3    162    385
731   561   5    154    439
732   67   5    154    62
733   629   3    120    193
734   21   7    10    362
735   204   2    165    82
736   49   4    123    46
737   420   7    181    452
738   170   2    184    388
739   556   4    16    95
740   436   7    129    341
741   35   4    140    327
742   652   3    2    166
743   576   6    64    181
744   689   6    148    66
745   148   2    36    241
746   424   7    97    498
747   280   3    59    349
748   656   3    17    449
749   245   6    160    277
750   581   4    38    98
751   154   3    193    93
752   214   2    140    154
753   725   7    70    417
754   34   4    189    441
755   355   6    148    381
756   581   2    12    61
757   395   4    128    375
758   42   5    84    328
759   710   6    152    283
760   280   5    117    3
761   346   7    24    175
762   211   5    53    2
763   446   5    79    429
764   726   3    159    141
765   58   6    81    168
766   461   7    163    466
767   35   4    182    215
768   397   5    140    137
769   403   3    173    262
770   388   6    111    145
771   390   5    100    214
772   738   4    92    178
773   561   3    198    333
774   583   3    28    485
775   363   5    52    414
776   168   2    172    196
777   193   7    73    79
778   632   5    134    118
779   507   5    73    391
780   627   5    12    87
781   136   3    102    245
782   705   7    88    173
783   637   4    167    277
784   696   2    80    177
785   636   6    183    287
786   478   3    159    128
787   558   4    178    248
788   336   6    101    308
789   10   2    19    362
790   88   2    75    14
791   354   4    155    56
792   507   6    30    259
793   326   2    4    232
794   38   3    71    352
795   696   7    142    218
796   319   6    90    350
797   377   5    65    378
798   565   6    84    13
799   319   2    3    349
800   634   6    64    26
801   29   5    93    86
802   402   2    72    455
803   379   2    183    400
804   82   4    145    46
805   470   5    161    77
806   394   7    23    21
807   67   6    106    106
808   64   7    151    132
809   777   6    44    175
810   367   2    61    442
811   352   5    104    49
812   168   4    147    272
813   7   4    109    430
814   249   5    150    493
815   519   4    82    216
816   567   3    81    366
817   602   5    98    290
818   234   3    116    297
819   575   5    145    26
820   512   5    56    389
821   426   7    101    453
822   743   7    9    120
823   790   6    100    103
824   541   3    10    59
825   555   5    120    409
826   550   4    105    152
827   583   2    23    44
828   786   2    19    111
829   68   2    91    368
830   131   3    94    327
831   637   6    2    494
832   556   3    193    251
833   334   4    108    31
834   15   5    86    411
835   378   6    164    293
836   620   7    164    119
837   577   2    95    99
838   263   6    164    197
839   805   5    136    355
840   183   7    186    269
841   768   4    90    68
842   738   2    99    380
843   16   2    14    336
844   286   5    5    122
845   372   5    79    464
846   681   6    165    265
847   807   2    198    307
848   471   4    69    71
849   158   3    144    179
850   138   6    147    135
851   40   6    169    36
852   369   3    180    350
853   152   5    147    57
854   399   3    3    79
855   384   2    84    473
856   545   3    127    491
857   783   6    65    408
858   8   6    143    291
859   531   6    77    320
860   374   2    70    81
861   472   3    45    216
862   696   3    117    392
863   525   7    173    232
864   354   3    135    415
865   550   3    190    386
866   436   6    10    133
867   639   5    129    316
868   316   2    100    235
869   379   4    90    5
870   389   7    145    335
871   818   3    108    228
872   167   6    109    259
873   27   7    157    356
874   89   5    97    209
875   194   4    152    33
876   581   5    23    388
877   607   5    69    391
878   482   7    40    273
879   424   2    150    386
880   327   6    178    39
881   264   6    99    439
882   486   4    38    435
883   751   3    71    107
884   40   4    124    493
885   251   3    64    80
886   26   5    90    114
887   524   5    104    482
888   750   3    15    104
889   743   3    63    42
890   884   6    17    342
891   517   5    120    178
892   292   3    184    351
893   127   5    147    171
894   472   6    193    290
895   346   5    137    184
896   433   2    92    134
897   696   3    127    4
898   406   4    1    380
899   197   5    42    50
900   490   3    56    9
901   35   5    55    173
902   867   6    167    23
903   468   3    197    446
904   520   3    3    233
905   84   5    15    340
906   657   4    30    2
907   649   4    149    385
908   212   2    112    12
909   300   4    8    336
910   479   3    25    1
911   650   4    189    406
912   241   2    23    102
913   435   4    86    133
914   771   4    85    158
915   733   3    101    110
916   248   3    92    82
917   503   4    85    208
918   734   3    190    108
919   886   4    79    343
920   701   3    53    74
921   591   3    52    88
922   832   5    170    372
923   902   5    115    378
924   347   4    152    120
925   262   5    27    411
926   241   4    124    159
927   38   5    175    425
928   791   5    52    316
929   5   4    3    266
930   251   7    3    286
931   138   6    115    47
932   165   2    161    182
933   230   5    199    316
934   899   4    183    51
935   736   5    183    432
936   400   6    110    419
937   684   5    114    164
938   264   5    108    177
939   390   4    74    441
940   706   7    199    453
941   350   7    79    298
942   429   7    65    354
943   816   5    183    142
944   423   7    102    418
945   183   2    189    426
946   790   5    59    289
947   314   5    113    375
948   439   5    65    319
949   320   2    54    3
950   180   6    186    339
951   193   3    2    30
952   340   5    85    304
953   682   6    173    410
954   547   2    161    478
955   809   5    164    97
956   404   2    158    456
957   731   6    191    343
958   825   6    21    450
959   463   6    160    75
960   834   4    68    267
961   450   5    19    236
962   250   7    69    99
963   720   4    160    413
964   259   3    1    250
965   717   5    52    26
966   768   7    125    262
967   526   5    138    85
968   310   4    164    59
969   540   6    26    38
970   514   4    102    258
971   480   3    118    46
972   908   6    39    193
973   648   2    163    119
974   609   2    78    488
975   574   7    176    474
976   695   5    14    27
977   612   2    132    185
978   500   2    116    133
979   726   6    18    83
980   539   7    27    133
981   681   4    199    187
982   649   2    64    2
983   613   5    14    53
984   134   6    195    453
985   524   7    28    116
986   168   4    5    39
987   604   4    197    236
988   429   4    178    476
989   769   7    99    184
990   764   3    177    318
991   359   5    97    33
992   6   4    172    171
993   38   2    51    153
994   154   3    102    286
995   655   5    190    408
996   477   7    15    480
997   942   3    64    425
998   958   4    30    469
999   730   4    145    67
1000   15   7    77    150
1001   783   5    60    481
1002   668   7    121    122
1003   17   7    75    451
1004   317   2    178    407
1005   484   2    155    123
1006   61   7    16    343
1007   596   5    84    26
1008   106   3    32    414
1009   925   7    21    54
1010   783   7    100    49
1011   690   5    153    181
1012   21   7    65    408
1013   103   2    157    139
1014   157   5    90    459
1015   681   5    108    296
1016   590   7    42    201
1017   633   5    18    161
1018   286   2    30    46
1019   1017   4    71    80
1020   545   4    14    167
1021   519   3    87    172
1022   890   5    137    77
1023   430   7    122    156
1024   253   5    54    410
1025   275   5    87    449
1026   468   6    143    2
1027   985   3    28    404
1028   935   3    92    378
1029   685   4    147    447
1030   5   7    42    284
1031   366   7    51    235
1032   96   3    95    329
1033   896   6    15    444
1034   1006   5    82    479
1035   472   6    48    416
1036   24   6    108    401
1037   27   3    128    216
1038   172   6    84    484
1039   1007   3    195    133
1040   590   3    23    364
1041   650   4    16    236
1042   10   3    27    227
1043   367   3    123    319
1044   4   4    154    107
1045   378   2    64    82
1046   704   5    129    96
1047   783   7    101    496
1048   996   6    149    334
1049   1029   2    139    439
1050   583   6    157    425
1051   1015   5    85    327
1052   109   7    153    360
1053   19   6    34    138
1054   852   6    62    337
1055   177   7    155    326
1056   318   4    71    244
1057   967   7    84    64
1058   423   2    59    234
1059   19   5    190    16
1060   795   3    192    172
1061   863   7    181    46
1062   220   5    157    60
1063   328   7    37    262
1064   397   7    43    328
1065   138   2    99    125
1066   57   5    73    251
1067   896   2    61    251
1068   328   7    45    380
1069   825   2    101    226
1070   106   4    156    439
1071   322   7    24    433
1072   791   4    134    103
1073   869   7    97    486
1074   976   2    37    31
1075   471   4    10    191
1076   1025   5    18    47
1077   537   7    66    150
1078   645   3    189    271
1079   1074   5    150    331
1080   222   4    166    388
1081   922   6    115    37
1082   321   5    35    25
1083   511   6    140    425
1084   630   3    175    98
1085   88   3    95    250
1086   890   4    14    194
1087   372   5    97    63
1088   44   7    177    473
1089   658   3    107    307
1090   434   6    105    217
1091   275   5    60    309
1092   182   5    99    277
1093   449   6    142    323
1094   386   3    120    2
1095   980   6    79    405
1096   693   3    167    61
1097   137   6    45    440
1098   576   5    119    53
1099   567   6    167    463
1100   410   4    85    214
1101   908   3    110    74
1102   1010   3    194    84
1103   607   5    129    92
1104   472   2    190    433
1105   1080   6    102    493
1106   207   3    47    348
1107   1105   3    162    242
1108   99   4    163    35
1109   699   7    161    406
1110   657   3    21    415
1111   1085   4    135    192
1112   418   4    45    431
1113   711   7    39    279
1114   316   5    156    82
1115   829   5    196    213
1116   387   4    3    303
1117   201   2    157    92
1118   886   4    145    78
1119   477   4    115    355
1120   16   4    2    288
1121   129   6    191    311
1122   50   2    32    498
1123   611   2    85    62
1124   200   3    153    41
1125   810   3    192    17
1126   474   5    127    283
1127   289   4    176    372
1128   710   5    71    483
1129   426   2    146    314
1130   122   7    179    438
1131   454   4    35    394
1132   332   7    27    185
1133   1110   2    158    487
1134   889   2    190    405
1135   297   3    55    247
1136   879   5    199    21
1137   823   2    73    247
1138   636   6    199    333
1139   426   7    91    41
1140   324   5    33    207
1141   985   7    97    149
1142   828   7    101    487
1143   319   5    164    36
1144   134   4    105    93
1145   129   5    193    142
1146   465   2    131    371
1147   619   7    153    421
1148   362   6    184    252
1149   447   4    157    224
1150   1054   4    134    489
1151   96   3    187    491
1152   267   6    70    65
1153   316   4    65    449
1154   921   7    34    43
1155   341   2    168    353
1156   624   7    44    481
1157   672   3    82    253
1158   1091   6    191    18
1159   462   6    74    161
1160   537   6    54    38
1161   965   7    32    351
1162   834   4    3    325
1163   935   2    121    14
1164   387   4    34    412
1165   842   5    126    299
1166   232   6    178    90
1167   868   7    59    19
1168   561   3    99    99
1169   1007   3    120    350
1170   135   2    86    438
1171   979   4    109    143
1172   76   4    165    421
1173   242   3    196    372
1174   364   6    26    21
1175   804   6    108    222
1176   1116   6    80    260
1177   544   2    160    479
1178   213   4    41    253
1179   1042   2    48    439
1180   226   7    198    347
1181   779   7    129    238
1182   900   7    99    200
1183   426   7    74    25
1184   977   6    54    466
1185   53   6    145    233
1186   161   7    106    427
1187   697   4    176    488
1188   175   4    36    164
1189   418   7    64    202
1190   217   2    192    348
1191   99   4    10    66
1192   903   2    20    239
1193   1107   4    40    116
1194   829   7    90    16
1195   1158   2    193    108
1196   1013   6    168    219
1197   313   7    33    69
1198   1175   4    87    63
1199   575   6    55    481
1200   111   4    75    160
1201   646   2    60    198
1202   1020   3    107    203
1203   549   2    11    81
1204   146   6    150    111
1205   821   2    28    361
1206   745   6    76    15
1207   1167   6    47    273
1208   1043   4    115    400
1209   577   3    19    494
1210   332   5    89    413
1211   180   4    124    24
1212   1007   7    45    63
1213   1074   4    177    330
1214   205   6    21    291
1215   925   6    29    438
1216   488   7    41    348
1217   997   7    2    390
1218   1017   3    109    218
1219   401   4    178    78
1220   253   6    193    103
1221   434   4    62    95
1222   1118   4    69    137
1223   428   7    7    61
1224   738   3    91    312
1225   966   3    83    42
1226   655   2    137    59
1227   829   5    76    170
1228   338   3    84    285
1229   746   4    105    300
1230   95   2    85    488
1231   656   6    44    46
1232   17   3    84    220
1233   366   3    196    221
1234   295   7    17    198
1235   940   2    83    396
1236   849   5    57    304
1237   459   2    81    494
1238   1234   6    23    479
1239   1205   5    84    145
1240   333   7    102    142
1241   9   7    94    334
1242   1226   6    67    165
1243   1085   6    127    23
1244   1069   6    181    107
1245   432   4    28    399
1246   102   4    52    413
1247   714   5    143    269
1248   420   6    199    220
1249   1167   4    166    134
1250   797   2    69    26
1251   320   6    185    25
1252   636   4    140    176
1253   969   4    191    110
1254   137   7    4    38
1255   1218   4    129    80
1256   1040   2    132    489
1257   444   6    77    404
1258   10   6    46    369
1259   392   7    4    47
1260   433   2    55    489
1261   595   2    166    399
1262   140   4    120    47
1263   1068   3    139    477
1264   514   3    33    118
1265   524   3    86    107
1266   524   3    29    179
1267   393   3    149    444
1268   1149   4    67    33
1269   227   6    53    213
1270   964   5    173    462
1271   257   4    65    461
1272   691   5    84    254
1273   516   5    111    447
1274   520   6    138    476
1275   458   3    56    261
1276   566   4    71    482
1277   380   4    47    425
1278   382   6    139    372
1279   845   2    25    145
1280   1016   7    101    170
1281   401   6    5    282
1282   1270   6    52    465
1283   283   2    61    275
1284   789   7    75    250
1285   1183   4    29    61
1286   441   2    128    295
1287   831   2    152    11
1288   1171   5    170    129
1289   1044   5    173    82
1290   46   4    107    239
1291   333   5    104    101
1292   614   6    55    92
1293   835   2    118    125
1294   494   3    32    90
1295   825   6    86    466
1296   951   7    102    405
1297   936   6    86    2
1298   348   4    133    464
1299   797   2    123    207
1300   1197   2    27    191
1301   282   2    99    196
1302   364   5    194    103
1303   1140   2    176    401
1304   1215   7    89    130
1305   695   6    177    287
1306   627   5    15    238
1307   376   4    3    317
1308   401   5    91    115
1309   1119   4    170    226
1310   38   7    13    318
1311   634   6    45    36
1312   995   5    12    452
1313   19   4    156    248
1314   946   7    196    238
1315   727   2    69    201
1316   445   3    81    366
1317   807   4    131    443
1318   1253   4    117    92
1319   129   5    128    102
1320   697   5    79    150
1321   99   4    47    201
1322   517   4    86    252
1323   1221   2    18    486
1324   495   5    13    217
1325   315   5    100    281
1326   690   6    134    405
1327   941   2    78    178
1328   1191   2    65    324
1329   221   2    122    355
1330   759   4    167    143
1331   690   4    9    64
1332   1245   2    84    385
1333   1080   6    104    235
1334   1013   2    154    203
1335   414   3    40    273
1336   436   4    197    278
1337   833   2    188    482
1338   40   6    157    314
1339   978   2    134    14
1340   648   4    91    50
1341   164   5    86    400
1342   165   3    169    415
1343   815   6    72    218
1344   910   4    55    66
1345   836   2    113    487
1346   649   7    196    332
1347   1009   2    196    271
1348   425   5    32    154
1349   2   5    166    241
1350   37   3    131    41
1351   899   7    104    51
1352   604   4    46    477
1353   615   5    165    472
1354   1081   5    197    95
1355   842   5    145    57
1356   1269   3    5    309
1357   21   3    137    261
1358   316   3    92    337
1359   252   7    143    287
1360   1005   2    192    418
1361   1230   4    37    335
1362   734   5    101    492
1363   1314   3    63    67
1364   224   6    85    157
1365   1011   6    132    443
1366   18   5    182    11
1367   1354   4    95    258
1368   187   6    187    447
1369   718   5    54    338
1370   1213   3    138    378
1371   10   4    184    95
1372   1088   4    82    106
1373   1295   2    16    261
1374   992   3    179    275
1375   796   7    90    332
1376   587   4    92    252
1377   139   6    110    475
1378   629   4    60    164
1379   744   6    92    380
1380   22   6    14    304
1381   293   2    45    174
1382   119   5    119    82
1383   1124   2    179    367
1384   652   5    31    183
1385   1372   4    32    190
1386   493   5    57    146
1387   1120   5    193    367
1388   249   4    135    184
1389   1182   2    149    187
1390   216   3    50    31
1391   140   2    175    31
1392   1296   2    83    70
1393   912   7    117    15
1394   729   4    58    132
1395   1293   5    95    284
1396   199   4    145    22
1397   82   3    18    198
1398   553   3    175    249
1399   331   5    89    252
1400   257   2    17    472
1401   372   6    121    464
1402   1140   2    114    412
1403   1086   2    134    252
1404   584   5    67    58
1405   359   7    120    170
1406   601   4    38    335
1407   740   3    169    301
1408   480   6    185    493
1409   479   7    110    178
1410   1018   5    185    460
1411   594   2    89    23
1412   84   6    155    209
1413   598   3    192    366
1414   1298   6    188    479
1415   1133   5    51    348
1416   932   7    4    402
1417   1220   5    19    163
1418   1370   7    6    110
1419   621   6    56    453
1420   1281   7    23    450
1421   1299   6    9    198
1422   714   7    59    220
1423   426   2    22    440
1424   318   7    18    490
1425   669   7    109    446
1426   1188   6    39    318
1427   1025   5    190    94
1428   867   4    29    336
1429   984   4    59    199
1430   522   2    110    400
1431   145   6    72    124
1432   604   3    31    488
1433   201   4    163    190
1434   114   6    187    93
1435   712   3    153    245
1436   144   6    53    348
1437   493   7    150    463
1438   902   2    4    217
1439   1037   4    175    231
1440   603   7    57    207
1441   798   5    47    204
1442   2   2    94    210
1443   632   4    28    56
1444   1248   7    57    297
1445   1270   6    88    199
1446   1218   3    70    474
1447   448   2    194    207
1448   1190   7    190    317
1449   1398   2    28    330
1450   857   5    120    3
1451   1074   4    74    5
1452   1091   7    34    125
1453   891   4    102    160
1454   354   2    50    283
1455   520   6    101    35
1456   655   3    96    448
1457   1148   7    144    255
1458   879   4    70    259
1459   1025   5    198    64
1460   1184   3    97    298
1461   1133   5    157    29
1462   191   7    134    352
1463   1182   7    89    25
1464   253   4    196    25
1465   965   3    42    349
1466   889   5    177    379
1467   971   7    46    293
1468   997   2    62    227
1469   1246   4    139    333
1470   1092   4    111    402
1471   334   7    106    182
1472   52   4    78    472
1473   231   5    104    384
1474   1366   5    183    95
1475   651   3    184    403
1476   421   4    63    196
1477   1345   5    38    53
1478   647   2    51    376
1479   135   6    6    370
1480   833   2    85    263
1481   391   2    68    216
1482   522   2    157    115
1483   510   3    54    393
1484   167   4    3    420
1485   72   2    4    372
1486   491   2    165    59
1487   671   2    107    420
1488   30   2    113    263
1489   1329   2    195    248
1490   609   3    41    22
1491   32   2    3    433
1492   471   6    123    56
1493   280   3    159    117
1494   514   7    184    448
1495   1070   2    27    217
1496   540   6    156    474
1497   343   4    154    12
1498   444   7    80    227
1499   1435   2    92    486
1500   335   3    112    14
1501   1323   5    179    35
1502   1049   7    124    15
1503   1268   7    189    393
1504   1364   6    41    172
1505   1169   7    130    409
1506   1454   5    37    79
1507   1330   4    60    111
1508   1225   2    149    368
1509   1033   7    62    109
1510   580   6    54    75
1511   115   3    168    301
1512   838   6    179    229
1513   158   4    78    262
1514   956   7    84    87
1515   33   6    76    99
1516   160   4    149    29
1517   1332   4    121    295
1518   831   4    96    428
1519   58   5    125    175
1520   800   5    36    483
1521   985   7    38    6
1522   229   3    51    326
1523   1127   7    68    497
1524   1411   7    40    125
1525   659   6    30    230
1526   213   2    125    254
1527   854   5    80    184
1528   1456   7    132    446
1529   253   6    6    351
1530   444   7    118    484
1531   1294   7    17    106
1532   573   2    50    248
1533   873   7    71    89
1534   928   4    49    282
1535   401   6    71    58
1536   631   2    26    139
1537   1   2    120    317
1538   81   3    32    218
1539   482   6    169    259
1540   1400   6    94    181
1541   534   2    17    414
1542   854   4    109    311
1543   118   4    19    426
1544   119   5    121    338
1545   222   5    185    489
1546   1268   3    175    212
1547   1405   4    164    252
1548   541   7    57    283
1549   745   6    153    250
1550   1174   5    3    360
1551   689   4    2    17
1552   1339   4    168    124
1553   1372   6    93    17
1554   154   6    180    204
1555   12   5    171    154
1556   712   6    29    29
1557   299   6    44    289
1558   639   3    180    249
1559   619   5    98    63
1560   247   5    86    26
1561   310   2    170    425
1562   898   4    16    466
1563   832   7    52    257
1564   39   3    4    225
1565   693   2    164    437
1566   1330   2    180    54
1567   624   3    59    438
1568   1394   7    135    32
1569   938   3    145    50
1570   1002   7    70    355
1571   756   5    128    81
1572   925   4    89    156
1573   1300   2    114    415
1574   599   3    151    466
1575   948   5    191    356
1576   1224   5    95    96
1577   764   6    111    36
1578   1288   6    96    38
1579   407   2    124    317
1580   1225   5    89    136
1581   752   2    101    166
1582   280   2    178    350
1583   1196   5    21    99
1584   15   7    179    441
1585   971   6    28    305
1586   1258   7    187    404
1587   191   6    43    323
1588   684   6    154    345
1589   88   2    45    377
1590   1013   7    133    463
1591   1447   2    69    24
1592   96   4    30    459
1593   1257   7    87    427
1594   953   3    194    11
1595   679   2    195    170
1596   1263   7    136    333
1597   58   4    143    162
1598   1104   7    162    8
1599   1374   5    100    171
1600   449   2    7    91
1601   748   7    87    355
1602   7   5    109    287
1603   190   4    145    476
1604   430   6    198    347
1605   1160   5    28    48
1606   520   3    147    47
1607   1576   7    7    259
1608   437   5    131    182
1609   905   4    167    461
1610   616   3    86    170
1611   1593   4    136    148
1612   956   2    128    56
1613   28   4    100    374
1614   512   2    199    230
1615   358   2    10    321
1616   697   2    69    225
1617   183   5    11    141
1618   1072   4    132    320
1619   1058   7    115    255
1620   811   7    179    329
1621   269   4    31    154
1622   1206   4    7    366
1623   1570   7    125    301
1624   1504   2    190    357
1625   1515   3    10    114
1626   797   5    175    226
1627   54   4    6    394
1628   1334   4    197    104
1629   1526   7    41    49
1630   843   7    46    142
1631   1295   2    181    444
1632   398   6    150    184
1633   584   3    55    211
1634   53   4    60    366
1635   1544   7    55    438
1636   372   7    42    130
1637   319   3    140    233
1638   189   2    89    452
1639   182   3    72    426
1640   1162   4    60    350
1641   1072   2    95    100
1642   1055   6    78    380
1643   137   7    198    64
1644   23   7    195    282
1645   1074   5    38    376
1646   1513   5    147    156
1647   1467   3    36    377
1648   1588   5    85    361
1649   661   2    142    344
1650   1473   3    54    420
1651   1119   5    188    416
1652   609   3    13    283
1653   293   7    122    10
1654   1357   4    155    415
1655   886   4    44    23
1656   244   7    142    143
1657   1005   4    63    36
1658   147   3    161    202
1659   73   4    4    99
1660   1658   2    63    105
1661   872   4    62    239
1662   788   6    48    405
1663   1337   7    108    70
1664   1298   7    2    215
1665   1239   3    182    205
1666   730   5    83    106
1667   1569   2    152    147
1668   1037   2    179    257
1669   516   2    66    150
1670   47   6    77    275
1671   1306   4    147    281
1672   1000   4    163    4
1673   1654   3    150    108
1674   78   3    109    262
1675   1533   5    107    369
1676   576   3    45    401
1677   975   7    33    329
1678   1358   4    61    87
1679   1464   3    39    434
1680   1473   2    63    200
1681   162   6    151    4
1682   1477   3    138    289
1683   672   4    19    436
1684   320   4    154    296
1685   1199   5    124    398
1686   219   4    12    412
1687   170   2    131    398
1688   453   7    152    44
1689   508   4    2    300
1690   1133   5    29    83
1691   528   5    118    204
1692   1467   2    56    159
1693   1586   2    92    126
1694   615   2    6    81
1695   692   2    138    383
1696   1306   7    42    482
1697   1344   6    155    349
1698   767   2    78    381
1699   869   6    94    372
1700   387   2    14    493
1701   1462   6    165    116
1702   1043   4    60    20
1703   1375   2    51    92
1704   459   4    139    452
1705   1537   3    52    253
1706   611   6    25    291
1707   1291   5    191    207
1708   622   5    177    11
1709   1483   5    123    74
1710   348   4    138    177
1711   29   4    45    22
1712   1185   7    140    123
1713   428   5    74    316
1714   1610   4    5    185
1715   69   7    72    249
1716   891   5    139    352
1717   1473   4    63    104
1718   58   5    159    309
1719   372   4    61    388
1720   1615   5    75    478
1721   1524   6    161    82
1722   901   6    192    63
1723   26   3    185    463
1724   576   7    61    378
1725   1390   3    47    490
1726   263   2    178    47
1727   1248   2    196    367
1728   174   3    5    233
1729   2   3    4    389
1730   1361   4    98    319
1731   1368   3    46    429
1732   339   7    117    285
1733   475   3    170    93
1734   1449   3    58    304
1735   472   4    98    305
1736   417   3    97    291
1737   128   5    133    138
1738   918   7    131    391
1739   76   7    169    168
1740   114   2    83    445
1741   104   4    13    134
1742   575   5    122    172
1743   1406   4    79    486
1744   917   5    93    276
1745   1151   7    98    75
1746   1466   6    168    145
1747   258   6    60    438
1748   1393   3    171    442
1749   1507   2    38    457
1750   915   3    49    66
1751   503   7    195    463
1752   1511   6    199    484
1753   1047   6    168    38
1754   1698   6    86    15
1755   1084   3    37    114
1756   634   3    113    191
1757   1605   7    142    296
1758   614   4    84    429
1759   1552   2    6    168
1760   156   3    193    471
1761   593   6    174    412
1762   1285   7    21    489
1763   676   2    187    439
1764   1445   3    61    190
1765   1081   7    33    378
1766   692   4    195    325
1767   1385   2    124    223
1768   1199   7    166    56
1769   704   3    18    310
1770   591   6    68    352
1771   1193   6    183    261
1772   246   4    171    349
1773   406   2    89    140
1774   938   7    187    264
1775   13   3    197    117
1776   770   2    103    176
1777   1329   3    76    274
1778   871   5    18    358
1779   1273   2    143    246
1780   1475   5    127    422
1781   1185   7    190    455
1782   154   7    95    420
1783   1042   3    182    303
1784   42   2    63    488
1785   189   2    170    212
1786   622   6    122    435
1787   391   7    24    85
1788   149   2    185    376
1789   1472   6    124    6
1790   1371   4    137    75
1791   6   6    19    360
1792   1321   4    55    349
1793   195   7    56    15
1794   1162   2    193    301
1795   1618   5    51    410
1796   910   4    178    55
1797   1492   6    40    331
1798   1504   2    66    141
1799   868   4    126    171
1800   872   3    194    125
1801   359   2    142    454
1802   122   3    36    138
1803   401   4    196    175
1804   291   7    46    269
1805   695   3    113    282
1806   236   5    133    495
1807   149   7    98    368
1808   1729   2    69    172
1809   659   4    78    139
1810   1384   2    121    489
1811   1061   5    10    53
1812   797   7    49    497
1813   1731   7    2    396
1814   1750   6    128    432
1815   607   6    43    60
1816   722   6    91    5
1817   451   4    112    418
1818   1386   4    29    314
1819   1735   2    43    12
1820   173   7    26    308
1821   1432   5    177    254
1822   911   4    11    333
1823   453   4    1    170
1824   1342   4    169    146
1825   1568   4    64    274
1826   1272   5    61    364
1827   114   7    123    225
1828   133   6    44    191
1829   1775   7    80    434
1830   601   6    129    36
1831   301   5    144    60
1832   1780   4    104    263
1833   195   3    12    148
1834   32   6    167    57
1835   278   4    48    381
1836   1119   3    80    494
1837   54   3    190    210
1838   1684   7    87    481
1839   1771   3    164    303
1840   437   6    92    74
1841   1142   7    18    30
1842   1135   6    121    189
1843   466   3    6    389
1844   1020   3    143    60
1845   1142   2    152    301
1846   69   2    150    249
1847   136   5    160    120
1848   625   5    145    359
1849   1197   7    102    55
1850   1744   4    187    432
1851   143   7    149    298
1852   1637   7    141    56
1853   1084   5    56    464
1854   984   2    191    101
1855   536   5    76    361
1856   1032   6    109    490
1857   1793   2    172    85
1858   196   4    189    424
1859   1443   3    19    445
1860   719   6    143    499
1861   1193   5    100    13
1862   951   3    116    288
1863   510   7    193    214
1864   1767   7    42    185
1865   1305   3    163    61
1866   1638   2    140    29
1867   913   6    100    53
1868   64   5    98    160
1869   1852   4    85    380
1870   148   2    138    301
1871   1373   6    16    254
1872   731   2    168    385
1873   357   2    41    173
1874   1624   5    137    280
1875   129   6    16    91
1876   1416   3    112    478
1877   797   5    158    36
1878   460   7    16    216
1879   262   4    162    249
1880   802   5    130    205
1881   880   7    64    327
1882   861   2    62    313
1883   1765   4    185    121
1884   1819   3    76    166
1885   794   5    29    173
1886   1161   6    120    268
1887   1298   5    139    124
1888   248   3    52    101
1889   176   3    32    128
1890   1631   5    72    256
1891   418   5    110    463
1892   403   2    187    461
1893   387   2    26    79
1894   1409   4    50    196
1895   874   2    51    89
1896   1108   2    196    132
1897   742   2    102    136
1898   213   5    81    70
1899   1387   2    154    427
1900   1840   7    119    337
1901   808   2    89    353
1902   1085   5    83    91
1903   207   2    64    304
1904   1720   4    165    369
1905   50   6    155    137
1906   426   4    135    323
1907   940   2    140    70
1908   154   5    118    387
1909   475   5    137    149
1910   1399   3    119    371
1911   565   5    140    171
1912   598   5    9    50
1913   817   3    131    86
1914   1821   2    142    490
1915   575   7    171    195
1916   294   4    129    179
1917   37   5    124    34
1918   1789   4    196    263
1919   494   2    18    49
1920   437   4    14    437
1921   1210   7    38    290
1922   1612   7    28    414
1923   1164   2    83    108
1924   1251   4    34    479
1925   306   4    109    395
1926   823   5    18    441
1927   1184   4    155    406
1928   1758   4    109    193
1929   1560   5    120    210
1930   877   3    172    385
1931   691   7    53    352
1932   1296   2    102    264
1933   1447   5    123    70
1934   1339   6    131    255
1935   1619   4    79    416
1936   657   6    166    233
1937   1435   3    82    164
1938   1068   5    85    457
1939   1118   2    72    331
1940   766   5    180    431
1941   1068   6    149    23
1942   92   7    119    477
1943   1076   7    136    152
1944   1604   4    156    86
1945   367   6    40    171
1946   1297   7    36    303
1947   1837   7    37    377
1948   1749   2    166    395
1949   333   2    3    330
1950   867   5    44    54
1951   1363   6    152    127
1952   992   2    107    462
1953   851   5    127    365
1954   1030   3    76    372
1955   962   3    78    110
1956   633   7    6    291
1957   529   5    51    354
1958   1702   4    110    25
1959   41   5    15    440
1960   1127   7    16    394
1961   1739   2    190    137
1962   93   5    154    272
1963   171   2    91    39
1964   1584   3    16    70
1965   1157   5    5    367
1966   1599   4    98    447
1967   1357   6    178    419
1968   1009   7    75    450
1969   1726   3    122    343
1970   253   4    3    229
1971   1076   5    99    54
1972   575   6    55    133
1973   1750   5    73    476
1974   1117   7    31    317
1975   1145   3    108    2
1976   188   6    53    147
1977   741   5    189    342
1978   1674   2    149    149
1979   1221   5    177    257
1980   937   5    67    311
1981   818   2    139    25
1982   1385   3    27    153
1983   764   3    73    289
1984   415   3    131    411
1985   1067   7    160    440
1986   490   6    122    403
1987   269   6    194    151
1988   1303   6    28    263
1989   134   4    123    491
1990   191   5    44    149
1991   1799   5    64    271
1992   616   7    114    488
1993   1196   6    106    44
1994   1641   2    18    199
1995   343   5    182    197
1996   1785   6    141    423
1997   1114   3    193    19
1998   943   5    21    297
1999   294   2    1    255
2000   64   4    196    269
2001   576   7    84    223
2002   771   7    104    269
2003   513   6    199    74
2004   609   6    163    416
2005   1098   3    69    487
2006   1395   3    40    321
2007   1567   5    48    454
2008   307   3    131    287
2009   1736   6    173    452
2010   238   5    39    212
2011   544   6    145    281
2012   1921   2    36    225
2013   1548   3    16    381
2014   359   2    112    212
2015   172   7    80    172
2016   843   2    51    363
2017   1752   2    85    493
2018   248   5    78    99
2019   1413   2    179    277
2020   286   6    4    128
2021   880   2    92    437
2022   687   2    95    278
2023   1658   4    33    361
2024   1592   3    108    402
2025   1553   4    80    51
2026   1426   7    128    240
2027   616   4    119    247
2028   1314   7    143    308
2029   1175   6    170    439
2030   1175   6    131    355
2031   640   2    137    408
2032   140   7    162    171
2033   154   5    20    495
2034   615   6    133    5
2035   1024   5    126    219
2036   1914   3    82    277
2037   514   4    101    96
2038   1259   7    134    314
2039   23   7    86    284
2040   763   6    11    305
2041   1260   7    33    153
2042   74   5    105    382
2043   1057   2    50    278
2044   118   4    122    480
2045   840   5    158    283
2046   1562   5    139    358
2047   1171   2    109    76
2048   630   2    158    474
