1   0   2    10    12
2   1   2    55    395
3   1   3    158    68
4   2   2    115    91
5   3   5    155    322
6   2   7    5    423
7   3   4    15    492
8   5   7    12    464
9   2   4    95    397
10   6   7    139    110
11   4   4    193    171
12   4   5    152    240
13   5   3    48    306
14   12   5    105    461
15   11   3    61    62
16   7   2    78    54
17   3   6    190    69
18   11   7    46    135
19   15   3    162    125
20   4   5    197    467
21   3   3    137    109
22   13   5    149    187
23   2   5    39    51
24   3   5    166    36
25   18   7    191    312
26   22   3    91    292
27   15   2    153    424
28   9   7    165    245
29   10   5    163    198
30   14   6    154    176
31   5   5    160    187
32   29   2    102    489
33   18   6    151    70
34   26   5    68    243
35   11   3    113    203
36   33   4    108    319
37   29   3    25    163
38   13   5    86    5
39   33   5    149    488
40   1   7    68    442
41   33   2    34    12
42   8   4    164    188
43   38   2    7    484
44   3   4    27    254
45   9   3    118    250
46   10   6    20    83
47   39   2    119    431
48   22   6    135    484
49   5   3    97    349
50   47   6    188    184
51   35   3    100    149
52   36   5    111    346
53   3   5    6    343
54   24   7    115    389
55   35   2    186    96
56   23   4    189    370
57   16   4    81    334
58   42   2    13    494
59   6   7    83    223
60   37   7    77    224
61   47   3    127    156
62   13   6    195    251
63   19   3    105    199
64   32   6    133    301
65   4   7    34    268
66   3   4    116    278
67   63   6    152    491
68   53   4    47    253
69   62   4    57    411
70   63   5    89    370
71   2   2    199    484
72   37   6    10    322
73   61   5    77    242
74   43   6    9    407
75   63   6    33    146
76   6   6    162    487
77   52   3    110    330
78   31   5    195    186
79   20   5    99    169
80   12   2    31    106
81   25   2    135    2
82   16   5    100    183
83   62   5    62    420
84   78   2    6    254
85   9   7    190    457
86   28   2    77    433
87   5   6    47    457
88   80   4    190    476
89   17   4    156    99
90   64   5    187    108
91   88   6    145    54
92   37   5    121    88
93   64   7    89    436
94   79   5    125    173
95   70   7    148    377
96   41   3    119    452
97   95   3    132    267
98   12   2    184    74
99   17   6    177    493
100   19   4    18    407
101   66   3    188    222
102   76   2    124    198
103   35   2    30    463
104   11   6    5    428
105   54   3    63    363
106   15   6    156    178
107   87   2    57    362
108   5   3    63    320
109   99   2    134    19
110   73   4    36    3
111   40   5    19    63
112   20   5    25    88
113   46   7    121    29
114   80   5    5    449
115   32   6    179    444
116   62   2    164    3
117   51   4    7    14
118   42   2    95    366
119   3   7    62    411
120   94   4    132    372
121   82   5    98    250
122   107   2    7    5
123   109   4    88    277
124   118   7    120    227
125   16   4    167    204
126   58   4    29    64
127   38   4    123    375
128   25   2    19    134
129   50   2    24    199
130   73   3    39    127
131   50   6    33    74
132   90   4    1    51
133   31   6    72    75
134   14   5    157    144
135   34   5    131    128
136   51   4    84    394
137   124   6    74    58
138   66   4    195    485
139   114   2    35    202
140   41   5    7    29
141   126   4    119    305
142   57   5    8    264
143   68   4    151    47
144   90   4    105    312
145   40   6    76    297
146   102   5    95    166
147   78   2    184    130
148   37   6    129    98
149   95   7    144    69
150   140   3    33    240
151   82   7    189    214
152   139   5    123    277
153   33   2    148    255
154   45   4    84    31
155   129   7    64    286
156   154   2    46    199
157   75   2    146    244
158   37   4    62    393
159   38   3    24    248
160   97   3    71    200
161   85   5    195    142
162   48   4    70    264
163   49   6    158    289
164   60   3    104    391
165   145   2    169    127
166   108   2    4    173
167   156   7    78    383
168   65   3    59    232
169   13   3    65    166
170   77   3    98    17
171   26   5    79    413
172   90   5    19    127
173   21   5    3    398
174   134   4    89    221
175   41   2    166    105
176   46   7    31    256
177   37   2    147    302
178   96   7    129    21
179   87   4    194    131
180   57   2    179    459
181   33   2    121    231
182   21   4    182    406
183   112   5    86    185
184   134   3    9    134
185   141   5    146    255
186   168   2    43    101
187   3   2    72    13
188   164   3    133    341
189   80   6    107    337
190   26   7    77    5
191   23   7    188    433
192   63   2    190    376
193   62   5    190    39
194   52   7    133    299
195   19   4    30    277
196   176   4    136    465
197   175   5    169    198
198   192   2    155    403
199   170   7    131    119
200   181   4    145    123
201   36   5    124    329
202   10   6    50    362
203   177   7    78    356
204   26   3    90    386
205   30   6    128    102
206   183   6    110    356
207   111   5    123    308
208   173   2    92    371
209   117   7    198    120
210   85   4    155    333
211   193   5    134    485
212   143   4    148    321
213   39   4    20    470
214   191   6    24    29
215   110   6    187    10
216   179   4    61    360
217   111   4    160    245
218   81   5    115    338
219   213   7    102    456
220   24   6    179    410
221   162   4    86    2
222   154   3    155    114
223   85   2    138    274
224   182   2    81    434
225   89   2    30    101
226   209   3    167    153
227   144   6    112    21
228   133   4    140    439
229   91   6    63    430
230   131   6    177    465
231   222   6    52    357
232   183   4    46    87
233   49   7    195    57
234   189   3    199    138
235   216   3    198    177
236   43   6    103    9
237   53   2    125    135
238   29   3    80    473
239   129   2    118    154
240   135   7    32    195
241   117   4    133    428
242   212   3    191    327
243   103   4    30    480
244   72   5    175    263
245   145   6    180    369
246   174   6    193    224
247   61   2    59    324
248   162   5    107    272
249   43   5    91    317
250   240   3    184    7
251   120   5    144    130
252   22   4    56    388
253   18   2    71    307
254   18   6    59    399
255   164   3    4    7
256   144   2    128    345
257   160   6    112    460
258   200   3    20    62
259   242   3    113    332
260   30   4    69    324
261   11   6    119    436
262   33   3    94    287
263   29   7    110    95
264   139   3    111    419
265   195   3    116    345
266   198   7    94    415
267   162   4    76    443
268   124   2    147    54
269   247   4    186    404
270   70   4    20    75
271   111   6    148    237
272   262   2    27    103
273   220   4    193    172
274   253   6    21    398
275   2   5    66    78
276   166   3    109    131
277   215   4    167    456
278   13   7    191    159
279   241   3    68    209
280   212   2    168    128
281   244   3    95    242
282   189   3    173    288
283   79   2    4    240
284   3   6    84    208
285   202   5    160    447
286   70   6    43    7
287   189   7    121    368
288   214   5    30    192
289   159   5    167    177
290   251   4    11    176
291   37   5    138    255
292   40   2    199    107
293   84   4    25    265
294   40   5    148    436
295   172   6    151    267
296   212   4    36    76
297   58   2    53    329
298   49   5    7    409
299   54   4    144    258
300   234   3    46    286
301   1   3    11    70
302   178   5    55    70
303   60   6    131    319
304   244   5    116    480
305   91   6    94    375
306   114   4    26    296
307   234   2    197    53
308   260   7    134    45
309   95   3    93    189
310   36   4    24    460
311   45   6    61    259
312   274   7    136    300
313   192   3    40    349
314   2   5    123    487
315   127   7    44    200
316   108   6    71    394
317   219   6    11    141
318   60   3    146    71
319   41   4    131    326
320   195   5    37    317
321   176   4    117    480
322   169   3    189    386
323   176   5    28    12
324   195   7    132    94
325   22   4    125    51
326   157   3    142    44
327   2   7    65    433
328   75   3    199    413
329   130   4    53    496
330   162   7    151    345
331   184   7    173    194
332   4   4    184    369
333   218   7    149    80
334   21   7    180    236
335   156   5    152    9
336   279   7    154    168
337   144   5    77    228
338   58   2    28    484
339   124   7    44    251
340   258   6    14    384
341   131   2    192    230
342   307   4    57    290
343   123   2    180    396
344   78   7    102    387
345   207   6    46    374
346   131   6    170    60
347   215   4    87    27
348   34   7    169    377
349   248   5    178    324
350   53   6    193    205
351   318   6    84    313
352   170   4    154    331
353   141   7    97    217
354   331   3    196    171
355   348   2    116    47
356   133   6    159    39
357   167   4    177    218
358   323   6    75    84
359   165   2    139    184
360   350   7    91    354
361   219   4    183    467
362   250   2    35    327
363   203   3    92    2
364   44   3    86    420
365   254   3    28    370
366   60   4    94    152
367   113   2    21    267
368   47   4    41    81
369   61   6    86    19
370   363   3    124    245
371   295   4    153    348
372   171   7    177    4
373   336   2    110    451
374   369   5    174    45
375   61   4    78    290
376   333   2    153    25
377   6   7    196    156
378   165   3    76    233
379   150   7    174    338
380   262   6    131    229
381   306   2    13    272
382   162   5    91    383
383   375   3    85    454
384   126   4    109    122
385   24   2    61    228
386   270   6    104    10
387   61   3    64    366
388   245   6    108    474
389   314   3    85    165
390   78   5    48    2
391   325   7    121    410
392   71   4    99    443
393   95   6    119    83
394   212   2    68    143
395   378   5    152    61
396   26   3    174    306
397   159   3    104    212
398   195   4    73    418
399   329   7    177    499
400   200   6    159    2
401   347   2    110    487
402   269   3    182    307
403   220   5    13    297
404   375   2    12    172
405   271   5    159    137
406   380   2    3    106
407   34   4    87    313
408   1   5    67    78
409   269   5    144    296
410   203   6    131    244
411   42   4    114    349
412   60   2    129    443
413   149   6    198    360
414   1   4    116    209
415   106   3    76    37
416   39   5    27    445
417   189   6    80    362
418   81   6    130    482
419   17   5    91    127
420   348   2    24    58
421   248   7    174    419
422   40   7    33    131
423   366   5    161    236
424   133   2    195    495
425   267   5    14    386
426   349   2    92    75
427   114   5    88    226
428   375   5    25    191
429   24   5    176    33
430   139   3    103    479
431   11   7    180    95
432   279   3    129    122
433   247   6    167    357
434   396   4    140    69
435   58   5    68    233
436   12   7    192    320
437   69   2    194    137
438   200   3    196    326
439   4   2    143    451
440   45   6    194    42
441   250   3    126    84
442   165   4    14    138
443   199   3    164    251
444   41   7    94    131
445   424   4    13    43
446   355   4    123    225
447   92   4    24    381
448   207   2    129    140
449   166   4    93    116
450   84   3    118    497
451   314   2    38    450
452   38   3    149    464
453   261   7    170    121
454   157   3    61    385
455   375   2    108    124
456   337   4    89    430
457   196   4    160    156
458   326   3    20    454
459   115   2    137    4
460   257   5    1    456
461   414   6    98    283
462   81   4    14    9
463   312   2    135    99
464   38   6    61    408
465   340   2    34    460
466   443   5    68    403
467   423   3    75    111
468   205   6    167    355
469   353   5    44    251
470   441   2    147    225
471   113   5    24    306
472   99   7    134    56
473   409   4    148    184
474   217   7    78    331
475   438   5    91    271
476   290   3    182    47
477   70   2    44    156
478   98   7    25    420
479   155   5    167    177
480   447   5    80    145
481   266   2    53    377
482   184   7    129    146
483   301   3    83    327
484   232   3    114    250
485   433   6    157    486
486   480   4    73    225
487   157   4    61    211
488   250   2    186    400
489   434   7    7    277
490   257   5    111    225
491   86   4    116    234
492   308   4    21    298
493   56   6    185    372
494   294   6    64    53
495   393   3    139    283
496   207   2    107    453
497   429   4    56    65
498   195   2    93    76
499   222   4    3    39
500   458   2    32    80
501   229   2    69    21
502   396   3    186    78
503   403   5    175    120
504   296   5    189    419
505   399   6    10    1
506   19   4    17    445
507   428   3    98    266
508   258   4    37    23
509   29   6    88    28
510   49   5    157    110
511   91   7    52    345
512   463   6    81    121
513   493   5    2    336
514   373   2    174    297
515   352   7    91    201
516   434   6    8    355
517   292   3    27    44
518   11   4    25    495
519   448   6    189    72
520   90   3    65    8
521   124   6    158    90
522   257   2    45    366
523   463   2    63    26
524   223   5    36    1
525   250   2    49    380
526   375   4    72    259
527   126   7    39    425
528   350   5    128    390
529   410   6    185    176
530   404   6    167    285
531   328   4    112    56
532   158   7    53    454
533   237   6    189    427
534   532   7    8    206
535   155   7    48    411
536   450   3    110    205
537   199   2    118    181
538   408   7    185    347
539   247   5    47    207
540   152   5    92    365
541   529   6    169    408
542   516   5    155    21
543   214   2    153    85
544   46   2    188    91
545   79   4    2    381
546   145   6    78    398
547   221   7    4    146
548   170   5    66    203
549   181   4    34    412
550   365   7    66    271
551   478   3    80    223
552   160   4    136    166
553   43   6    182    125
554   343   6    2    498
555   494   6    19    107
556   283   3    70    155
557   166   5    80    457
558   251   6    107    335
559   61   7    180    15
560   62   7    147    206
561   344   7    103    441
562   543   5    67    73
563   338   2    43    150
564   52   5    125    470
565   195   6    54    494
566   224   5    73    454
567   499   6    68    410
568   18   4    94    156
569   288   4    80    40
570   223   6    142    330
571   226   6    35    187
572   439   3    171    74
573   326   6    55    469
574   446   6    156    200
575   448   2    106    206
576   487   6    52    77
577   336   7    127    243
578   304   6    98    387
579   201   5    147    131
580   524   6    75    436
581   526   5    28    221
582   281   6    186    338
583   483   4    45    200
584   565   7    18    91
585   190   4    198    299
586   187   5    31    196
587   241   4    54    183
588   142   5    188    194
589   131   6    138    79
590   31   2    143    13
591   134   5    43    230
592   402   4    55    117
593   108   6    57    334
594   38   7    120    404
595   37   3    113    462
596   433   5    38    130
597   71   7    66    24
598   9   5    160    380
599   372   5    107    340
600   98   3    54    4
601   561   4    98    140
602   26   4    181    444
603   249   5    81    160
604   342   5    67    285
605   121   3    67    205
606   172   3    148    96
607   19   5    56    491
608   40   2    151    40
609   573   5    34    69
610   437   7    89    29
611   494   2    165    185
612   532   4    55    60
613   463   2    169    206
614   544   7    58    99
615   173   3    41    222
616   256   5    81    1
617   419   7    23    224
618   179   6    133    233
619   278   4    1    151
620   143   5    122    1
621   450   4    191    392
622   236   6    49    309
623   482   2    77    259
624   145   7    16    357
625   40   2    195    280
626   321   5    142    78
627   595   3    192    76
628   176   2    87    88
629   397   4    66    400
630   68   2    102    199
631   195   4    110    214
632   284   2    18    152
633   199   6    90    176
634   203   3    180    198
635   129   6    7    77
636   153   3    159    274
637   163   6    190    365
638   184   4    69    440
639   415   6    108    98
640   318   6    183    281
641   51   2    61    135
642   461   5    108    163
643   39   5    88    274
644   364   6    55    364
645   500   4    134    214
646   12   6    59    391
647   275   7    137    273
648   466   3    185    239
649   65   2    126    483
650   95   3    37    19
651   440   4    64    99
652   602   5    123    385
653   485   2    158    330
654   217   6    75    20
655   325   7    90    423
656   109   4    144    304
657   28   6    105    462
658   449   7    125    106
659   98   4    21    101
660   298   4    161    395
661   394   5    30    341
662   504   7    42    450
663   490   6    79    42
664   167   7    76    298
665   657   5    127    307
666   9   3    107    47
667   625   6    84    402
668   225   5    102    196
669   573   7    72    106
670   245   4    105    63
671   381   5    79    324
672   379   5    167    252
673   278   4    152    256
674   622   6    105    409
675   201   2    174    204
676   379   4    115    127
677   75   6    184    482
678   125   7    30    433
679   559   6    183    399
680   583   2    188    287
681   364   2    117    378
682   658   6    171    322
683   655   7    101    425
684   219   7    128    445
685   256   2    64    244
686   310   4    82    230
687   509   5    142    381
688   175   3    102    237
689   330   7    21    388
690   538   4    186    345
691   398   5    180    316
692   483   3    181    73
693   408   4    69    118
694   273   3    65    1
695   506   7    44    127
696   557   4    60    130
697   12   5    164    259
698   346   7    117    44
699   416   7    159    400
700   676   6    132    20
701   137   2    17    243
702   608   5    125    374
703   459   5    13    324
704   681   3    48    155
705   418   6    121    440
706   624   4    199    383
707   605   4    26    306
708   18   5    156    47
709   197   5    68    324
710   469   4    160    350
711   169   4    132    328
712   321   4    122    346
713   369   3    186    241
714   607   5    38    469
715   692   4    192    352
716   296   4    141    260
717   134   3    16    10
718   337   6    80    96
719   4   2    182    428
720   575   2    133    426
721   177   4    22    382
722   189   7    82    219
723   344   3    60    357
724   466   6    47    13
725   545   7    105    317
726   571   2    118    70
727   513   4    77    243
728   88   7    57    45
729   176   4    20    435
730   635   4    53    43
731   182   5    81    297
732   681   7    176    345
733   647   6    55    85
734   675   2    90    350
735   425   4    182    206
736   569   6    67    472
737   674   2    133    220
738   680   7    194    245
739   9   4    66    31
740   558   3    8    338
741   427   2    143    172
742   59   7    182    295
743   732   6    197    37
744   33   4    120    248
745   473   5    36    46
746   550   3    7    93
747   487   5    44    292
748   10   3    93    418
749   67   5    109    309
750   237   2    67    190
751   360   6    105    377
752   509   6    41    226
753   606   7    122    458
754   748   5    17    437
755   190   2    134    72
756   283   3    164    38
757   366   2    31    153
758   608   5    38    416
759   200   6    140    353
760   602   3    74    285
761   322   2    171    333
762   229   2    34    244
763   377   7    51    472
764   249   5    20    436
765   545   2    4    76
766   353   2    111    249
767   749   7    83    301
768   209   7    54    434
769   473   7    87    160
770   711   3    13    203
771   215   5    58    338
772   383   3    131    129
773   251   4    35    180
774   749   4    46    456
775   678   6    147    402
776   350   4    105    183
777   23   6    149    406
778   539   5    138    121
779   123   7    75    40
780   403   3    108    342
781   561   7    112    52
782   422   3    89    488
783   174   4    56    79
784   758   2    43    444
785   26   5    161    137
786   681   7    81    142
787   467   6    142    98
788   57   6    4    262
789   181   5    52    452
790   518   3    110    278
791   28   2    118    136
792   270   3    157    276
793   285   2    134    122
794   728   2    144    350
795   690   5    161    277
796   213   4    90    179
797   63   3    177    477
798   457   2    101    201
799   740   5    175    404
800   499   2    199    170
801   156   6    99    232
802   403   6    109    91
803   558   4    62    181
804   683   4    182    260
805   46   3    58    150
806   211   6    92    187
807   523   4    196    499
808   233   7    174    444
809   597   4    25    343
810   175   6    164    403
811   253   5    98    422
812   470   6    122    183
813   598   3    36    216
814   560   3    128    128
815   244   3    181    468
816   81   2    128    122
817   201   4    72    160
818   781   5    155    76
819   103   4    98    124
820   26   4    76    296
821   142   5    72    123
822   579   4    115    134
823   684   4    88    222
824   609   2    60    95
825   216   4    170    391
826   511   3    161    346
827   395   7    34    379
828   5   2    98    353
829   526   2    76    403
830   233   7    152    339
831   783   7    149    275
832   575   4    11    475
833   186   5    96    83
834   351   6    101    452
835   660   6    163    50
836   756   3    132    257
837   625   4    159    349
838   355   7    152    317
839   311   4    85    264
840   240   6    3    253
841   466   2    100    463
842   198   3    11    399
843   176   7    101    5
844   636   7    78    444
845   677   7    146    441
846   363   2    9    7
847   476   4    100    49
848   339   4    80    279
849   333   7    14    496
850   481   6    61    231
851   637   4    127    154
852   708   2    176    197
853   811   3    158    86
854   236   7    128    100
855   197   3    72    442
856   624   7    103    429
857   685   7    167    432
858   818   4    60    22
859   437   6    26    77
860   218   6    54    138
861   336   4    107    255
862   654   6    107    496
863   272   7    77    491
864   846   7    52    261
865   776   6    8    464
866   467   3    30    327
867   740   2    183    474
868   604   2    163    260
869   851   2    69    171
870   244   7    33    270
871   622   5    42    323
872   206   6    160    109
873   847   2    77    246
874   841   5    135    435
875   317   6    20    313
876   3   4    11    237
877   133   5    23    227
878   137   5    158    105
879   482   2    85    163
880   800   7    73    297
881   253   7    127    139
882   76   2    197    282
883   833   5    94    186
884   411   4    177    358
885   850   4    20    265
886   528   7    61    300
887   63   4    87    388
888   355   3    87    482
889   132   6    88    420
890   401   7    66    46
891   500   7    52    456
892   646   3    140    52
893   765   3    145    104
894   188   4    142    208
895   407   5    44    453
896   649   3    182    176
897   724   4    125    462
898   546   6    158    202
899   149   3    99    115
900   565   2    144    92
901   549   4    38    185
902   753   2    154    366
903   369   3    26    63
904   91   3    88    166
905   549   3    20    112
906   867   2    33    448
907   638   7    53    207
908   98   6    4    313
909   98   6    56    95
910   162   3    18    221
911   244   4    194    314
912   381   5    158    341
913   444   5    130    153
914   711   5    115    4
915   353   2    33    121
916   187   6    163    97
917   382   2    22    257
918   494   5    138    200
919   174   4    77    462
920   456   4    55    304
921   587   4    49    451
922   213   7    128    197
923   464   6    191    107
924   377   3    182    392
925   835   4    4    282
926   487   7    75    250
927   14   2    49    115
928   258   5    16    197
929   901   6    160    231
930   474   3    115    314
931   92   3    90    159
932   23   5    197    455
933   189   2    49    113
934   904   2    56    104
935   807   2    145    89
936   459   6    53    354
937   796   6    144    52
938   667   7    46    468
939   812   5    76    473
940   260   4    49    422
941   466   4    14    38
942   579   5    95    41
943   594   2    125    332
944   531   3    90    118
945   400   5    88    51
946   338   3    77    204
947   30   4    27    450
948   274   3    149    311
949   733   5    199    321
950   898   7    58    271
951   439   5    199    232
952   490   4    171    475
953   775   6    31    228
954   325   4    194    316
955   708   6    149    456
956   338   2    20    428
957   787   2    78    291
958   120   7    134    394
959   729   7    20    7
960   650   6    39    399
961   49   6    58    264
962   43   3    185    240
963   272   7    132    101
964   339   5    98    138
965   244   5    46    179
966   765   6    170    268
967   407   7    140    381
968   481   4    198    439
969   176   3    156    88
970   466   5    72    352
971   250   2    9    443
972   547   4    84    339
973   620   7    48    425
974   511   6    57    261
975   830   3    121    69
976   105   5    56    203
977   41   3    62    15
978   244   7    100    9
979   543   3    195    125
980   958   2    32    335
981   776   2    125    372
982   749   3    197    247
983   914   4    82    306
984   560   3    15    413
985   31   5    111    25
986   230   6    164    444
987   250   5    75    408
988   657   6    42    336
989   657   5    70    139
990   375   3    176    43
991   280   7    92    145
992   670   7    28    54
993   884   5    80    404
994   211   2    20    108
995   957   3    166    111
996   967   2    19    182
997   525   2    37    386
998   372   5    13    220
999   624   6    177    370
1000   922   3    44    124
1001   826   6    113    180
1002   83   5    126    149
1003   705   2    142    405
1004   871   6    183    492
1005   718   5    137    19
1006   223   5    4    181
1007   184   2    5    330
1008   959   3    11    150
1009   946   5    166    251
1010   788   5    16    314
1011   969   5    79    205
1012   270   7    101    221
1013   320   3    29    488
1014   667   7    8    409
1015   95   4    61    270
1016   271   3    74    55
1017   288   3    29    471
1018   970   6    101    63
1019   932   7    169    4
1020   95   3    97    409
1021   298   4    27    141
1022   740   2    69    131
1023   372   5    113    364
1024   979   4    148    373
1025   185   5    191    487
1026   969   2    67    68
1027   832   6    107    276
1028   530   3    116    40
1029   715   4    41    29
1030   355   5    45    98
1031   437   6    138    219
1032   332   7    28    499
1033   368   7    144    306
1034   427   6    26    33
1035   316   6    22    355
1036   1028   2    50    325
1037   265   2    161    168
1038   406   3    113    263
1039   67   7    116    280
1040   120   4    117    40
1041   185   2    179    463
1042   787   3    158    154
1043   761   3    107    285
1044   168   5    148    318
1045   612   7    112    165
1046   769   4    145    378
1047   531   6    72    415
1048   713   6    153    433
1049   197   5    96    1
1050   145   6    29    120
1051   696   3    4    159
1052   826   4    6    426
1053   393   2    46    284
1054   366   2    139    22
1055   43   7    41    406
1056   555   3    102    176
1057   496   3    180    370
1058   160   7    19    486
1059   676   5    24    221
1060   205   4    36    437
1061   283   6    24    128
1062   42   3    116    182
1063   518   6    130    398
1064   41   7    9    275
1065   418   3    152    230
1066   1012   5    63    293
1067   540   4    62    487
1068   838   6    166    397
1069   720   3    113    100
1070   425   7    127    170
1071   661   3    87    67
1072   223   4    177    399
1073   678   2    76    192
1074   411   3    108    478
1075   149   2    24    242
1076   810   3    13    224
1077   859   3    179    282
1078   405   2    95    428
1079   1017   3    64    211
1080   388   4    47    328
1081   757   6    105    273
1082   412   2    175    340
1083   251   7    107    326
1084   583   3    61    141
1085   928   3    185    109
1086   725   2    174    169
1087   176   6    81    108
1088   110   3    139    463
1089   536   2    111    306
1090   1018   7    100    404
1091   715   5    32    309
1092   1078   7    125    497
1093   94   2    5    126
1094   374   4    151    138
1095   460   5    7    259
1096   255   5    136    54
1097   669   2    2    260
1098   432   6    31    147
1099   20   2    173    124
1100   770   5    170    101
1101   235   4    174    466
1102   999   2    111    481
1103   413   4    57    245
1104   1022   5    163    276
1105   45   7    67    86
1106   1098   6    26    61
1107   622   2    128    320
1108   841   5    186    91
1109   631   5    164    117
1110   939   5    164    306
1111   399   2    151    372
1112   287   6    98    385
1113   980   4    39    59
1114   124   5    38    32
1115   172   7    77    481
1116   407   4    125    357
1117   541   5    108    141
1118   538   4    121    187
1119   1021   6    49    375
1120   794   3    196    243
1121   967   4    152    274
1122   222   4    139    267
1123   646   5    7    50
1124   152   5    124    400
1125   813   7    4    403
1126   613   3    25    359
1127   93   3    11    277
1128   335   3    191    190
1129   574   5    118    325
1130   1063   7    12    184
1131   468   6    146    349
1132   775   2    115    274
1133   1104   3    61    246
1134   298   3    156    485
1135   560   3    13    435
1136   680   7    189    448
1137   460   4    42    340
1138   1062   2    55    499
1139   395   5    94    306
1140   483   6    96    136
1141   295   7    106    387
1142   731   5    68    103
1143   286   2    58    49
1144   816   5    79    292
1145   1096   6    196    271
1146   25   6    14    59
1147   1054   5    171    473
1148   962   2    174    325
1149   302   2    94    442
1150   1147   3    123    468
1151   326   7    187    463
1152   7   3    194    384
1153   426   3    90    361
1154   550   4    88    344
1155   1138   4    95    479
1156   906   3    182    200
1157   282   4    99    335
1158   574   4    77    149
1159   28   5    20    180
1160   464   2    179    5
1161   538   4    112    409
1162   44   4    42    185
1163   92   4    78    68
1164   877   5    42    410
1165   149   5    84    83
1166   473   3    68    141
1167   826   2    184    89
1168   872   2    84    299
1169   722   7    33    466
1170   940   7    3    85
1171   557   5    97    26
1172   1076   7    184    431
1173   896   3    63    201
1174   838   7    194    262
1175   816   2    199    132
1176   990   5    106    367
1177   485   7    41    420
1178   874   6    162    407
1179   837   5    52    23
1180   842   7    128    349
1181   387   5    129    442
1182   858   3    133    465
1183   310   7    115    316
1184   1056   6    104    175
1185   318   2    27    42
1186   1145   6    53    295
1187   908   6    163    221
1188   139   6    27    186
1189   959   4    102    394
1190   498   7    153    57
1191   317   3    111    382
1192   148   4    138    422
1193   1147   2    102    346
1194   288   4    92    449
1195   1155   4    175    430
1196   498   2    167    412
1197   797   6    197    363
1198   480   6    80    461
1199   567   6    69    377
1200   1124   5    17    194
1201   840   6    193    299
1202   1028   3    32    410
1203   715   7    123    314
1204   302   3    105    180
1205   896   3    17    54
1206   570   2    125    315
1207   907   2    195    323
1208   640   2    141    305
1209   1015   3    133    425
1210   465   4    18    321
1211   405   6    106    39
1212   506   5    112    388
1213   675   7    67    33
1214   288   2    29    145
1215   422   2    136    13
1216   809   4    149    280
1217   892   7    98    222
1218   468   6    51    378
1219   242   7    118    404
1220   843   7    90    374
1221   807   5    12    287
1222   222   6    71    390
1223   912   6    134    209
1224   228   6    148    366
1225   1   3    163    249
1226   938   3    152    451
1227   833   4    71    344
1228   927   5    158    20
1229   617   7    38    456
1230   455   6    80    225
1231   509   7    165    461
1232   293   5    85    220
1233   996   4    66    18
1234   817   2    82    406
1235   385   6    110    41
1236   426   5    195    15
1237   1041   2    174    24
1238   933   7    114    126
1239   283   7    24    252
1240   490   4    65    109
1241   542   5    86    428
1242   20   5    16    176
1243   396   7    82    53
1244   165   6    96    476
1245   272   7    142    296
1246   915   2    76    413
1247   429   5    148    198
1248   981   3    162    305
1249   415   3    150    336
1250   1055   4    117    331
1251   1133   3    178    315
1252   585   7    178    196
1253   688   2    50    280
1254   857   4    6    410
1255   972   7    122    119
1256   1073   2    187    295
1257   138   3    168    482
1258   102   5    116    488
1259   1034   2    70    479
1260   194   2    27    297
1261   957   7    146    421
1262   1198   6    70    220
1263   514   6    94    345
1264   957   3    148    309
1265   162   2    35    256
1266   29   2    127    222
1267   498   2    150    389
1268   863   3    159    248
1269   479   7    150    285
1270   349   4    138    381
1271   444   3    24    180
1272   860   6    199    137
1273   1223   5    110    490
1274   1150   6    102    181
1275   283   6    123    269
1276   960   7    108    273
1277   780   3    194    492
1278   1094   4    42    291
1279   349   6    36    178
1280   688   2    21    490
1281   1046   7    117    342
1282   437   5    164    191
1283   1188   2    94    393
1284   322   6    62    307
1285   1162   6    82    291
1286   940   2    62    412
1287   615   4    20    71
1288   236   2    161    194
1289   182   6    135    395
1290   1080   4    150    116
1291   1273   3    169    273
1292   469   3    16    401
1293   505   5    79    181
1294   310   6    40    433
1295   922   5    177    59
1296   1247   2    52    418
1297   852   4    18    338
1298   1203   7    7    325
1299   97   6    132    404
1300   376   2    177    31
1301   735   2    27    273
1302   760   3    17    96
1303   982   2    40    17
1304   914   6    82    323
1305   682   6    11    146
1306   737   3    120    474
1307   731   4    81    487
1308   969   6    174    23
1309   600   6    75    229
1310   996   2    133    407
1311   732   4    8    373
1312   872   2    116    185
1313   90   2    189    360
1314   698   6    56    101
1315   173   7    18    336
1316   839   6    194    133
1317   1034   4    8    478
1318   688   3    68    476
1319   807   3    192    376
1320   369   2    3    381
1321   975   2    154    150
1322   737   7    198    282
1323   134   4    37    238
1324   1175   7    85    113
1325   1024   4    76    173
1326   636   2    168    353
1327   755   7    30    337
1328   792   4    175    444
1329   253   6    167    313
1330   1308   2    47    97
1331   907   6    107    239
1332   813   4    180    262
1333   918   2    66    294
1334   164   2    192    311
1335   703   5    88    346
1336   1060   5    182    285
1337   282   2    85    356
1338   1290   2    75    300
1339   196   6    74    370
1340   673   7    132    314
1341   1333   2    58    359
1342   586   5    191    452
1343   981   2    126    457
1344   338   6    64    8
1345   1169   6    79    90
1346   330   3    80    214
1347   442   5    59    35
1348   420   6    4    38
1349   266   2    197    375
1350   482   3    151    3
1351   169   3    123    291
1352   971   2    110    297
1353   552   7    28    295
1354   465   2    17    131
1355   1346   2    177    186
1356   639   6    109    478
1357   548   5    2    398
1358   1079   7    173    237
1359   1111   6    138    408
1360   360   5    73    269
1361   298   6    142    294
1362   137   3    48    289
1363   744   7    36    306
1364   1075   5    58    348
1365   297   2    61    169
1366   553   6    52    345
1367   873   7    73    234
1368   309   7    139    20
1369   510   6    45    136
1370   1220   6    68    359
1371   400   7    9    206
1372   820   7    31    135
1373   271   7    10    458
1374   969   2    18    341
1375   619   5    152    173
1376   788   5    177    340
1377   429   6    151    115
1378   953   5    97    66
1379   1111   4    190    117
1380   701   4    33    7
1381   991   6    94    180
1382   253   4    177    123
1383   620   6    100    115
1384   1205   5    6    148
1385   155   5    15    229
1386   851   7    58    347
1387   1032   6    10    18
1388   1334   7    166    401
1389   10   4    150    196
1390   583   5    43    299
1391   529   4    96    255
1392   698   4    80    309
1393   1047   7    168    399
1394   528   4    97    275
1395   74   3    68    453
1396   593   6    78    136
1397   1026   2    144    224
1398   403   6    54    395
1399   1391   4    99    82
1400   417   5    175    428
1401   855   4    2    338
1402   1253   2    90    325
1403   21   7    92    483
1404   1219   4    112    413
1405   525   7    118    489
1406   94   6    197    84
1407   1393   4    76    448
1408   715   6    163    190
1409   923   4    191    135
1410   352   6    66    59
1411   1299   5    102    434
1412   1405   4    83    326
1413   1084   6    112    101
1414   1083   6    15    235
1415   138   5    125    428
1416   598   2    18    57
1417   103   5    134    427
1418   182   2    41    54
1419   715   5    149    424
1420   1285   6    47    412
1421   737   5    196    459
1422   141   4    111    108
1423   138   4    145    395
1424   1095   2    37    31
1425   297   3    149    83
1426   1404   4    157    178
1427   1117   4    52    50
1428   507   3    101    273
1429   1328   6    187    68
1430   479   4    38    437
1431   854   2    135    402
1432   1342   3    93    160
1433   411   4    168    493
1434   556   3    102    250
1435   754   7    39    179
1436   1065   7    150    148
1437   227   2    94    69
1438   947   4    193    131
1439   96   6    64    183
1440   1103   7    189    269
1441   441   5    15    135
1442   423   3    27    462
1443   853   2    140    214
1444   430   5    66    285
1445   215   2    25    327
1446   238   4    47    286
1447   1281   2    78    209
1448   971   6    147    202
1449   686   2    176    413
1450   592   5    101    319
1451   21   3    82    287
1452   238   5    196    50
1453   1064   5    35    158
1454   374   4    16    371
1455   189   2    89    170
1456   517   6    29    450
1457   870   6    148    191
1458   638   7    84    104
1459   698   6    54    250
1460   63   5    191    407
1461   87   4    30    116
1462   691   6    175    278
1463   409   6    86    419
1464   194   4    141    144
1465   1463   4    59    6
1466   419   3    85    167
1467   94   3    108    323
1468   35   5    8    69
1469   766   6    5    66
1470   565   4    61    445
1471   964   4    156    28
1472   1403   3    105    133
1473   812   4    122    431
1474   809   5    37    234
1475   251   5    4    427
1476   141   2    160    286
1477   690   5    85    53
1478   420   4    187    197
1479   654   7    171    315
1480   1200   7    57    56
1481   186   3    59    24
1482   219   5    197    298
1483   1163   6    184    493
1484   407   3    87    128
1485   557   5    71    82
1486   1274   4    103    31
1487   435   3    62    353
1488   54   2    196    72
1489   26   4    195    152
1490   754   7    155    300
1491   361   3    153    487
1492   800   5    169    348
1493   1123   6    175    248
1494   18   3    105    178
1495   788   4    67    106
1496   910   3    106    180
1497   1131   2    75    37
1498   1310   4    9    231
1499   717   3    153    403
1500   777   3    21    347
1501   182   4    25    213
1502   584   2    16    488
1503   878   5    119    19
1504   695   5    174    362
1505   1173   7    108    330
1506   1458   7    168    319
1507   448   4    52    9
1508   92   6    45    350
1509   381   6    53    378
1510   858   7    136    425
1511   463   5    19    124
1512   112   3    135    217
1513   191   2    64    313
1514   975   6    94    481
1515   616   2    46    383
1516   1033   2    191    317
1517   590   2    19    226
1518   1232   4    171    234
1519   417   7    110    251
1520   382   6    134    241
1521   140   5    70    122
1522   1089   3    144    446
1523   919   6    169    479
1524   741   5    49    66
1525   1350   7    8    219
1526   489   4    61    348
1527   656   2    160    330
1528   950   6    77    375
1529   818   3    166    141
1530   162   7    116    238
1531   656   5    5    185
1532   448   6    100    172
1533   434   7    178    276
1534   276   4    60    77
1535   1443   5    61    299
1536   1300   7    145    253
1537   1134   5    116    352
1538   32   4    48    240
1539   544   5    183    208
1540   9   7    26    213
1541   191   6    53    254
1542   444   5    140    259
1543   56   7    140    452
1544   1399   4    42    310
1545   1025   6    73    229
1546   107   7    176    306
1547   1143   4    84    436
1548   865   4    163    170
1549   379   3    98    493
1550   566   5    93    415
1551   1046   6    74    477
1552   1148   3    103    279
1553   1197   2    193    135
1554   1212   3    32    371
1555   524   2    5    432
1556   1020   7    20    451
1557   1453   4    154    230
1558   1417   7    117    101
1559   1506   7    78    437
1560   474   5    173    197
1561   140   4    128    457
1562   1134   5    3    118
1563   693   6    77    16
1564   283   5    75    348
1565   1217   3    15    287
1566   485   2    72    334
1567   721   3    189    38
1568   901   7    93    364
1569   437   6    23    182
1570   79   4    145    283
1571   387   2    146    262
1572   705   3    152    231
1573   419   3    162    58
1574   22   5    140    32
1575   1065   3    87    420
1576   1518   3    38    79
1577   273   5    98    203
1578   1338   3    180    426
1579   56   2    132    408
1580   1439   6    152    275
1581   1137   4    30    7
1582   126   5    160    373
1583   1459   3    57    479
1584   173   3    23    496
1585   552   4    128    101
1586   112   6    188    9
1587   1258   4    72    289
1588   255   5    88    109
1589   27   2    20    491
1590   1141   7    6    227
1591   451   3    142    386
1592   792   2    199    358
1593   680   5    8    457
1594   1582   3    183    175
1595   848   5    115    101
1596   1117   2    62    144
1597   1282   4    69    40
1598   1424   2    138    176
1599   223   4    58    333
1600   352   3    108    313
1601   1497   3    62    457
1602   1373   7    83    223
1603   959   3    56    328
1604   895   6    141    43
1605   652   2    144    274
1606   939   3    64    480
1607   519   4    195    50
1608   713   4    197    204
1609   564   5    127    454
1610   1170   7    40    484
1611   1364   5    128    10
1612   1442   6    190    331
1613   1391   5    187    492
1614   1578   2    196    18
1615   115   4    47    23
1616   1047   3    81    441
1617   1526   3    79    375
1618   1379   3    155    291
1619   1173   2    139    50
1620   1349   3    179    344
1621   455   3    115    407
1622   624   7    95    106
1623   1460   2    154    215
1624   43   6    100    205
1625   1102   3    62    365
1626   642   3    191    142
1627   1621   5    82    289
1628   1172   4    7    457
1629   911   6    16    95
1630   803   3    97    258
1631   201   4    122    476
1632   272   2    137    144
1633   163   6    26    26
1634   347   3    155    479
1635   1616   6    92    369
1636   240   6    143    481
1637   803   7    80    479
1638   822   2    1    33
1639   345   3    16    340
1640   724   4    10    294
1641   1335   7    37    319
1642   828   4    8    271
1643   101   3    18    267
1644   249   5    8    391
1645   423   7    60    76
1646   147   6    167    37
1647   469   3    103    431
1648   140   6    111    479
1649   599   3    24    58
1650   346   5    32    91
1651   1015   4    49    182
1652   100   3    112    199
1653   413   7    128    31
1654   272   2    174    144
1655   1080   5    132    359
1656   958   2    137    428
1657   948   3    17    38
1658   227   2    5    446
1659   567   7    40    50
1660   1109   3    46    410
1661   40   4    158    468
1662   1122   6    158    455
1663   1205   2    41    472
1664   523   5    43    272
1665   1163   6    114    296
1666   946   3    113    93
1667   1270   2    122    124
1668   854   3    76    266
1669   1146   7    17    92
1670   417   7    36    97
1671   416   5    59    15
1672   639   2    6    23
1673   189   3    54    276
1674   759   4    61    340
1675   290   2    79    332
1676   259   6    109    310
1677   327   2    4    175
1678   551   7    165    204
1679   1539   5    47    264
1680   112   6    116    163
1681   898   3    141    17
1682   1632   6    33    426
1683   1673   2    69    437
1684   131   6    151    67
1685   735   7    19    82
1686   913   3    7    14
1687   267   4    185    382
1688   722   6    77    492
1689   690   6    77    385
1690   1487   4    31    272
1691   1325   7    66    279
1692   102   6    127    276
1693   454   7    130    252
1694   1022   2    110    391
1695   1509   2    153    97
1696   737   2    160    326
1697   1177   5    112    201
1698   256   4    153    368
1699   1349   7    63    460
1700   1605   7    1    293
1701   871   7    8    171
1702   524   7    62    105
1703   375   6    162    288
1704   1170   6    183    119
1705   1702   5    171    293
1706   821   4    105    437
1707   218   5    99    494
1708   367   4    21    427
1709   1349   2    192    461
1710   1317   5    188    324
1711   1386   2    74    147
1712   877   3    169    387
1713   796   6    19    393
1714   1649   3    39    68
1715   322   7    197    444
1716   530   4    153    362
1717   1483   2    199    375
1718   1265   3    10    346
1719   1674   5    168    210
1720   1378   3    150    303
1721   149   4    96    215
1722   607   5    139    487
1723   906   2    23    334
1724   228   6    188    316
1725   1412   3    3    292
1726   876   6    175    61
1727   1029   3    9    453
1728   883   4    164    450
1729   1705   4    137    40
1730   1201   3    17    176
1731   444   3    165    94
1732   641   3    153    147
1733   1214   2    196    296
1734   1600   5    65    407
1735   411   5    180    37
1736   675   2    36    193
1737   1260   6    14    490
1738   1121   6    102    499
1739   1389   2    15    369
1740   280   4    159    489
1741   1720   2    65    87
1742   744   4    60    400
1743   1472   5    117    261
1744   551   4    52    257
1745   1549   4    48    393
1746   965   6    45    107
1747   1494   4    34    408
1748   1271   4    9    361
1749   1047   3    124    415
1750   1279   4    150    480
1751   707   2    100    204
1752   557   2    36    301
1753   1703   7    176    268
1754   662   2    131    205
1755   825   3    144    108
1756   761   4    93    282
1757   504   2    121    351
1758   171   6    142    368
1759   576   3    26    212
1760   810   2    161    33
1761   931   6    3    414
1762   867   3    108    138
1763   918   5    158    419
1764   1136   5    57    48
1765   1626   5    143    260
1766   1427   7    63    171
1767   119   4    135    453
1768   1736   6    189    28
1769   253   6    130    171
1770   993   3    21    318
1771   1219   5    45    258
1772   663   6    139    228
1773   1576   4    180    245
1774   323   7    104    176
1775   1532   4    27    380
1776   1172   3    36    293
1777   23   4    174    192
1778   1499   7    190    480
1779   1336   7    179    423
1780   1443   2    158    242
1781   1544   2    154    177
1782   239   5    50    178
1783   1633   5    56    57
1784   286   3    61    324
1785   905   4    111    3
1786   1432   2    191    460
1787   18   6    85    400
1788   460   2    144    284
1789   615   4    23    34
1790   1277   4    139    338
1791   1019   3    190    216
1792   438   3    42    49
1793   858   7    86    136
1794   816   6    21    75
1795   1288   2    166    290
1796   931   6    171    237
1797   83   6    179    162
1798   334   4    122    412
1799   1148   4    158    428
1800   1790   4    24    190
1801   556   7    69    82
1802   883   5    80    310
1803   1749   6    118    133
1804   1594   3    136    155
1805   1058   6    188    493
1806   1762   6    47    313
1807   567   7    4    122
1808   87   4    119    200
1809   1422   3    179    302
1810   1156   5    150    176
1811   346   6    8    199
1812   1613   5    64    476
1813   1478   4    52    379
1814   337   7    50    246
1815   1809   6    32    106
1816   973   2    36    338
1817   182   3    199    366
1818   295   5    56    476
1819   413   2    103    12
1820   1417   5    56    63
1821   471   6    123    10
1822   819   6    26    182
1823   489   3    10    384
1824   300   3    26    110
1825   301   2    175    366
1826   720   7    151    298
1827   928   4    161    114
1828   1102   7    132    292
1829   350   7    102    474
1830   168   6    122    263
1831   756   6    61    475
1832   147   2    199    432
1833   1142   3    8    343
1834   1194   5    26    166
1835   1648   6    188    197
1836   1214   5    153    389
1837   145   7    184    322
1838   173   7    135    244
1839   1280   2    68    491
1840   1146   7    89    328
1841   722   2    179    440
1842   1668   4    156    291
1843   1675   2    179    449
1844   694   5    26    186
1845   1074   2    76    53
1846   947   6    45    399
1847   534   5    161    421
1848   1429   5    158    235
1849   1600   7    101    448
1850   399   3    124    265
1851   1203   5    186    277
1852   139   2    118    133
1853   819   3    99    360
1854   1066   7    37    385
1855   378   2    174    366
1856   237   6    66    330
1857   597   7    181    478
1858   328   5    5    271
1859   1590   2    81    390
1860   1257   3    150    97
1861   154   2    128    44
1862   734   7    106    459
1863   670   6    49    384
1864   888   6    169    483
1865   1818   7    177    32
1866   236   3    97    476
1867   1507   4    145    7
1868   313   5    187    287
1869   1171   6    110    61
1870   1452   7    174    419
1871   1172   2    42    449
1872   1164   5    96    471
1873   1399   4    66    242
1874   1176   5    49    428
1875   440   5    145    461
1876   282   6    53    70
1877   415   5    5    373
1878   1200   6    160    219
1879   680   2    64    488
1880   1451   7    76    288
1881   130   6    158    314
1882   698   2    13    367
1883   45   3    128    84
1884   920   4    133    90
1885   1691   3    11    156
1886   1025   5    52    149
1887   1011   6    173    126
1888   357   3    197    355
1889   1379   3    93    269
1890   1727   4    106    302
1891   1655   6    18    303
1892   1290   5    36    137
1893   614   3    181    473
1894   118   3    62    398
1895   548   2    83    290
1896   1862   7    52    355
1897   97   5    6    73
1898   1521   6    81    259
1899   1627   2    54    485
1900   1485   7    43    116
1901   601   7    104    80
1902   1571   2    72    173
1903   1654   2    171    266
1904   1264   6    64    42
1905   776   5    187    92
1906   253   5    163    227
1907   340   2    187    97
1908   552   7    92    336
1909   630   6    122    489
1910   390   4    127    424
1911   501   5    150    55
1912   1691   2    171    97
1913   1347   4    163    57
1914   1637   6    24    274
1915   23   5    125    479
1916   1203   3    20    293
1917   1490   3    86    340
1918   135   6    191    239
1919   190   7    9    463
1920   820   3    181    262
1921   98   6    91    126
1922   1181   6    121    125
1923   819   7    169    142
1924   1570   5    12    458
1925   22   6    36    440
1926   857   7    115    335
1927   1452   7    116    170
1928   1839   4    152    288
1929   731   3    62    5
1930   10   4    188    331
1931   1025   5    1    488
1932   674   5    176    192
1933   900   7    109    113
1934   1619   6    80    436
1935   369   2    144    471
1936   370   4    19    378
1937   161   5    133    246
1938   1659   4    153    119
1939   1491   2    41    9
1940   1625   7    92    410
1941   1590   5    109    496
1942   210   5    134    199
1943   1027   5    127    99
1944   1460   5    144    251
1945   553   6    160    304
1946   973   3    62    447
1947   55   5    162    245
1948   1048   6    97    271
1949   1733   6    74    296
1950   940   5    109    197
1951   735   5    11    479
1952   25   3    54    81
1953   1906   4    153    332
1954   201   5    15    421
1955   498   5    192    308
1956   368   4    88    268
1957   249   5    177    201
1958   1154   2    198    171
1959   1173   3    127    205
1960   409   4    122    148
1961   736   7    132    405
1962   547   6    81    477
1963   1457   4    171    51
1964   1867   6    77    254
1965   1888   3    9    143
1966   212   4    37    52
1967   53   7    178    340
1968   290   7    32    116
1969   493   3    72    351
1970   768   3    26    163
1971   984   4    48    40
1972   75   2    62    130
1973   797   5    81    461
1974   1324   2    16    309
1975   1149   3    82    58
1976   1357   2    46    406
1977   576   6    65    328
1978   1959   6    57    267
1979   801   3    123    121
1980   1389   4    55    255
1981   428   5    184    444
1982   1653   6    59    154
1983   111   6    86    193
1984   1276   2    17    363
1985   1435   5    131    230
1986   219   5    52    31
1987   1207   3    37    228
1988   404   4    188    247
1989   846   7    30    84
1990   243   6    138    366
1991   1514   5    66    48
1992   705   5    50    300
1993   1280   7    112    123
1994   146   7    31    55
1995   417   2    42    173
1996   1604   6    197    181
1997   985   6    166    386
1998   252   4    152    340
1999   201   7    110    226
2000   751   5    77    426
2001   1180   7    38    402
2002   38   3    7    74
2003   325   5    72    486
2004   1194   4    159    240
2005   1344   2    113    49
2006   1361   2    85    380
2007   1943   4    102    101
2008   1072   3    41    25
2009   1859   5    19    152
2010   1913   4    92    281
2011   256   6    13    399
2012   527   3    90    132
2013   967   5    23    19
2014   1077   2    147    54
2015   1204   5    81    468
2016   1072   2    190    483
2017   618   3    172    306
2018   1900   3    195    89
2019   1213   3    92    133
2020   1246   6    26    374
2021   837   6    65    257
2022   396   5    149    353
2023   1942   2    153    94
2024   1854   2    119    395
2025   1488   6    64    91
2026   1315   3    151    70
2027   128   6    103    427
2028   406   5    183    131
2029   1030   3    52    366
2030   42   2    50    168
2031   1617   7    197    25
2032   249   6    146    365
2033   889   4    168    344
2034   186   3    5    324
2035   328   3    43    95
2036   1398   3    56    213
2037   1334   2    3    343
2038   537   2    19    413
2039   290   7    157    24
2040   831   2    139    438
2041   398   6    160    381
2042   493   6    132    333
2043   1598   3    36    390
2044   1134   4    177    91
2045   868   2    150    295
2046   1194   2    35    204
2047   831   6    103    104
2048   518   6    135    199
