1   0   4    11    30
2   1   5    96    459
3   1   6    123    347
4   2   3    71    57
5   2   6    97    279
6   1   2    61    205
7   4   2    15    461
8   4   4    180    434
9   4   5    46    486
10   4   5    156    215
11   6   2    153    398
12   4   5    61    155
13   5   6    50    261
14   1   7    144    278
15   7   5    170    117
16   5   5    98    452
17   6   7    153    174
18   4   4    115    189
19   3   3    152    291
20   8   6    159    152
21   12   2    17    177
22   7   3    183    238
23   3   6    168    191
24   18   4    124    133
25   11   5    107    321
26   2   3    177    196
27   23   5    147    367
28   12   7    66    134
29   25   3    168    348
30   22   3    105    392
31   13   4    8    59
32   6   5    91    180
33   19   6    34    270
34   7   3    33    282
35   3   6    19    19
36   32   6    163    138
37   15   6    22    183
38   35   7    137    71
39   24   2    10    23
40   16   6    80    465
41   38   6    95    230
42   13   7    86    316
43   22   3    160    425
44   5   5    27    426
45   25   4    131    336
46   31   3    161    22
47   4   3    152    277
48   36   7    117    446
49   21   2    75    382
50   8   7    192    219
51   48   2    118    454
52   21   5    174    405
53   21   2    83    487
54   50   5    179    11
55   49   7    19    312
56   47   2    19    469
57   49   5    36    71
58   16   7    14    24
59   38   7    137    96
60   44   7    134    283
61   13   7    72    238
62   8   5    189    293
63   6   7    195    353
64   32   7    65    235
65   18   2    82    470
66   58   3    89    303
67   60   6    64    385
68   2   5    30    172
69   5   5    4    31
70   51   4    33    272
71   59   3    115    201
72   6   6    184    361
73   34   2    165    10
74   67   7    60    135
75   61   6    171    122
76   38   7    8    27
77   70   3    117    288
78   20   3    73    498
79   15   7    97    96
80   1   6    49    139
81   24   4    21    261
82   59   6    175    74
83   74   6    133    54
84   24   7    120    395
85   48   3    187    442
86   36   3    63    322
87   11   2    88    499
88   62   7    6    425
89   77   6    129    164
90   29   5    88    134
91   2   7    48    319
92   51   6    85    224
93   1   7    128    363
94   52   3    59    64
95   44   6    162    19
96   21   4    167    306
97   73   5    148    395
98   3   5    47    482
99   44   3    41    226
100   27   6    168    329
101   39   6    139    50
102   44   4    146    188
103   82   5    41    347
104   4   6    3    306
105   13   7    53    265
106   90   6    147    188
107   97   2    28    148
108   105   5    159    418
109   68   3    77    420
110   27   5    5    139
111   107   5    80    353
112   91   2    157    186
113   105   3    50    87
114   83   5    5    254
115   94   2    149    30
116   33   4    22    194
117   37   7    40    483
118   77   4    1    470
119   54   3    115    387
120   115   6    108    280
121   72   3    4    95
122   93   2    108    244
123   98   6    50    322
124   73   2    106    120
125   53   5    132    349
126   97   3    152    53
127   33   7    53    350
128   97   3    7    129
129   24   7    51    312
130   5   7    27    463
131   3   6    70    3
132   1   7    58    404
133   96   5    149    225
134   15   2    47    499
135   23   5    124    280
136   20   2    145    264
137   28   6    44    386
138   19   2    185    352
139   112   2    78    173
140   2   7    153    309
141   46   7    100    371
142   64   6    150    336
143   122   7    118    199
144   40   5    101    171
145   114   3    119    407
146   135   4    85    70
147   88   7    91    194
148   39   7    5    236
149   144   5    190    491
150   109   4    5    317
151   140   3    66    394
152   85   7    48    172
153   89   2    136    404
154   46   5    122    63
155   132   5    130    42
156   81   4    2    122
157   52   3    36    417
158   104   6    49    59
159   27   2    70    399
160   29   3    27    463
161   56   3    83    107
162   101   7    72    493
163   80   6    170    307
164   157   4    114    32
165   21   5    79    58
166   101   4    98    138
167   88   6    112    323
168   68   3    12    335
169   66   3    118    352
170   115   7    20    322
171   99   2    6    50
172   167   4    91    387
173   130   7    7    22
174   14   6    177    29
175   151   7    137    327
176   121   3    28    167
177   118   4    28    112
178   75   4    27    81
179   26   6    18    212
180   128   2    111    104
181   14   2    25    337
182   108   3    15    398
183   144   6    151    111
184   141   2    39    471
185   74   6    53    258
186   11   4    149    402
187   133   6    30    305
188   145   5    53    252
189   186   5    99    24
190   63   6    119    290
191   128   3    57    298
192   31   6    76    244
193   70   4    197    299
194   28   6    176    55
195   78   6    173    45
196   149   2    180    392
197   80   7    97    279
198   167   4    94    9
199   25   6    190    181
200   182   7    51    286
201   148   2    34    461
202   198   3    89    410
203   153   3    180    239
204   17   5    48    384
205   89   6    113    475
206   124   7    80    30
207   128   2    125    292
208   150   4    139    460
209   130   2    102    217
210   186   7    186    215
211   191   6    41    398
212   208   3    95    245
213   183   2    188    397
214   130   7    32    101
215   88   7    128    247
216   212   5    22    498
217   125   5    12    299
218   1   6    79    321
219   7   3    94    308
220   127   5    1    288
221   69   6    27    345
222   147   2    113    24
223   44   3    133    407
224   117   5    140    212
225   128   5    184    336
226   28   4    101    160
227   105   5    147    151
228   35   5    23    322
229   86   2    51    323
230   106   4    75    372
231   73   2    103    252
232   60   6    77    418
233   85   2    175    208
234   181   3    24    433
235   100   2    65    441
236   47   6    70    259
237   124   2    111    104
238   97   6    197    154
239   84   2    19    411
240   88   2    184    405
241   148   6    72    340
242   200   3    178    282
243   142   7    19    281
244   181   5    79    301
245   159   4    96    287
246   8   4    174    144
247   125   3    4    290
248   195   3    44    54
249   88   7    116    183
250   196   2    169    436
251   10   4    100    454
252   49   7    99    418
253   20   4    99    146
254   54   5    38    170
255   139   4    188    146
256   165   3    13    136
257   48   6    17    84
258   45   4    50    111
259   107   7    195    30
260   12   6    31    36
261   98   3    190    293
262   216   2    52    175
263   143   3    60    259
264   206   6    134    427
265   82   4    145    200
266   247   4    128    132
267   3   5    78    148
268   99   4    120    449
269   107   6    76    447
270   17   3    169    421
271   154   7    165    202
272   14   5    180    403
273   151   2    47    4
274   15   3    62    380
275   108   7    41    259
276   129   3    36    331
277   12   6    9    462
278   83   3    52    336
279   2   2    190    301
280   230   5    132    368
281   243   7    117    197
282   145   7    139    284
283   49   5    49    149
284   236   2    156    168
285   97   5    32    356
286   61   3    9    110
287   273   7    4    103
288   90   4    146    420
289   256   2    142    138
290   149   3    23    93
291   105   4    53    113
292   195   5    2    359
293   162   3    154    192
294   114   3    58    388
295   126   5    44    28
296   72   7    57    466
297   91   7    83    371
298   206   4    156    54
299   17   4    107    145
300   296   4    53    15
301   114   2    145    388
302   298   6    132    313
303   290   6    96    266
304   250   2    78    28
305   226   3    38    108
306   127   5    113    289
307   234   2    142    156
308   72   4    71    237
309   190   3    161    390
310   178   3    158    46
311   178   7    50    336
312   101   6    1    126
313   30   3    154    124
314   310   2    185    132
315   29   6    113    103
316   170   7    71    272
317   25   2    198    102
318   287   4    161    474
319   100   4    199    405
320   163   2    164    209
321   282   6    191    280
322   92   6    161    44
323   319   6    51    206
324   189   5    55    372
325   220   2    137    36
326   250   4    176    79
327   282   5    3    188
328   180   3    155    427
329   112   7    140    157
330   250   2    106    395
331   139   5    136    134
332   219   2    199    59
333   59   5    122    163
334   245   6    192    122
335   319   7    72    193
336   260   2    121    238
337   48   6    128    18
338   71   7    7    203
339   61   4    58    328
340   234   5    90    26
341   11   7    150    366
342   73   6    30    6
343   105   4    93    59
344   311   3    6    48
345   25   6    81    87
346   91   5    192    281
347   84   5    110    298
348   182   6    59    400
349   261   5    164    58
350   317   2    190    205
351   273   5    94    384
352   18   5    162    443
353   284   2    179    367
354   258   3    88    402
355   101   5    20    245
356   200   6    110    3
357   285   6    17    308
358   192   3    186    266
359   112   2    154    129
360   206   3    128    416
361   122   6    119    436
362   87   3    194    253
363   157   3    133    436
364   351   6    97    484
365   134   2    31    268
366   7   3    70    117
367   194   5    142    469
368   118   6    126    231
369   99   7    29    282
370   63   6    39    228
371   348   2    143    326
372   104   5    121    279
373   17   5    85    390
374   23   4    52    209
375   120   7    3    417
376   363   4    126    429
377   24   4    155    495
378   296   3    164    417
379   90   5    178    7
380   145   4    172    368
381   222   2    165    229
382   326   3    13    287
383   298   5    192    472
384   9   6    174    132
385   69   3    24    317
386   260   3    122    414
387   350   7    151    280
388   123   7    111    76
389   193   2    196    338
390   188   6    21    352
391   178   5    16    35
392   125   6    164    345
393   3   3    87    196
394   218   4    166    98
395   106   7    105    72
396   115   3    64    494
397   231   3    53    47
398   244   6    80    46
399   271   2    95    132
400   237   4    31    7
401   356   7    35    66
402   155   7    132    74
403   51   5    4    130
404   257   7    89    275
405   123   4    141    375
406   228   4    103    141
407   142   5    106    110
408   55   2    16    392
409   299   7    11    363
410   237   4    8    24
411   160   2    104    3
412   313   3    10    2
413   25   7    18    197
414   286   5    41    478
415   180   2    146    207
416   62   6    184    463
417   96   7    87    427
418   119   4    182    333
419   101   4    5    49
420   345   2    4    440
421   278   5    178    303
422   139   6    61    238
423   59   4    116    383
424   258   2    2    95
425   80   4    147    271
426   417   4    183    444
427   250   5    85    174
428   314   7    145    316
429   100   5    118    409
430   182   6    144    194
431   159   5    41    63
432   370   5    194    230
433   6   2    125    305
434   379   7    15    335
435   24   5    86    371
436   165   5    80    194
437   139   6    180    38
438   303   6    133    194
439   172   5    178    419
440   292   4    61    377
441   407   2    73    75
442   387   3    199    241
443   355   3    148    122
444   429   3    105    187
445   415   6    95    306
446   433   6    5    454
447   324   2    44    487
448   65   4    24    148
449   366   2    138    37
450   117   7    55    93
451   1   2    112    142
452   296   5    90    344
453   441   6    76    114
454   372   7    10    154
455   169   5    92    17
456   93   4    79    191
457   408   2    111    27
458   445   2    133    118
459   85   7    18    134
460   215   2    49    305
461   219   5    157    475
462   145   3    156    404
463   6   3    29    446
464   51   6    82    324
465   260   2    8    316
466   192   5    180    482
467   323   2    118    380
468   202   7    48    250
469   228   7    138    221
470   324   2    128    351
471   96   7    6    64
472   30   5    188    207
473   443   2    168    110
474   126   3    155    225
475   239   3    135    484
476   175   7    62    467
477   118   3    16    373
478   234   2    164    49
479   465   3    51    41
480   432   2    33    195
481   105   4    165    439
482   98   7    35    210
483   284   2    137    126
484   432   5    177    120
485   474   2    66    91
486   403   2    14    174
487   224   3    84    190
488   358   2    160    39
489   342   5    118    70
490   270   7    153    406
491   461   7    86    413
492   4   6    5    235
493   342   6    64    389
494   83   3    112    256
495   409   2    124    240
496   179   6    61    358
497   186   6    87    97
498   158   3    85    28
499   265   6    141    27
500   229   4    14    233
501   399   3    140    239
502   60   4    7    208
503   164   5    19    142
504   407   2    154    60
505   254   6    94    98
506   223   4    56    258
507   358   3    91    298
508   214   5    85    36
509   438   4    39    70
510   88   6    112    295
511   292   3    25    30
512   238   4    98    372
513   21   5    24    495
514   139   6    80    42
515   453   5    94    252
516   310   6    94    156
517   169   4    76    133
518   491   7    122    91
519   244   3    49    394
520   516   6    117    163
521   268   6    168    79
522   296   2    22    321
523   362   2    33    249
524   513   6    11    347
525   34   2    120    304
526   295   6    118    354
527   426   6    42    17
528   514   5    6    174
529   481   2    176    76
530   151   7    159    136
531   348   6    123    102
532   521   2    119    26
533   70   5    119    269
534   485   7    28    330
535   208   6    154    457
536   494   5    182    19
537   480   6    37    495
538   56   3    137    473
539   67   3    93    64
540   72   6    142    440
541   65   5    140    66
542   235   6    195    320
543   459   3    30    194
544   13   2    181    293
545   519   6    163    380
546   418   4    14    32
547   185   4    143    232
548   377   3    71    181
549   63   7    94    185
550   251   6    110    22
551   114   4    92    91
552   473   5    178    371
553   222   5    88    28
554   343   3    144    296
555   328   7    61    482
556   383   7    156    160
557   309   4    105    401
558   385   3    124    375
559   37   2    137    265
560   249   6    88    463
561   83   5    147    329
562   70   6    183    20
563   492   7    117    318
564   27   2    13    44
565   241   6    181    345
566   67   2    53    22
567   53   2    5    13
568   284   3    99    164
569   457   6    121    295
570   242   2    113    273
571   68   5    57    233
572   178   6    140    332
573   418   2    123    335
574   197   4    194    368
575   534   5    43    172
576   506   4    47    369
577   378   5    118    114
578   251   3    78    48
579   512   2    22    52
580   256   6    25    264
581   412   7    100    363
582   492   7    72    149
583   291   2    150    161
584   343   4    155    233
585   474   4    6    316
586   263   3    157    463
587   538   2    187    360
588   285   5    28    420
589   507   5    125    301
590   159   2    9    219
591   102   6    110    259
592   278   7    198    129
593   545   3    125    438
594   51   5    42    109
595   32   3    141    150
596   348   4    18    436
597   448   2    120    379
598   430   7    68    214
599   64   4    180    380
600   395   2    23    97
601   321   7    188    426
602   74   5    165    44
603   48   3    129    332
604   327   2    91    296
605   358   6    169    37
606   536   7    88    147
607   523   3    152    243
608   218   2    135    265
609   552   7    91    358
610   366   6    101    383
611   461   2    57    266
612   181   5    87    471
613   548   6    151    398
614   36   5    184    367
615   414   3    84    388
616   405   2    176    149
617   231   3    21    130
618   168   3    99    241
619   313   7    132    26
620   111   5    98    415
621   601   2    20    480
622   499   5    87    186
623   389   7    140    312
624   319   2    53    392
625   332   3    65    305
626   352   2    155    488
627   208   7    154    189
628   236   6    167    424
629   444   4    31    497
630   303   4    172    204
631   336   4    104    224
632   417   7    48    274
633   631   5    107    429
634   365   7    4    152
635   224   3    101    349
636   32   3    142    231
637   517   5    63    137
638   159   6    74    24
639   457   3    49    428
640   318   2    3    161
641   614   5    199    114
642   69   2    115    133
643   380   6    84    432
644   577   7    67    132
645   306   5    104    301
646   385   5    60    26
647   516   6    104    181
648   342   2    22    320
649   439   4    110    61
650   604   3    17    152
651   525   3    165    72
652   513   7    52    80
653   146   2    52    493
654   444   6    55    429
655   317   4    125    94
656   553   6    29    5
657   331   7    199    41
658   23   3    143    289
659   368   5    161    303
660   303   2    74    211
661   229   2    21    280
662   123   5    136    182
663   646   5    95    486
664   358   5    110    95
665   355   2    134    244
666   406   7    62    410
667   273   4    37    119
668   394   4    19    379
669   227   6    73    44
670   357   7    187    117
671   375   7    130    454
672   562   5    65    168
673   324   3    125    182
674   301   5    69    329
675   219   4    175    181
676   269   7    85    477
677   207   7    5    12
678   347   4    110    271
679   463   7    149    433
680   304   2    26    248
681   468   3    184    184
682   300   3    159    235
683   665   2    96    167
684   377   5    84    491
685   255   7    101    225
686   216   2    155    374
687   155   6    137    182
688   392   2    147    392
689   559   7    29    372
690   503   2    125    368
691   348   6    130    228
692   244   2    52    82
693   420   2    15    414
694   238   4    196    431
695   104   7    110    403
696   280   5    157    420
697   528   6    166    167
698   538   3    128    228
699   76   3    162    87
700   343   2    175    252
701   368   7    147    189
702   292   3    133    186
703   457   7    38    441
704   435   7    66    342
705   120   5    50    212
706   101   2    42    418
707   520   2    92    24
708   12   3    50    407
709   189   7    127    311
710   317   6    86    280
711   606   6    50    446
712   258   3    34    446
713   8   3    43    10
714   74   3    95    174
715   219   3    20    449
716   445   4    126    195
717   190   2    185    200
718   716   5    105    117
719   291   3    139    225
720   305   4    48    240
721   452   7    79    266
722   489   2    122    250
723   349   7    28    155
724   243   4    159    246
725   269   6    186    397
726   245   4    124    333
727   416   3    159    352
728   326   2    126    298
729   583   2    138    92
730   565   2    40    289
731   221   7    118    250
732   477   5    191    47
733   661   6    3    446
734   535   6    86    377
735   545   5    45    72
736   55   2    198    9
737   129   7    126    11
738   598   4    59    23
739   429   7    68    22
740   81   2    182    125
741   127   3    129    236
742   348   4    32    277
743   695   2    114    416
744   177   5    120    434
745   563   2    189    478
746   185   3    102    170
747   601   3    199    188
748   31   7    125    465
749   168   2    135    67
750   372   3    98    83
751   281   2    8    262
752   720   2    195    451
753   311   3    78    412
754   207   5    131    483
755   698   5    84    459
756   225   3    162    185
757   124   5    75    41
758   133   6    4    94
759   120   6    103    141
760   611   3    117    212
761   38   5    22    411
762   274   2    143    93
763   381   2    22    448
764   534   2    38    413
765   130   5    19    370
766   336   4    156    486
767   582   2    13    462
768   613   6    10    173
769   79   5    147    132
770   723   3    143    200
771   406   6    73    93
772   506   3    41    182
773   136   2    9    141
774   176   5    11    176
775   118   3    168    368
776   730   7    34    154
777   165   3    95    55
778   361   3    96    147
779   33   3    155    89
780   256   6    146    290
781   107   6    44    406
782   765   3    64    113
783   395   3    159    4
784   219   5    25    29
785   138   2    71    469
786   92   3    93    456
787   82   2    101    32
788   428   3    128    194
789   175   6    199    417
790   683   6    124    62
791   220   3    49    43
792   617   3    28    395
793   788   5    128    280
794   491   3    146    61
795   434   7    49    326
796   701   2    152    121
797   350   7    77    414
798   390   5    17    145
799   521   4    118    325
800   380   5    172    368
801   32   6    163    65
802   294   4    165    69
803   69   6    114    92
804   58   6    4    13
805   149   4    76    386
806   628   3    1    333
807   42   3    88    259
808   167   5    62    159
809   752   3    97    195
810   1   6    178    209
811   366   6    197    413
812   160   4    15    433
813   376   7    68    18
814   700   6    184    30
815   431   2    47    94
816   504   3    19    238
817   317   5    106    13
818   333   6    16    51
819   689   5    177    31
820   61   2    171    291
821   214   4    138    494
822   251   2    17    476
823   1   4    160    218
824   254   4    127    247
825   324   7    10    284
826   146   7    185    44
827   330   3    66    254
828   276   5    182    370
829   547   3    138    398
830   774   4    70    342
831   260   6    24    256
832   373   7    108    7
833   697   5    37    262
834   705   3    30    184
835   199   5    22    107
836   136   5    191    405
837   120   4    29    454
838   302   2    40    314
839   643   4    82    333
840   552   5    126    440
841   37   5    110    292
842   500   7    43    451
843   811   7    101    27
844   406   6    56    282
845   43   4    17    323
846   78   3    199    255
847   247   2    134    148
848   44   4    167    107
849   816   3    40    86
850   772   5    167    239
851   343   4    97    235
852   701   3    40    499
853   465   5    104    285
854   162   6    170    114
855   115   4    48    161
856   426   2    22    109
857   581   7    182    490
858   554   3    169    158
859   256   3    115    170
860   640   5    1    285
861   568   4    68    218
862   249   6    59    55
863   567   2    13    12
864   360   5    58    79
865   32   4    85    295
866   663   3    119    308
867   641   4    178    424
868   624   4    185    464
869   483   2    157    84
870   285   6    26    68
871   705   3    82    491
872   803   3    20    146
873   791   6    198    218
874   47   2    99    224
875   271   5    29    43
876   474   3    130    339
877   755   4    150    410
878   672   3    159    253
879   442   4    55    190
880   567   2    23    151
881   725   6    51    383
882   317   2    3    405
883   427   6    199    98
884   64   3    164    133
885   3   2    132    68
886   567   6    156    218
887   243   4    28    494
888   853   5    41    49
889   386   5    119    131
890   351   4    69    78
891   97   3    184    12
892   513   6    40    25
893   347   2    148    498
894   550   5    163    3
895   214   4    145    298
896   593   2    162    50
897   821   5    112    336
898   52   3    89    217
899   325   4    59    80
900   181   4    77    336
901   414   2    145    261
902   786   5    9    28
903   150   4    145    481
904   395   3    17    107
905   444   5    62    374
906   696   3    31    70
907   323   6    45    365
908   577   5    169    188
909   97   3    69    496
910   400   5    44    33
911   460   5    26    145
912   256   7    69    78
913   24   3    115    127
914   28   7    77    212
915   9   5    167    158
916   824   7    135    429
917   838   4    11    448
918   622   2    183    195
919   76   2    97    427
920   107   7    193    15
921   36   6    161    273
922   448   3    121    190
923   305   7    145    440
924   389   5    159    370
925   144   6    161    435
926   630   3    70    208
927   731   2    127    50
928   794   4    84    284
929   401   4    44    258
930   307   5    185    441
931   826   3    59    106
932   392   2    166    195
933   241   3    77    13
934   316   6    174    324
935   275   2    41    285
936   141   7    87    88
937   175   3    172    182
938   621   3    132    432
939   845   6    85    351
940   389   4    10    247
941   645   4    127    338
942   420   2    65    439
943   528   7    181    50
944   718   2    112    60
945   220   6    65    303
946   59   5    124    362
947   339   7    21    292
948   492   4    160    256
949   86   4    100    89
950   854   2    62    55
951   310   4    5    432
952   235   4    88    237
953   788   6    62    443
954   291   7    32    355
955   829   7    172    222
956   797   7    149    152
957   250   6    137    257
958   850   2    142    342
959   755   5    194    62
960   873   4    51    322
961   60   3    34    483
962   605   2    7    51
963   40   5    51    305
964   602   5    34    151
965   225   2    84    204
966   275   5    178    480
967   367   5    151    63
968   546   2    26    26
969   299   5    158    180
970   587   3    56    304
971   883   6    33    169
972   317   5    2    127
973   109   3    96    222
974   564   3    6    405
975   148   4    176    278
976   782   2    51    150
977   125   2    188    497
978   402   2    150    379
979   546   6    56    87
980   793   5    90    234
981   859   7    104    88
982   370   6    126    59
983   566   2    21    96
984   64   7    153    314
985   139   6    74    274
986   260   7    54    245
987   891   5    71    274
988   452   7    177    432
989   964   3    150    397
990   557   4    124    355
991   649   3    69    450
992   776   5    16    268
993   407   3    186    232
994   54   6    117    264
995   788   7    190    179
996   814   3    12    106
997   179   2    88    238
998   473   3    41    446
999   577   3    110    345
1000   613   2    82    116
1001   538   4    55    199
1002   983   4    18    130
1003   101   5    8    147
1004   790   4    190    218
1005   333   5    9    246
1006   582   4    197    183
1007   363   5    30    159
1008   913   3    173    149
1009   975   7    123    477
1010   741   6    50    293
1011   300   5    56    299
1012   695   5    115    217
1013   530   7    191    159
1014   173   7    71    162
1015   621   4    34    377
1016   656   4    170    140
1017   236   7    8    155
1018   358   5    183    161
1019   988   6    95    308
1020   406   4    188    303
1021   403   4    35    464
1022   648   5    75    48
1023   611   6    79    70
1024   221   6    137    250
1025   933   2    175    175
1026   858   7    169    23
1027   251   3    95    95
1028   183   4    83    495
1029   572   4    22    370
1030   807   3    179    496
1031   622   7    174    290
1032   312   6    84    61
1033   90   2    84    483
1034   919   4    184    88
1035   658   7    68    190
1036   384   4    153    418
1037   618   2    92    484
1038   689   3    50    258
1039   935   4    56    6
1040   544   5    123    255
1041   493   5    60    158
1042   870   3    155    13
1043   545   4    52    210
1044   219   6    123    275
1045   946   6    194    37
1046   50   6    187    55
1047   32   5    66    440
1048   1046   5    183    236
1049   576   7    119    242
1050   572   7    67    252
1051   839   3    110    126
1052   884   3    106    204
1053   868   5    169    11
1054   17   2    115    16
1055   681   4    182    26
1056   454   5    129    289
1057   154   2    30    479
1058   490   2    122    244
1059   381   7    37    135
1060   264   2    35    448
1061   709   6    12    489
1062   806   5    166    431
1063   797   6    176    12
1064   213   2    5    137
1065   937   7    56    382
1066   42   7    18    352
1067   223   7    77    40
1068   473   2    23    188
1069   252   2    170    183
1070   1018   5    117    9
1071   202   5    109    196
1072   683   2    3    156
1073   144   2    148    263
1074   905   2    40    111
1075   247   3    179    195
1076   298   4    176    275
1077   381   3    122    499
1078   272   2    78    104
1079   738   2    69    149
1080   908   6    72    493
1081   314   3    188    153
1082   88   4    49    435
1083   135   7    188    342
1084   965   4    17    357
1085   245   2    124    308
1086   726   4    41    283
1087   493   5    98    455
1088   20   2    22    421
1089   285   6    91    354
1090   91   2    19    211
1091   209   5    56    244
1092   1060   6    147    497
1093   84   7    134    386
1094   923   3    110    375
1095   474   2    11    267
1096   769   3    14    464
1097   916   2    5    221
1098   846   6    165    290
1099   13   6    23    453
1100   98   2    96    119
1101   767   6    37    301
1102   228   5    33    119
1103   1054   2    190    439
1104   665   7    137    264
1105   1086   7    103    430
1106   348   2    132    75
1107   395   3    7    275
1108   135   2    33    368
1109   933   5    111    202
1110   950   5    60    174
1111   720   6    116    133
1112   283   6    110    113
1113   497   3    84    8
1114   466   5    162    138
1115   695   7    169    345
1116   227   6    92    315
1117   917   2    173    270
1118   261   6    48    19
1119   719   6    104    43
1120   930   3    161    27
1121   306   5    133    110
1122   150   3    117    416
1123   716   3    160    306
1124   931   4    172    55
1125   708   2    37    246
1126   461   2    197    460
1127   696   3    129    390
1128   254   2    87    498
1129   223   5    41    34
1130   94   7    111    341
1131   574   2    128    311
1132   1071   4    128    260
1133   355   7    195    323
1134   692   5    192    53
1135   925   6    22    91
1136   157   6    140    18
1137   928   2    27    204
1138   30   6    62    453
1139   675   6    174    224
1140   701   2    78    86
1141   1062   4    21    494
1142   70   4    73    220
1143   1050   5    158    86
1144   883   7    105    432
1145   213   3    36    367
1146   102   4    37    471
1147   996   7    197    274
1148   160   2    127    142
1149   647   5    132    202
1150   903   2    165    49
1151   1111   7    182    239
1152   996   5    93    446
1153   61   7    107    98
1154   768   7    175    25
1155   356   7    55    262
1156   896   5    60    107
1157   159   6    27    275
1158   931   7    127    334
1159   868   7    59    37
1160   701   3    3    28
1161   148   6    160    425
1162   592   2    5    477
1163   803   6    86    173
1164   850   3    167    497
1165   456   3    27    123
1166   508   5    69    446
1167   1047   4    4    77
1168   1050   2    158    434
1169   3   5    120    354
1170   263   3    163    429
1171   887   5    132    128
1172   79   7    163    116
1173   435   6    152    174
1174   575   6    167    373
1175   224   5    128    108
1176   727   4    90    491
1177   654   7    49    200
1178   817   4    35    487
1179   1146   4    112    403
1180   203   3    73    466
1181   318   4    48    13
1182   439   6    29    339
1183   1123   5    80    38
1184   683   4    88    336
1185   890   2    74    430
1186   306   4    1    241
1187   1025   5    148    171
1188   1013   5    157    127
1189   455   3    49    366
1190   625   3    122    452
1191   5   7    1    193
1192   761   2    69    136
1193   180   6    79    164
1194   202   2    17    345
1195   34   7    104    7
1196   936   6    194    349
1197   694   4    138    296
1198   755   7    102    431
1199   273   3    23    485
1200   301   5    45    424
1201   862   4    174    222
1202   503   7    25    126
1203   362   6    113    139
1204   665   2    142    49
1205   635   3    153    161
1206   723   6    64    83
1207   273   2    119    137
1208   947   5    172    139
1209   651   2    85    483
1210   875   5    26    291
1211   882   6    4    185
1212   652   2    71    314
1213   930   2    130    76
1214   14   3    29    49
1215   646   3    17    204
1216   998   7    57    61
1217   200   3    79    255
1218   221   6    179    303
1219   1180   5    80    339
1220   333   6    101    121
1221   874   3    5    239
1222   135   5    99    30
1223   1021   2    174    265
1224   738   5    150    167
1225   707   7    100    295
1226   71   3    77    134
1227   978   7    33    497
1228   1031   6    30    45
1229   1048   2    121    442
1230   21   7    107    186
1231   896   3    21    94
1232   524   5    20    223
1233   836   6    99    384
1234   205   3    74    33
1235   390   3    113    171
1236   1135   4    132    86
1237   1039   7    9    459
1238   989   3    172    165
1239   935   5    13    204
1240   918   3    186    234
1241   404   5    82    67
1242   94   6    26    478
1243   761   5    93    459
1244   1126   6    168    346
1245   1083   4    138    481
1246   890   7    173    495
1247   569   7    143    358
1248   518   2    39    341
1249   1139   3    109    178
1250   1023   7    152    192
1251   818   5    148    353
1252   539   2    26    303
1253   113   7    136    5
1254   460   5    172    165
1255   517   3    30    33
1256   903   3    48    442
1257   889   4    192    115
1258   636   5    133    418
1259   93   4    132    467
1260   49   7    20    364
1261   921   2    174    316
1262   580   7    137    372
1263   176   5    61    109
1264   708   5    176    330
1265   796   3    40    341
1266   258   2    157    193
1267   536   4    196    359
1268   451   7    87    140
1269   649   5    129    467
1270   1172   3    160    192
1271   176   7    164    166
1272   1181   6    196    243
1273   451   4    164    136
1274   6   7    30    174
1275   210   5    104    41
1276   888   4    39    70
1277   15   6    38    474
1278   738   7    120    119
1279   1002   7    193    472
1280   756   4    154    118
1281   170   4    131    353
1282   372   6    132    405
1283   347   5    120    378
1284   697   3    56    330
1285   82   6    154    219
1286   1202   2    86    33
1287   1151   2    70    88
1288   1098   4    94    64
1289   855   5    10    493
1290   457   6    44    330
1291   1181   3    17    206
1292   666   6    99    393
1293   1026   6    68    384
1294   1004   4    4    303
1295   1176   7    177    247
1296   654   5    98    45
1297   316   3    31    89
1298   592   2    199    3
1299   1059   5    23    191
1300   330   4    22    140
1301   819   3    170    395
1302   489   2    4    46
1303   977   2    79    219
1304   344   2    16    231
1305   1205   6    151    382
1306   147   6    103    16
1307   828   7    62    367
1308   1090   7    165    144
1309   834   3    92    459
1310   840   6    192    327
1311   536   2    132    225
1312   1247   5    21    444
1313   345   7    31    68
1314   401   6    16    100
1315   587   5    153    141
1316   995   7    141    60
1317   846   2    50    195
1318   303   5    130    323
1319   24   7    100    492
1320   688   4    104    151
1321   324   6    107    234
1322   31   5    91    56
1323   494   4    70    332
1324   959   3    125    220
1325   326   6    191    301
1326   821   3    142    307
1327   535   3    146    489
1328   1168   7    32    171
1329   1095   6    58    250
1330   1163   2    17    137
1331   863   4    30    254
1332   424   5    29    168
1333   903   4    102    479
1334   278   7    131    437
1335   182   3    106    156
1336   1308   3    114    96
1337   903   7    25    27
1338   549   6    55    5
1339   297   5    123    241
1340   933   4    179    202
1341   435   5    194    109
1342   286   3    178    396
1343   537   2    92    148
1344   419   7    79    458
1345   1186   6    116    298
1346   1304   4    43    279
1347   1155   7    133    377
1348   930   6    143    77
1349   846   7    97    440
1350   712   2    139    53
1351   125   7    10    14
1352   451   7    113    262
1353   853   4    123    436
1354   511   2    44    490
1355   585   2    29    326
1356   1234   2    59    466
1357   1236   2    189    484
1358   277   7    50    461
1359   501   5    160    62
1360   954   6    25    99
1361   46   4    133    447
1362   561   3    37    280
1363   776   2    86    201
1364   216   2    116    230
1365   638   2    153    23
1366   673   3    89    444
1367   495   7    159    276
1368   1005   4    29    247
1369   625   5    31    123
1370   1152   2    106    143
1371   61   4    150    403
1372   482   7    175    442
1373   616   3    137    396
1374   1007   4    168    470
1375   758   5    105    472
1376   1069   7    127    328
1377   1062   2    81    134
1378   951   3    162    142
1379   1029   5    12    263
1380   648   6    73    376
1381   334   5    124    285
1382   405   5    97    409
1383   1084   7    190    20
1384   911   4    120    320
1385   385   5    121    219
1386   851   4    163    9
1387   318   3    1    87
1388   56   4    69    326
1389   133   6    158    152
1390   909   6    89    139
1391   455   3    180    158
1392   1257   6    79    274
1393   822   7    29    282
1394   1306   4    197    119
1395   1138   7    174    283
1396   354   3    41    127
1397   1262   6    154    140
1398   1217   4    15    398
1399   883   7    137    320
1400   1016   2    177    350
1401   1257   5    53    288
1402   784   4    76    362
1403   962   3    152    297
1404   603   6    199    126
1405   283   4    108    3
1406   728   2    193    319
1407   1067   5    3    472
1408   1062   5    23    228
1409   583   7    159    201
1410   261   4    184    136
1411   212   2    17    33
1412   26   3    190    98
1413   1141   6    182    41
1414   591   3    120    441
1415   1238   4    8    277
1416   897   6    159    269
1417   495   3    83    287
1418   692   6    128    141
1419   699   4    100    363
1420   346   4    45    156
1421   1233   4    155    438
1422   1147   6    157    350
1423   569   6    152    3
1424   1127   7    23    107
1425   612   5    34    481
1426   494   7    128    453
1427   620   7    74    270
1428   96   5    80    376
1429   405   2    81    452
1430   120   2    71    449
1431   130   4    68    181
1432   1056   2    178    431
1433   700   4    54    13
1434   932   5    154    333
1435   595   3    7    450
1436   995   5    47    448
1437   590   6    31    48
1438   125   7    2    42
1439   29   7    69    243
1440   285   7    83    410
1441   638   6    4    352
1442   763   6    124    169
1443   674   2    138    226
1444   363   4    191    189
1445   1215   5    7    140
1446   1068   3    127    404
1447   1326   7    96    349
1448   680   3    73    491
1449   179   5    99    194
1450   623   4    23    182
1451   425   6    117    298
1452   456   2    189    177
1453   1292   6    149    97
1454   619   5    67    356
1455   708   5    176    203
1456   587   5    182    266
1457   398   3    106    159
1458   1440   4    143    489
1459   469   3    154    394
1460   23   6    83    95
1461   676   5    94    394
1462   1040   6    106    174
1463   173   6    83    476
1464   383   3    115    286
1465   344   2    28    279
1466   317   2    166    270
1467   1101   2    63    473
1468   100   2    86    160
1469   923   3    6    394
1470   1282   3    78    180
1471   11   2    168    176
1472   308   4    62    6
1473   120   3    166    344
1474   946   3    104    169
1475   194   5    171    494
1476   759   7    88    246
1477   108   6    13    308
1478   1369   2    104    267
1479   356   7    51    105
1480   995   7    123    84
1481   74   7    170    58
1482   870   5    104    387
1483   171   7    90    167
1484   752   4    105    266
1485   277   7    139    28
1486   1418   5    157    405
1487   1344   3    10    466
1488   287   6    10    285
1489   1217   3    111    124
1490   877   4    37    228
1491   232   2    131    288
1492   581   6    137    443
1493   209   3    111    115
1494   838   2    163    446
1495   907   4    185    421
1496   674   3    22    159
1497   507   3    156    180
1498   664   4    27    326
1499   613   3    181    109
1500   724   3    82    189
1501   1020   4    144    38
1502   647   5    30    234
1503   1087   5    37    55
1504   833   3    167    296
1505   1115   7    114    76
1506   97   7    121    413
1507   1140   6    143    237
1508   1120   6    123    476
1509   1480   6    186    326
1510   838   5    143    235
1511   460   3    143    195
1512   1468   3    80    258
1513   383   4    136    169
1514   333   5    25    475
1515   1284   7    10    374
1516   679   6    28    269
1517   205   7    39    24
1518   243   3    133    420
1519   1311   2    64    166
1520   1186   6    19    430
1521   831   3    161    361
1522   876   3    188    404
1523   253   7    183    13
1524   1024   7    105    102
1525   1055   3    184    240
1526   155   2    57    121
1527   1135   3    74    420
1528   236   6    12    171
1529   408   4    110    399
1530   275   4    64    245
1531   738   7    8    98
1532   1353   2    165    88
1533   490   6    82    163
1534   1018   5    9    79
1535   688   2    120    360
1536   872   2    116    463
1537   1264   5    140    481
1538   243   2    104    343
1539   668   5    56    121
1540   1321   2    161    97
1541   920   2    3    333
1542   320   4    2    4
1543   1145   5    133    387
1544   752   6    149    54
1545   519   3    103    439
1546   765   6    75    68
1547   83   4    44    149
1548   808   4    11    266
1549   51   2    18    120
1550   1093   7    62    434
1551   714   7    172    176
1552   73   5    161    388
1553   1439   7    196    481
1554   639   7    60    207
1555   455   2    165    136
1556   327   3    40    230
1557   973   2    22    482
1558   876   3    47    484
1559   375   2    172    112
1560   71   2    96    12
1561   1072   5    66    226
1562   385   5    93    433
1563   245   7    189    408
1564   95   4    129    100
1565   218   4    130    314
1566   967   4    141    192
1567   56   5    91    84
1568   1514   6    122    106
1569   1346   4    104    232
1570   1033   5    103    459
1571   1260   6    69    269
1572   662   2    31    231
1573   306   5    155    450
1574   88   6    175    178
1575   518   4    126    479
1576   1506   3    46    376
1577   752   3    117    70
1578   1509   4    11    230
1579   1501   3    55    266
1580   675   6    73    337
1581   163   7    65    37
1582   197   2    194    239
1583   1017   4    155    395
1584   1430   5    33    493
1585   1078   7    95    65
1586   390   3    108    435
1587   606   2    147    53
1588   1108   7    99    248
1589   1421   4    155    398
1590   694   7    116    251
1591   547   6    187    245
1592   1467   3    54    320
1593   26   6    130    446
1594   1402   2    55    44
1595   1311   7    68    127
1596   1430   4    21    238
1597   298   7    53    39
1598   1530   4    140    293
1599   689   3    92    285
1600   1420   7    169    147
1601   207   5    116    357
1602   1433   6    156    413
1603   1497   2    42    277
1604   1188   7    32    414
1605   353   7    175    171
1606   615   5    39    52
1607   1402   7    64    305
1608   522   7    169    189
1609   1334   3    110    149
1610   914   6    19    294
1611   503   4    146    197
1612   667   2    144    84
1613   1102   3    5    160
1614   1147   4    68    479
1615   173   6    129    330
1616   1043   4    79    470
1617   1160   3    111    75
1618   378   7    36    172
1619   982   2    14    348
1620   685   6    109    260
1621   1293   6    196    344
1622   1185   5    4    178
1623   573   3    62    442
1624   29   5    4    124
1625   610   4    88    42
1626   1251   2    10    323
1627   89   6    161    29
1628   955   4    169    99
1629   468   6    8    247
1630   1491   5    129    15
1631   289   3    132    162
1632   1486   2    44    488
1633   799   5    172    218
1634   110   7    144    499
1635   12   5    109    433
1636   303   7    151    490
1637   1236   2    136    302
1638   983   5    44    58
1639   642   2    188    215
1640   1179   7    153    314
1641   90   5    95    482
1642   40   4    18    348
1643   1162   3    53    39
1644   1026   3    139    10
1645   962   3    111    247
1646   1255   6    171    407
1647   1486   2    67    482
1648   769   2    65    15
1649   82   5    13    249
1650   1489   3    120    401
1651   753   2    121    196
1652   849   5    45    420
1653   258   4    129    49
1654   167   3    155    432
1655   521   6    165    20
1656   1084   5    21    123
1657   1369   3    171    379
1658   1647   6    166    157
1659   881   2    18    147
1660   243   7    144    31
1661   42   2    192    383
1662   237   2    27    141
1663   902   3    74    178
1664   840   2    106    143
1665   272   6    60    450
1666   1160   6    179    318
1667   838   5    15    95
1668   826   4    152    256
1669   799   3    39    355
1670   1384   7    28    292
1671   161   3    156    12
1672   1408   6    196    349
1673   682   6    35    246
1674   1480   6    83    439
1675   1545   4    65    48
1676   1334   4    5    486
1677   447   7    153    377
1678   309   6    176    190
1679   950   2    150    395
1680   409   5    142    293
1681   1371   7    183    227
1682   237   7    91    258
1683   616   6    130    131
1684   968   7    14    54
1685   1649   3    180    334
1686   1360   6    112    62
1687   327   6    116    312
1688   472   3    157    51
1689   413   4    108    411
1690   977   7    88    265
1691   1031   4    48    110
1692   6   4    6    21
1693   1261   3    185    261
1694   1653   6    37    95
1695   1043   5    101    343
1696   1093   4    167    495
1697   1090   6    110    234
1698   728   3    164    363
1699   1055   2    74    20
1700   1530   3    196    96
1701   1124   4    85    140
1702   75   4    73    480
1703   1403   7    170    487
1704   1120   2    144    415
1705   714   6    4    274
1706   1422   4    55    400
1707   917   2    2    166
1708   279   3    162    193
1709   1584   3    163    176
1710   193   7    85    305
1711   1105   4    139    78
1712   1016   4    88    25
1713   239   5    101    69
1714   1531   6    114    324
1715   94   2    148    177
1716   181   7    73    308
1717   1667   6    186    382
1718   1016   2    180    29
1719   1247   5    9    479
1720   243   4    156    412
1721   557   6    164    300
1722   152   7    168    392
1723   626   3    73    348
1724   528   4    13    119
1725   1721   7    78    186
1726   206   7    195    394
1727   1121   5    126    194
1728   636   3    85    431
1729   1129   7    196    304
1730   1084   6    85    36
1731   1577   6    41    388
1732   425   6    16    12
1733   464   6    127    231
1734   675   7    84    136
1735   577   7    75    148
1736   592   5    130    219
1737   1381   4    195    441
1738   409   7    139    413
1739   912   2    181    300
1740   305   7    168    349
1741   683   5    194    285
1742   182   4    8    371
1743   1362   4    184    21
1744   806   6    199    369
1745   549   2    91    405
1746   522   3    6    299
1747   1644   7    175    317
1748   1406   4    137    240
1749   123   7    198    57
1750   198   2    12    96
1751   473   2    110    44
1752   854   5    61    336
1753   1665   2    54    485
1754   753   3    60    372
1755   293   5    45    49
1756   904   5    7    430
1757   304   6    84    270
1758   838   4    122    338
1759   514   4    85    342
1760   126   4    191    117
1761   450   3    61    187
1762   423   2    59    47
1763   941   4    59    283
1764   1503   3    162    199
1765   1128   5    69    394
1766   404   6    37    135
1767   987   2    118    148
1768   1536   6    45    87
1769   163   7    184    165
1770   1510   5    66    242
1771   408   3    152    234
1772   108   3    1    159
1773   1052   6    22    157
1774   1681   5    194    104
1775   1520   3    35    249
1776   17   7    127    107
1777   1244   6    70    351
1778   1335   7    77    351
1779   1173   2    80    305
1780   1027   4    189    398
1781   230   3    43    207
1782   545   4    33    365
1783   1498   2    35    422
1784   1252   7    135    396
1785   851   2    48    329
1786   1586   4    55    343
1787   74   5    129    475
1788   1092   6    15    252
1789   1052   4    92    95
1790   458   5    10    329
1791   6   3    27    68
1792   854   7    172    133
1793   939   2    187    81
1794   1554   6    164    229
1795   440   5    162    18
1796   1086   3    75    254
1797   1403   3    102    278
1798   1040   5    55    210
1799   974   5    99    401
1800   1534   4    51    435
1801   1047   2    151    1
1802   1654   3    125    152
1803   448   5    166    192
1804   1059   6    124    15
1805   315   4    155    46
1806   1597   4    14    425
1807   271   5    40    111
1808   1099   3    1    165
1809   1453   4    172    101
1810   786   3    6    8
1811   254   4    82    57
1812   305   7    73    241
1813   1157   3    105    204
1814   469   2    117    457
1815   940   4    119    8
1816   304   4    126    277
1817   87   4    171    393
1818   1281   6    46    277
1819   370   6    108    458
1820   986   4    190    400
1821   996   3    13    467
1822   869   3    33    483
1823   673   3    24    55
1824   1075   3    120    222
1825   727   5    112    451
1826   71   4    58    160
1827   1127   4    56    77
1828   957   3    39    448
1829   1146   5    60    212
1830   242   7    162    499
1831   470   4    34    211
1832   206   3    112    69
1833   423   6    110    370
1834   1809   7    8    341
1835   378   2    94    268
1836   1820   2    71    95
1837   155   5    38    11
1838   289   5    133    130
1839   472   4    16    254
1840   1392   7    36    150
1841   980   2    133    268
1842   731   5    187    170
1843   517   6    163    491
1844   15   3    42    394
1845   1470   3    88    83
1846   1779   2    68    21
1847   246   6    92    35
1848   704   2    82    308
1849   1360   5    109    22
1850   1290   2    24    114
1851   368   7    150    185
1852   584   6    95    116
1853   223   2    165    417
1854   1603   4    50    38
1855   1517   7    87    451
1856   518   4    197    187
1857   876   2    95    153
1858   503   3    178    230
1859   905   7    80    83
1860   906   3    82    140
1861   1643   2    130    145
1862   1415   6    166    433
1863   1170   6    101    178
1864   114   5    167    353
1865   699   5    28    221
1866   875   4    74    273
1867   536   4    6    198
1868   622   7    60    383
1869   716   7    63    474
1870   198   7    186    257
1871   551   6    115    26
1872   1859   5    18    413
1873   586   2    61    116
1874   1076   6    28    237
1875   965   4    79    301
1876   1190   7    116    20
1877   325   4    172    217
1878   1683   3    199    493
1879   1514   7    78    127
1880   1292   3    85    75
1881   1106   3    83    375
1882   1759   4    190    91
1883   1044   3    195    392
1884   1646   2    127    370
1885   855   3    23    204
1886   1458   6    25    443
1887   1302   6    198    174
1888   398   6    91    110
1889   92   5    117    424
1890   674   5    86    280
1891   841   2    77    124
1892   1329   3    87    317
1893   1517   2    19    407
1894   1334   6    127    330
1895   623   6    18    262
1896   1717   3    67    251
1897   1605   2    132    92
1898   1020   2    72    257
1899   20   2    21    348
1900   1036   3    14    226
1901   1416   3    77    91
1902   701   7    32    277
1903   449   6    172    204
1904   1439   5    140    305
1905   775   7    107    104
1906   417   2    105    131
1907   1376   7    98    101
1908   1357   6    170    63
1909   1253   2    36    229
1910   1880   5    73    396
1911   606   3    40    446
1912   1214   3    170    384
1913   1787   2    167    443
1914   906   4    124    443
1915   354   2    51    142
1916   1463   2    163    78
1917   1249   6    176    325
1918   1659   7    197    481
1919   396   3    114    308
1920   1810   7    123    225
1921   1836   5    49    459
1922   1382   6    166    57
1923   491   3    74    266
1924   1754   6    87    421
1925   691   5    122    467
1926   1559   4    141    95
1927   1049   7    21    384
1928   388   6    125    379
1929   1204   5    129    23
1930   820   2    193    256
1931   1411   6    81    446
1932   1912   2    23    161
1933   283   6    54    199
1934   913   7    139    144
1935   1379   6    123    63
1936   1931   2    78    285
1937   623   4    169    375
1938   942   4    97    319
1939   517   2    177    9
1940   1907   2    88    477
1941   1494   3    109    378
1942   1430   4    135    436
1943   181   2    141    176
1944   417   3    84    44
1945   560   2    85    353
1946   127   3    4    149
1947   1940   6    195    218
1948   1637   7    141    366
1949   978   3    39    328
1950   676   3    137    5
1951   1798   6    53    169
1952   1415   3    57    313
1953   1074   5    113    116
1954   805   5    66    156
1955   881   4    71    119
1956   226   3    107    146
1957   1718   2    142    280
1958   1042   5    81    477
1959   1590   7    82    92
1960   1654   2    16    343
1961   498   5    55    165
1962   781   6    146    127
1963   1307   7    123    167
1964   81   7    129    200
1965   1067   3    90    452
1966   1371   7    16    188
1967   1606   4    176    439
1968   944   2    176    420
1969   998   5    134    53
1970   891   2    9    106
1971   1570   4    48    356
1972   1186   3    146    442
1973   459   7    24    57
1974   40   3    143    357
1975   2   6    27    109
1976   218   6    81    128
1977   1618   2    98    224
1978   1705   7    109    112
1979   1112   2    91    44
1980   620   5    127    165
1981   1158   4    193    191
1982   1095   2    133    379
1983   624   2    89    138
1984   867   6    79    182
1985   569   4    197    144
1986   1612   6    44    193
1987   883   2    89    352
1988   1039   7    167    415
1989   1694   4    69    250
1990   1946   3    47    134
1991   384   5    134    416
1992   281   7    111    259
1993   471   5    96    114
1994   1737   3    140    459
1995   1730   7    41    12
1996   1614   3    35    256
1997   470   7    131    211
1998   1342   4    188    456
1999   1287   6    133    324
2000   1741   6    15    407
2001   1631   3    167    153
2002   115   7    188    185
2003   695   5    136    25
2004   1154   2    4    483
2005   1801   2    39    336
2006   1360   2    188    334
2007   706   5    81    248
2008   208   6    48    51
2009   1726   6    74    309
2010   1075   2    146    262
2011   768   2    100    102
2012   1997   3    145    186
2013   2002   3    97    491
2014   1959   7    165    358
2015   795   3    104    58
2016   1884   5    124    171
2017   1156   2    146    327
2018   848   5    8    254
2019   1683   4    113    140
2020   1648   3    168    346
2021   1327   7    12    201
2022   1232   3    49    362
2023   1376   5    185    315
2024   2018   5    33    81
2025   146   3    195    408
2026   1991   2    176    213
2027   1646   6    133    144
2028   551   7    6    175
2029   31   4    78    186
2030   1838   6    131    249
2031   654   3    148    76
2032   1965   6    112    54
2033   1344   4    4    66
2034   921   7    137    207
2035   1674   7    156    374
2036   27   7    64    331
2037   1141   4    136    491
2038   445   3    2    288
2039   1984   7    11    248
2040   711   2    44    35
2041   710   5    159    83
2042   743   4    153    245
2043   171   6    192    35
2044   1519   3    156    313
2045   1835   7    58    4
2046   1008   2    94    478
2047   1128   7    184    199
2048   866   6    68    418
