1   0   4    17    26
2   1   5    85    383
3   1   6    51    109
4   1   2    35    448
5   1   6    52    470
6   2   4    17    273
7   1   2    103    480
8   2   5    114    83
9   5   2    95    84
10   7   5    106    482
11   4   5    197    119
12   6   2    194    169
13   9   3    27    440
14   12   6    174    304
15   13   2    35    404
16   14   7    14    268
17   12   4    163    78
18   1   3    144    178
19   16   2    94    198
20   7   2    104    216
21   17   4    168    215
22   1   3    118    282
23   3   6    2    98
24   7   4    180    6
25   12   2    64    255
26   23   3    98    258
27   5   7    75    236
28   19   3    55    402
29   26   4    89    95
30   4   2    96    25
31   20   3    37    110
32   1   4    137    35
33   24   2    110    14
34   4   6    72    182
35   5   4    186    376
36   6   2    152    266
37   17   3    85    453
38   9   7    5    133
39   30   3    149    145
40   30   6    112    68
41   37   2    121    443
42   11   6    159    251
43   4   2    143    295
44   25   2    115    109
45   18   7    116    271
46   30   6    28    125
47   41   4    112    448
48   1   6    166    106
49   1   5    106    495
50   26   2    114    416
51   23   2    124    290
52   2   2    107    349
53   18   4    40    351
54   45   5    140    307
55   30   6    183    220
56   36   2    71    499
57   36   7    7    203
58   8   6    152    203
59   8   4    87    385
60   47   7    162    127
61   44   4    12    19
62   57   4    9    42
63   22   3    9    59
64   25   6    59    438
65   6   2    87    4
66   35   2    141    347
67   8   3    61    244
68   2   4    44    385
69   2   5    143    141
70   36   7    19    498
71   3   6    171    490
72   66   3    77    44
73   50   4    48    403
74   45   3    35    360
75   37   3    30    262
76   71   6    91    436
77   73   2    28    122
78   43   2    51    417
79   69   4    6    232
80   23   2    128    179
81   12   5    65    342
82   74   7    24    469
83   27   6    56    151
84   73   6    26    379
85   21   6    119    480
86   42   4    42    69
87   73   4    116    306
88   16   6    52    155
89   64   3    57    415
90   10   4    131    321
91   49   7    137    340
92   48   5    21    140
93   33   5    5    309
94   32   3    53    131
95   32   6    30    351
96   8   4    55    369
97   90   4    135    217
98   57   6    12    260
99   91   2    42    496
100   9   4    71    453
101   26   7    32    427
102   16   2    96    208
103   11   7    118    344
104   19   3    194    69
105   45   5    180    320
106   43   7    33    390
107   96   7    74    340
108   26   7    193    86
109   57   4    132    107
110   5   4    13    66
111   86   7    195    256
112   108   4    127    2
113   84   7    118    446
114   14   6    1    259
115   69   5    107    75
116   111   7    183    132
117   103   6    15    418
118   103   5    34    138
119   105   6    43    28
120   82   5    151    19
121   93   5    64    255
122   94   7    7    218
123   46   5    114    209
124   92   5    10    448
125   34   4    78    197
126   54   2    85    221
127   73   5    173    419
128   78   6    129    216
129   125   5    115    263
130   69   3    142    168
131   51   6    168    375
132   115   2    138    400
133   118   7    154    313
134   22   5    120    498
135   38   7    128    494
136   126   3    177    346
137   119   3    85    400
138   115   6    187    93
139   68   6    27    82
140   79   6    12    120
141   29   2    3    14
142   78   7    54    279
143   58   5    21    23
144   45   7    105    35
145   20   4    57    437
146   140   7    38    424
147   53   6    122    103
148   28   6    84    207
149   8   6    105    239
150   85   4    84    364
151   21   6    118    493
152   128   7    81    46
153   84   6    4    75
154   35   4    117    407
155   98   5    175    128
156   64   6    109    331
157   89   5    186    6
158   30   7    36    275
159   142   7    104    481
160   121   3    174    21
161   41   3    8    166
162   130   4    145    87
163   152   6    92    420
164   50   6    20    421
165   55   2    111    442
166   5   6    157    282
167   53   5    186    339
168   103   7    56    429
169   90   7    133    378
170   66   2    138    199
171   2   3    146    285
172   155   3    112    385
173   90   2    91    482
174   158   7    88    200
175   139   3    137    423
176   108   7    162    228
177   172   6    12    396
178   128   5    56    142
179   75   7    159    30
180   119   7    93    158
181   57   7    154    412
182   147   7    147    427
183   127   4    88    191
184   128   6    7    65
185   177   7    169    320
186   103   3    77    118
187   179   6    20    291
188   50   2    124    281
189   42   4    122    199
190   39   4    37    420
191   64   7    71    115
192   168   5    132    383
193   40   4    25    145
194   32   2    73    402
195   166   5    181    12
196   159   7    147    160
197   141   2    196    218
198   187   4    24    356
199   47   3    136    193
200   8   3    107    330
201   145   4    146    367
202   111   2    104    102
203   37   2    139    334
204   17   2    184    273
205   73   4    161    290
206   15   2    47    73
207   128   7    30    431
208   96   4    110    163
209   91   7    148    391
210   150   3    174    334
211   106   4    45    83
212   179   4    139    288
213   113   6    88    71
214   76   7    122    403
215   58   6    183    494
216   36   6    197    476
217   87   2    115    187
218   31   4    152    300
219   118   6    77    141
220   141   5    148    29
221   179   5    185    109
222   102   6    86    236
223   48   5    111    65
224   50   4    160    378
225   141   5    79    390
226   72   3    22    178
227   120   7    158    289
228   188   7    193    390
229   121   2    128    425
230   137   5    58    308
231   189   7    149    460
232   31   6    147    183
233   64   7    40    90
234   79   4    174    260
235   5   7    45    310
236   35   5    199    304
237   59   3    106    494
238   201   2    106    286
239   21   4    108    391
240   206   4    22    185
241   6   3    181    30
242   48   2    108    186
243   235   5    74    454
244   84   2    50    262
245   24   7    192    102
246   244   4    6    214
247   152   7    95    316
248   220   6    152    259
249   152   3    49    230
250   160   3    147    494
251   96   6    69    64
252   104   4    12    222
253   48   7    54    294
254   66   5    34    256
255   66   5    81    115
256   6   7    4    390
257   121   3    135    217
258   200   7    68    100
259   200   3    75    219
260   69   2    154    449
261   63   4    90    93
262   238   3    177    316
263   92   4    193    375
264   81   2    177    118
265   135   2    147    205
266   86   5    163    477
267   219   7    156    182
268   126   2    126    188
269   17   4    160    40
270   9   7    38    154
271   23   4    122    43
272   1   3    130    276
273   250   6    100    484
274   50   4    140    133
275   249   5    62    151
276   154   4    171    359
277   239   6    146    330
278   53   2    120    20
279   171   6    91    292
280   78   6    84    368
281   268   4    149    421
282   128   4    45    475
283   206   7    34    208
284   94   3    199    18
285   93   6    27    331
286   203   2    10    143
287   209   5    172    310
288   98   2    73    290
289   267   6    45    219
290   102   7    47    38
291   62   2    194    332
292   214   5    22    91
293   106   4    191    381
294   1   6    22    34
295   33   2    105    34
296   140   5    78    344
297   188   4    187    396
298   264   4    113    374
299   53   2    157    85
300   243   2    10    486
301   196   4    141    390
302   1   5    44    268
303   47   5    138    473
304   255   7    177    341
305   109   5    95    179
306   65   5    41    491
307   249   3    125    392
308   93   5    89    401
309   153   6    85    486
310   80   2    30    204
311   10   2    59    216
312   86   4    140    282
313   231   7    152    288
314   148   7    171    88
315   35   2    185    422
316   192   3    6    226
317   54   5    69    459
318   256   2    81    478
319   311   3    64    366
320   128   6    28    429
321   54   6    81    172
322   165   5    31    63
323   241   3    141    398
324   109   5    156    365
325   225   4    59    195
326   200   5    117    487
327   86   3    50    328
328   178   6    136    493
329   137   4    98    455
330   240   3    51    429
331   189   6    6    148
332   265   7    175    173
333   300   3    21    252
334   304   7    65    264
335   140   5    13    358
336   331   3    96    426
337   172   4    5    400
338   141   6    38    491
339   18   5    49    373
340   96   7    173    333
341   141   5    45    371
342   229   7    167    29
343   329   7    97    232
344   37   4    15    62
345   58   6    162    304
346   122   6    100    3
347   183   7    96    271
348   152   7    8    410
349   12   2    53    64
350   231   5    185    426
351   103   6    176    160
352   105   4    82    302
353   94   4    95    13
354   333   2    193    137
355   184   7    173    366
356   147   2    111    474
357   184   7    179    209
358   94   4    132    57
359   283   2    171    433
360   217   5    107    17
361   62   5    4    87
362   91   6    112    131
363   112   2    66    74
364   142   7    100    282
365   260   2    173    467
366   25   7    189    486
367   179   2    157    82
368   10   2    55    292
369   263   7    181    12
370   359   2    37    102
371   300   7    90    37
372   145   3    175    407
373   3   2    49    241
374   212   2    38    76
375   369   4    38    34
376   158   5    99    237
377   178   3    178    439
378   217   2    50    423
379   218   3    182    106
380   267   4    75    408
381   281   2    14    411
382   58   5    88    363
383   26   4    148    432
384   132   6    199    113
385   317   3    9    338
386   91   6    41    1
387   90   7    120    77
388   280   4    29    197
389   216   6    86    232
390   388   5    16    85
391   86   5    12    469
392   6   2    99    24
393   344   2    7    296
394   192   4    128    365
395   198   2    171    230
396   47   5    199    25
397   204   6    18    176
398   75   2    86    200
399   171   3    91    496
400   85   4    90    450
401   354   4    160    497
402   255   2    85    291
403   296   7    124    21
404   288   2    95    230
405   4   4    91    218
406   207   6    66    491
407   251   3    69    343
408   13   2    137    441
409   282   6    143    447
410   344   4    69    136
411   135   4    187    109
412   37   4    98    126
413   267   2    33    427
414   224   5    177    68
415   88   2    56    459
416   394   7    36    411
417   396   5    68    155
418   36   4    38    240
419   151   3    70    277
420   334   3    10    144
421   368   7    184    111
422   14   7    172    352
423   292   5    139    195
424   120   3    83    88
425   125   3    27    354
426   12   3    65    132
427   293   6    122    11
428   111   2    109    387
429   236   3    146    284
430   47   2    98    219
431   150   6    133    109
432   289   3    141    98
433   341   7    113    38
434   405   7    127    280
435   300   4    149    445
436   50   6    17    218
437   112   4    151    161
438   21   3    172    266
439   226   6    81    409
440   398   3    50    67
441   362   7    151    32
442   201   3    197    264
443   157   5    12    65
444   66   2    124    436
445   389   6    89    40
446   284   7    185    172
447   82   5    73    130
448   265   5    163    367
449   268   3    154    267
450   324   7    69    249
451   396   6    20    77
452   424   7    140    39
453   433   3    33    22
454   33   6    119    181
455   263   4    181    201
456   98   5    59    293
457   220   4    189    150
458   284   3    138    483
459   444   5    130    499
460   446   2    7    462
461   27   4    51    373
462   326   3    106    449
463   450   2    55    421
464   80   4    16    172
465   390   2    2    355
466   194   5    72    85
467   17   3    130    292
468   344   7    129    483
469   235   7    44    401
470   140   5    70    253
471   183   3    151    420
472   37   5    42    342
473   411   5    197    417
474   421   4    141    286
475   306   7    113    182
476   155   2    22    220
477   116   4    113    150
478   332   7    119    261
479   86   4    155    353
480   123   4    53    294
481   302   3    194    486
482   322   7    136    30
483   466   3    42    114
484   166   5    140    470
485   99   4    167    107
486   131   6    136    339
487   388   7    32    284
488   247   4    153    453
489   246   3    184    98
490   354   4    104    408
491   305   3    115    17
492   176   6    80    332
493   348   6    174    233
494   392   6    54    2
495   421   7    188    344
496   244   6    30    321
497   260   5    168    207
498   101   5    71    284
499   460   3    71    315
500   340   3    59    22
501   255   3    83    295
502   8   5    57    359
503   182   4    199    409
504   425   4    58    95
505   273   4    57    403
506   301   3    164    71
507   425   7    110    432
508   324   3    93    386
509   458   4    58    123
510   419   7    79    69
511   183   3    42    1
512   273   2    54    360
513   300   5    163    99
514   282   3    155    421
515   364   3    118    319
516   262   4    54    151
517   415   5    171    269
518   162   6    149    419
519   442   2    188    340
520   495   6    197    207
521   422   5    99    3
522   192   7    24    458
523   15   5    122    339
524   295   5    156    94
525   120   4    24    451
526   495   5    156    118
527   262   7    152    91
528   417   6    172    493
529   248   4    58    198
530   18   3    196    52
531   482   7    142    495
532   60   6    146    227
533   390   6    130    44
534   337   7    97    388
535   481   3    61    198
536   6   2    108    115
537   135   4    55    124
538   20   2    43    462
539   263   7    100    482
540   290   3    57    27
541   340   5    78    39
542   303   3    119    384
543   303   7    73    174
544   115   5    78    450
545   465   2    139    226
546   75   3    72    79
547   38   2    51    475
548   469   3    123    79
549   355   7    70    480
550   226   6    199    200
551   150   7    189    297
552   544   4    112    64
553   90   7    132    161
554   143   5    18    100
555   345   3    13    257
556   415   4    128    335
557   520   3    120    443
558   385   3    99    166
559   14   6    194    231
560   175   4    9    49
561   366   5    22    41
562   420   7    131    402
563   115   2    193    204
564   52   7    13    212
565   403   2    159    495
566   235   6    142    45
567   506   7    148    379
568   94   6    96    28
569   420   7    179    209
570   409   2    198    498
571   73   7    7    43
572   25   5    4    264
573   260   7    152    67
574   165   3    155    462
575   388   7    85    262
576   316   7    154    103
577   296   3    15    101
578   129   2    156    38
579   167   4    63    232
580   219   6    120    75
581   145   2    43    168
582   99   5    55    381
583   419   5    21    144
584   243   3    133    478
585   307   2    112    405
586   202   2    15    390
587   467   4    74    183
588   168   3    179    317
589   90   6    82    266
590   102   3    180    119
591   460   7    96    437
592   221   5    98    65
593   501   5    157    263
594   297   4    113    92
595   425   3    131    287
596   17   2    49    260
597   233   3    161    410
598   284   5    110    234
599   296   2    43    460
600   516   5    125    306
601   310   3    181    248
602   320   5    171    336
603   60   7    157    217
604   317   7    122    125
605   431   7    134    240
606   265   6    3    81
607   486   2    56    316
608   113   3    153    28
609   476   7    2    239
610   160   5    36    16
611   222   2    162    145
612   91   7    69    183
613   590   6    103    275
614   74   7    199    384
615   552   3    42    432
616   102   4    86    350
617   232   2    30    477
618   3   2    36    240
619   168   5    13    174
620   333   6    136    257
621   38   2    81    266
622   157   7    90    99
623   370   6    22    73
624   109   4    82    128
625   270   6    181    128
626   60   4    179    424
627   340   5    61    369
628   494   3    138    248
629   627   4    148    293
630   626   7    66    378
631   212   5    17    74
632   523   6    165    192
633   358   4    34    3
634   157   3    189    62
635   467   7    89    452
636   550   5    69    155
637   598   2    100    477
638   236   6    15    56
639   598   7    4    284
640   170   4    50    62
641   545   2    115    98
642   492   3    94    31
643   463   6    187    269
644   436   7    142    467
645   155   4    58    271
646   505   3    83    192
647   128   6    120    6
648   583   6    8    201
649   588   7    86    118
650   189   4    36    133
651   563   5    40    22
652   617   7    62    262
653   121   2    188    127
654   608   2    103    2
655   511   2    163    378
656   536   4    194    381
657   440   3    159    212
658   52   5    113    211
659   390   3    7    367
660   640   5    112    155
661   411   3    178    48
662   113   5    65    112
663   516   2    198    305
664   645   3    110    442
665   464   3    178    166
666   384   2    189    331
667   108   5    41    203
668   490   2    127    421
669   101   5    45    63
670   131   2    58    75
671   336   3    178    91
672   358   5    173    397
673   106   7    113    25
674   170   7    187    371
675   431   3    58    95
676   566   4    96    476
677   461   3    117    30
678   359   7    180    464
679   22   5    139    440
680   39   4    16    17
681   679   2    86    179
682   283   2    32    163
683   322   6    172    216
684   329   5    104    125
685   155   4    53    149
686   438   2    178    375
687   192   6    51    228
688   314   4    81    249
689   573   2    106    390
690   54   6    12    19
691   115   4    187    210
692   264   3    122    228
693   251   4    75    100
694   223   6    55    370
695   105   4    100    411
696   664   5    175    435
697   203   3    27    420
698   142   5    161    273
699   101   6    5    157
700   177   3    66    475
701   333   6    49    434
702   513   4    147    462
703   324   3    198    388
704   681   7    183    205
705   115   5    20    292
706   684   4    133    322
707   675   6    28    54
708   119   4    178    165
709   698   5    112    428
710   322   7    3    322
711   124   3    135    437
712   646   7    169    468
713   594   5    73    95
714   280   6    106    7
715   40   6    171    13
716   240   6    33    158
717   296   4    123    178
718   66   6    17    150
719   118   4    150    253
720   255   5    100    367
721   391   6    35    487
722   610   7    58    399
723   225   5    14    30
724   622   2    195    499
725   201   4    9    209
726   708   4    31    150
727   11   3    86    71
728   593   2    82    110
729   634   3    143    22
730   712   5    121    493
731   329   2    67    337
732   715   5    86    449
733   74   4    44    172
734   444   6    54    17
735   537   4    2    356
736   49   2    198    286
737   327   4    82    310
738   479   3    178    126
739   534   6    101    144
740   56   4    121    239
741   148   5    148    218
742   75   4    2    451
743   424   4    132    193
744   389   5    10    323
745   586   4    135    319
746   264   5    129    69
747   213   2    181    21
748   328   3    143    456
749   299   5    4    491
750   23   4    129    302
751   717   2    113    406
752   300   4    18    136
753   112   7    89    324
754   704   2    150    282
755   303   2    79    452
756   573   3    47    355
757   584   3    136    408
758   357   6    6    330
759   78   7    192    283
760   610   4    39    268
761   552   6    107    401
762   589   3    87    297
763   332   6    120    165
764   614   6    184    328
765   301   2    73    341
766   380   5    147    358
767   292   3    134    107
768   16   3    16    475
769   702   6    44    200
770   684   3    55    205
771   67   2    7    86
772   391   4    152    474
773   759   4    43    74
774   223   6    135    192
775   564   2    83    486
776   656   4    118    283
777   119   5    178    256
778   340   6    182    105
779   458   7    65    403
780   9   3    122    414
781   443   4    113    292
782   160   6    36    236
783   254   2    45    289
784   700   4    66    428
785   727   7    26    83
786   334   4    21    312
787   231   7    73    410
788   688   3    147    7
789   76   5    150    404
790   667   3    34    111
791   423   3    171    77
792   589   3    121    285
793   709   4    195    167
794   652   7    36    26
795   631   7    141    239
796   112   5    33    290
797   296   4    189    465
798   718   5    162    169
799   440   7    156    237
800   741   3    96    356
801   30   6    2    490
802   415   4    122    203
803   187   4    97    421
804   98   4    125    277
805   537   6    63    112
806   380   2    141    154
807   704   5    123    457
808   629   7    18    433
809   655   6    193    76
810   152   4    86    470
811   803   3    87    152
812   673   6    115    24
813   512   3    165    242
814   607   6    47    333
815   584   2    150    435
816   696   6    40    330
817   338   3    150    492
818   517   7    102    450
819   633   3    140    307
820   291   6    41    237
821   351   5    135    240
822   503   4    80    263
823   366   7    134    411
824   22   3    48    122
825   357   5    108    362
826   386   6    139    286
827   651   6    70    161
828   516   2    68    194
829   506   6    109    210
830   58   3    114    408
831   384   4    16    274
832   200   6    107    90
833   518   3    170    312
834   441   2    11    289
835   241   3    162    393
836   245   5    196    442
837   755   6    80    471
838   34   7    49    336
839   166   6    13    28
840   755   2    57    463
841   111   5    100    96
842   392   6    145    59
843   819   6    154    339
844   302   7    76    402
845   520   7    109    82
846   268   3    100    349
847   843   7    69    431
848   470   6    131    266
849   781   5    90    442
850   767   6    143    491
851   109   2    122    204
852   429   3    20    45
853   352   4    45    265
854   155   7    110    72
855   669   7    119    44
856   192   3    197    94
857   554   7    7    275
858   248   4    163    384
859   403   5    136    473
860   779   7    189    139
861   425   7    133    237
862   205   4    138    196
863   2   6    114    42
864   455   4    175    275
865   642   3    45    244
866   545   6    198    468
867   75   3    61    286
868   270   6    30    413
869   129   4    156    6
870   644   5    157    127
871   224   3    121    256
872   734   3    84    315
873   148   2    183    454
874   568   2    21    32
875   157   6    45    197
876   233   6    16    419
877   113   2    7    190
878   821   5    82    211
879   580   2    113    385
880   845   2    102    480
881   234   5    67    472
882   843   3    128    289
883   491   2    50    262
884   197   5    66    130
885   127   2    184    241
886   165   3    131    406
887   818   2    144    71
888   557   4    4    267
889   107   5    40    471
890   29   4    19    449
891   706   4    129    69
892   271   6    154    362
893   311   2    59    171
894   365   6    138    435
895   530   4    30    439
896   147   2    76    163
897   578   6    46    271
898   226   7    195    415
899   82   2    94    421
900   602   7    68    96
901   366   6    55    14
902   58   4    5    189
903   204   7    108    343
904   902   7    73    271
905   586   7    147    185
906   360   3    64    168
907   419   6    38    69
908   108   5    185    182
909   744   2    146    199
910   485   4    183    422
911   818   2    122    104
912   171   3    140    179
913   699   2    190    439
914   58   3    46    368
915   177   4    166    255
916   153   5    172    325
917   637   6    7    187
918   729   7    123    369
919   475   6    71    105
920   468   6    142    498
921   243   2    39    329
922   908   4    108    47
923   138   7    134    306
924   519   6    14    427
925   245   5    188    365
926   175   4    160    265
927   349   2    35    354
928   354   6    141    150
929   881   6    81    20
930   364   7    14    74
931   593   3    48    42
932   915   3    54    472
933   216   4    8    446
934   471   7    191    292
935   408   3    76    218
936   896   4    124    141
937   835   4    172    123
938   408   2    129    384
939   179   4    92    417
940   794   7    123    189
941   129   2    197    3
942   354   3    196    18
943   216   6    104    46
944   152   3    184    450
945   373   6    157    21
946   112   5    28    328
947   611   7    119    93
948   711   6    162    252
949   155   5    161    380
950   420   4    3    354
951   345   4    82    372
952   456   2    60    178
953   334   4    136    388
954   280   5    121    172
955   593   5    187    207
956   430   2    38    180
957   891   7    29    167
958   104   2    124    194
959   809   6    160    320
960   192   5    181    99
961   375   4    143    112
962   237   3    52    5
963   874   2    42    480
964   222   7    168    219
965   841   7    39    308
966   458   6    32    41
967   262   6    5    50
968   123   5    151    126
969   570   4    5    70
970   773   3    121    220
971   634   2    132    269
972   860   7    65    446
973   241   6    97    309
974   197   2    104    104
975   164   5    66    388
976   841   4    19    284
977   631   6    129    47
978   248   3    192    169
979   873   4    115    54
980   150   6    95    457
981   94   4    82    300
982   95   7    172    220
983   825   6    186    224
984   326   5    64    346
985   335   6    95    471
986   387   6    67    222
987   940   3    55    224
988   286   7    17    245
989   943   6    182    258
990   192   3    140    220
991   619   4    175    138
992   500   6    95    185
993   688   6    29    378
994   895   3    98    375
995   784   4    9    263
996   115   6    97    452
997   696   7    190    454
998   418   4    18    2
999   745   7    177    141
1000   325   4    110    379
1001   190   3    104    194
1002   993   7    136    260
1003   580   7    163    155
1004   34   5    30    449
1005   653   5    157    24
1006   322   5    147    495
1007   38   3    181    204
1008   82   4    28    168
1009   581   7    105    107
1010   532   6    163    148
1011   453   5    72    98
1012   226   3    60    166
1013   184   4    47    451
1014   736   2    113    106
1015   1010   3    101    271
1016   353   6    10    429
1017   260   2    44    372
1018   911   3    138    103
1019   884   5    84    98
1020   797   5    124    123
1021   923   5    116    163
1022   185   6    76    209
1023   73   4    141    200
1024   34   4    113    424
1025   91   4    124    447
1026   926   6    149    25
1027   712   4    28    479
1028   568   7    159    189
1029   255   6    124    226
1030   427   4    90    129
1031   410   2    103    389
1032   317   6    190    51
1033   312   6    79    134
1034   684   4    24    397
1035   111   5    153    13
1036   723   4    188    2
1037   108   5    157    124
1038   575   7    65    312
1039   599   7    137    406
1040   78   4    142    328
1041   494   5    131    439
1042   738   3    188    239
1043   419   5    94    62
1044   792   2    80    63
1045   564   4    80    340
1046   597   5    9    468
1047   972   6    80    392
1048   278   4    135    214
1049   952   6    75    5
1050   648   2    147    419
1051   888   7    157    112
1052   923   4    92    392
1053   300   3    83    448
1054   457   6    177    152
1055   575   6    5    158
1056   358   4    35    126
1057   734   5    27    464
1058   946   7    197    214
1059   846   6    72    312
1060   801   3    136    406
1061   54   2    56    324
1062   117   2    113    385
1063   710   2    91    124
1064   333   3    173    2
1065   220   7    103    452
1066   420   4    44    118
1067   1009   2    137    343
1068   74   5    98    71
1069   295   6    54    439
1070   496   6    140    100
1071   62   5    174    224
1072   123   6    41    442
1073   510   4    12    101
1074   640   5    75    475
1075   1013   3    110    264
1076   303   2    53    124
1077   370   5    149    433
1078   886   6    131    206
1079   396   6    110    202
1080   183   7    60    77
1081   622   6    88    106
1082   941   6    3    96
1083   797   3    159    100
1084   308   3    8    305
1085   751   5    90    404
1086   849   2    113    92
1087   988   2    59    474
1088   14   5    17    258
1089   483   2    17    241
1090   468   4    25    496
1091   119   3    95    477
1092   880   5    191    417
1093   567   6    71    442
1094   1066   5    131    484
1095   415   2    114    437
1096   714   6    60    404
1097   657   2    25    412
1098   287   7    159    457
1099   13   5    158    5
1100   234   3    2    148
1101   825   2    178    418
1102   176   3    43    196
1103   839   4    57    157
1104   555   4    93    381
1105   516   5    61    444
1106   1103   4    19    414
1107   429   4    158    29
1108   1026   4    35    178
1109   1079   4    102    32
1110   1042   6    166    60
1111   933   3    194    280
1112   805   5    167    185
1113   172   4    102    498
1114   880   3    102    140
1115   684   3    97    83
1116   92   7    125    28
1117   560   2    130    219
1118   85   5    76    264
1119   1097   5    162    55
1120   360   5    73    27
1121   370   5    64    371
1122   805   4    97    428
1123   25   7    137    489
1124   277   3    85    352
1125   265   5    18    477
1126   510   4    58    5
1127   829   2    171    330
1128   27   2    12    426
1129   602   6    128    8
1130   935   6    26    413
1131   97   4    145    229
1132   614   6    166    7
1133   68   6    122    20
1134   233   5    24    5
1135   81   4    90    221
1136   344   3    70    491
1137   1004   2    114    440
1138   1113   6    118    181
1139   409   7    117    483
1140   872   6    188    277
1141   1035   2    62    26
1142   138   6    113    372
1143   1060   6    4    450
1144   370   7    167    68
1145   778   3    110    101
1146   1050   3    198    143
1147   444   3    197    175
1148   170   2    42    151
1149   75   4    139    7
1150   1008   4    39    137
1151   222   5    178    287
1152   191   5    76    337
1153   966   4    120    233
1154   703   2    49    278
1155   155   2    185    141
1156   197   7    28    258
1157   53   2    123    162
1158   605   3    175    181
1159   1086   6    116    44
1160   948   2    167    49
1161   376   7    6    400
1162   845   7    64    496
1163   666   4    199    104
1164   967   7    138    129
1165   102   2    135    62
1166   637   6    146    45
1167   654   2    7    274
1168   779   7    169    488
1169   369   2    108    375
1170   702   5    33    468
1171   620   5    187    174
1172   862   3    137    50
1173   649   4    54    435
1174   854   6    26    264
1175   702   4    137    370
1176   43   6    77    432
1177   878   2    38    441
1178   642   6    143    454
1179   626   6    109    289
1180   196   3    179    84
1181   462   3    18    91
1182   115   7    51    143
1183   471   3    137    45
1184   813   2    30    379
1185   449   2    96    154
1186   231   4    168    93
1187   835   2    15    238
1188   365   6    79    407
1189   75   3    1    470
1190   412   2    57    179
1191   404   7    133    436
1192   500   3    27    335
1193   743   3    22    444
1194   145   3    92    410
1195   632   6    38    216
1196   253   7    23    304
1197   312   6    21    421
1198   411   5    136    380
1199   877   2    165    173
1200   1043   6    145    283
1201   874   2    112    242
1202   351   4    136    88
1203   1039   4    160    261
1204   208   6    126    351
1205   838   3    47    407
1206   1135   5    182    125
1207   750   7    32    218
1208   37   2    3    167
1209   546   5    61    280
1210   385   2    45    336
1211   2   4    29    125
1212   1049   5    199    34
1213   288   7    86    392
1214   330   2    101    39
1215   616   5    197    231
1216   466   7    92    138
1217   869   7    117    416
1218   196   2    52    168
1219   1086   2    63    274
1220   787   4    137    234
1221   385   7    144    303
1222   1028   6    6    193
1223   1168   7    74    127
1224   1214   4    172    335
1225   1041   2    163    378
1226   578   2    93    474
1227   543   4    9    364
1228   1059   2    105    288
1229   387   3    6    109
1230   205   4    155    99
1231   597   7    192    436
1232   97   7    144    281
1233   1078   6    62    411
1234   228   3    6    378
1235   472   6    9    368
1236   1023   4    19    323
1237   507   3    25    151
1238   559   2    140    39
1239   479   6    52    114
1240   288   3    173    297
1241   403   7    136    347
1242   324   6    125    297
1243   1006   2    39    82
1244   790   5    80    314
1245   283   2    100    244
1246   502   7    152    192
1247   619   7    106    259
1248   1021   6    100    322
1249   689   6    11    7
1250   413   2    16    85
1251   1002   3    107    334
1252   49   2    159    301
1253   469   4    99    473
1254   858   6    102    123
1255   949   7    198    82
1256   672   7    193    86
1257   624   7    116    282
1258   1174   7    150    216
1259   383   6    136    320
1260   797   3    103    285
1261   215   4    193    79
1262   1030   6    116    295
1263   253   5    129    172
1264   1237   7    26    167
1265   1111   3    164    484
1266   225   6    39    54
1267   415   3    192    171
1268   690   2    103    34
1269   448   3    23    317
1270   532   7    178    417
1271   764   7    166    361
1272   253   6    94    341
1273   472   2    184    439
1274   352   4    56    79
1275   765   2    110    276
1276   132   7    12    130
1277   939   3    111    497
1278   1113   3    99    353
1279   512   7    194    313
1280   640   5    15    320
1281   852   3    118    170
1282   1058   3    189    55
1283   717   2    52    88
1284   1134   5    172    63
1285   546   5    25    19
1286   629   5    197    487
1287   391   5    51    323
1288   216   3    154    483
1289   120   6    180    212
1290   1092   2    163    160
1291   235   4    69    266
1292   834   6    83    243
1293   38   2    125    346
1294   226   3    52    59
1295   897   4    51    39
1296   945   5    32    72
1297   463   3    21    468
1298   1134   2    73    140
1299   1246   4    90    327
1300   351   4    87    21
1301   1166   7    143    427
1302   1265   5    162    452
1303   281   2    121    247
1304   850   4    175    148
1305   796   4    55    481
1306   375   5    100    241
1307   1003   3    66    234
1308   1203   4    100    492
1309   856   4    9    372
1310   590   4    72    479
1311   931   5    34    269
1312   1195   2    87    232
1313   1068   6    159    240
1314   979   6    172    116
1315   1196   7    180    451
1316   6   7    111    263
1317   459   2    132    95
1318   545   4    156    478
1319   333   2    66    43
1320   818   2    64    211
1321   457   2    22    415
1322   1127   5    117    67
1323   1181   3    3    495
1324   1202   6    163    426
1325   239   7    124    363
1326   554   4    34    67
1327   175   2    179    292
1328   1170   3    132    169
1329   1271   5    147    188
1330   702   5    139    250
1331   761   7    166    143
1332   1207   6    77    53
1333   972   2    48    189
1334   1329   4    161    187
1335   1286   3    80    41
1336   949   3    39    447
1337   883   4    81    40
1338   775   3    58    345
1339   331   2    138    60
1340   125   5    140    98
1341   550   6    91    217
1342   576   5    131    241
1343   925   7    189    483
1344   559   7    110    296
1345   363   5    91    466
1346   1028   7    61    228
1347   238   3    24    414
1348   964   5    71    112
1349   384   3    34    323
1350   738   2    178    21
1351   843   6    45    195
1352   1292   6    175    392
1353   746   4    105    289
1354   746   4    162    159
1355   1311   2    34    100
1356   752   3    139    76
1357   237   2    7    439
1358   1043   7    123    379
1359   443   6    76    360
1360   548   4    15    9
1361   161   6    80    169
1362   79   7    63    190
1363   321   6    183    44
1364   187   5    138    250
1365   1268   2    135    139
1366   1242   7    110    173
1367   443   5    90    175
1368   583   7    96    98
1369   1049   6    55    117
1370   431   2    137    300
1371   743   4    103    306
1372   239   6    92    464
1373   399   3    182    291
1374   707   6    36    226
1375   80   7    140    86
1376   717   2    85    452
1377   1150   6    141    411
1378   652   5    177    364
1379   61   7    120    62
1380   60   7    14    384
1381   403   4    38    140
1382   20   5    94    68
1383   774   5    72    194
1384   198   7    61    465
1385   56   6    191    156
1386   617   3    58    224
1387   630   2    129    379
1388   784   7    91    381
1389   717   5    12    241
1390   534   2    181    213
1391   35   3    161    332
1392   697   6    126    188
1393   1097   7    93    23
1394   539   6    168    401
1395   1322   2    70    129
1396   1228   2    6    335
1397   836   3    16    4
1398   936   6    177    11
1399   167   6    82    248
1400   699   3    1    108
1401   585   5    74    19
1402   1346   6    110    300
1403   1152   3    197    135
1404   551   2    192    390
1405   904   2    182    438
1406   562   7    15    435
1407   1236   6    127    295
1408   83   6    75    189
1409   206   7    52    145
1410   210   2    145    34
1411   989   4    189    11
1412   868   6    172    111
1413   313   2    142    330
1414   404   7    16    246
1415   120   4    105    165
1416   56   2    47    72
1417   659   6    192    380
1418   944   7    152    453
1419   101   4    142    121
1420   1074   2    2    345
1421   993   4    51    449
1422   466   4    8    233
1423   1298   3    193    66
1424   836   2    135    207
1425   269   7    44    217
1426   179   4    36    269
1427   99   4    135    468
1428   1327   7    142    321
1429   652   7    157    343
1430   414   2    193    484
1431   862   7    157    211
1432   954   5    72    33
1433   321   3    176    54
1434   57   3    172    255
1435   1082   5    125    217
1436   1360   5    124    174
1437   82   7    165    176
1438   1103   6    45    83
1439   810   6    174    66
1440   771   3    103    215
1441   1189   4    165    387
1442   536   7    181    209
1443   657   2    89    130
1444   1369   3    98    148
1445   470   4    33    373
1446   691   7    145    254
1447   620   4    58    367
1448   782   5    100    395
1449   848   6    35    366
1450   819   2    138    294
1451   707   6    66    356
1452   740   5    10    230
1453   715   5    112    235
1454   1079   4    110    446
1455   313   7    54    41
1456   49   7    80    324
1457   1322   7    157    238
1458   273   2    173    319
1459   878   4    30    170
1460   497   3    89    6
1461   1003   6    173    202
1462   945   4    129    419
1463   563   5    188    372
1464   788   5    112    377
1465   1015   6    11    420
1466   1243   6    48    81
1467   1041   3    193    62
1468   965   6    21    483
1469   1187   3    152    211
1470   1090   2    56    181
1471   738   2    48    426
1472   949   4    144    39
1473   270   6    67    451
1474   21   5    22    445
1475   878   5    46    368
1476   1306   6    81    251
1477   1020   3    26    24
1478   923   6    30    161
1479   734   4    189    329
1480   50   7    145    84
1481   890   7    198    374
1482   661   6    93    76
1483   647   6    198    393
1484   207   2    195    111
1485   278   2    190    197
1486   1445   2    193    266
1487   555   5    55    320
1488   756   4    139    311
1489   1417   4    90    250
1490   1436   6    4    244
1491   796   3    163    337
1492   60   2    2    113
1493   595   3    187    249
1494   751   6    76    455
1495   1438   4    159    336
1496   88   7    120    298
1497   347   6    158    235
1498   401   5    199    327
1499   663   6    49    368
1500   1324   2    31    223
1501   34   4    126    275
1502   9   7    102    458
1503   192   6    78    106
1504   5   5    37    414
1505   197   4    1    325
1506   326   5    100    407
1507   984   4    2    300
1508   77   4    105    6
1509   1258   2    36    448
1510   1068   6    47    239
1511   1438   5    60    91
1512   362   3    187    131
1513   1299   4    139    76
1514   974   6    48    130
1515   519   5    177    292
1516   304   5    192    6
1517   148   2    16    315
1518   1285   7    189    49
1519   688   3    157    196
1520   1300   2    117    231
1521   827   2    162    406
1522   446   7    60    31
1523   1174   4    57    451
1524   723   7    155    474
1525   224   6    34    6
1526   47   4    41    102
1527   473   6    55    273
1528   877   3    86    241
1529   1453   3    184    11
1530   761   7    193    481
1531   1232   5    165    398
1532   534   3    19    121
1533   1348   7    184    340
1534   1419   3    71    353
1535   1082   5    150    97
1536   1029   2    30    206
1537   1356   4    37    97
1538   741   7    96    425
1539   554   7    125    265
1540   1074   5    77    414
1541   1330   3    100    414
1542   572   6    27    7
1543   1218   5    86    13
1544   655   5    129    20
1545   141   6    4    35
1546   1311   7    181    474
1547   396   4    153    486
1548   708   4    119    111
1549   350   5    18    47
1550   61   2    120    1
1551   861   2    159    319
1552   587   3    71    19
1553   272   6    141    19
1554   321   5    47    237
1555   1274   4    6    272
1556   472   4    74    212
1557   141   7    155    291
1558   1028   6    123    105
1559   127   4    154    283
1560   1285   3    136    362
1561   340   6    42    360
1562   91   2    113    105
1563   833   7    14    403
1564   799   6    97    385
1565   796   6    153    142
1566   1011   2    15    94
1567   62   5    96    469
1568   1300   7    98    420
1569   115   7    3    64
1570   992   5    176    355
1571   693   6    70    81
1572   1428   4    51    192
1573   534   5    116    373
1574   1196   2    87    98
1575   534   3    135    396
1576   1156   4    154    218
1577   92   6    72    360
1578   987   4    130    387
1579   690   2    171    408
1580   1465   5    164    313
1581   1418   5    87    454
1582   492   5    135    145
1583   482   2    149    404
1584   749   4    155    290
1585   1219   7    67    200
1586   1150   4    95    401
1587   386   4    91    460
1588   499   2    104    333
1589   779   4    34    460
1590   1235   6    1    272
1591   1176   4    172    137
1592   553   7    8    8
1593   400   4    101    387
1594   72   3    182    109
1595   980   4    163    52
1596   577   4    75    232
1597   748   5    174    187
1598   155   4    22    354
1599   44   7    71    495
1600   896   2    170    301
1601   55   4    99    485
1602   691   6    23    13
1603   869   6    89    241
1604   767   3    109    356
1605   529   7    12    238
1606   436   7    124    176
1607   264   3    89    70
1608   510   3    194    489
1609   346   5    155    48
1610   1074   3    137    49
1611   204   4    174    231
1612   655   3    8    297
1613   1407   5    116    161
1614   1211   2    184    268
1615   1135   3    44    94
1616   125   3    37    280
1617   281   2    28    20
1618   142   6    21    353
1619   695   4    33    410
1620   1514   6    147    97
1621   1127   4    45    155
1622   1347   6    53    407
1623   958   6    170    497
1624   48   2    19    174
1625   755   3    157    42
1626   1566   7    186    330
1627   1539   6    64    287
1628   857   2    22    450
1629   1230   5    69    443
1630   1567   4    40    273
1631   1614   6    153    415
1632   41   6    50    74
1633   229   7    92    27
1634   1402   6    135    432
1635   1300   3    86    138
1636   938   2    45    228
1637   747   3    139    138
1638   10   6    12    223
1639   1105   3    60    250
1640   386   7    127    96
1641   580   3    110    269
1642   507   7    136    158
1643   34   2    98    167
1644   229   3    169    481
1645   708   5    164    344
1646   1642   4    198    345
1647   433   5    162    486
1648   388   5    111    436
1649   339   5    63    247
1650   435   3    192    28
1651   1463   3    197    120
1652   922   3    44    431
1653   645   7    165    71
1654   183   6    95    230
1655   1262   5    34    31
1656   1002   6    128    226
1657   294   4    121    399
1658   1592   2    199    454
1659   303   6    103    380
1660   977   4    67    249
1661   1635   7    59    139
1662   1021   6    27    306
1663   270   5    41    115
1664   670   3    71    324
1665   895   2    59    106
1666   189   3    78    487
1667   1378   6    42    199
1668   1368   2    68    478
1669   1515   4    185    469
1670   1609   6    188    412
1671   1375   6    60    450
1672   992   6    80    389
1673   1205   6    72    366
1674   1341   6    57    471
1675   1235   7    10    274
1676   837   6    175    382
1677   630   5    119    54
1678   781   2    139    202
1679   1165   4    178    152
1680   857   6    104    257
1681   979   6    48    403
1682   205   6    184    54
1683   926   2    197    313
1684   15   3    17    267
1685   339   5    124    25
1686   791   5    11    408
1687   1484   4    128    356
1688   295   6    36    281
1689   1033   3    178    499
1690   347   4    51    349
1691   260   5    129    39
1692   1420   6    116    295
1693   585   5    74    296
1694   380   4    96    187
1695   1528   5    170    446
1696   904   5    106    51
1697   1082   6    11    269
1698   961   7    194    68
1699   1618   2    22    329
1700   261   2    73    482
1701   1696   3    65    390
1702   992   6    80    130
1703   330   7    188    162
1704   1296   3    70    332
1705   1641   7    80    402
1706   1562   7    40    234
1707   626   5    15    77
1708   1659   4    5    410
1709   979   3    67    115
1710   228   7    2    338
1711   909   5    197    435
1712   245   3    188    2
1713   342   3    143    3
1714   195   7    197    358
1715   213   4    146    323
1716   1689   6    30    333
1717   1620   2    55    145
1718   1295   7    55    348
1719   1503   4    83    21
1720   366   4    94    165
1721   360   3    189    498
1722   417   6    161    190
1723   340   3    143    127
1724   1136   2    43    56
1725   1592   3    143    410
1726   288   5    187    51
1727   469   5    54    413
1728   440   5    71    448
1729   277   2    150    313
1730   796   4    151    13
1731   570   7    133    43
1732   496   4    194    263
1733   453   7    107    98
1734   584   7    106    201
1735   1251   6    191    5
1736   110   5    47    104
1737   1206   4    2    470
1738   475   4    27    462
1739   1327   7    20    141
1740   927   6    40    496
1741   661   3    47    436
1742   903   2    109    201
1743   899   4    171    491
1744   1162   5    193    321
1745   967   7    65    481
1746   837   7    19    32
1747   421   5    53    333
1748   133   2    161    228
1749   878   2    103    160
1750   744   2    99    70
1751   1554   4    174    270
1752   508   4    125    280
1753   579   2    146    262
1754   1115   6    72    272
1755   1295   3    109    257
1756   321   4    48    469
1757   1644   3    150    412
1758   1181   3    126    55
1759   1414   6    117    276
1760   1369   6    30    30
1761   1737   5    153    176
1762   1356   4    82    7
1763   209   4    11    143
1764   1004   7    61    179
1765   76   5    124    174
1766   1380   5    60    281
1767   621   7    128    33
1768   1248   4    84    486
1769   1248   3    22    7
1770   645   6    55    40
1771   1056   6    41    481
1772   525   7    62    246
1773   484   7    162    93
1774   20   5    93    215
1775   1166   2    39    111
1776   335   4    80    194
1777   1459   2    48    374
1778   1726   3    50    360
1779   259   3    65    283
1780   887   6    59    31
1781   559   3    19    186
1782   32   2    146    461
1783   1428   6    27    134
1784   841   2    62    338
1785   25   6    58    125
1786   1708   6    74    444
1787   881   3    83    438
1788   961   5    35    467
1789   1007   3    116    21
1790   829   6    15    178
1791   372   3    46    322
1792   494   6    36    257
1793   1142   7    107    124
1794   710   3    152    268
1795   633   7    152    406
1796   1493   4    154    308
1797   1655   7    181    349
1798   244   6    138    224
1799   605   4    170    473
1800   793   4    104    418
1801   334   5    35    126
1802   972   6    110    55
1803   796   4    111    286
1804   400   7    197    90
1805   1187   6    130    161
1806   1605   3    62    206
1807   821   2    184    56
1808   1048   3    147    212
1809   237   5    71    51
1810   550   3    40    305
1811   266   3    26    377
1812   818   4    41    257
1813   692   6    12    448
1814   1668   4    177    225
1815   360   6    152    36
1816   994   3    135    260
1817   279   3    76    112
1818   283   4    75    144
1819   91   3    3    100
1820   705   2    48    463
1821   1537   6    67    92
1822   814   6    63    198
1823   688   5    59    361
1824   69   7    41    335
1825   1157   6    102    158
1826   1020   7    50    102
1827   616   6    16    5
1828   653   2    136    255
1829   936   2    80    74
1830   355   6    193    64
1831   1010   7    144    48
1832   1625   4    148    160
1833   358   5    21    100
1834   1528   7    90    7
1835   1669   3    116    472
1836   1500   2    92    233
1837   1489   5    3    466
1838   292   4    191    380
1839   1226   6    26    453
1840   1641   2    129    254
1841   502   4    83    54
1842   346   4    191    379
1843   947   3    150    136
1844   862   4    172    16
1845   483   2    176    221
1846   1585   2    81    441
1847   266   4    148    243
1848   890   3    21    34
1849   1435   6    38    98
1850   164   7    26    81
1851   572   2    60    153
1852   724   6    15    393
1853   601   2    17    286
1854   396   7    32    457
1855   491   6    38    414
1856   763   3    70    176
1857   24   7    12    173
1858   1480   2    52    340
1859   247   7    119    318
1860   514   7    163    255
1861   1369   6    142    244
1862   39   7    48    336
1863   78   5    24    404
1864   1103   3    197    367
1865   391   3    179    355
1866   59   2    116    14
1867   308   5    14    203
1868   656   4    6    98
1869   1340   3    31    125
1870   682   2    173    318
1871   872   2    143    486
1872   1407   5    49    30
1873   235   6    65    368
1874   1072   3    157    113
1875   810   7    57    56
1876   1858   6    132    62
1877   991   6    22    476
1878   549   2    195    201
1879   772   2    149    156
1880   469   5    162    194
1881   115   7    84    9
1882   820   2    100    412
1883   403   5    111    351
1884   529   7    171    420
1885   1863   5    151    147
1886   1031   4    44    490
1887   453   2    28    298
1888   30   7    9    121
1889   1471   7    159    45
1890   1368   3    177    149
1891   1643   3    189    336
1892   280   6    102    154
1893   1367   7    107    419
1894   1074   2    110    322
1895   1263   5    17    369
1896   680   6    55    5
1897   1447   3    75    436
1898   1833   2    57    274
1899   90   6    183    247
1900   756   3    131    225
1901   1190   3    115    135
1902   50   3    119    474
1903   431   2    172    491
1904   1237   2    117    73
1905   1863   2    141    318
1906   1872   4    14    255
1907   1864   5    199    171
1908   51   6    25    307
1909   697   3    55    227
1910   1390   4    126    254
1911   1446   5    55    105
1912   411   6    136    327
1913   1481   5    44    280
1914   1210   3    157    397
1915   418   2    160    174
1916   1116   7    101    372
1917   1377   5    4    370
1918   718   2    55    460
1919   1002   2    96    440
1920   1330   5    84    6
1921   1104   6    17    370
1922   1652   7    48    475
1923   148   2    188    71
1924   1697   6    41    21
1925   505   5    21    260
1926   789   2    152    127
1927   1162   6    143    378
1928   910   5    73    65
1929   1862   5    118    280
1930   1338   7    189    288
1931   1390   3    178    277
1932   37   4    97    473
1933   223   5    3    72
1934   479   3    5    301
1935   1210   5    29    377
1936   1782   7    62    228
1937   1486   2    34    109
1938   1282   4    167    57
1939   1228   5    123    367
1940   899   7    96    286
1941   89   6    33    14
1942   1775   2    116    153
1943   1431   6    127    80
1944   457   5    56    122
1945   1687   5    186    90
1946   910   6    72    245
1947   634   2    143    322
1948   1104   5    107    144
1949   430   6    91    492
1950   1128   3    34    279
1951   673   3    157    353
1952   1937   4    129    435
1953   979   2    25    335
1954   1390   3    136    319
1955   1365   6    95    198
1956   612   7    23    440
1957   461   6    33    175
1958   1822   6    138    265
1959   1002   4    12    342
1960   92   7    85    455
1961   1358   4    59    458
1962   256   5    178    63
1963   1465   5    193    254
1964   174   6    36    377
1965   545   3    170    399
1966   1142   7    135    401
1967   1502   2    80    14
1968   1703   3    182    58
1969   1886   2    175    236
1970   1253   2    192    463
1971   1670   5    70    428
1972   1403   2    62    368
1973   1642   3    66    188
1974   361   3    187    397
1975   1768   6    116    30
1976   316   2    83    172
1977   1503   3    1    265
1978   622   5    53    158
1979   8   3    38    311
1980   1538   7    41    173
1981   1779   2    52    328
1982   480   5    73    311
1983   799   4    148    185
1984   1897   3    34    153
1985   833   5    167    201
1986   1835   5    37    121
1987   878   2    113    281
1988   1584   3    136    247
1989   1299   4    9    322
1990   251   7    58    40
1991   1149   6    60    229
1992   1605   4    149    208
1993   1888   6    192    201
1994   487   3    87    91
1995   888   2    35    211
1996   1331   3    190    250
1997   1345   5    16    64
1998   1877   7    129    268
1999   503   3    52    133
2000   1569   3    30    138
2001   1586   7    24    121
2002   1683   2    141    445
2003   1917   4    65    105
2004   1092   4    134    431
2005   1867   5    148    255
2006   226   6    54    84
2007   1282   5    160    272
2008   1541   6    127    294
2009   1895   2    88    371
2010   302   4    100    205
2011   598   7    115    334
2012   1933   3    93    285
2013   1831   4    47    439
2014   1563   7    45    443
2015   565   7    55    198
2016   1231   3    126    429
2017   990   3    175    221
2018   548   7    46    237
2019   1183   4    191    450
2020   1893   3    171    151
2021   1865   2    176    61
2022   1368   6    172    359
2023   407   2    6    422
2024   280   7    178    211
2025   1924   7    191    430
2026   1919   6    29    23
2027   1398   6    142    429
2028   798   3    7    3
2029   144   5    88    205
2030   1903   4    164    354
2031   1742   6    2    401
2032   1526   7    46    14
2033   1159   5    27    432
2034   474   5    22    210
2035   702   7    68    477
2036   1122   5    71    281
2037   495   6    139    444
2038   1402   4    19    168
2039   1269   6    187    8
2040   2016   4    187    419
2041   1576   5    86    68
2042   1813   2    4    477
2043   1295   4    8    88
2044   363   6    60    75
2045   1043   7    145    83
2046   646   6    170    75
2047   1312   7    93    309
2048   1941   6    81    391
