1   0   5    23    26
2   1   5    46    402
3   1   4    68    495
4   2   2    189    27
5   2   4    190    392
6   4   6    154    96
7   1   7    152    60
8   2   2    46    282
9   5   7    86    178
10   4   4    123    198
11   1   2    1    365
12   3   3    6    22
13   6   4    130    294
14   8   4    191    260
15   1   4    147    140
16   6   3    160    296
17   13   5    151    449
18   4   3    173    263
19   15   4    175    487
20   14   6    110    462
21   5   2    133    271
22   2   2    42    24
23   8   6    137    70
24   17   6    104    131
25   18   3    67    334
26   19   3    36    455
27   17   6    132    149
28   15   5    162    211
29   23   6    163    417
30   4   2    58    301
31   15   5    74    172
32   1   4    119    439
33   16   7    189    75
34   25   3    147    171
35   10   7    75    393
36   26   2    186    407
37   23   6    46    364
38   1   6    30    127
39   8   6    114    392
40   8   5    37    397
41   10   7    87    364
42   4   7    187    11
43   1   5    59    63
44   42   6    74    80
45   36   7    196    136
46   25   2    67    485
47   23   5    102    410
48   6   2    133    85
49   23   4    181    338
50   36   5    69    473
51   8   5    15    288
52   12   4    151    297
53   42   3    110    416
54   34   7    142    57
55   16   5    99    26
56   37   3    110    349
57   29   5    129    53
58   36   3    110    269
59   56   5    186    435
60   7   7    81    256
61   41   7    42    203
62   36   4    124    447
63   36   2    26    333
64   44   4    124    272
65   9   6    73    296
66   61   5    165    25
67   44   3    88    422
68   20   6    109    331
69   8   5    197    49
70   67   2    181    216
71   69   3    161    184
72   5   6    143    82
73   69   4    90    115
74   24   2    177    262
75   5   5    195    106
76   42   6    84    33
77   34   3    50    299
78   2   5    162    447
79   56   5    138    261
80   29   7    184    282
81   53   2    170    218
82   1   4    169    168
83   80   5    48    87
84   20   2    123    400
85   58   7    123    164
86   77   7    155    484
87   39   2    58    289
88   69   5    176    195
89   40   2    179    357
90   69   2    198    355
91   24   7    166    464
92   79   2    71    409
93   6   2    68    200
94   25   6    122    326
95   31   4    139    30
96   47   4    44    489
97   68   4    46    153
98   68   3    52    190
99   53   2    10    344
100   14   7    165    435
101   35   5    51    354
102   97   4    119    485
103   22   4    169    205
104   20   4    20    131
105   52   2    179    289
106   87   6    34    192
107   94   2    149    415
108   81   3    142    231
109   101   2    75    450
110   77   4    59    490
111   57   7    174    38
112   60   6    95    452
113   31   7    48    229
114   96   6    180    368
115   57   6    150    4
116   82   5    192    241
117   97   3    31    84
118   99   6    27    365
119   24   4    20    433
120   96   4    23    253
121   108   2    142    371
122   61   4    133    199
123   105   5    25    429
124   92   5    100    435
125   1   3    191    229
126   62   4    92    286
127   79   5    109    462
128   4   2    166    419
129   123   6    192    353
130   15   6    40    230
131   33   7    191    425
132   124   3    125    114
133   130   2    52    176
134   28   3    16    54
135   57   4    67    386
136   5   4    132    289
137   108   6    130    247
138   42   3    91    452
139   48   4    55    416
140   123   4    176    153
141   101   7    117    364
142   15   4    107    459
143   110   5    98    250
144   124   3    66    479
145   92   7    156    147
146   101   2    51    210
147   89   4    33    246
148   50   5    177    107
149   73   7    157    331
150   29   4    49    482
151   80   4    115    318
152   90   7    30    308
153   126   2    147    213
154   15   7    130    7
155   15   5    99    241
156   22   6    159    172
157   36   6    76    392
158   88   5    47    139
159   137   6    77    436
160   64   2    39    160
161   34   6    75    499
162   125   6    78    1
163   64   6    111    211
164   82   3    7    64
165   10   6    34    58
166   139   5    22    274
167   52   7    164    313
168   79   2    96    401
169   57   5    15    345
170   25   3    72    368
171   6   2    95    74
172   92   2    160    304
173   138   3    65    467
174   76   7    83    137
175   122   7    93    280
176   159   3    103    497
177   23   2    199    68
178   138   4    70    97
179   145   5    147    170
180   168   2    4    41
181   24   2    53    376
182   35   3    82    490
183   104   2    145    323
184   101   6    36    90
185   98   4    74    187
186   88   3    198    65
187   80   7    102    23
188   41   5    37    157
189   133   7    118    380
190   166   4    14    460
191   153   6    51    108
192   138   6    123    68
193   56   5    136    111
194   98   5    2    162
195   150   2    36    414
196   161   3    121    160
197   53   3    10    79
198   150   7    52    429
199   72   3    189    419
200   121   4    148    242
201   86   7    153    89
202   9   4    158    154
203   90   6    90    108
204   149   2    170    497
205   128   5    73    167
206   161   6    93    323
207   105   7    184    415
208   70   5    142    287
209   153   5    37    408
210   207   5    193    26
211   123   2    188    19
212   124   4    96    9
213   166   7    1    201
214   32   6    182    418
215   125   7    106    380
216   22   2    155    402
217   39   3    187    311
218   165   6    161    229
219   59   5    174    489
220   210   7    93    296
221   128   5    91    58
222   132   4    45    13
223   80   2    166    441
224   161   5    45    241
225   167   6    147    437
226   104   3    18    247
227   43   2    47    446
228   209   7    117    250
229   6   2    70    293
230   143   4    193    208
231   48   7    51    2
232   173   7    171    248
233   45   6    59    114
234   195   5    6    314
235   85   2    131    327
236   159   5    89    235
237   147   5    55    496
238   88   2    95    92
239   38   7    123    452
240   61   7    95    433
241   100   3    76    142
242   9   7    3    110
243   214   7    85    384
244   29   5    5    289
245   48   7    56    172
246   222   5    65    175
247   70   3    168    407
248   124   6    96    428
249   130   6    189    58
250   242   4    179    125
251   70   7    13    69
252   134   3    3    175
253   44   7    120    141
254   220   7    40    195
255   107   4    76    210
256   175   6    7    145
257   103   4    147    451
258   125   3    84    252
259   79   2    34    250
260   140   5    167    318
261   76   5    138    118
262   254   6    86    68
263   137   2    134    203
264   210   5    159    184
265   117   5    107    244
266   180   6    28    54
267   228   6    91    339
268   103   4    26    477
269   47   3    172    324
270   222   5    119    99
271   78   6    176    121
272   250   7    21    259
273   148   3    88    280
274   195   6    159    331
275   129   6    66    304
276   175   6    143    362
277   92   3    126    103
278   12   5    117    322
279   234   5    183    380
280   189   6    78    14
281   257   7    5    54
282   69   4    115    285
283   191   2    188    458
284   223   2    8    97
285   207   6    117    468
286   168   4    119    158
287   213   4    3    497
288   120   2    62    383
289   220   4    124    69
290   186   2    20    25
291   228   5    153    255
292   52   6    12    443
293   11   2    135    221
294   254   2    186    298
295   10   6    34    133
296   249   6    91    21
297   50   2    78    94
298   81   7    179    149
299   178   7    27    360
300   185   5    136    320
301   180   6    122    201
302   40   7    7    69
303   291   4    43    259
304   37   5    165    263
305   216   4    58    440
306   129   3    159    135
307   19   5    150    421
308   156   2    90    219
309   122   6    108    145
310   140   5    40    145
311   97   4    69    143
312   84   6    26    296
313   163   7    50    300
314   6   2    54    87
315   301   3    146    451
316   109   2    173    400
317   102   6    29    340
318   273   2    199    273
319   146   3    124    298
320   75   7    37    62
321   193   2    139    95
322   225   2    189    359
323   282   7    51    113
324   271   3    79    21
325   285   7    153    75
326   165   4    156    483
327   206   6    197    247
328   82   4    21    166
329   142   7    184    302
330   212   2    50    463
331   160   7    71    286
332   28   4    88    463
333   31   7    189    458
334   81   4    40    412
335   320   4    57    10
336   51   7    131    302
337   19   7    176    433
338   150   6    20    169
339   242   5    160    407
340   79   3    93    206
341   32   7    186    274
342   138   6    64    494
343   94   7    122    481
344   257   5    95    282
345   46   7    84    374
346   320   3    161    162
347   24   3    89    90
348   3   4    140    241
349   153   2    178    192
350   103   4    158    225
351   49   7    117    137
352   143   6    80    367
353   187   6    18    79
354   111   6    173    219
355   101   7    105    369
356   20   6    35    368
357   199   5    36    403
358   261   7    128    317
359   336   6    110    190
360   225   7    120    193
361   122   6    67    84
362   288   4    118    247
363   22   6    38    342
364   183   6    67    221
365   291   6    21    66
366   47   6    67    338
367   321   5    164    347
368   44   3    136    267
369   63   3    154    127
370   172   5    105    417
371   248   6    105    367
372   245   4    61    232
373   189   5    57    420
374   192   4    151    265
375   160   7    64    54
376   167   5    128    418
377   78   4    63    281
378   311   5    5    475
379   210   5    24    398
380   340   3    19    386
381   213   4    185    321
382   253   4    32    231
383   92   5    105    166
384   33   5    131    30
385   364   4    133    485
386   283   5    62    9
387   295   7    36    112
388   130   4    15    313
389   92   2    189    178
390   106   7    189    497
391   179   5    54    428
392   183   5    75    458
393   342   3    57    145
394   20   3    96    183
395   130   4    99    380
396   18   7    190    165
397   355   2    8    21
398   59   5    54    349
399   371   4    93    126
400   268   6    31    191
401   288   4    70    441
402   315   5    68    82
403   175   7    42    249
404   203   5    163    85
405   327   5    58    416
406   326   7    115    114
407   68   3    69    116
408   320   6    40    388
409   342   7    179    449
410   250   3    190    63
411   338   4    22    137
412   49   5    100    296
413   343   2    97    153
414   266   4    172    413
415   136   3    79    130
416   357   3    183    123
417   298   7    38    272
418   306   7    90    225
419   156   5    152    407
420   159   2    11    19
421   261   6    165    297
422   257   3    2    245
423   233   2    125    213
424   109   2    186    438
425   335   3    168    313
426   305   7    161    268
427   36   3    25    282
428   74   7    131    56
429   127   6    68    350
430   297   6    168    15
431   182   7    142    484
432   261   7    143    319
433   332   4    11    143
434   152   7    35    198
435   167   2    192    216
436   88   6    42    475
437   371   7    86    45
438   15   3    101    96
439   147   7    21    416
440   22   7    57    39
441   417   6    23    421
442   143   7    169    102
443   386   6    191    81
444   78   2    56    68
445   84   2    148    61
446   45   3    40    81
447   8   5    151    81
448   112   2    83    483
449   416   4    129    408
450   335   7    55    175
451   345   7    144    493
452   59   6    19    122
453   385   5    26    104
454   179   2    141    75
455   269   3    139    420
456   317   2    36    8
457   42   6    105    18
458   45   4    49    2
459   187   6    61    440
460   286   4    34    59
461   147   2    156    14
462   146   5    7    207
463   331   5    11    381
464   91   2    56    146
465   366   4    20    220
466   76   5    34    202
467   344   4    138    223
468   47   6    48    164
469   370   6    139    469
470   208   4    39    36
471   392   5    123    412
472   227   3    164    168
473   123   6    37    448
474   253   2    115    97
475   176   3    177    260
476   406   4    146    329
477   105   5    89    108
478   258   6    140    313
479   138   3    166    108
480   21   7    34    26
481   59   6    147    20
482   239   3    89    260
483   294   7    11    351
484   53   4    120    354
485   220   7    171    347
486   471   3    157    227
487   262   2    42    356
488   381   6    32    335
489   439   3    168    207
490   145   2    5    445
491   183   6    21    438
492   308   5    79    134
493   344   2    49    127
494   208   7    80    128
495   418   5    115    137
496   141   7    33    232
497   303   4    86    30
498   20   4    49    199
499   136   3    183    483
500   281   4    99    310
501   436   6    127    147
502   348   4    172    42
503   309   7    146    214
504   117   3    125    119
505   488   6    32    47
506   283   2    5    122
507   433   2    161    470
508   156   7    179    322
509   119   2    47    333
510   482   4    99    424
511   217   2    4    64
512   399   5    161    175
513   21   7    27    419
514   26   5    171    175
515   7   6    21    265
516   374   2    68    182
517   127   3    147    312
518   227   4    98    182
519   501   7    196    363
520   114   6    106    31
521   184   3    111    40
522   55   5    16    456
523   235   3    44    442
524   439   4    147    311
525   304   6    175    322
526   55   3    15    412
527   40   5    112    241
528   145   4    31    321
529   146   4    88    459
530   223   4    65    287
531   376   7    34    104
532   274   6    85    303
533   296   5    19    185
534   508   3    14    404
535   248   5    124    276
536   213   4    99    145
537   347   2    174    14
538   1   7    147    131
539   15   2    172    321
540   151   7    25    39
541   503   6    65    358
542   54   3    194    256
543   30   6    123    489
544   19   2    53    71
545   393   3    79    340
546   308   2    94    358
547   34   7    146    183
548   226   6    41    371
549   261   4    126    153
550   265   4    177    346
551   398   3    168    331
552   351   2    71    208
553   197   6    194    410
554   176   2    72    170
555   229   5    32    463
556   79   4    106    25
557   41   3    57    171
558   64   4    181    339
559   303   5    93    201
560   35   5    176    251
561   534   3    123    315
562   513   4    174    85
563   317   7    34    348
564   445   2    13    93
565   92   6    51    218
566   502   2    83    44
567   68   7    107    397
568   509   2    29    245
569   376   4    46    470
570   3   3    94    334
571   314   2    192    455
572   103   6    196    201
573   571   7    130    123
574   496   5    52    388
575   280   7    93    167
576   563   4    41    114
577   561   5    2    254
578   282   6    164    337
579   299   4    73    496
580   359   3    142    313
581   318   5    27    185
582   51   5    114    181
583   12   7    64    351
584   24   7    191    139
585   52   2    9    461
586   145   3    88    146
587   289   3    38    184
588   58   7    163    80
589   12   6    1    211
590   244   2    72    378
591   70   3    153    93
592   486   4    65    166
593   2   4    139    93
594   85   5    150    132
595   130   7    150    444
596   134   7    178    394
597   194   5    17    54
598   123   6    21    428
599   352   4    103    173
600   256   7    36    481
601   140   3    95    200
602   337   2    147    294
603   417   2    23    407
604   19   7    103    366
605   418   5    27    228
606   462   4    124    356
607   522   6    13    473
608   201   3    186    300
609   350   4    183    56
610   554   4    74    306
611   415   6    43    44
612   496   6    115    174
613   33   2    8    96
614   499   5    92    300
615   56   6    141    159
616   471   3    178    10
617   380   7    126    150
618   63   4    129    153
619   110   6    167    71
620   329   7    151    430
621   377   6    67    279
622   220   5    39    435
623   270   5    167    243
624   397   5    69    336
625   97   6    62    240
626   69   2    130    452
627   113   5    144    343
628   64   5    73    292
629   105   7    56    114
630   518   6    157    5
631   337   2    185    248
632   488   6    86    200
633   170   2    167    268
634   261   6    150    62
635   527   5    38    499
636   444   5    194    198
637   571   6    130    24
638   186   5    120    178
639   587   3    187    248
640   521   4    29    256
641   127   2    69    474
642   58   5    141    300
643   12   3    9    50
644   167   5    91    88
645   642   2    124    406
646   315   3    3    472
647   392   7    146    19
648   449   2    133    482
649   322   6    146    212
650   67   3    74    27
651   414   5    158    46
652   306   6    131    296
653   298   3    146    297
654   337   2    64    127
655   111   5    171    477
656   24   6    186    374
657   640   6    9    199
658   539   5    182    117
659   630   4    76    31
660   378   7    199    225
661   641   3    26    87
662   475   5    44    329
663   444   6    89    101
664   463   2    121    378
665   59   7    52    368
666   246   4    171    342
667   226   2    62    224
668   637   3    59    480
669   200   2    155    317
670   380   2    167    481
671   629   5    85    245
672   455   3    105    346
673   300   5    50    48
674   252   7    158    379
675   334   2    140    65
676   31   6    162    463
677   253   7    24    498
678   156   6    35    140
679   505   5    56    43
680   342   5    177    229
681   7   3    42    483
682   275   4    62    367
683   646   4    139    53
684   536   3    25    254
685   143   6    199    369
686   272   4    80    47
687   278   3    77    351
688   376   3    148    107
689   289   3    112    321
690   199   6    125    59
691   587   2    100    207
692   152   2    141    75
693   377   7    110    35
694   589   6    40    126
695   599   6    192    246
696   612   7    49    388
697   275   3    41    99
698   380   6    96    363
699   59   5    13    280
700   502   6    148    205
701   232   4    199    76
702   440   7    8    372
703   668   7    29    299
704   669   2    193    143
705   195   2    181    302
706   644   7    31    309
707   527   6    194    446
708   411   6    182    171
709   426   2    194    266
710   249   2    55    365
711   248   5    118    77
712   357   7    73    300
713   406   2    120    38
714   38   2    191    410
715   564   5    142    482
716   323   5    46    117
717   68   6    165    273
718   700   5    140    357
719   416   7    43    165
720   175   7    189    64
721   692   7    100    137
722   353   3    119    106
723   546   3    160    258
724   40   3    100    248
725   554   6    54    97
726   544   2    164    50
727   487   5    132    443
728   399   2    152    151
729   175   2    75    72
730   664   7    61    436
731   728   4    190    141
732   687   5    167    311
733   621   7    194    100
734   490   7    108    359
735   408   6    79    284
736   250   7    84    449
737   342   6    46    471
738   590   5    59    9
739   219   3    62    188
740   220   3    62    381
741   707   2    192    125
742   674   5    120    456
743   741   2    148    143
744   61   7    103    287
745   199   5    176    113
746   323   5    143    270
747   334   2    147    267
748   76   3    130    142
749   72   4    113    18
750   285   3    92    360
751   633   6    74    458
752   63   2    188    445
753   400   2    174    15
754   313   4    171    267
755   370   2    141    418
756   581   7    29    226
757   83   5    81    456
758   353   2    119    161
759   241   2    35    257
760   602   3    138    65
761   184   7    107    147
762   53   5    175    159
763   401   2    142    245
764   473   5    150    105
765   736   3    116    34
766   741   2    13    356
767   484   4    162    55
768   437   6    149    432
769   544   7    197    64
770   477   4    50    329
771   213   2    115    286
772   299   6    177    394
773   519   2    80    409
774   373   7    2    246
775   106   7    188    53
776   461   5    198    44
777   112   7    128    340
778   166   3    119    211
779   71   3    78    338
780   290   7    148    490
781   89   5    179    387
782   373   7    69    489
783   596   3    178    236
784   524   4    25    407
785   262   6    130    361
786   477   3    166    341
787   433   2    44    390
788   621   3    83    15
789   441   7    162    128
790   461   3    108    485
791   437   7    66    36
792   501   4    62    46
793   766   7    14    45
794   412   2    153    208
795   163   3    12    223
796   665   5    186    47
797   789   7    56    198
798   554   2    59    358
799   497   4    187    462
800   337   4    31    456
801   534   7    111    353
802   470   6    134    215
803   505   3    164    371
804   524   2    141    333
805   466   2    138    207
806   50   7    29    385
807   554   2    5    189
808   148   7    52    320
809   284   2    118    216
810   787   7    121    425
811   429   7    152    190
812   225   5    24    77
813   768   5    72    188
814   712   7    118    53
815   305   3    52    154
816   511   7    172    45
817   9   5    155    4
818   381   2    173    488
819   81   3    190    43
820   637   6    143    467
821   368   3    15    133
822   381   4    26    384
823   381   5    30    91
824   380   2    64    60
825   457   3    108    89
826   707   6    11    31
827   129   7    42    378
828   111   2    166    43
829   71   6    181    337
830   300   6    94    486
831   332   5    193    314
832   381   7    78    481
833   271   5    110    358
834   685   5    40    144
835   815   5    108    413
836   464   7    52    130
837   507   7    128    481
838   15   4    126    215
839   697   6    177    162
840   574   2    168    86
841   741   5    37    319
842   339   7    169    41
843   789   6    159    276
844   665   4    36    382
845   775   3    164    191
846   300   7    19    119
847   477   2    104    352
848   45   7    29    171
849   306   2    167    54
850   148   7    104    337
851   247   6    44    231
852   663   3    185    436
853   132   7    164    284
854   417   7    86    123
855   793   6    3    243
856   81   5    89    354
857   615   6    195    393
858   269   5    33    13
859   316   4    32    279
860   242   7    140    362
861   278   6    110    134
862   203   6    25    282
863   8   5    109    225
864   436   3    117    379
865   403   4    110    195
866   706   2    158    311
867   482   4    45    373
868   474   3    186    189
869   687   4    149    19
870   793   7    103    46
871   228   4    183    228
872   373   2    178    381
873   705   2    191    267
874   296   6    59    172
875   768   4    168    368
876   138   5    90    118
877   398   2    62    251
878   321   5    57    40
879   308   5    39    25
880   661   7    84    141
881   462   3    40    79
882   325   5    107    48
883   168   4    127    124
884   726   7    175    451
885   540   6    14    26
886   816   6    25    243
887   444   2    199    370
888   508   6    18    346
889   377   2    66    413
890   807   5    10    55
891   32   4    154    260
892   85   5    125    417
893   336   4    20    222
894   883   6    183    198
895   372   4    158    432
896   732   2    163    277
897   412   5    68    121
898   662   3    28    10
899   295   7    118    373
900   485   6    165    180
901   353   4    83    80
902   271   4    98    77
903   601   7    114    499
904   182   4    128    141
905   62   7    88    253
906   688   6    194    366
907   650   6    114    449
908   854   4    100    180
909   355   7    164    278
910   395   5    196    46
911   539   2    177    247
912   464   5    3    27
913   466   4    61    71
914   135   4    121    96
915   484   6    80    27
916   405   3    122    188
917   812   7    37    206
918   200   6    98    270
919   468   7    6    221
920   208   6    83    346
921   164   6    69    193
922   743   3    23    252
923   194   7    152    452
924   717   5    60    314
925   331   2    90    338
926   446   7    189    274
927   622   2    107    126
928   341   5    68    357
929   698   4    111    226
930   895   6    160    210
931   877   6    12    4
932   191   6    65    408
933   828   4    70    274
934   542   4    95    62
935   721   3    144    448
936   931   3    108    51
937   107   2    117    174
938   351   4    126    414
939   93   7    56    23
940   755   3    183    418
941   398   5    153    290
942   456   3    116    340
943   615   7    149    339
944   101   2    24    131
945   659   4    41    360
946   22   6    144    425
947   763   2    68    246
948   557   4    124    164
949   514   3    175    141
950   567   5    64    317
951   65   5    72    261
952   237   6    58    251
953   137   6    57    351
954   524   7    146    117
955   661   6    116    498
956   893   7    127    267
957   97   2    20    308
958   438   3    96    317
959   954   5    6    235
960   317   5    194    313
961   870   4    168    105
962   290   3    52    53
963   643   5    185    207
964   497   4    174    270
965   258   3    69    24
966   171   5    144    142
967   155   5    45    85
968   276   2    85    331
969   482   7    35    158
970   167   6    182    384
971   14   5    80    405
972   891   3    88    243
973   854   4    45    430
974   659   4    4    435
975   960   6    83    136
976   201   6    160    210
977   905   2    82    201
978   799   5    77    406
979   957   5    75    419
980   238   7    170    456
981   107   2    20    357
982   365   3    150    227
983   474   7    152    434
984   453   4    75    485
985   473   7    3    229
986   426   3    180    256
987   638   4    152    237
988   454   5    74    2
989   248   3    188    465
990   923   3    142    440
991   655   6    156    26
992   737   7    184    332
993   180   3    137    448
994   97   7    75    412
995   438   4    95    128
996   815   3    93    144
997   238   7    87    180
998   278   6    47    212
999   598   7    128    237
1000   347   3    32    373
1001   325   2    44    300
1002   945   7    38    354
1003   633   7    190    281
1004   973   5    18    345
1005   188   7    47    347
1006   517   3    138    190
1007   817   6    149    37
1008   846   7    141    96
1009   36   3    60    172
1010   123   7    81    321
1011   170   4    133    168
1012   974   3    198    271
1013   588   6    66    394
1014   955   6    8    481
1015   705   2    108    400
1016   62   5    142    353
1017   1002   6    179    352
1018   977   7    153    240
1019   197   7    140    175
1020   615   3    37    360
1021   654   2    91    78
1022   219   5    77    153
1023   780   4    40    77
1024   837   5    162    47
1025   651   6    19    212
1026   400   4    23    283
1027   597   5    76    146
1028   409   4    70    232
1029   71   6    129    425
1030   1022   6    111    167
1031   1021   2    15    4
1032   1008   7    174    114
1033   676   7    141    131
1034   357   7    136    364
1035   697   4    3    189
1036   480   5    36    458
1037   863   6    52    369
1038   338   3    138    375
1039   83   7    67    209
1040   313   2    57    79
1041   661   2    99    394
1042   653   3    61    56
1043   720   5    83    206
1044   1031   3    126    498
1045   944   4    191    378
1046   450   3    49    39
1047   1017   2    39    133
1048   787   6    189    431
1049   49   7    182    305
1050   117   7    177    419
1051   536   5    155    76
1052   513   4    116    326
1053   711   7    103    63
1054   870   7    85    302
1055   47   7    190    365
1056   81   7    184    23
1057   470   2    25    491
1058   211   4    126    276
1059   161   7    38    225
1060   430   6    91    379
1061   781   5    101    209
1062   359   3    32    19
1063   900   5    6    196
1064   629   2    100    317
1065   67   6    1    447
1066   133   6    92    465
1067   214   3    193    296
1068   205   6    98    87
1069   492   2    81    149
1070   432   6    28    213
1071   462   4    61    282
1072   47   6    122    139
1073   47   5    110    121
1074   799   2    165    99
1075   856   5    112    270
1076   129   4    42    397
1077   646   7    180    63
1078   625   2    126    152
1079   606   3    45    100
1080   200   7    32    420
1081   808   5    188    64
1082   77   3    33    402
1083   969   2    17    250
1084   352   6    135    31
1085   111   3    170    305
1086   168   2    126    331
1087   771   3    64    302
1088   1066   2    10    417
1089   127   5    177    66
1090   653   4    5    402
1091   712   7    124    489
1092   1041   3    38    238
1093   166   6    18    338
1094   302   3    98    475
1095   1036   2    187    423
1096   16   2    91    200
1097   1087   4    178    319
1098   788   2    71    328
1099   30   3    129    428
1100   199   3    86    161
1101   846   2    162    375
1102   1042   2    81    209
1103   1048   7    3    475
1104   1040   7    30    58
1105   490   2    175    33
1106   455   5    107    209
1107   690   4    66    196
1108   290   2    135    464
1109   950   6    138    275
1110   968   7    99    11
1111   448   6    91    390
1112   455   3    4    487
1113   497   5    30    270
1114   126   3    170    223
1115   909   2    194    348
1116   315   7    80    206
1117   409   3    50    98
1118   692   4    197    105
1119   634   3    136    52
1120   142   6    10    131
1121   242   2    134    460
1122   330   5    64    269
1123   1045   4    27    186
1124   992   3    99    450
1125   250   2    11    91
1126   438   6    192    192
1127   739   4    154    2
1128   786   2    74    336
1129   815   7    8    273
1130   365   4    30    454
1131   379   2    40    178
1132   431   3    144    59
1133   1059   4    133    130
1134   768   4    48    353
1135   337   5    174    104
1136   934   5    163    459
1137   874   6    28    478
1138   820   4    188    73
1139   282   7    78    409
1140   285   6    3    66
1141   718   7    3    211
1142   681   4    33    434
1143   1032   7    25    480
1144   851   6    45    196
1145   902   6    47    261
1146   1097   5    138    320
1147   87   6    89    174
1148   524   5    120    341
1149   1138   5    11    437
1150   286   2    168    85
1151   500   2    79    436
1152   314   6    27    209
1153   139   3    128    340
1154   136   4    115    314
1155   755   7    38    119
1156   105   5    167    9
1157   342   2    197    385
1158   240   5    68    159
1159   150   6    31    221
1160   605   3    158    432
1161   560   5    161    221
1162   141   6    47    27
1163   1099   2    165    240
1164   922   2    129    129
1165   354   6    164    16
1166   1090   6    34    69
1167   702   7    92    272
1168   949   3    108    25
1169   969   7    173    203
1170   851   4    112    63
1171   97   6    10    272
1172   504   4    127    365
1173   848   3    83    33
1174   26   6    88    131
1175   699   2    166    315
1176   138   6    83    387
1177   1168   5    43    101
1178   467   3    123    332
1179   777   3    9    110
1180   166   5    40    428
1181   463   3    82    32
1182   355   3    89    231
1183   181   2    71    56
1184   701   6    132    362
1185   689   4    19    220
1186   1056   3    102    152
1187   348   3    81    442
1188   284   2    48    72
1189   835   6    34    278
1190   468   3    3    118
1191   229   6    39    163
1192   260   5    86    294
1193   74   2    135    385
1194   832   5    68    94
1195   1013   5    57    97
1196   1017   4    7    123
1197   223   6    3    125
1198   1145   6    172    359
1199   1171   4    109    344
1200   554   6    133    64
1201   1140   6    59    90
1202   1157   4    58    378
1203   742   4    11    313
1204   751   3    44    303
1205   236   2    130    499
1206   930   4    196    428
1207   967   7    4    223
1208   14   6    103    179
1209   12   2    113    222
1210   1156   3    21    444
1211   218   2    142    183
1212   1064   2    121    461
1213   26   2    181    492
1214   465   7    3    498
1215   1099   3    65    121
1216   613   3    127    108
1217   577   5    183    183
1218   379   2    61    77
1219   21   4    9    274
1220   328   4    67    46
1221   476   7    161    126
1222   361   3    59    487
1223   404   4    83    141
1224   778   4    32    93
1225   758   5    141    104
1226   978   3    188    286
1227   382   4    170    25
1228   685   6    95    5
1229   291   4    78    3
1230   147   6    103    325
1231   520   5    52    449
1232   899   6    53    90
1233   269   5    140    297
1234   306   5    161    445
1235   860   5    31    382
1236   689   4    21    369
1237   307   4    116    320
1238   461   4    117    36
1239   1081   6    82    351
1240   1089   3    129    338
1241   376   3    81    281
1242   1160   2    140    151
1243   1222   4    84    405
1244   660   7    170    43
1245   634   2    7    41
1246   915   2    77    407
1247   1112   7    42    164
1248   1208   3    153    370
1249   856   4    162    173
1250   388   5    92    265
1251   980   6    120    246
1252   329   3    130    323
1253   216   4    42    316
1254   124   2    99    496
1255   914   5    154    250
1256   1194   3    32    347
1257   695   2    95    425
1258   675   3    105    161
1259   1097   7    152    362
1260   8   5    93    114
1261   198   7    33    446
1262   909   6    42    430
1263   1030   6    162    424
1264   1146   4    16    390
1265   1255   2    55    437
1266   953   4    19    496
1267   58   5    139    112
1268   565   2    27    210
1269   1143   5    182    25
1270   447   3    57    104
1271   203   6    81    128
1272   1208   4    136    225
1273   227   3    26    110
1274   696   7    24    146
1275   143   7    46    405
1276   466   2    171    265
1277   795   2    109    161
1278   835   5    175    14
1279   346   4    88    255
1280   1229   4    140    346
1281   283   6    74    274
1282   1085   4    63    384
1283   955   2    80    196
1284   261   7    144    69
1285   123   2    71    212
1286   204   2    194    37
1287   680   2    167    319
1288   58   2    1    461
1289   611   6    49    32
1290   1026   6    29    368
1291   716   2    168    264
1292   139   4    18    8
1293   788   4    32    434
1294   660   6    176    336
1295   51   6    125    58
1296   210   2    144    385
1297   21   5    105    283
1298   326   3    16    15
1299   880   4    75    147
1300   290   4    73    403
1301   1224   5    57    445
1302   950   6    12    71
1303   136   5    85    99
1304   1202   5    95    357
1305   859   3    199    308
1306   625   2    199    214
1307   735   3    129    355
1308   486   5    166    49
1309   765   5    147    91
1310   1299   6    84    246
1311   198   2    95    460
1312   902   5    10    281
1313   977   5    47    127
1314   968   6    52    416
1315   1127   7    128    111
1316   700   7    118    265
1317   883   7    134    25
1318   317   3    63    187
1319   582   7    113    462
1320   77   5    36    335
1321   367   6    168    385
1322   969   6    168    140
1323   288   6    171    436
1324   896   5    81    170
1325   1285   5    115    315
1326   333   2    155    99
1327   769   7    189    19
1328   230   6    37    305
1329   1004   4    22    317
1330   406   4    51    339
1331   994   4    20    333
1332   795   4    196    228
1333   387   4    147    271
1334   579   5    155    237
1335   376   2    77    79
1336   1201   4    26    86
1337   609   2    56    260
1338   743   5    4    297
1339   101   3    34    235
1340   911   4    56    49
1341   236   7    152    156
1342   1236   3    176    463
1343   570   6    48    71
1344   1144   4    65    177
1345   96   5    64    454
1346   1107   3    113    206
1347   365   2    167    478
1348   790   5    19    176
1349   1099   5    67    403
1350   519   4    88    150
1351   1329   3    95    126
1352   1009   3    162    499
1353   19   2    97    240
1354   916   2    187    180
1355   929   2    11    208
1356   1207   4    14    142
1357   1175   4    15    116
1358   1106   7    176    308
1359   892   5    121    96
1360   263   2    118    181
1361   319   2    52    247
1362   111   7    46    3
1363   25   4    146    40
1364   1137   4    7    126
1365   158   7    2    187
1366   284   5    45    396
1367   685   5    149    70
1368   1208   2    156    359
1369   1157   5    44    54
1370   854   5    97    65
1371   1312   2    197    434
1372   63   4    24    329
1373   1199   6    67    32
1374   957   7    121    239
1375   848   7    98    322
1376   900   4    121    308
1377   102   4    137    486
1378   1357   4    183    209
1379   560   2    114    205
1380   530   7    158    58
1381   78   5    41    421
1382   250   6    8    494
1383   637   7    130    385
1384   20   5    1    421
1385   657   3    37    157
1386   41   4    83    96
1387   316   7    187    108
1388   799   3    57    327
1389   1204   4    53    216
1390   189   4    41    203
1391   496   6    73    347
1392   458   2    78    363
1393   1000   2    122    247
1394   679   4    90    25
1395   575   7    113    50
1396   1232   6    44    132
1397   1165   2    197    95
1398   790   2    32    409
1399   1206   5    177    51
1400   1214   4    84    165
1401   142   7    184    387
1402   573   7    30    211
1403   1307   4    157    91
1404   124   3    65    219
1405   276   2    190    349
1406   140   5    82    41
1407   232   4    154    105
1408   528   7    106    347
1409   1013   3    22    421
1410   483   7    76    217
1411   1040   6    36    78
1412   476   7    194    66
1413   251   6    22    109
1414   226   2    161    159
1415   703   5    50    169
1416   328   2    40    71
1417   228   4    84    255
1418   998   6    119    355
1419   598   5    120    40
1420   1139   5    194    345
1421   1148   5    47    2
1422   531   7    52    379
1423   417   2    16    254
1424   893   2    108    54
1425   803   2    152    481
1426   761   2    172    5
1427   1281   7    183    307
1428   726   3    88    280
1429   947   4    25    360
1430   403   3    32    441
1431   793   3    154    39
1432   1146   4    197    217
1433   377   5    38    325
1434   645   7    116    404
1435   123   6    188    246
1436   1135   4    27    465
1437   942   5    199    12
1438   617   5    55    108
1439   1275   2    174    479
1440   983   5    13    498
1441   859   5    97    39
1442   962   5    74    400
1443   1077   6    82    44
1444   276   2    51    374
1445   1324   7    7    389
1446   299   4    180    472
1447   529   5    23    317
1448   236   7    33    17
1449   656   2    27    361
1450   734   2    119    35
1451   302   5    185    110
1452   362   4    153    443
1453   725   4    123    263
1454   1119   3    33    302
1455   393   6    175    73
1456   1033   3    20    44
1457   680   5    111    305
1458   1106   7    29    234
1459   1169   6    22    369
1460   1266   6    199    144
1461   546   5    186    235
1462   1175   7    167    443
1463   700   7    77    384
1464   1118   6    153    380
1465   246   6    40    331
1466   1418   6    142    121
1467   899   7    54    441
1468   418   3    174    263
1469   1137   3    149    418
1470   306   6    140    182
1471   467   3    78    51
1472   89   7    195    228
1473   199   5    68    152
1474   439   2    148    299
1475   137   4    24    154
1476   952   4    151    9
1477   1304   5    110    393
1478   532   5    52    187
1479   838   5    78    200
1480   1101   4    181    10
1481   721   3    103    364
1482   783   3    58    363
1483   1136   2    156    312
1484   252   7    195    267
1485   725   4    166    69
1486   64   6    163    252
1487   760   5    193    280
1488   1094   6    23    109
1489   320   4    73    143
1490   988   2    149    407
1491   182   7    174    265
1492   613   3    116    299
1493   470   4    107    40
1494   299   5    90    18
1495   174   3    168    440
1496   272   3    63    101
1497   911   3    174    194
1498   1083   4    159    469
1499   12   4    24    224
1500   474   4    99    31
1501   553   2    69    324
1502   732   7    6    70
1503   1002   4    27    393
1504   813   6    146    150
1505   1272   7    9    233
1506   1137   3    93    254
1507   203   2    102    229
1508   277   3    17    378
1509   1482   3    60    122
1510   126   4    62    293
1511   178   7    174    240
1512   1332   2    119    115
1513   1488   4    194    122
1514   1237   3    98    102
1515   774   3    56    405
1516   1115   2    21    461
1517   581   5    106    106
1518   151   7    123    42
1519   724   4    2    289
1520   1281   3    68    68
1521   119   7    85    19
1522   188   7    18    226
1523   541   7    47    486
1524   76   4    52    399
1525   1082   2    118    37
1526   1428   2    91    278
1527   567   7    24    416
1528   191   5    6    316
1529   117   6    82    407
1530   932   2    19    425
1531   191   3    145    384
1532   255   6    165    465
1533   987   5    10    414
1534   1497   7    70    177
1535   922   6    81    19
1536   1120   4    123    58
1537   877   4    157    314
1538   796   7    36    243
1539   342   4    115    205
1540   1034   7    90    121
1541   17   3    67    165
1542   427   2    60    18
1543   1037   5    56    98
1544   318   6    138    91
1545   4   6    138    432
1546   1265   4    131    75
1547   1388   2    122    249
1548   514   4    119    407
1549   1138   4    86    33
1550   1077   6    93    277
1551   1455   7    198    136
1552   1298   6    1    43
1553   735   7    12    140
1554   256   2    49    182
1555   698   6    54    215
1556   63   6    42    2
1557   591   2    148    497
1558   776   7    111    455
1559   1212   5    2    173
1560   1234   2    63    48
1561   1441   3    13    334
1562   1247   3    197    174
1563   443   6    109    497
1564   969   6    52    114
1565   1409   7    118    34
1566   259   3    63    333
1567   357   4    5    100
1568   645   4    71    288
1569   357   2    160    131
1570   1419   7    175    290
1571   294   7    158    50
1572   1498   3    24    74
1573   1323   3    193    205
1574   204   6    116    80
1575   709   2    79    69
1576   777   2    73    1
1577   1455   6    124    113
1578   50   6    190    474
1579   1047   4    173    496
1580   1034   5    188    289
1581   822   2    33    6
1582   1183   4    182    443
1583   677   3    179    334
1584   191   6    199    470
1585   654   3    80    15
1586   529   5    194    250
1587   79   4    188    371
1588   1250   4    184    45
1589   1565   7    1    38
1590   1565   3    167    425
1591   299   7    105    156
1592   1500   7    111    260
1593   598   2    103    182
1594   38   4    175    314
1595   217   4    96    415
1596   414   2    168    480
1597   1064   6    130    74
1598   321   5    135    210
1599   1497   5    17    182
1600   952   3    70    134
1601   723   4    119    63
1602   1318   6    96    252
1603   516   7    69    136
1604   898   7    177    73
1605   869   7    94    1
1606   877   6    119    228
1607   1150   2    12    33
1608   622   7    81    213
1609   827   6    18    99
1610   726   7    162    149
1611   1180   6    30    340
1612   903   7    33    276
1613   652   6    44    491
1614   257   4    87    217
1615   538   7    110    351
1616   731   7    197    377
1617   364   3    37    175
1618   47   3    71    477
1619   170   6    74    205
1620   123   7    160    312
1621   886   6    82    324
1622   1382   3    109    27
1623   908   2    35    461
1624   1254   3    137    373
1625   645   7    99    321
1626   757   7    26    369
1627   496   2    65    479
1628   1602   3    163    133
1629   1578   6    15    497
1630   524   2    48    321
1631   1215   4    118    432
1632   540   4    13    174
1633   1065   6    130    184
1634   948   3    146    141
1635   1373   3    140    196
1636   324   6    154    213
1637   875   3    5    395
1638   1288   2    166    455
1639   76   4    68    28
1640   1303   4    3    218
1641   943   3    91    153
1642   1327   2    81    339
1643   1551   3    36    482
1644   1365   7    116    269
1645   839   2    179    95
1646   409   2    97    47
1647   1405   5    192    494
1648   1522   3    82    338
1649   87   3    164    179
1650   1501   6    146    311
1651   1634   5    153    406
1652   1578   3    75    6
1653   814   5    194    29
1654   168   4    126    149
1655   639   6    165    435
1656   1324   3    146    283
1657   1246   3    47    143
1658   778   2    99    353
1659   294   2    93    167
1660   51   7    115    348
1661   889   4    128    43
1662   1433   6    40    171
1663   479   3    145    358
1664   1256   5    142    487
1665   98   3    138    21
1666   302   2    39    332
1667   976   7    142    229
1668   954   3    130    333
1669   1157   7    130    470
1670   1570   7    38    61
1671   576   7    11    143
1672   280   3    7    152
1673   1412   6    49    461
1674   1603   6    49    281
1675   1661   2    92    183
1676   1411   2    4    68
1677   1356   4    195    277
1678   80   3    140    135
1679   1015   5    60    267
1680   10   7    134    138
1681   972   6    89    119
1682   181   5    54    32
1683   49   2    172    365
1684   392   2    181    146
1685   255   7    56    134
1686   694   5    22    68
1687   190   4    36    214
1688   1584   4    37    285
1689   1335   2    118    198
1690   363   7    76    24
1691   984   3    158    373
1692   606   3    78    127
1693   960   6    7    158
1694   151   4    49    434
1695   915   7    113    27
1696   1284   6    5    320
1697   1111   4    17    69
1698   535   4    120    228
1699   244   4    194    196
1700   90   2    65    368
1701   470   2    157    315
1702   1547   4    23    462
1703   273   4    146    288
1704   1166   7    32    124
1705   109   5    88    32
1706   120   2    78    396
1707   36   3    14    119
1708   687   6    160    316
1709   148   4    96    106
1710   1151   5    183    239
1711   1654   2    109    394
1712   1222   6    88    39
1713   1033   7    67    467
1714   1493   2    49    254
1715   990   2    143    110
1716   615   2    120    84
1717   933   6    63    20
1718   610   5    109    376
1719   1144   5    161    283
1720   194   2    177    291
1721   834   2    159    432
1722   601   4    95    349
1723   621   6    152    162
1724   1584   7    178    117
1725   1052   7    188    316
1726   1691   4    22    340
1727   1175   5    132    264
1728   1428   7    55    468
1729   1681   2    105    496
1730   1713   3    87    5
1731   1399   7    113    445
1732   39   2    176    346
1733   1667   3    164    371
1734   302   5    143    214
1735   182   5    38    342
1736   325   6    119    498
1737   334   4    173    495
1738   1457   7    34    158
1739   1472   4    75    495
1740   1645   7    151    34
1741   9   6    98    175
1742   294   6    20    170
1743   755   7    130    113
1744   820   6    178    406
1745   360   6    67    323
1746   1072   5    40    199
1747   1568   2    107    363
1748   1429   7    162    106
1749   1431   5    50    337
1750   477   5    49    307
1751   483   6    150    97
1752   185   6    37    311
1753   118   3    58    470
1754   469   4    58    424
1755   851   3    195    217
1756   1313   5    172    325
1757   1245   6    174    121
1758   694   4    15    26
1759   1470   6    174    465
1760   529   4    190    236
1761   1498   4    166    386
1762   1220   4    160    216
1763   294   2    146    247
1764   1430   7    135    430
1765   276   7    128    349
1766   561   2    60    83
1767   1221   7    199    201
1768   962   3    98    149
1769   891   3    70    197
1770   1514   5    152    364
1771   1529   6    15    111
1772   1386   3    62    123
1773   1140   4    174    145
1774   1181   7    137    335
1775   1292   2    141    131
1776   1751   5    64    493
1777   261   2    138    241
1778   52   6    192    43
1779   291   4    34    210
1780   1118   6    171    363
1781   620   7    41    294
1782   177   5    112    159
1783   805   4    174    269
1784   1702   2    174    195
1785   401   3    65    481
1786   1212   3    47    495
1787   1110   4    54    370
1788   675   7    70    151
1789   1280   7    156    489
1790   1061   4    82    368
1791   1223   5    14    96
1792   580   3    64    271
1793   299   7    186    454
1794   1413   3    1    183
1795   1321   6    105    319
1796   1143   5    51    309
1797   1021   7    131    385
1798   394   5    145    167
1799   1771   6    42    494
1800   1492   6    61    466
1801   1242   2    56    205
1802   967   2    103    465
1803   1305   7    114    215
1804   1209   4    192    413
1805   16   5    9    42
1806   225   7    6    259
1807   189   3    24    57
1808   546   5    188    294
1809   1379   5    61    105
1810   680   2    144    111
1811   774   4    105    490
1812   1617   2    187    441
1813   614   6    4    48
1814   1533   7    194    465
1815   1709   2    4    10
1816   299   7    73    167
1817   1520   3    161    349
1818   567   7    182    8
1819   1058   4    187    248
1820   1588   5    13    192
1821   9   5    127    294
1822   1441   7    65    351
1823   971   2    167    181
1824   706   5    40    84
1825   1518   3    45    371
1826   1125   6    128    45
1827   1338   3    90    422
1828   268   4    24    265
1829   463   3    18    346
1830   1301   2    58    224
1831   1287   3    65    142
1832   484   2    166    130
1833   193   5    99    441
1834   179   2    70    62
1835   1498   5    18    198
1836   765   5    38    245
1837   1699   2    89    70
1838   177   7    111    381
1839   955   7    158    67
1840   32   4    19    153
1841   1641   4    10    69
1842   702   3    117    54
1843   1822   7    41    392
1844   1721   3    25    159
1845   713   3    45    242
1846   169   2    194    360
1847   1101   6    12    3
1848   1631   2    81    244
1849   1631   2    155    393
1850   1684   3    167    403
1851   583   4    54    42
1852   751   5    117    313
1853   715   4    148    396
1854   696   2    98    281
1855   1759   2    145    215
1856   18   7    132    120
1857   443   5    36    453
1858   1533   2    39    44
1859   616   4    115    234
1860   1337   6    196    410
1861   1185   4    99    52
1862   1470   7    199    98
1863   525   7    125    266
1864   689   4    167    179
1865   1755   7    116    476
1866   175   6    13    181
1867   1827   5    148    391
1868   1755   3    89    45
1869   329   4    58    335
1870   600   3    174    76
1871   206   3    103    36
1872   1338   7    25    3
1873   1656   5    123    150
1874   708   4    40    418
1875   459   4    46    212
1876   669   2    146    262
1877   1196   2    12    49
1878   860   2    117    264
1879   212   6    176    235
1880   105   4    62    482
1881   738   5    186    413
1882   920   5    18    37
1883   601   6    198    129
1884   673   2    179    185
1885   894   5    145    300
1886   373   5    59    290
1887   620   3    48    400
1888   1368   2    126    178
1889   405   7    51    190
1890   59   5    58    69
1891   1368   4    109    87
1892   1391   5    168    499
1893   1354   2    39    89
1894   1333   4    85    291
1895   493   6    44    489
1896   417   2    180    363
1897   440   7    78    173
1898   1265   2    138    461
1899   14   2    104    453
1900   1698   5    71    43
1901   1727   3    15    16
1902   829   2    33    7
1903   1768   2    141    242
1904   963   7    113    323
1905   1457   6    92    320
1906   68   4    50    190
1907   1508   2    17    88
1908   353   3    18    358
1909   1533   5    54    460
1910   568   3    177    15
1911   1685   7    95    192
1912   995   2    79    322
1913   870   6    12    455
1914   1680   7    103    310
1915   578   4    127    66
1916   732   2    178    284
1917   1432   7    89    168
1918   1095   4    107    376
1919   1393   7    77    408
1920   81   7    31    40
1921   115   3    171    283
1922   309   2    42    490
1923   735   3    86    309
1924   1704   4    85    472
1925   550   4    12    475
1926   1184   5    61    53
1927   816   6    132    57
1928   1178   2    154    315
1929   1444   2    7    298
1930   1719   3    177    101
1931   1741   2    5    366
1932   284   4    34    99
1933   624   3    182    163
1934   661   6    11    334
1935   1609   7    8    67
1936   352   6    153    90
1937   1774   3    147    28
1938   426   6    45    18
1939   814   3    168    64
1940   1648   3    85    432
1941   49   5    142    218
1942   1249   4    110    4
1943   1101   7    2    68
1944   1894   2    193    226
1945   492   2    65    43
1946   1349   6    137    184
1947   5   6    137    289
1948   1714   6    114    27
1949   71   5    26    79
1950   95   6    105    107
1951   70   2    116    332
1952   678   4    111    253
1953   456   2    65    263
1954   1184   4    181    108
1955   1433   7    3    403
1956   1438   2    5    20
1957   448   5    91    280
1958   314   6    74    93
1959   998   3    117    154
1960   401   5    127    435
1961   898   7    98    372
1962   1376   3    39    351
1963   333   7    81    436
1964   1355   4    100    372
1965   93   6    125    210
1966   1509   3    43    283
1967   314   6    63    435
1968   1603   6    47    57
1969   1688   6    184    374
1970   1156   3    194    492
1971   542   2    114    499
1972   1155   5    37    126
1973   143   6    102    166
1974   1742   3    69    104
1975   352   3    2    352
1976   1352   2    163    491
1977   836   7    21    300
1978   226   3    121    27
1979   1440   5    163    63
1980   1169   6    96    39
1981   722   4    35    368
1982   1006   4    14    83
1983   538   5    173    209
1984   1303   5    50    230
1985   1858   7    83    199
1986   1300   4    171    279
1987   1524   6    194    146
1988   1372   5    133    454
1989   1345   5    159    47
1990   1492   7    88    22
1991   914   3    124    112
1992   1918   3    70    359
1993   447   5    125    259
1994   1511   4    94    236
1995   230   3    99    70
1996   1349   4    27    125
1997   98   5    84    436
1998   458   2    60    385
1999   58   3    138    43
2000   1997   4    77    499
2001   826   5    166    400
2002   309   2    126    166
2003   1283   2    131    24
2004   957   6    158    478
2005   333   7    185    186
2006   368   7    14    201
2007   1645   7    86    66
2008   1014   5    1    332
2009   1135   7    94    15
2010   1131   2    75    235
2011   181   5    22    188
2012   1188   6    193    222
2013   1936   4    173    64
2014   444   6    137    400
2015   720   2    5    444
2016   740   2    74    201
2017   321   7    118    190
2018   239   5    115    261
2019   618   7    171    427
2020   571   7    12    89
2021   1817   6    52    312
2022   155   5    161    129
2023   486   3    19    19
2024   756   7    30    280
2025   945   7    105    234
2026   1588   3    71    28
2027   1015   5    46    218
2028   1734   4    91    417
2029   1259   5    80    245
2030   1585   6    135    238
2031   830   3    176    492
2032   1432   3    62    375
2033   697   6    164    128
2034   1342   7    1    264
2035   824   5    99    491
2036   1085   2    43    424
2037   1604   5    16    60
2038   1958   5    175    86
2039   387   6    114    227
2040   1555   7    112    106
2041   1647   3    194    1
2042   1554   3    157    195
2043   1081   7    106    483
2044   305   7    193    275
2045   1762   2    12    198
2046   1374   2    42    48
2047   1791   2    48    158
2048   486   3    20    22
