1   0   6    9    39
2   1   6    71    369
3   1   6    50    434
4   1   6    78    122
5   3   2    138    479
6   4   5    113    12
7   2   6    182    105
8   5   3    178    325
9   6   4    93    153
10   7   4    9    448
11   1   7    81    105
12   3   2    141    5
13   8   2    194    313
14   8   3    113    114
15   9   4    91    420
16   13   2    6    312
17   1   3    199    269
18   7   3    174    58
19   17   4    47    491
20   3   7    123    268
21   19   7    93    244
22   8   7    193    240
23   3   3    197    290
24   6   2    1    235
25   14   2    99    83
26   3   7    124    233
27   10   5    29    305
28   23   6    53    379
29   7   6    66    282
30   27   4    160    98
31   18   7    156    54
32   15   6    66    154
33   7   7    189    52
34   8   2    159    221
35   14   6    167    311
36   33   5    125    427
37   18   6    187    141
38   10   7    159    345
39   13   2    57    388
40   8   4    113    338
41   12   4    138    99
42   13   2    173    53
43   24   2    47    79
44   33   2    116    250
45   8   7    185    432
46   38   3    195    248
47   18   6    31    314
48   11   7    176    3
49   10   3    92    327
50   30   7    90    288
51   38   2    3    154
52   20   5    34    214
53   27   7    98    475
54   45   5    63    397
55   51   6    64    456
56   49   2    64    431
57   40   2    97    343
58   28   3    144    134
59   23   4    2    229
60   55   4    141    174
61   3   6    171    125
62   21   4    171    386
63   42   4    80    208
64   50   2    153    279
65   11   6    33    227
66   39   7    25    245
67   22   5    31    113
68   10   5    17    95
69   18   7    15    15
70   68   6    80    481
71   25   4    170    402
72   7   7    139    290
73   47   6    1    312
74   36   2    9    299
75   28   4    24    468
76   41   6    40    392
77   2   7    48    163
78   23   5    8    328
79   15   3    192    201
80   51   2    27    163
81   15   6    122    210
82   77   3    111    295
83   4   7    5    448
84   55   6    131    196
85   75   3    84    128
86   20   4    104    265
87   56   5    174    219
88   42   2    83    474
89   42   2    150    456
90   31   4    196    445
91   73   5    35    175
92   72   6    30    112
93   62   6    10    252
94   29   5    188    234
95   44   2    83    142
96   40   2    90    453
97   85   6    85    352
98   60   2    112    49
99   8   2    171    178
100   49   3    154    403
101   64   5    52    164
102   41   5    31    47
103   32   5    22    89
104   80   5    147    151
105   76   3    164    485
106   3   5    55    225
107   39   2    161    138
108   1   5    182    225
109   32   7    120    109
110   93   4    186    297
111   42   5    10    320
112   50   4    155    363
113   5   6    7    428
114   19   2    136    41
115   9   2    14    96
116   60   2    116    354
117   94   7    61    58
118   40   7    101    353
119   72   4    179    54
120   11   3    128    428
121   59   5    194    443
122   56   3    171    4
123   114   5    36    475
124   12   2    17    290
125   18   5    12    343
126   120   2    34    371
127   120   4    59    491
128   91   3    156    129
129   26   6    153    27
130   19   6    193    290
131   53   3    81    36
132   37   6    44    116
133   80   2    153    297
134   3   4    183    478
135   111   3    89    259
136   56   6    52    312
137   47   3    83    169
138   133   6    95    170
139   10   4    140    482
140   111   3    43    427
141   32   4    52    243
142   40   2    29    236
143   2   3    57    467
144   112   4    116    465
145   111   5    121    351
146   44   7    138    475
147   82   2    79    134
148   58   2    17    127
149   147   7    164    323
150   140   5    34    212
151   73   5    121    29
152   56   4    117    495
153   91   7    166    332
154   85   6    105    34
155   108   5    14    16
156   91   2    182    430
157   11   6    53    186
158   111   6    123    49
159   124   2    31    21
160   8   2    55    104
161   59   6    19    360
162   146   3    164    487
163   161   2    143    324
164   71   7    143    243
165   145   7    27    198
166   55   4    121    183
167   82   6    25    100
168   130   4    158    478
169   91   7    135    199
170   111   4    122    107
171   45   6    60    300
172   22   5    132    427
173   31   7    85    232
174   160   4    129    31
175   35   6    143    421
176   19   4    132    85
177   80   4    170    294
178   139   4    155    204
179   49   4    163    152
180   96   2    20    150
181   82   6    87    145
182   107   7    77    104
183   14   5    117    473
184   63   3    172    50
185   91   7    122    19
186   28   2    10    131
187   33   7    149    32
188   48   4    116    395
189   127   7    120    85
190   88   5    44    328
191   187   2    74    152
192   7   7    102    131
193   67   6    140    174
194   44   7    25    303
195   117   6    118    30
196   63   3    171    66
197   68   4    37    269
198   177   2    172    471
199   183   5    30    22
200   136   5    108    65
201   132   6    115    41
202   92   4    89    154
203   73   6    194    350
204   78   6    154    324
205   99   2    84    249
206   151   2    107    344
207   72   7    46    453
208   147   6    89    365
209   178   2    140    376
210   117   4    5    145
211   159   5    20    392
212   188   7    35    113
213   103   6    48    323
214   103   6    158    252
215   93   5    87    422
216   145   3    41    308
217   70   6    45    273
218   119   3    42    139
219   53   6    110    242
220   27   2    116    296
221   23   6    45    55
222   116   3    108    162
223   45   7    26    306
224   38   3    9    265
225   141   5    89    276
226   114   6    91    432
227   198   4    22    411
228   96   7    60    27
229   122   6    40    314
230   162   4    110    423
231   6   4    116    186
232   63   3    31    489
233   105   5    141    93
234   222   6    43    256
235   7   2    128    96
236   137   7    26    300
237   51   7    3    83
238   198   2    150    264
239   31   2    34    300
240   7   2    156    382
241   184   3    60    55
242   137   5    137    27
243   162   7    155    253
244   116   6    127    324
245   232   5    51    255
246   240   3    2    348
247   26   2    173    167
248   92   5    83    477
249   140   5    177    337
250   89   2    108    50
251   93   5    14    114
252   245   2    130    393
253   246   4    137    165
254   83   5    165    402
255   133   5    186    444
256   112   2    16    255
257   64   4    17    217
258   102   4    128    227
259   174   6    92    443
260   83   6    88    276
261   179   7    6    378
262   136   7    91    448
263   40   4    71    488
264   155   6    37    328
265   99   7    77    451
266   185   2    21    59
267   97   3    35    133
268   30   2    148    139
269   251   4    4    137
270   199   3    64    194
271   10   6    199    221
272   100   7    139    1
273   242   7    164    376
274   68   4    140    112
275   190   4    188    385
276   53   6    29    481
277   38   2    146    248
278   247   6    39    36
279   274   2    56    468
280   132   3    74    135
281   67   4    113    131
282   134   5    59    415
283   168   2    165    263
284   173   5    135    29
285   125   6    79    310
286   10   6    21    464
287   185   4    188    216
288   235   6    181    467
289   245   3    40    367
290   173   3    56    296
291   194   5    42    132
292   17   6    63    213
293   39   5    140    118
294   188   5    150    44
295   106   2    9    374
296   176   7    137    234
297   110   2    83    162
298   291   5    195    106
299   31   2    34    371
300   167   6    8    150
301   26   3    164    36
302   191   2    100    222
303   192   4    154    499
304   196   3    60    80
305   212   4    119    156
306   23   4    179    183
307   77   6    76    252
308   207   5    5    279
309   169   2    32    495
310   272   4    118    102
311   18   7    97    119
312   203   6    72    347
313   200   2    144    54
314   22   7    126    292
315   102   7    13    433
316   112   5    181    169
317   63   4    21    351
318   25   6    113    94
319   231   2    28    440
320   63   2    174    446
321   89   5    127    372
322   240   4    40    316
323   196   3    61    394
324   36   6    199    209
325   143   3    184    75
326   219   2    19    76
327   108   6    134    398
328   124   3    196    250
329   281   7    41    90
330   41   7    130    46
331   110   6    139    89
332   2   6    115    270
333   83   7    75    390
334   218   7    124    378
335   165   5    11    71
336   128   4    131    96
337   245   3    142    485
338   84   4    152    495
339   12   3    197    303
340   300   2    170    479
341   314   2    190    49
342   62   3    123    485
343   219   2    151    373
344   55   5    187    231
345   232   3    189    374
346   311   3    55    431
347   271   4    148    133
348   214   4    134    290
349   158   2    198    316
350   239   5    190    461
351   105   3    6    12
352   179   4    77    378
353   88   6    124    420
354   103   7    179    86
355   81   6    161    73
356   227   5    185    280
357   50   4    16    180
358   148   6    81    153
359   326   7    167    482
360   274   5    14    178
361   271   7    118    233
362   197   6    62    416
363   118   4    153    92
364   112   5    186    229
365   268   6    9    237
366   167   3    175    284
367   175   2    115    468
368   352   6    94    434
369   162   7    142    359
370   194   5    115    394
371   166   6    88    438
372   335   3    119    441
373   101   6    168    79
374   271   5    27    369
375   140   7    107    413
376   89   7    75    215
377   10   5    81    365
378   217   4    136    15
379   65   6    76    2
380   186   5    37    93
381   366   7    68    95
382   258   7    192    362
383   149   5    142    470
384   306   3    5    456
385   151   6    159    75
386   68   7    139    438
387   234   4    30    93
388   194   6    49    131
389   254   3    133    298
390   184   4    19    379
391   264   6    161    439
392   64   7    9    133
393   264   7    79    8
394   22   5    43    12
395   208   2    83    440
396   390   7    38    433
397   345   6    145    360
398   203   7    116    192
399   305   2    195    102
400   196   3    149    24
401   40   4    15    208
402   151   5    102    184
403   88   6    183    346
404   147   5    40    83
405   233   7    37    24
406   286   2    113    224
407   166   7    57    281
408   321   7    180    339
409   117   6    179    70
410   401   7    172    391
411   51   6    81    196
412   387   3    7    111
413   191   6    115    425
414   44   7    31    340
415   81   3    135    68
416   54   3    16    144
417   133   6    195    237
418   328   4    198    471
419   54   2    158    408
420   115   5    105    349
421   350   3    39    13
422   322   2    87    195
423   88   2    117    428
424   297   2    164    102
425   46   7    42    450
426   180   2    131    255
427   40   5    187    98
428   2   7    33    198
429   241   5    123    331
430   102   6    53    371
431   74   4    135    429
432   305   2    26    412
433   13   3    195    68
434   114   6    51    273
435   220   2    154    182
436   161   4    15    272
437   365   3    134    11
438   292   5    131    404
439   193   3    111    41
440   400   4    53    368
441   258   2    25    176
442   189   3    146    469
443   303   4    191    236
444   302   5    40    169
445   82   6    3    157
446   190   6    35    157
447   372   4    143    178
448   73   2    4    377
449   395   3    31    283
450   98   5    163    365
451   195   5    188    118
452   308   5    168    441
453   36   4    185    14
454   370   2    70    98
455   58   6    35    253
456   283   5    193    201
457   106   4    2    148
458   385   4    21    389
459   342   6    126    240
460   250   4    153    494
461   310   6    15    391
462   397   4    61    211
463   341   5    57    59
464   401   6    41    215
465   227   6    179    403
466   86   6    38    7
467   201   4    197    484
468   102   4    99    69
469   294   3    150    32
470   172   6    55    207
471   397   2    13    347
472   369   2    96    76
473   97   4    125    134
474   68   6    88    284
475   86   2    168    437
476   314   7    164    127
477   337   5    76    63
478   44   3    84    399
479   21   6    152    459
480   432   2    7    269
481   418   4    31    474
482   439   3    98    352
483   158   5    14    403
484   381   4    66    114
485   149   6    104    391
486   398   5    129    24
487   78   6    109    314
488   201   7    117    242
489   65   3    196    256
490   341   2    147    174
491   119   6    11    434
492   69   4    175    168
493   70   3    128    489
494   444   3    43    202
495   167   3    152    393
496   41   5    19    483
497   121   4    18    110
498   260   3    8    319
499   32   5    108    429
500   84   5    175    313
501   302   7    63    469
502   281   2    145    386
503   305   5    88    486
504   305   3    177    145
505   314   5    100    84
506   99   3    89    295
507   168   4    75    139
508   23   6    15    202
509   328   6    104    35
510   176   2    4    42
511   159   2    126    89
512   5   3    133    40
513   191   3    7    480
514   134   6    90    197
515   437   7    169    23
516   357   6    93    73
517   99   7    140    326
518   372   7    92    41
519   504   7    144    446
520   398   2    33    371
521   278   5    2    150
522   467   7    2    420
523   56   5    79    441
524   136   5    142    282
525   143   2    91    296
526   376   5    199    258
527   79   6    173    35
528   267   6    173    452
529   319   3    45    315
530   260   4    87    225
531   2   4    97    152
532   81   5    44    128
533   355   4    89    388
534   69   5    112    105
535   43   6    28    327
536   14   6    23    1
537   231   5    151    400
538   11   7    92    15
539   485   7    136    18
540   458   6    37    214
541   287   4    3    46
542   305   4    184    51
543   289   7    182    303
544   29   6    16    352
545   465   7    158    422
546   327   7    151    66
547   28   4    185    29
548   106   7    99    233
549   510   5    72    399
550   28   5    158    412
551   452   6    48    493
552   521   3    174    297
553   258   7    62    474
554   104   7    102    478
555   161   2    145    406
556   421   7    160    198
557   55   4    168    407
558   266   7    94    452
559   432   4    96    353
560   142   6    89    358
561   209   7    127    198
562   404   3    85    6
563   464   2    195    173
564   218   3    185    468
565   478   2    145    479
566   441   6    68    160
567   293   4    128    227
568   120   7    54    444
569   313   5    77    278
570   562   7    136    111
571   235   2    186    375
572   392   2    76    377
573   271   6    188    408
574   55   3    99    141
575   462   2    61    274
576   111   6    147    50
577   71   3    108    264
578   132   2    22    344
579   221   5    36    437
580   38   6    176    372
581   475   2    124    191
582   504   2    70    341
583   332   4    175    169
584   232   7    139    351
585   231   5    13    37
586   170   3    77    71
587   578   2    190    343
588   220   6    183    384
589   337   7    162    225
590   475   4    96    159
591   360   7    155    32
592   59   3    113    149
593   129   6    37    356
594   23   3    5    20
595   563   5    78    492
596   16   3    196    77
597   382   5    101    471
598   249   3    116    458
599   21   6    125    3
600   209   3    141    258
601   435   6    198    19
602   93   6    156    179
603   428   2    181    335
604   120   6    86    106
605   402   4    155    352
606   305   6    92    290
607   360   2    99    387
608   162   3    5    35
609   543   5    129    293
610   44   6    65    102
611   363   5    197    77
612   245   2    48    409
613   145   3    167    25
614   67   6    160    128
615   52   4    93    314
616   234   4    92    217
617   66   2    110    493
618   52   4    168    423
619   244   4    31    37
620   290   2    106    48
621   230   2    53    401
622   45   2    164    422
623   573   4    58    150
624   593   3    170    120
625   55   2    196    253
626   241   6    91    427
627   56   6    198    449
628   143   2    3    292
629   608   7    29    170
630   125   5    38    276
631   19   2    169    465
632   351   2    26    453
633   535   7    80    193
634   472   3    161    476
635   90   4    176    133
636   202   7    141    107
637   133   6    119    53
638   471   7    76    46
639   242   5    138    385
640   280   3    101    158
641   527   5    47    310
642   171   2    170    425
643   282   3    80    321
644   123   7    89    290
645   415   6    95    379
646   459   7    64    488
647   276   3    149    245
648   574   7    197    491
649   609   6    183    68
650   456   7    171    329
651   98   7    114    376
652   115   7    20    126
653   8   2    134    351
654   312   7    75    100
655   326   2    117    117
656   293   4    153    120
657   611   5    34    497
658   354   7    93    236
659   299   5    4    34
660   485   2    154    111
661   284   5    102    405
662   72   4    161    454
663   324   7    87    211
664   605   2    126    317
665   394   7    177    24
666   236   3    199    198
667   163   6    113    445
668   489   4    12    320
669   324   7    22    366
670   304   7    140    440
671   453   6    110    120
672   34   3    196    375
673   138   3    9    468
674   271   5    125    283
675   626   2    134    341
676   319   4    12    283
677   266   7    69    175
678   5   6    29    362
679   637   7    98    426
680   375   6    91    22
681   367   2    100    335
682   163   3    160    49
683   429   2    142    283
684   574   2    196    375
685   361   2    82    219
686   299   2    25    319
687   224   6    27    453
688   381   4    9    148
689   89   5    100    45
690   280   3    30    116
691   466   7    178    409
692   33   2    105    189
693   123   2    61    361
694   558   7    84    147
695   672   3    29    30
696   582   4    165    493
697   651   3    134    100
698   603   2    133    41
699   248   4    39    143
700   337   6    13    200
701   188   2    54    5
702   253   7    32    497
703   646   2    25    193
704   508   5    87    305
705   677   4    156    291
706   98   5    23    464
707   559   5    66    473
708   579   2    177    21
709   552   6    43    345
710   597   3    111    195
711   442   4    105    250
712   516   7    111    160
713   479   2    169    370
714   320   4    177    251
715   435   7    31    240
716   517   6    51    441
717   42   3    19    435
718   322   2    106    110
719   303   4    172    72
720   375   6    28    383
721   473   3    1    447
722   670   5    98    412
723   241   7    159    72
724   630   2    30    57
725   463   4    87    46
726   41   5    11    148
727   157   4    116    226
728   533   2    185    76
729   323   2    181    480
730   400   4    10    199
731   628   3    119    68
732   27   7    176    484
733   342   3    165    175
734   356   3    31    264
735   277   3    31    125
736   16   3    52    10
737   607   4    173    408
738   578   7    117    137
739   634   4    74    213
740   255   3    178    350
741   527   3    121    293
742   126   3    194    330
743   134   4    44    490
744   631   2    30    104
745   588   3    172    262
746   669   4    125    184
747   68   2    11    263
748   191   7    80    42
749   436   7    96    229
750   180   6    49    261
751   682   4    117    304
752   278   6    162    153
753   268   7    124    329
754   481   6    194    197
755   189   4    96    67
756   557   6    178    375
757   453   3    121    359
758   240   7    104    216
759   420   7    24    449
760   546   6    181    136
761   555   5    175    324
762   78   5    153    241
763   752   2    44    219
764   97   6    60    482
765   222   6    55    81
766   88   5    152    419
767   456   3    146    8
768   248   7    9    308
769   684   6    106    311
770   316   2    4    245
771   123   4    61    183
772   441   7    59    21
773   636   7    37    54
774   344   5    170    131
775   486   7    164    399
776   294   7    63    72
777   23   4    144    136
778   287   7    179    121
779   294   4    19    233
780   503   6    192    319
781   46   5    151    271
782   353   2    103    407
783   28   6    140    494
784   348   2    37    37
785   717   5    72    62
786   132   6    88    119
787   582   6    151    406
788   782   3    60    478
789   266   6    5    151
790   413   5    5    348
791   548   5    61    116
792   346   5    22    223
793   664   5    48    182
794   433   5    143    382
795   185   7    32    401
796   727   2    14    432
797   73   5    35    51
798   675   4    14    77
799   526   6    147    430
800   719   7    132    2
801   198   5    116    433
802   627   4    53    75
803   623   7    43    110
804   237   2    37    226
805   165   7    169    373
806   209   7    87    320
807   456   3    61    338
808   721   7    115    321
809   532   7    149    187
810   160   2    82    358
811   140   7    94    11
812   241   3    46    410
813   714   3    196    173
814   690   2    42    101
815   33   6    75    306
816   662   4    86    152
817   760   5    146    23
818   94   6    36    288
819   671   2    93    318
820   298   2    108    486
821   768   5    10    234
822   151   2    152    65
823   710   3    105    425
824   157   7    104    69
825   720   3    6    437
826   788   5    94    18
827   544   5    107    393
828   341   6    174    106
829   793   7    24    42
830   776   7    47    467
831   517   6    70    218
832   784   6    91    237
833   131   6    114    342
834   233   4    145    163
835   550   4    69    481
836   587   5    39    54
837   350   7    81    47
838   366   5    130    212
839   348   7    118    92
840   437   5    1    258
841   147   5    157    437
842   155   4    36    324
843   529   4    54    131
844   394   7    171    447
845   329   2    94    304
846   17   4    90    322
847   304   2    20    10
848   54   3    29    249
849   308   6    178    366
850   541   6    144    198
851   589   4    52    193
852   819   3    51    37
853   560   2    92    159
854   107   4    53    217
855   26   3    130    455
856   743   2    117    99
857   46   6    30    128
858   518   7    64    56
859   702   6    127    93
860   326   3    161    345
861   838   6    77    102
862   513   2    2    120
863   339   7    66    10
864   161   3    88    340
865   653   4    78    8
866   33   7    96    432
867   359   7    112    56
868   39   4    64    216
869   361   4    181    219
870   497   7    23    41
871   247   2    131    214
872   767   2    96    247
873   203   6    193    290
874   462   6    12    204
875   381   6    48    101
876   260   7    50    296
877   126   6    146    172
878   102   3    159    277
879   233   2    37    123
880   859   2    111    39
881   862   7    194    101
882   868   7    77    343
883   722   7    33    471
884   536   4    109    175
885   44   6    24    490
886   230   7    137    120
887   277   7    44    185
888   358   7    170    145
889   181   4    119    395
890   567   3    150    172
891   23   2    37    391
892   749   5    129    331
893   555   6    117    322
894   314   3    118    291
895   795   2    132    204
896   530   2    8    472
897   509   6    197    403
898   496   5    101    86
899   840   3    105    446
900   334   3    184    315
901   892   7    122    202
902   75   5    73    310
903   516   3    154    2
904   289   7    41    26
905   650   6    153    259
906   61   2    156    174
907   580   7    168    68
908   296   7    172    94
909   71   6    170    403
910   890   5    31    305
911   361   4    178    32
912   161   3    97    260
913   746   2    169    453
914   409   6    193    150
915   27   7    184    268
916   329   4    2    305
917   747   7    193    160
918   329   2    22    252
919   150   3    187    230
920   518   4    114    57
921   278   6    129    474
922   201   6    171    221
923   262   2    162    138
924   470   5    112    223
925   414   5    71    447
926   500   2    180    492
927   566   7    148    331
928   566   6    44    31
929   227   5    62    479
930   220   3    10    305
931   889   4    99    73
932   779   3    55    266
933   427   2    10    383
934   633   6    192    361
935   684   3    102    100
936   807   6    139    195
937   7   7    113    454
938   318   2    137    341
939   704   7    138    322
940   782   4    66    343
941   529   6    18    186
942   580   7    80    268
943   382   7    151    174
944   305   4    88    18
945   185   7    50    447
946   1   5    163    144
947   191   3    191    182
948   324   7    21    72
949   817   3    112    8
950   772   4    161    215
951   926   6    162    82
952   222   3    27    325
953   831   2    58    324
954   308   3    182    395
955   19   6    121    225
956   196   3    193    284
957   547   4    169    90
958   321   2    61    340
959   883   4    120    237
960   541   6    1    79
961   154   2    110    387
962   715   7    138    486
963   210   5    9    457
964   665   3    69    421
965   903   4    90    356
966   201   3    178    475
967   786   6    93    66
968   632   4    181    282
969   52   2    119    55
970   740   5    23    387
971   11   5    132    380
972   828   5    156    480
973   621   7    156    108
974   485   2    55    78
975   339   6    29    66
976   880   3    156    230
977   281   3    36    471
978   687   3    145    222
979   450   4    155    498
980   459   3    29    19
981   565   6    183    287
982   514   4    158    221
983   816   2    88    403
984   620   7    31    402
985   409   6    194    395
986   343   7    45    262
987   81   3    127    389
988   779   4    71    3
989   225   4    58    347
990   683   3    95    76
991   914   5    92    452
992   575   2    110    468
993   606   4    165    161
994   215   7    165    336
995   71   4    15    484
996   300   4    4    421
997   712   4    85    183
998   841   4    95    310
999   720   6    114    6
1000   474   7    146    45
1001   199   6    118    245
1002   433   7    46    457
1003   229   5    43    455
1004   558   3    199    47
1005   30   6    125    20
1006   460   3    98    496
1007   219   7    49    72
1008   354   3    142    215
1009   278   3    103    295
1010   979   4    125    259
1011   429   4    152    174
1012   126   7    71    156
1013   55   6    117    264
1014   262   7    183    213
1015   838   7    44    467
1016   541   3    148    217
1017   349   5    172    446
1018   695   2    142    473
1019   715   4    196    465
1020   110   6    14    240
1021   50   3    63    304
1022   279   5    160    62
1023   329   7    156    430
1024   106   4    95    420
1025   56   5    83    33
1026   221   3    24    101
1027   788   3    193    274
1028   21   4    104    109
1029   610   2    44    448
1030   832   6    198    417
1031   667   2    52    375
1032   70   6    46    375
1033   669   7    32    76
1034   272   4    137    274
1035   551   3    49    303
1036   273   4    128    22
1037   718   5    124    190
1038   647   3    187    373
1039   283   2    124    95
1040   43   7    13    325
1041   404   5    82    265
1042   162   4    136    297
1043   340   3    176    80
1044   995   2    128    110
1045   240   4    87    479
1046   25   4    155    396
1047   805   2    25    33
1048   12   3    155    454
1049   459   2    56    70
1050   541   5    18    485
1051   67   3    13    208
1052   896   5    69    481
1053   700   2    168    116
1054   331   2    30    106
1055   486   3    77    386
1056   575   7    101    21
1057   977   4    192    196
1058   318   3    28    377
1059   758   3    4    401
1060   29   6    18    254
1061   721   6    172    484
1062   482   3    35    65
1063   615   4    21    344
1064   675   6    136    362
1065   956   7    58    328
1066   1030   3    160    112
1067   946   4    183    2
1068   729   2    180    151
1069   870   7    133    332
1070   526   5    196    386
1071   817   2    196    286
1072   116   7    25    371
1073   621   5    52    238
1074   812   7    81    478
1075   581   2    146    103
1076   75   6    89    378
1077   225   3    114    29
1078   386   3    104    178
1079   737   7    127    309
1080   959   5    139    344
1081   109   6    81    257
1082   577   6    19    472
1083   50   4    6    433
1084   36   6    134    194
1085   727   2    84    439
1086   643   4    34    355
1087   797   2    81    353
1088   198   6    75    173
1089   337   4    49    280
1090   578   5    8    219
1091   1082   2    96    490
1092   931   7    172    256
1093   901   3    190    108
1094   331   2    52    155
1095   662   5    161    471
1096   807   4    123    189
1097   756   5    145    466
1098   349   5    160    280
1099   134   4    28    87
1100   859   7    181    4
1101   382   4    61    454
1102   260   7    115    407
1103   738   5    158    166
1104   13   6    104    358
1105   913   3    120    277
1106   275   6    151    254
1107   443   3    101    312
1108   841   3    24    193
1109   86   2    145    290
1110   455   3    87    196
1111   218   5    6    469
1112   429   7    13    361
1113   196   6    36    470
1114   127   5    117    173
1115   360   7    55    79
1116   561   3    141    464
1117   49   6    60    166
1118   625   7    190    265
1119   598   5    146    238
1120   1061   6    83    88
1121   675   3    166    92
1122   296   6    156    231
1123   796   3    177    90
1124   476   5    189    436
1125   921   4    177    335
1126   449   3    50    399
1127   775   7    137    287
1128   14   2    51    435
1129   504   2    29    125
1130   486   2    102    56
1131   158   6    40    29
1132   503   2    80    407
1133   253   6    193    434
1134   571   5    95    486
1135   990   7    196    454
1136   990   2    119    396
1137   1124   6    48    68
1138   999   5    3    188
1139   890   2    25    228
1140   914   7    91    196
1141   165   6    81    103
1142   1127   2    183    4
1143   765   7    41    356
1144   575   3    87    365
1145   639   2    138    357
1146   919   4    48    410
1147   1121   3    1    289
1148   356   4    85    17
1149   781   2    135    424
1150   986   5    128    62
1151   681   4    91    135
1152   592   6    100    329
1153   197   7    132    90
1154   399   4    100    309
1155   142   4    73    209
1156   1089   6    157    116
1157   1023   4    82    104
1158   884   7    119    177
1159   596   3    96    419
1160   216   3    131    412
1161   466   2    64    8
1162   233   5    161    155
1163   746   6    116    104
1164   1124   2    34    22
1165   20   2    39    39
1166   416   5    171    191
1167   790   2    154    8
1168   441   5    46    81
1169   494   4    74    455
1170   439   2    149    337
1171   1092   5    51    141
1172   955   3    167    47
1173   51   5    12    255
1174   1081   3    196    277
1175   1053   7    145    330
1176   458   5    22    482
1177   774   3    85    47
1178   37   4    193    491
1179   81   3    7    134
1180   231   3    2    287
1181   409   6    44    487
1182   1117   7    156    224
1183   556   3    18    12
1184   306   4    143    155
1185   127   7    28    81
1186   1110   3    188    272
1187   1070   7    140    330
1188   391   2    134    242
1189   767   7    150    249
1190   1017   4    80    23
1191   1061   3    144    70
1192   191   7    83    391
1193   30   3    59    210
1194   816   4    9    411
1195   200   6    26    18
1196   1063   3    41    213
1197   690   2    103    496
1198   1060   4    3    19
1199   1101   7    169    389
1200   213   2    79    257
1201   36   5    196    20
1202   894   3    172    147
1203   848   7    142    31
1204   135   2    174    325
1205   476   4    19    109
1206   621   3    161    40
1207   424   5    16    357
1208   1026   7    46    317
1209   679   4    123    84
1210   1034   2    125    85
1211   142   7    37    469
1212   100   2    89    222
1213   264   6    57    422
1214   603   7    193    453
1215   1180   7    193    199
1216   206   6    138    113
1217   1175   7    187    474
1218   1059   7    51    281
1219   781   2    66    188
1220   986   5    192    372
1221   485   6    17    276
1222   785   3    183    93
1223   465   2    137    300
1224   529   6    69    131
1225   408   4    123    278
1226   1042   6    153    131
1227   178   6    186    368
1228   797   6    4    229
1229   149   5    171    387
1230   385   6    122    434
1231   1151   5    5    455
1232   343   7    188    14
1233   968   5    174    11
1234   294   7    103    80
1235   370   5    139    285
1236   249   3    125    376
1237   103   2    26    175
1238   792   7    76    300
1239   472   2    97    89
1240   292   3    1    133
1241   1112   3    64    219
1242   1037   7    86    398
1243   1079   2    138    427
1244   221   6    57    40
1245   1087   3    136    242
1246   1142   3    160    487
1247   704   2    142    266
1248   224   3    142    3
1249   875   4    127    34
1250   1139   4    36    66
1251   332   6    189    361
1252   893   2    172    24
1253   1206   5    175    336
1254   673   2    157    491
1255   581   6    23    127
1256   1223   6    180    89
1257   573   5    167    464
1258   646   2    53    353
1259   92   5    21    476
1260   475   4    179    399
1261   189   6    137    53
1262   360   3    21    281
1263   236   2    75    197
1264   672   5    6    317
1265   836   2    25    253
1266   957   3    97    348
1267   866   4    134    424
1268   371   6    10    50
1269   1119   4    44    488
1270   108   3    27    238
1271   666   6    105    288
1272   698   3    151    99
1273   479   2    13    31
1274   951   4    178    303
1275   215   2    144    100
1276   1025   5    160    445
1277   4   4    15    2
1278   34   3    58    226
1279   748   3    147    93
1280   47   5    185    186
1281   190   6    159    420
1282   1253   2    65    442
1283   21   4    15    212
1284   460   4    155    220
1285   310   7    109    443
1286   98   2    125    174
1287   542   6    173    470
1288   808   5    57    26
1289   144   3    184    496
1290   219   2    95    209
1291   1106   6    67    231
1292   168   5    188    442
1293   25   2    60    184
1294   572   7    53    154
1295   258   3    92    38
1296   476   2    86    355
1297   339   4    125    340
1298   145   5    110    351
1299   876   5    59    274
1300   49   5    3    380
1301   881   2    135    224
1302   276   6    120    393
1303   248   7    191    400
1304   573   3    154    376
1305   646   2    54    454
1306   189   7    60    55
1307   566   5    122    388
1308   1123   5    140    67
1309   532   5    38    301
1310   981   2    21    75
1311   167   2    114    171
1312   276   3    44    392
1313   137   3    142    452
1314   920   5    87    368
1315   248   6    174    180
1316   967   4    162    301
1317   512   7    38    442
1318   591   7    123    371
1319   350   3    2    309
1320   1161   3    33    276
1321   974   2    112    42
1322   798   7    17    405
1323   111   5    197    226
1324   32   4    123    155
1325   417   6    164    123
1326   105   5    167    61
1327   1085   4    105    321
1328   1273   3    117    416
1329   1094   2    172    207
1330   1311   3    25    130
1331   277   5    38    495
1332   978   3    42    446
1333   563   3    180    318
1334   677   3    107    461
1335   361   5    81    439
1336   965   3    98    48
1337   1035   6    167    486
1338   447   6    150    96
1339   1219   5    8    311
1340   1073   3    80    249
1341   855   6    111    69
1342   905   4    176    202
1343   750   5    42    122
1344   123   4    80    62
1345   1231   7    197    40
1346   1173   2    121    18
1347   113   2    15    209
1348   1162   3    55    344
1349   27   6    192    16
1350   20   3    97    328
1351   631   2    76    56
1352   549   5    25    216
1353   842   2    125    272
1354   32   7    84    406
1355   504   2    67    417
1356   800   5    19    108
1357   1293   6    144    10
1358   1070   2    11    259
1359   1021   6    100    383
1360   548   3    138    165
1361   427   2    78    32
1362   1340   4    99    193
1363   755   5    92    95
1364   1063   3    59    385
1365   147   2    170    161
1366   16   3    71    470
1367   656   4    74    143
1368   277   4    169    312
1369   975   7    61    491
1370   149   6    148    86
1371   160   3    156    398
1372   900   4    67    265
1373   599   6    159    479
1374   1171   7    77    423
1375   1114   3    32    74
1376   1079   6    90    335
1377   1284   4    105    250
1378   1060   6    113    117
1379   416   2    62    300
1380   617   7    149    213
1381   45   4    176    159
1382   362   6    104    302
1383   269   7    11    198
1384   680   3    87    247
1385   1114   3    158    52
1386   814   6    11    447
1387   421   3    17    132
1388   934   3    138    454
1389   901   7    184    83
1390   454   2    79    13
1391   555   2    67    195
1392   1289   3    63    9
1393   267   7    36    466
1394   833   2    118    59
1395   94   7    91    59
1396   1112   2    142    496
1397   383   3    67    83
1398   614   5    13    494
1399   813   2    120    187
1400   536   7    98    146
1401   1161   5    134    57
1402   581   7    163    6
1403   548   4    74    156
1404   831   2    96    243
1405   993   4    46    79
1406   1091   7    142    136
1407   1173   7    2    213
1408   215   6    90    234
1409   211   2    5    143
1410   900   6    122    400
1411   328   7    32    161
1412   472   6    16    48
1413   1189   3    105    406
1414   147   6    2    479
1415   187   2    143    182
1416   186   7    65    371
1417   1220   7    183    179
1418   1230   4    101    488
1419   375   7    46    275
1420   98   6    37    334
1421   1162   3    9    36
1422   520   5    191    160
1423   1065   7    113    299
1424   1050   7    131    219
1425   1013   2    17    296
1426   839   6    47    109
1427   313   2    156    231
1428   1014   7    72    429
1429   1164   6    36    298
1430   1343   4    34    228
1431   1045   6    98    441
1432   663   2    145    17
1433   1276   4    158    391
1434   191   4    28    144
1435   189   6    27    14
1436   179   5    48    407
1437   482   7    47    50
1438   395   7    28    350
1439   830   4    17    69
1440   1281   2    179    99
1441   396   6    50    318
1442   533   5    120    301
1443   94   5    14    73
1444   746   7    161    237
1445   422   3    126    273
1446   977   2    189    414
1447   397   5    78    139
1448   336   7    165    373
1449   1407   6    83    13
1450   1192   6    124    423
1451   350   4    159    257
1452   302   4    185    214
1453   9   2    60    114
1454   1423   2    98    481
1455   842   6    188    112
1456   472   5    80    41
1457   197   2    180    413
1458   284   6    183    310
1459   643   6    77    41
1460   722   7    22    20
1461   912   6    21    401
1462   1223   7    171    375
1463   1287   3    197    414
1464   310   4    191    167
1465   896   5    158    470
1466   731   5    154    306
1467   1021   6    195    274
1468   1319   7    197    136
1469   297   3    70    469
1470   1452   7    49    368
1471   515   6    192    59
1472   1394   5    80    445
1473   741   3    71    335
1474   999   6    186    409
1475   485   4    94    61
1476   644   3    157    206
1477   1403   4    159    155
1478   114   2    88    295
1479   1220   2    89    317
1480   970   2    67    229
1481   1431   2    65    267
1482   274   3    156    81
1483   256   3    133    277
1484   131   7    93    182
1485   1083   3    156    165
1486   571   6    115    137
1487   522   4    174    371
1488   466   6    19    216
1489   732   3    69    153
1490   634   3    195    279
1491   44   3    164    21
1492   1212   5    127    225
1493   787   6    137    315
1494   566   4    76    446
1495   1488   2    50    326
1496   730   7    64    177
1497   225   4    72    112
1498   343   3    89    144
1499   1162   4    39    315
1500   509   6    189    180
1501   1495   4    135    186
1502   907   4    39    434
1503   648   5    97    190
1504   676   4    61    55
1505   1433   7    30    227
1506   306   4    27    86
1507   155   5    117    487
1508   992   6    46    467
1509   762   7    70    88
1510   1326   7    83    233
1511   1466   7    22    486
1512   568   2    97    403
1513   78   3    51    79
1514   899   4    115    434
1515   15   5    63    156
1516   474   3    90    260
1517   569   6    20    410
1518   166   3    173    15
1519   322   6    53    283
1520   812   5    69    119
1521   435   4    187    125
1522   219   3    101    351
1523   1055   7    169    38
1524   424   2    58    370
1525   1363   2    104    242
1526   1008   6    185    268
1527   393   2    120    454
1528   1448   2    121    437
1529   526   3    126    368
1530   1397   6    76    219
1531   457   5    33    387
1532   539   3    62    37
1533   32   7    68    317
1534   91   2    67    169
1535   713   2    121    90
1536   1294   6    110    91
1537   509   4    197    38
1538   1151   2    191    194
1539   408   5    129    32
1540   698   4    182    40
1541   598   4    86    387
1542   879   6    126    226
1543   1003   4    110    61
1544   258   3    186    282
1545   792   7    133    469
1546   351   3    139    406
1547   1131   3    37    99
1548   631   2    178    230
1549   1413   4    51    230
1550   1531   2    27    180
1551   384   6    62    446
1552   953   7    107    374
1553   1164   3    52    171
1554   995   6    81    157
1555   1009   7    164    215
1556   538   6    191    38
1557   42   4    15    323
1558   1481   7    172    306
1559   940   3    40    436
1560   1533   3    90    464
1561   73   4    196    374
1562   280   6    54    238
1563   93   2    166    358
1564   1485   2    104    120
1565   147   7    183    135
1566   513   5    51    430
1567   124   6    38    155
1568   309   4    179    369
1569   1420   5    164    96
1570   1450   5    2    305
1571   64   4    120    12
1572   1490   4    177    83
1573   267   6    87    159
1574   655   6    29    97
1575   1408   2    171    359
1576   916   7    101    400
1577   289   3    73    258
1578   725   5    143    465
1579   824   6    126    16
1580   538   7    59    59
1581   1384   7    98    368
1582   1381   6    80    435
1583   696   6    34    386
1584   1509   6    81    210
1585   1551   6    24    122
1586   370   6    58    441
1587   517   7    50    148
1588   316   4    137    298
1589   1151   3    101    231
1590   1117   4    105    428
1591   642   7    174    485
1592   20   7    124    84
1593   394   2    36    209
1594   91   7    119    113
1595   185   7    98    471
1596   435   5    83    418
1597   280   3    101    4
1598   1122   7    199    408
1599   1279   6    41    89
1600   1159   5    148    446
1601   1064   2    112    387
1602   919   5    8    23
1603   1226   5    106    460
1604   874   2    42    224
1605   1597   2    12    482
1606   460   6    170    447
1607   1200   5    121    247
1608   1499   2    90    344
1609   1   5    129    305
1610   512   2    47    452
1611   1475   5    121    324
1612   254   4    137    225
1613   357   2    67    46
1614   670   6    132    333
1615   317   2    19    471
1616   513   7    173    427
1617   1513   3    91    159
1618   901   6    186    374
1619   166   7    29    75
1620   762   2    162    19
1621   661   5    15    115
1622   1344   3    100    423
1623   954   6    69    374
1624   279   2    108    305
1625   894   6    90    196
1626   288   3    53    304
1627   427   7    74    22
1628   944   5    38    195
1629   1152   4    116    448
1630   906   5    152    245
1631   685   6    178    247
1632   38   3    132    230
1633   1514   2    5    431
1634   1513   4    108    20
1635   867   7    121    272
1636   214   2    157    191
1637   339   3    74    342
1638   714   7    65    93
1639   1201   4    22    305
1640   297   7    177    298
1641   1255   2    94    106
1642   420   3    120    270
1643   1413   6    79    364
1644   1572   2    121    203
1645   986   4    31    148
1646   1335   3    36    256
1647   1450   3    82    460
1648   305   2    117    42
1649   523   5    72    9
1650   90   4    150    28
1651   896   7    188    232
1652   1415   7    32    165
1653   1612   4    162    288
1654   1402   7    119    115
1655   1332   5    131    45
1656   1131   6    134    419
1657   426   7    97    272
1658   506   7    34    435
1659   1140   4    53    351
1660   300   7    128    389
1661   1533   6    65    304
1662   646   3    169    233
1663   476   4    115    410
1664   1019   4    87    91
1665   994   5    68    41
1666   967   4    98    485
1667   124   2    84    322
1668   676   2    193    216
1669   1020   5    55    281
1670   1610   3    170    41
1671   1147   4    37    422
1672   733   4    117    415
1673   559   7    58    51
1674   196   4    103    53
1675   1400   6    189    318
1676   461   2    113    345
1677   567   6    57    412
1678   1046   5    120    365
1679   1221   6    51    305
1680   634   2    73    48
1681   1415   3    182    207
1682   1616   4    174    234
1683   575   3    122    170
1684   1630   6    113    301
1685   1538   6    103    73
1686   1482   5    172    484
1687   701   2    167    301
1688   1102   4    56    196
1689   1375   5    88    65
1690   709   5    60    27
1691   1229   5    9    179
1692   791   7    147    19
1693   257   4    52    459
1694   296   4    162    200
1695   1415   7    98    220
1696   1502   7    66    366
1697   935   3    55    93
1698   163   6    54    51
1699   176   6    5    182
1700   244   7    168    206
1701   990   6    107    480
1702   222   3    115    14
1703   1455   2    120    468
1704   253   2    165    99
1705   404   7    41    499
1706   736   5    34    239
1707   811   4    179    203
1708   75   5    184    334
1709   1154   5    101    4
1710   712   2    23    411
1711   238   3    185    258
1712   1193   3    144    417
1713   1033   5    58    359
1714   493   3    171    202
1715   178   3    168    456
1716   442   5    190    45
1717   495   3    173    12
1718   773   6    1    329
1719   1086   5    165    209
1720   600   5    146    158
1721   535   5    71    457
1722   204   4    1    33
1723   353   2    45    434
1724   1296   5    98    258
1725   533   5    32    203
1726   1616   6    49    345
1727   1577   3    86    172
1728   1023   3    143    384
1729   1596   6    180    10
1730   1315   7    34    481
1731   456   7    125    433
1732   1465   7    97    355
1733   234   3    130    452
1734   1387   4    180    309
1735   1085   4    37    157
1736   562   4    168    253
1737   122   3    74    7
1738   1448   3    107    439
1739   700   6    186    305
1740   944   7    127    161
1741   1271   4    124    64
1742   1270   4    54    236
1743   1462   6    155    290
1744   1087   3    144    485
1745   1458   5    147    193
1746   1651   4    49    438
1747   1454   7    153    345
1748   929   4    104    259
1749   737   3    180    204
1750   1687   7    166    285
1751   1050   2    91    154
1752   541   4    93    79
1753   212   6    65    307
1754   237   3    33    155
1755   1605   6    135    144
1756   686   5    52    66
1757   63   2    142    202
1758   697   2    69    410
1759   913   4    21    29
1760   212   3    138    102
1761   1206   2    169    382
1762   53   7    19    134
1763   479   3    165    87
1764   1152   2    45    493
1765   334   7    96    267
1766   991   4    189    115
1767   1441   2    145    420
1768   49   7    112    494
1769   1763   6    92    352
1770   1740   2    81    446
1771   1053   5    89    43
1772   667   5    199    345
1773   1181   5    112    456
1774   543   5    131    152
1775   523   2    50    249
1776   937   6    79    32
1777   901   6    16    494
1778   493   4    116    202
1779   1590   2    107    351
1780   753   3    154    263
1781   787   3    112    363
1782   756   7    17    180
1783   1285   2    79    128
1784   966   6    112    91
1785   780   2    117    210
1786   376   3    82    44
1787   321   4    183    102
1788   316   6    97    332
1789   242   2    152    324
1790   159   6    61    260
1791   270   3    105    196
1792   863   3    99    280
1793   1690   7    184    445
1794   325   6    146    284
1795   1055   5    101    157
1796   706   2    64    201
1797   1198   4    100    367
1798   338   7    131    410
1799   389   5    24    225
1800   1708   5    103    38
1801   716   2    133    270
1802   1253   2    87    449
1803   1781   6    175    381
1804   1481   2    4    460
1805   778   5    175    337
1806   1379   5    198    34
1807   39   4    20    469
1808   787   4    137    396
1809   1713   3    83    150
1810   1558   6    187    315
1811   632   6    67    231
1812   617   6    16    408
1813   1184   4    59    15
1814   345   7    59    380
1815   381   3    178    311
1816   1249   6    96    48
1817   1472   2    11    29
1818   1495   6    127    414
1819   1311   2    107    407
1820   400   3    7    255
1821   492   5    131    267
1822   625   7    40    172
1823   571   5    193    359
1824   1339   3    159    418
1825   1241   4    91    374
1826   1763   5    181    286
1827   311   2    81    479
1828   1795   7    124    342
1829   655   6    17    118
1830   1451   7    69    57
1831   785   4    83    377
1832   1404   3    140    20
1833   156   7    95    434
1834   1358   6    54    195
1835   878   5    102    102
1836   1207   6    4    433
1837   1052   5    89    67
1838   1719   2    140    386
1839   1063   3    146    289
1840   35   3    4    395
1841   1648   6    3    111
1842   371   5    191    215
1843   339   7    194    272
1844   14   6    73    132
1845   818   2    28    169
1846   1279   4    32    423
1847   1545   6    99    162
1848   1194   2    146    399
1849   845   4    134    323
1850   974   4    124    284
1851   537   7    117    13
1852   459   2    193    419
1853   1199   3    40    106
1854   1620   2    44    76
1855   871   7    115    280
1856   1732   5    128    479
1857   1291   3    9    279
1858   1740   7    96    351
1859   760   7    130    24
1860   539   7    89    167
1861   22   6    103    343
1862   1629   4    14    351
1863   117   5    20    298
1864   1774   3    168    128
1865   1247   4    31    58
1866   15   7    120    107
1867   535   5    137    238
1868   1031   3    174    180
1869   566   2    152    269
1870   918   3    60    13
1871   1579   7    14    100
1872   1440   2    30    394
1873   1133   5    150    80
1874   1072   4    108    239
1875   1570   4    100    185
1876   1352   5    113    207
1877   82   3    58    473
1878   864   4    32    198
1879   1724   4    176    298
1880   675   5    23    268
1881   63   4    180    87
1882   260   7    166    356
1883   862   5    89    400
1884   1324   3    62    179
1885   189   4    34    336
1886   1631   7    35    414
1887   1841   5    68    258
1888   78   2    72    119
1889   760   4    80    217
1890   1298   5    11    419
1891   1255   4    18    455
1892   225   4    135    249
1893   289   4    77    21
1894   1719   5    81    77
1895   885   5    9    136
1896   1539   7    143    263
1897   1310   7    127    359
1898   777   4    65    43
1899   975   3    25    402
1900   1393   2    118    88
1901   1424   4    32    118
1902   1551   6    189    82
1903   1623   5    89    458
1904   1205   6    122    120
1905   174   5    49    143
1906   1054   4    95    140
1907   290   2    21    434
1908   637   6    153    10
1909   388   5    32    62
1910   1072   6    36    411
1911   886   3    177    458
1912   250   2    166    484
1913   215   6    125    212
1914   1146   3    64    225
1915   385   6    71    310
1916   1364   2    111    292
1917   1130   5    56    32
1918   1830   6    6    281
1919   1805   3    10    187
1920   129   5    173    82
1921   331   4    71    245
1922   1757   5    11    50
1923   1360   6    182    345
1924   1343   4    125    115
1925   1693   4    9    2
1926   800   3    90    118
1927   981   4    26    243
1928   931   4    169    102
1929   1425   2    129    272
1930   315   5    154    465
1931   1517   5    185    472
1932   497   5    77    94
1933   484   5    150    253
1934   62   2    39    216
1935   961   2    188    457
1936   762   2    48    34
1937   889   5    186    328
1938   986   4    72    163
1939   1005   2    125    53
1940   1333   6    80    94
1941   1743   3    101    271
1942   1354   4    72    13
1943   1504   7    38    375
1944   1191   3    39    349
1945   14   4    4    430
1946   919   6    153    88
1947   669   5    55    231
1948   87   2    85    125
1949   1134   3    142    85
1950   807   7    104    114
1951   1561   7    30    54
1952   1734   6    55    82
1953   780   3    58    167
1954   1178   2    7    454
1955   1190   3    95    282
1956   1505   2    124    370
1957   1243   6    77    400
1958   531   5    100    11
1959   1168   4    192    266
1960   505   7    53    226
1961   372   2    32    426
1962   1161   7    34    74
1963   199   5    188    163
1964   1145   4    91    417
1965   765   6    46    193
1966   1642   6    28    156
1967   994   6    128    173
1968   78   6    48    275
1969   1112   4    139    145
1970   589   7    9    422
1971   1686   6    101    437
1972   167   2    142    290
1973   1372   5    159    311
1974   730   7    131    279
1975   1172   6    166    348
1976   1093   6    128    58
1977   1088   2    83    24
1978   146   2    17    268
1979   1402   7    118    220
1980   3   3    52    197
1981   1907   5    80    456
1982   1007   5    53    17
1983   573   7    114    290
1984   1786   3    6    124
1985   353   7    19    157
1986   1534   6    58    77
1987   1521   3    32    46
1988   19   6    139    198
1989   1400   6    127    416
1990   1192   5    109    80
1991   410   2    24    281
1992   18   6    86    37
1993   818   3    134    72
1994   1311   5    179    96
1995   442   6    116    45
1996   1979   4    171    264
1997   1698   4    116    20
1998   1597   3    66    30
1999   812   4    167    411
2000   883   6    73    287
2001   225   2    171    238
2002   157   6    128    389
2003   752   3    53    416
2004   90   3    125    156
2005   1742   6    114    80
2006   1595   3    43    322
2007   1862   6    143    317
2008   1439   6    84    449
2009   588   4    103    186
2010   970   2    26    412
2011   1296   4    126    295
2012   169   6    182    476
2013   976   5    166    449
2014   555   4    14    85
2015   486   5    191    490
2016   453   2    136    115
2017   738   3    10    486
2018   153   4    182    305
2019   150   2    130    64
2020   1816   6    3    490
2021   732   2    175    238
2022   1765   5    66    120
2023   1967   2    90    233
2024   1525   2    104    472
2025   1380   7    33    430
2026   1708   7    69    402
2027   1596   3    63    263
2028   1802   5    122    168
2029   1009   5    18    359
2030   206   4    174    174
2031   1305   4    160    403
2032   596   6    170    145
2033   387   2    80    422
2034   1167   4    175    220
2035   1747   6    164    360
2036   1888   2    17    392
2037   279   3    71    53
2038   712   7    110    333
2039   852   3    36    341
2040   452   5    145    11
2041   12   6    6    248
2042   1659   7    109    124
2043   1490   7    19    283
2044   1720   7    6    277
2045   1381   2    22    46
2046   753   5    126    190
2047   1590   2    44    298
2048   394   3    194    227
