1   0   5    22    37
2   1   3    199    136
3   1   2    88    466
4   2   7    46    108
5   3   6    196    37
6   4   5    22    125
7   5   4    117    212
8   1   3    9    18
9   2   2    11    225
10   2   5    174    126
11   8   4    168    223
12   10   4    128    65
13   3   6    190    61
14   3   3    22    432
15   9   3    186    234
16   12   7    106    401
17   3   3    17    343
18   5   2    169    470
19   4   6    167    171
20   7   6    100    400
21   9   3    180    484
22   2   5    70    47
23   11   7    74    420
24   22   7    185    486
25   1   7    49    267
26   12   2    143    117
27   1   5    72    13
28   18   2    44    360
29   26   7    51    477
30   25   2    136    274
31   25   2    196    178
32   7   5    182    65
33   27   2    148    117
34   9   3    145    143
35   33   7    146    448
36   26   3    1    176
37   21   4    142    403
38   35   7    41    457
39   3   4    95    483
40   36   2    27    346
41   17   5    101    22
42   25   4    195    165
43   9   3    112    144
44   16   4    29    491
45   1   6    42    153
46   13   2    74    351
47   2   5    100    104
48   23   5    85    274
49   35   5    146    429
50   6   3    93    210
51   13   7    25    384
52   3   2    17    142
53   11   7    76    237
54   36   3    117    336
55   52   3    166    410
56   51   2    175    9
57   35   7    92    240
58   2   3    195    491
59   13   3    19    304
60   9   3    69    286
61   53   3    75    414
62   13   5    109    291
63   39   7    9    56
64   8   5    78    375
65   48   3    41    80
66   30   4    171    154
67   36   4    132    286
68   35   2    130    492
69   58   5    189    10
70   1   5    15    12
71   43   6    193    86
72   45   7    72    196
73   39   4    114    492
74   30   7    199    228
75   54   4    167    208
76   12   2    101    93
77   19   4    34    438
78   63   5    95    48
79   2   4    94    179
80   33   3    25    384
81   64   2    35    31
82   10   7    17    6
83   47   7    83    295
84   76   2    71    313
85   4   6    73    278
86   9   4    80    405
87   70   6    183    357
88   73   3    79    221
89   62   7    30    374
90   3   4    131    204
91   41   3    132    411
92   22   7    130    22
93   63   6    189    156
94   45   2    189    219
95   20   6    128    134
96   88   3    185    259
97   45   2    91    68
98   22   7    148    167
99   5   6    38    275
100   86   3    185    254
101   19   3    179    281
102   45   6    53    245
103   59   7    11    266
104   81   2    42    322
105   63   6    164    169
106   44   6    152    384
107   100   6    128    365
108   71   2    192    268
109   47   4    175    157
110   99   4    138    386
111   55   3    65    15
112   93   3    70    14
113   37   2    147    336
114   86   6    66    96
115   90   3    93    146
116   8   7    55    492
117   19   6    48    380
118   101   6    185    357
119   17   3    54    231
120   2   4    1    260
121   66   2    1    44
122   70   4    75    152
123   97   4    38    191
124   42   3    106    337
125   86   6    15    130
126   8   2    40    156
127   50   3    187    104
128   119   4    13    444
129   8   7    112    276
130   128   6    150    465
131   53   3    73    10
132   99   6    3    55
133   78   6    199    49
134   46   5    3    109
135   120   7    152    315
136   77   2    160    52
137   110   6    60    306
138   67   6    8    205
139   49   2    83    360
140   130   6    73    486
141   9   4    50    386
142   116   3    89    294
143   18   6    7    268
144   44   3    52    204
145   82   5    51    319
146   111   5    103    325
147   97   2    164    25
148   142   4    130    140
149   131   5    129    462
150   8   6    55    55
151   95   7    81    120
152   126   4    189    179
153   74   7    108    133
154   65   6    50    98
155   11   4    178    54
156   108   4    32    159
157   83   6    194    127
158   119   6    75    409
159   84   5    45    250
160   61   4    125    377
161   123   6    85    299
162   97   3    2    204
163   22   6    75    347
164   21   4    20    440
165   108   2    26    184
166   3   4    73    464
167   70   3    55    64
168   11   4    42    381
169   111   5    38    460
170   11   7    87    298
171   114   3    92    81
172   50   2    38    316
173   25   5    18    443
174   66   2    152    253
175   1   5    130    354
176   126   4    2    223
177   111   6    23    118
178   156   3    52    199
179   123   4    156    415
180   175   4    111    96
181   154   2    29    221
182   57   5    30    425
183   49   3    156    445
184   162   3    119    469
185   133   5    72    87
186   170   2    98    241
187   98   6    51    382
188   38   6    31    29
189   115   2    161    330
190   70   5    106    420
191   142   7    125    497
192   153   2    39    196
193   59   5    123    80
194   54   7    125    4
195   112   2    150    496
196   39   2    135    371
197   68   5    152    8
198   5   3    32    447
199   188   2    69    33
200   56   5    119    375
201   170   7    166    182
202   73   5    10    156
203   43   3    192    226
204   73   6    69    475
205   86   4    8    110
206   152   4    99    238
207   106   2    104    141
208   61   2    125    40
209   31   7    156    32
210   153   5    175    106
211   17   3    20    71
212   169   4    39    130
213   82   3    181    251
214   102   5    178    32
215   134   4    19    41
216   195   5    7    210
217   88   7    160    68
218   187   4    186    122
219   133   2    156    225
220   92   3    46    209
221   92   5    6    96
222   16   7    172    241
223   178   5    69    129
224   11   3    155    364
225   143   2    108    87
226   14   5    100    272
227   155   7    35    370
228   78   6    32    17
229   88   5    32    220
230   128   4    135    357
231   146   3    70    244
232   19   6    66    316
233   124   6    184    463
234   229   4    6    26
235   194   2    19    38
236   31   4    99    23
237   150   2    31    439
238   218   6    182    439
239   150   6    72    100
240   126   3    90    340
241   217   5    115    412
242   240   6    28    105
243   131   6    83    404
244   7   5    168    259
245   160   4    34    40
246   159   6    167    92
247   59   7    130    435
248   126   4    68    166
249   160   4    171    297
250   192   7    13    385
251   217   6    7    41
252   201   5    89    373
253   242   6    29    476
254   183   2    22    486
255   51   7    186    113
256   68   6    179    235
257   161   7    25    390
258   205   6    197    385
259   172   2    167    486
260   254   3    13    105
261   213   7    20    154
262   159   2    111    102
263   17   6    139    439
264   90   5    136    307
265   199   2    53    163
266   62   3    114    386
267   171   5    151    477
268   60   3    68    139
269   53   6    21    386
270   13   3    124    107
271   245   6    168    248
272   100   7    93    40
273   231   4    170    58
274   272   4    27    476
275   213   4    162    418
276   52   5    31    103
277   67   3    176    397
278   95   3    48    440
279   222   2    138    369
280   67   7    97    410
281   89   6    129    434
282   46   3    101    82
283   83   7    54    48
284   209   4    11    263
285   3   4    113    22
286   33   5    121    235
287   234   5    122    477
288   1   3    185    327
289   143   5    165    204
290   101   6    12    212
291   269   7    68    101
292   218   3    68    360
293   269   6    40    106
294   64   5    130    453
295   95   7    118    51
296   8   3    127    300
297   265   5    76    327
298   87   3    104    12
299   20   7    167    360
300   84   2    47    253
301   250   7    101    17
302   251   4    133    325
303   79   2    126    153
304   89   2    168    2
305   95   3    97    145
306   285   7    48    318
307   88   3    23    201
308   130   3    126    73
309   118   4    57    109
310   285   4    196    484
311   193   6    129    341
312   139   7    5    174
313   179   2    82    288
314   285   2    147    32
315   27   7    111    39
316   252   7    92    124
317   309   5    103    281
318   196   7    144    436
319   139   4    33    257
320   111   7    130    202
321   144   5    175    326
322   32   7    175    186
323   272   7    89    59
324   287   3    55    433
325   163   3    36    13
326   179   5    81    497
327   292   6    41    260
328   91   7    172    79
329   306   5    187    99
330   245   2    42    201
331   307   3    198    287
332   224   7    84    322
333   10   4    97    375
334   231   2    89    406
335   306   3    34    296
336   145   4    188    464
337   326   3    41    345
338   282   6    44    387
339   125   6    61    366
340   260   2    154    317
341   178   7    141    354
342   89   7    149    477
343   264   2    22    222
344   271   2    177    297
345   65   7    176    465
346   274   2    189    63
347   47   3    27    232
348   224   4    56    85
349   331   3    11    52
350   186   5    41    384
351   294   7    36    288
352   163   4    84    44
353   72   7    14    192
354   223   6    34    123
355   229   3    93    365
356   243   7    94    266
357   56   6    145    282
358   134   2    149    44
359   181   4    172    209
360   208   5    186    215
361   171   4    151    218
362   100   7    154    342
363   320   6    66    303
364   139   4    16    72
365   312   4    173    19
366   106   7    38    490
367   103   2    123    21
368   301   4    172    113
369   54   3    40    219
370   220   7    107    141
371   311   5    143    347
372   32   2    60    358
373   289   6    52    75
374   23   3    94    25
375   13   7    31    81
376   355   7    7    365
377   20   4    89    277
378   115   5    116    499
379   137   7    176    5
380   288   4    180    50
381   317   5    40    47
382   69   7    126    227
383   201   3    175    106
384   257   5    57    372
385   349   2    26    381
386   98   5    161    335
387   261   6    50    80
388   121   2    16    246
389   228   2    81    115
390   236   4    170    2
391   285   3    183    375
392   143   4    91    337
393   38   5    12    331
394   176   6    51    113
395   235   7    135    35
396   105   4    92    367
397   277   3    12    124
398   289   6    75    360
399   81   2    149    7
400   250   5    44    440
401   134   7    23    284
402   294   3    108    204
403   81   4    163    369
404   368   3    155    370
405   22   6    133    250
406   158   3    11    175
407   383   2    9    380
408   143   3    83    423
409   381   3    8    465
410   374   3    39    467
411   206   7    114    490
412   327   4    114    72
413   333   4    152    492
414   102   7    138    266
415   197   7    168    98
416   186   5    71    177
417   239   5    31    137
418   266   7    167    136
419   349   6    138    475
420   228   3    97    188
421   244   3    51    34
422   26   7    7    71
423   76   3    1    8
424   348   4    78    242
425   343   4    197    136
426   367   4    130    408
427   252   3    85    323
428   289   2    43    220
429   71   7    58    261
430   288   3    118    174
431   252   6    37    128
432   357   5    128    45
433   155   7    49    381
434   297   2    156    43
435   260   3    125    450
436   128   7    1    9
437   253   5    82    103
438   270   2    46    136
439   191   4    83    282
440   191   7    192    67
441   395   5    126    276
442   367   6    153    27
443   243   3    25    397
444   373   2    32    180
445   36   6    111    206
446   230   3    46    148
447   128   2    86    389
448   443   2    161    59
449   360   6    113    218
450   178   7    43    490
451   235   2    94    448
452   170   4    134    153
453   168   2    84    463
454   142   3    106    258
455   28   2    182    482
456   65   3    82    56
457   240   2    139    196
458   54   5    127    138
459   187   4    141    46
460   392   4    197    55
461   51   3    104    368
462   16   7    43    4
463   61   6    52    184
464   279   7    94    208
465   286   5    12    424
466   452   4    95    156
467   176   5    64    25
468   142   5    150    318
469   71   5    10    379
470   5   2    186    112
471   111   5    18    455
472   401   2    58    15
473   332   5    13    244
474   246   5    35    313
475   370   4    155    397
476   217   6    143    124
477   307   4    21    178
478   415   3    147    186
479   278   5    140    313
480   470   5    62    334
481   447   6    121    244
482   116   2    100    300
483   378   2    63    23
484   403   3    105    42
485   11   6    108    139
486   291   5    58    452
487   363   3    183    103
488   182   6    34    138
489   343   3    171    231
490   321   4    86    235
491   445   2    189    417
492   168   5    148    121
493   465   4    89    29
494   286   6    165    115
495   36   4    191    96
496   241   2    12    192
497   14   7    96    322
498   59   2    42    439
499   132   5    56    43
500   443   6    11    268
501   74   2    87    69
502   244   6    162    110
503   24   5    116    25
504   263   7    189    383
505   38   2    190    383
506   490   2    4    492
507   184   6    119    71
508   122   4    124    485
509   177   3    3    125
510   487   5    76    97
511   70   7    94    408
512   476   3    153    153
513   37   3    55    64
514   229   7    47    387
515   172   4    41    306
516   34   2    188    129
517   21   3    13    59
518   345   7    117    270
519   273   2    48    192
520   452   3    45    139
521   181   3    65    496
522   49   7    195    496
523   209   6    70    412
524   253   3    66    63
525   463   7    184    348
526   408   4    155    94
527   32   6    40    491
528   313   7    35    446
529   78   3    106    138
530   475   3    6    47
531   38   5    31    247
532   374   2    105    239
533   377   4    109    292
534   354   5    50    308
535   389   3    120    426
536   109   3    58    421
537   54   5    88    457
538   227   4    169    420
539   156   6    197    374
540   403   4    28    29
541   134   5    95    56
542   174   2    143    68
543   289   5    153    9
544   309   7    154    404
545   488   3    175    379
546   476   2    120    248
547   433   2    172    339
548   206   4    169    17
549   316   6    77    225
550   362   3    41    156
551   524   5    64    188
552   102   4    11    389
553   66   6    97    480
554   109   5    112    417
555   276   7    103    199
556   78   2    5    129
557   489   5    193    145
558   353   3    25    98
559   240   6    122    194
560   255   5    92    193
561   203   7    23    421
562   420   7    66    228
563   280   2    133    224
564   291   4    113    246
565   262   7    181    429
566   119   7    142    282
567   498   3    59    44
568   395   7    52    462
569   27   7    128    323
570   196   2    122    5
571   410   2    120    474
572   118   2    39    271
573   221   6    147    193
574   313   5    105    229
575   192   2    183    393
576   484   4    98    356
577   134   6    33    169
578   286   3    158    218
579   18   2    20    272
580   55   6    184    266
581   165   4    185    40
582   229   6    40    226
583   28   3    5    497
584   125   5    78    185
585   390   7    75    169
586   422   2    116    415
587   150   3    47    72
588   280   5    105    7
589   269   6    144    435
590   485   2    62    442
591   445   7    37    401
592   27   6    175    186
593   516   7    184    89
594   495   7    155    55
595   545   3    26    305
596   407   4    46    386
597   92   4    84    376
598   379   7    25    26
599   563   7    34    459
600   188   4    19    431
601   103   5    32    357
602   344   7    168    56
603   92   3    114    405
604   416   6    124    425
605   340   7    134    420
606   26   2    183    78
607   564   5    90    204
608   209   7    113    499
609   175   4    38    416
610   59   7    123    165
611   407   5    4    247
612   422   4    103    196
613   131   3    193    122
614   242   2    45    410
615   257   6    175    482
616   589   4    70    371
617   228   3    159    302
618   101   6    168    129
619   59   6    49    480
620   276   4    140    148
621   137   2    134    220
622   73   4    14    450
623   17   5    90    118
624   314   4    122    286
625   561   2    180    77
626   451   3    83    236
627   99   4    10    433
628   192   6    132    256
629   174   5    72    255
630   81   5    65    185
631   417   2    149    231
632   241   2    122    301
633   379   6    153    489
634   271   7    11    193
635   422   2    69    179
636   369   7    161    11
637   82   4    37    37
638   143   7    107    252
639   498   5    136    434
640   43   4    167    266
641   603   3    7    204
642   425   4    191    24
643   396   3    35    470
644   556   6    116    281
645   388   4    77    171
646   205   5    110    99
647   260   2    95    259
648   552   2    34    172
649   628   2    18    239
650   460   2    120    399
651   15   3    2    75
652   577   2    140    33
653   66   4    74    478
654   352   6    71    433
655   643   6    195    323
656   465   2    118    143
657   541   2    158    477
658   56   3    75    209
659   597   4    94    93
660   169   2    110    304
661   553   3    3    460
662   394   6    106    150
663   88   6    73    10
664   368   7    40    242
665   239   6    113    417
666   220   7    57    392
667   409   6    62    270
668   281   6    137    297
669   374   6    80    54
670   479   2    84    401
671   534   7    81    424
672   145   7    184    363
673   457   4    92    381
674   80   7    141    152
675   437   4    23    303
676   270   2    88    466
677   364   6    18    285
678   239   4    174    352
679   382   2    26    149
680   388   4    27    142
681   236   6    194    413
682   525   4    178    179
683   482   5    40    194
684   486   6    9    109
685   116   7    32    334
686   20   3    78    409
687   391   3    92    277
688   396   5    15    392
689   162   6    93    170
690   9   2    82    342
691   340   3    160    171
692   13   5    1    238
693   501   6    181    440
694   668   7    116    148
695   493   4    128    63
696   543   6    197    445
697   423   5    78    294
698   485   4    119    317
699   509   5    152    91
700   305   7    42    181
701   214   3    104    134
702   60   6    91    371
703   400   2    45    16
704   128   3    126    271
705   198   4    150    328
706   684   5    189    494
707   456   2    142    178
708   89   4    25    226
709   370   5    116    20
710   93   2    58    45
711   508   7    162    56
712   34   5    68    409
713   3   3    55    21
714   622   3    68    349
715   294   4    112    302
716   441   4    18    99
717   222   2    192    90
718   400   4    1    37
719   602   6    98    317
720   575   3    125    474
721   26   7    166    234
722   673   6    187    248
723   664   7    148    120
724   445   6    96    414
725   550   4    80    380
726   252   6    149    120
727   7   5    116    489
728   250   5    28    348
729   63   7    103    359
730   351   3    113    299
731   298   3    122    103
732   186   4    93    311
733   40   4    177    484
734   48   4    18    489
735   219   4    4    487
736   69   5    197    272
737   222   6    99    366
738   50   7    115    467
739   234   5    20    462
740   345   7    83    359
741   353   5    44    263
742   516   2    72    408
743   152   5    162    466
744   423   2    1    292
745   108   5    174    341
746   292   7    68    333
747   139   7    139    291
748   257   6    158    12
749   75   2    85    268
750   128   6    21    257
751   683   6    16    316
752   440   4    80    6
753   146   4    64    101
754   105   3    20    381
755   351   2    66    381
756   493   7    118    216
757   276   6    122    30
758   2   7    111    283
759   681   6    115    309
760   459   3    102    19
761   176   2    72    224
762   338   5    76    11
763   137   6    79    244
764   430   4    84    412
765   135   7    89    254
766   759   5    90    329
767   645   6    196    201
768   56   6    115    32
769   372   3    55    426
770   100   6    176    60
771   686   4    149    12
772   627   4    107    228
773   408   6    104    248
774   699   2    118    101
775   267   6    157    436
776   22   5    15    280
777   365   4    184    358
778   340   2    56    492
779   420   2    189    303
780   540   5    36    75
781   457   3    124    156
782   311   3    177    348
783   486   6    73    280
784   35   5    62    101
785   429   6    171    52
786   714   2    40    100
787   453   2    55    413
788   454   2    30    207
789   119   5    119    418
790   673   6    38    43
791   138   6    181    196
792   625   5    73    50
793   159   5    98    108
794   316   5    109    61
795   43   4    53    497
796   246   3    97    207
797   234   5    38    366
798   89   2    42    25
799   689   7    195    73
800   68   7    124    367
801   249   2    44    233
802   127   7    118    112
803   498   5    4    52
804   572   2    93    329
805   111   5    178    227
806   765   3    32    323
807   556   3    162    56
808   325   3    9    90
809   603   7    46    215
810   473   4    179    86
811   416   7    175    161
812   798   7    113    346
813   288   2    111    160
814   647   5    184    453
815   378   3    181    116
816   132   6    150    77
817   513   6    171    345
818   793   3    51    353
819   72   4    72    77
820   811   4    99    71
821   670   5    62    29
822   51   3    82    225
823   594   7    21    426
824   719   5    106    190
825   559   5    48    376
826   208   7    163    240
827   541   3    35    272
828   437   4    29    208
829   776   2    48    217
830   365   6    7    261
831   13   4    94    295
832   195   5    93    338
833   754   5    34    338
834   536   3    98    18
835   128   4    77    427
836   705   6    115    362
837   193   3    118    98
838   1   2    93    242
839   825   2    59    68
840   141   6    149    385
841   602   4    1    470
842   31   5    16    465
843   397   2    54    102
844   727   4    190    222
845   700   5    6    208
846   684   6    14    28
847   469   4    63    181
848   832   6    16    437
849   832   5    193    400
850   27   4    46    225
851   719   3    150    191
852   205   7    152    401
853   797   4    105    59
854   170   3    195    411
855   152   4    119    218
856   40   6    121    297
857   459   5    123    144
858   669   2    95    18
859   109   7    160    100
860   272   2    40    259
861   533   4    199    40
862   172   4    196    433
863   479   5    57    484
864   615   5    4    477
865   802   6    80    267
866   310   2    76    356
867   271   4    26    168
868   753   7    54    408
869   261   6    74    232
870   766   3    114    174
871   606   6    192    250
872   248   5    3    431
873   80   2    46    179
874   814   7    82    77
875   864   4    27    28
876   650   2    31    233
877   370   6    67    5
878   536   3    73    166
879   537   6    185    233
880   133   7    84    83
881   591   4    56    328
882   841   3    147    312
883   187   3    151    454
884   586   4    59    454
885   699   5    183    217
886   411   2    11    392
887   661   4    125    83
888   155   3    151    98
889   117   2    147    266
890   454   5    12    176
891   491   2    88    296
892   857   5    125    128
893   287   5    82    191
894   132   7    50    152
895   407   2    8    76
896   677   4    92    141
897   875   5    149    437
898   398   4    26    460
899   498   5    138    92
900   378   4    135    192
901   424   7    146    447
902   608   2    161    426
903   600   3    60    385
904   438   5    92    279
905   308   5    104    474
906   370   2    162    258
907   726   4    28    20
908   474   5    48    299
909   223   5    11    90
910   67   5    54    392
911   161   4    107    185
912   350   6    39    404
913   9   6    17    312
914   174   2    155    468
915   196   3    31    310
916   35   3    117    233
917   198   2    155    12
918   165   7    13    152
919   413   4    162    432
920   819   4    80    379
921   19   5    167    321
922   396   4    120    140
923   889   3    161    226
924   766   6    139    208
925   25   7    173    164
926   266   4    25    415
927   645   6    95    449
928   787   2    105    487
929   348   6    159    89
930   746   5    114    18
931   843   4    161    69
932   577   6    192    255
933   267   6    124    374
934   402   7    29    307
935   538   4    27    227
936   506   4    92    435
937   934   6    177    494
938   646   4    135    489
939   405   7    76    50
940   126   4    72    268
941   313   3    171    55
942   480   5    56    65
943   794   6    65    106
944   123   7    52    302
945   897   4    78    366
946   200   7    156    351
947   738   2    174    73
948   737   3    5    184
949   893   7    199    160
950   389   5    104    200
951   170   3    179    26
952   85   7    55    214
953   275   6    82    53
954   339   3    10    492
955   539   3    69    481
956   19   2    6    155
957   356   6    94    19
958   413   7    158    106
959   532   3    58    464
960   646   6    35    51
961   753   4    128    177
962   933   5    105    483
963   504   4    73    204
964   197   5    81    297
965   298   5    108    423
966   643   6    26    154
967   190   5    65    419
968   755   4    122    85
969   178   3    20    21
970   103   7    73    497
971   909   7    140    74
972   148   4    52    185
973   156   2    88    386
974   714   5    121    493
975   773   5    171    300
976   461   6    174    335
977   300   2    128    198
978   500   6    98    180
979   572   7    196    367
980   33   4    91    187
981   789   7    192    194
982   261   7    126    255
983   507   6    24    50
984   559   6    145    379
985   601   3    79    324
986   904   6    139    36
987   186   6    51    124
988   599   6    73    300
989   829   4    133    73
990   150   6    43    37
991   871   4    168    482
992   554   3    49    71
993   376   3    155    418
994   234   7    187    47
995   587   2    112    423
996   617   4    111    365
997   27   6    101    354
998   472   7    188    452
999   253   5    151    467
1000   814   7    96    322
1001   497   6    24    335
1002   456   6    69    151
1003   994   4    92    80
1004   885   7    188    114
1005   639   6    126    463
1006   136   7    178    349
1007   955   4    82    169
1008   355   7    35    492
1009   965   5    31    60
1010   670   2    6    195
1011   100   2    7    454
1012   958   6    166    369
1013   648   6    113    27
1014   936   2    147    336
1015   583   3    10    355
1016   43   3    194    219
1017   50   7    90    371
1018   625   4    125    29
1019   980   6    177    352
1020   1   5    78    382
1021   778   5    162    365
1022   992   4    86    286
1023   118   5    39    131
1024   843   4    110    145
1025   109   4    48    155
1026   16   2    136    111
1027   845   5    40    369
1028   619   4    101    23
1029   880   2    124    35
1030   241   4    56    306
1031   132   5    139    212
1032   85   6    143    277
1033   795   3    118    28
1034   71   5    114    484
1035   341   4    137    274
1036   40   2    177    349
1037   392   3    180    95
1038   920   6    174    284
1039   358   6    70    114
1040   253   2    172    254
1041   751   3    61    65
1042   161   6    50    494
1043   337   7    20    355
1044   1030   2    60    213
1045   573   2    165    463
1046   1007   7    12    456
1047   883   4    193    328
1048   584   6    134    261
1049   322   2    78    217
1050   1022   3    170    78
1051   388   6    179    280
1052   715   7    76    182
1053   570   2    80    237
1054   626   7    67    158
1055   68   5    134    174
1056   503   2    199    1
1057   208   2    94    268
1058   112   4    166    407
1059   588   4    139    287
1060   633   4    157    358
1061   545   5    77    370
1062   326   5    155    31
1063   801   5    25    46
1064   597   7    102    342
1065   237   5    112    251
1066   796   7    131    211
1067   568   4    186    367
1068   648   6    60    220
1069   647   5    84    197
1070   318   2    66    154
1071   352   6    129    318
1072   599   2    14    186
1073   851   6    181    364
1074   665   3    188    455
1075   608   6    1    237
1076   660   4    135    229
1077   852   2    65    416
1078   19   4    24    400
1079   611   3    180    424
1080   281   3    139    239
1081   270   4    65    148
1082   691   5    139    299
1083   669   7    8    400
1084   550   2    128    3
1085   863   4    136    254
1086   428   7    92    62
1087   126   2    44    42
1088   1084   5    74    395
1089   250   5    75    225
1090   677   4    99    423
1091   64   4    26    205
1092   9   4    188    365
1093   604   3    116    429
1094   649   6    26    142
1095   19   5    104    393
1096   710   2    74    433
1097   78   3    194    297
1098   1087   3    115    210
1099   305   4    84    67
1100   841   5    98    387
1101   324   7    167    77
1102   121   3    134    244
1103   809   6    13    130
1104   321   5    81    100
1105   371   2    180    176
1106   386   7    150    416
1107   410   5    9    44
1108   605   3    51    109
1109   420   5    65    286
1110   39   3    32    113
1111   326   4    176    2
1112   899   6    149    293
1113   304   7    47    147
1114   608   6    60    217
1115   816   7    26    296
1116   876   2    97    367
1117   808   2    49    45
1118   765   2    15    352
1119   715   5    85    108
1120   1112   7    105    173
1121   381   3    142    339
1122   609   3    14    153
1123   529   4    148    53
1124   117   2    173    272
1125   826   6    21    46
1126   972   3    45    269
1127   209   7    164    20
1128   737   4    139    207
1129   632   7    102    143
1130   523   3    157    207
1131   751   2    76    473
1132   529   6    29    479
1133   254   3    6    170
1134   721   6    127    127
1135   18   2    68    374
1136   238   6    104    234
1137   644   3    138    406
1138   896   5    26    86
1139   972   4    47    228
1140   801   5    145    464
1141   476   4    121    120
1142   933   2    155    491
1143   114   6    158    422
1144   601   3    93    300
1145   29   2    190    411
1146   476   2    97    335
1147   292   5    46    457
1148   77   3    193    167
1149   776   3    119    99
1150   845   7    133    458
1151   93   5    38    430
1152   423   5    100    364
1153   618   3    196    44
1154   359   2    158    217
1155   1002   5    148    353
1156   1019   5    120    211
1157   807   6    90    499
1158   763   2    3    205
1159   840   4    148    479
1160   278   7    77    216
1161   458   5    162    52
1162   17   5    80    385
1163   830   2    3    287
1164   740   5    115    410
1165   223   3    149    11
1166   430   5    76    284
1167   895   5    175    298
1168   390   7    59    15
1169   592   7    69    59
1170   1064   7    85    375
1171   853   7    93    37
1172   1140   2    100    111
1173   44   2    62    396
1174   968   5    172    368
1175   809   7    140    179
1176   963   7    83    492
1177   1111   6    7    415
1178   398   7    88    93
1179   987   6    105    224
1180   374   6    20    302
1181   148   4    100    150
1182   447   6    56    33
1183   16   4    98    87
1184   1080   2    134    369
1185   350   7    188    202
1186   630   5    121    133
1187   1133   6    56    361
1188   667   3    127    204
1189   362   2    148    491
1190   527   4    85    221
1191   400   5    128    251
1192   235   6    198    414
1193   805   7    93    197
1194   159   4    55    4
1195   562   7    23    327
1196   981   7    166    353
1197   706   2    70    290
1198   754   7    163    420
1199   942   7    102    352
1200   998   5    183    278
1201   826   6    132    447
1202   353   5    128    344
1203   233   3    189    197
1204   407   4    154    451
1205   734   7    122    228
1206   877   5    72    251
1207   1202   2    120    109
1208   998   2    6    301
1209   654   7    191    42
1210   720   5    187    208
1211   24   5    8    299
1212   1011   4    85    285
1213   373   6    155    274
1214   106   4    31    423
1215   751   6    163    255
1216   884   2    116    301
1217   440   3    90    497
1218   441   5    153    125
1219   785   3    127    38
1220   1150   5    151    133
1221   1163   7    177    293
1222   943   3    188    143
1223   622   3    67    383
1224   964   3    11    499
1225   551   5    158    90
1226   1201   3    29    33
1227   1065   3    157    373
1228   228   3    117    415
1229   996   5    83    166
1230   836   5    118    450
1231   1031   7    64    61
1232   281   5    73    25
1233   485   5    144    293
1234   959   6    171    287
1235   229   2    178    272
1236   672   7    45    455
1237   127   5    37    414
1238   536   5    189    380
1239   1067   3    46    458
1240   1062   4    181    257
1241   601   3    89    253
1242   625   3    75    443
1243   179   2    110    221
1244   488   4    91    438
1245   490   2    87    4
1246   777   7    184    357
1247   790   3    167    407
1248   914   6    146    264
1249   609   7    3    372
1250   85   3    57    302
1251   1236   6    75    397
1252   121   5    96    449
1253   1175   6    143    272
1254   683   5    11    375
1255   482   4    163    369
1256   21   5    62    190
1257   622   2    55    27
1258   254   3    43    240
1259   628   7    54    115
1260   69   3    62    41
1261   313   3    185    120
1262   1060   7    76    176
1263   84   7    53    182
1264   722   4    138    215
1265   586   5    54    254
1266   121   6    75    214
1267   732   5    19    356
1268   1025   5    152    484
1269   825   3    76    478
1270   806   6    188    91
1271   637   5    199    151
1272   804   3    178    367
1273   1028   3    93    105
1274   938   5    184    426
1275   295   6    96    290
1276   293   4    83    497
1277   80   7    69    369
1278   1246   7    194    127
1279   1269   6    34    91
1280   184   5    48    168
1281   416   3    15    477
1282   1131   7    151    157
1283   939   6    123    382
1284   903   6    67    28
1285   1280   4    189    73
1286   409   5    192    201
1287   1236   2    3    179
1288   901   4    88    421
1289   181   3    91    16
1290   385   4    162    331
1291   681   3    154    19
1292   938   6    77    382
1293   874   3    147    322
1294   781   4    52    47
1295   943   2    78    81
1296   1290   6    96    385
1297   510   7    98    450
1298   1121   2    39    80
1299   812   7    113    198
1300   285   7    109    201
1301   903   6    110    322
1302   535   4    124    260
1303   705   6    127    196
1304   778   2    95    73
1305   82   3    148    387
1306   75   6    99    412
1307   1022   2    97    327
1308   550   7    154    287
1309   982   3    3    409
1310   1032   4    181    6
1311   112   3    194    175
1312   962   3    76    312
1313   149   7    78    39
1314   176   7    17    368
1315   517   7    151    433
1316   934   5    109    195
1317   221   4    50    198
1318   184   5    25    95
1319   976   5    53    297
1320   523   4    89    446
1321   731   6    182    410
1322   355   2    121    367
1323   1097   7    182    189
1324   1020   6    73    78
1325   1073   5    85    429
1326   858   3    41    430
1327   1074   7    65    342
1328   251   6    60    421
1329   263   2    174    225
1330   495   4    56    369
1331   495   2    70    110
1332   1006   7    36    257
1333   178   4    182    134
1334   639   6    58    318
1335   25   4    29    83
1336   5   5    41    156
1337   4   5    97    318
1338   210   6    185    26
1339   1162   2    191    440
1340   327   6    40    390
1341   240   7    95    387
1342   715   6    195    91
1343   1059   3    51    224
1344   539   7    115    424
1345   784   6    50    399
1346   831   3    110    207
1347   1201   5    43    189
1348   1108   2    9    52
1349   79   3    113    39
1350   496   3    192    121
1351   483   4    27    490
1352   80   7    99    433
1353   283   2    94    106
1354   1229   7    41    310
1355   68   4    196    362
1356   796   4    190    250
1357   679   6    32    422
1358   1254   5    109    228
1359   973   6    23    417
1360   1190   3    76    93
1361   918   4    138    94
1362   598   2    141    477
1363   505   2    170    270
1364   1247   2    110    379
1365   979   4    72    46
1366   506   2    6    440
1367   419   4    90    392
1368   698   6    83    131
1369   52   5    87    108
1370   114   3    48    215
1371   1022   2    149    451
1372   1230   6    61    171
1373   127   7    81    33
1374   1008   6    33    200
1375   1154   4    105    45
1376   372   2    96    484
1377   23   3    39    229
1378   1033   7    153    498
1379   1026   6    187    442
1380   776   7    65    240
1381   687   3    96    325
1382   387   3    182    462
1383   620   5    199    391
1384   619   7    91    397
1385   1209   5    149    52
1386   946   7    171    186
1387   309   3    144    149
1388   965   4    73    353
1389   634   2    117    53
1390   505   6    122    204
1391   1170   3    16    402
1392   1209   6    177    229
1393   433   5    21    299
1394   494   7    139    157
1395   525   7    121    272
1396   78   4    157    366
1397   1028   6    70    151
1398   659   5    113    214
1399   303   4    54    104
1400   648   3    16    405
1401   446   3    90    223
1402   29   3    118    436
1403   645   3    171    153
1404   350   3    88    124
1405   1040   5    160    29
1406   994   4    191    49
1407   756   3    160    323
1408   1061   4    95    224
1409   1391   2    164    258
1410   119   6    100    197
1411   1314   2    119    335
1412   9   7    32    258
1413   824   3    80    177
1414   1206   7    121    210
1415   461   2    158    102
1416   1288   7    60    231
1417   271   4    190    33
1418   1132   6    166    332
1419   902   5    194    262
1420   36   2    65    253
1421   361   2    158    435
1422   187   4    181    494
1423   632   5    49    109
1424   963   6    122    17
1425   931   7    96    15
1426   142   2    56    315
1427   892   2    180    26
1428   543   3    128    490
1429   1299   7    162    287
1430   145   2    108    277
1431   1222   4    133    15
1432   1403   5    120    159
1433   120   7    27    228
1434   865   5    166    435
1435   520   2    74    387
1436   24   2    90    390
1437   1300   6    157    416
1438   510   3    148    449
1439   1345   6    191    22
1440   1183   6    98    22
1441   620   3    62    484
1442   1317   5    195    68
1443   733   7    184    68
1444   105   4    51    229
1445   1094   7    182    393
1446   1435   6    62    314
1447   509   6    171    440
1448   574   4    18    428
1449   691   4    40    129
1450   919   2    2    357
1451   583   4    60    326
1452   895   6    171    338
1453   960   5    124    494
1454   40   2    52    449
1455   1298   7    32    180
1456   1339   2    14    248
1457   1073   7    172    285
1458   1367   2    128    335
1459   1026   2    26    481
1460   1312   5    198    74
1461   869   7    19    392
1462   1251   2    187    225
1463   449   4    93    177
1464   1076   2    157    141
1465   291   2    90    433
1466   1172   4    28    149
1467   1329   5    73    192
1468   964   7    177    278
1469   1179   3    93    344
1470   228   5    63    173
1471   1423   7    8    43
1472   88   5    24    344
1473   1369   6    58    499
1474   440   3    48    144
1475   417   7    53    116
1476   1465   5    2    448
1477   168   5    103    255
1478   262   7    114    257
1479   434   5    80    146
1480   803   3    194    398
1481   495   5    163    102
1482   641   4    52    5
1483   783   3    79    273
1484   595   4    79    3
1485   336   4    115    90
1486   255   3    62    257
1487   834   2    43    229
1488   443   4    72    53
1489   590   7    178    132
1490   891   5    95    336
1491   357   7    47    378
1492   497   7    68    7
1493   1292   3    39    433
1494   1394   7    114    279
1495   893   3    77    326
1496   505   7    164    304
1497   783   5    80    170
1498   1323   2    175    127
1499   6   5    189    259
1500   109   5    67    173
1501   1483   3    145    66
1502   795   3    94    58
1503   76   4    149    91
1504   1481   3    63    87
1505   762   5    146    386
1506   733   7    123    172
1507   1128   7    57    152
1508   845   3    4    315
1509   1460   7    75    83
1510   609   2    73    333
1511   175   3    4    229
1512   1432   6    199    240
1513   635   2    6    325
1514   731   7    156    40
1515   745   2    181    169
1516   604   5    189    455
1517   61   4    14    389
1518   1490   4    180    386
1519   545   2    116    424
1520   576   7    44    162
1521   781   6    171    219
1522   1500   7    18    193
1523   547   6    23    307
1524   1451   3    102    403
1525   182   5    141    73
1526   1366   6    13    396
1527   476   4    164    118
1528   530   6    71    445
1529   22   2    90    310
1530   1250   4    92    432
1531   628   2    45    384
1532   176   7    111    248
1533   120   7    42    275
1534   1195   3    139    416
1535   489   3    117    22
1536   91   6    145    413
1537   328   7    17    102
1538   19   5    143    197
1539   672   5    19    129
1540   303   3    35    73
1541   589   3    25    152
1542   1115   6    48    493
1543   778   2    130    205
1544   871   4    158    213
1545   570   5    193    438
1546   859   5    136    433
1547   842   3    115    116
1548   188   4    90    419
1549   174   2    164    275
1550   1050   6    127    63
1551   1054   5    27    42
1552   1434   4    101    373
1553   631   3    83    238
1554   457   2    32    203
1555   781   6    120    411
1556   35   2    89    192
1557   986   5    182    41
1558   1485   7    98    167
1559   325   2    162    448
1560   1249   5    150    369
1561   505   7    194    387
1562   254   3    29    351
1563   620   7    117    12
1564   1460   7    97    123
1565   675   6    37    475
1566   260   4    28    35
1567   832   4    109    498
1568   1458   4    97    114
1569   1444   6    14    71
1570   1545   4    27    94
1571   1002   2    42    134
1572   878   3    136    489
1573   722   6    19    50
1574   1462   4    17    481
1575   558   6    194    95
1576   138   4    112    140
1577   1032   6    56    461
1578   1063   4    27    20
1579   1273   2    187    312
1580   874   2    24    444
1581   363   4    88    451
1582   1463   5    76    157
1583   1370   5    25    402
1584   854   2    81    26
1585   958   7    35    135
1586   1326   2    46    142
1587   1000   5    13    443
1588   1268   5    149    427
1589   1441   2    162    169
1590   1111   2    101    46
1591   1393   3    175    149
1592   884   5    28    317
1593   903   5    121    68
1594   498   7    47    454
1595   1291   6    178    236
1596   1186   7    92    161
1597   1478   2    174    400
1598   1262   7    113    462
1599   876   4    107    157
1600   762   3    110    122
1601   1363   6    183    475
1602   1299   7    56    107
1603   1347   7    13    90
1604   1469   4    18    110
1605   10   3    139    341
1606   1226   3    66    408
1607   1069   6    121    229
1608   651   3    79    472
1609   162   2    153    214
1610   1212   2    116    108
1611   998   6    3    149
1612   1220   3    16    157
1613   202   4    12    202
1614   276   4    28    13
1615   192   2    67    188
1616   503   4    141    175
1617   1270   7    137    10
1618   1292   7    71    190
1619   1353   3    165    428
1620   697   7    173    284
1621   1496   4    111    250
1622   656   3    123    318
1623   490   4    125    481
1624   831   4    51    498
1625   912   7    32    480
1626   1078   7    23    459
1627   247   6    3    475
1628   840   2    126    355
1629   1341   3    125    102
1630   955   3    168    329
1631   767   6    48    461
1632   1493   6    127    86
1633   1436   4    42    319
1634   440   7    138    308
1635   1233   2    37    236
1636   132   5    28    355
1637   693   6    65    345
1638   1596   7    179    376
1639   1422   7    45    335
1640   1028   3    40    70
1641   1577   5    152    77
1642   408   6    111    130
1643   51   3    55    188
1644   1415   6    142    438
1645   1524   5    28    435
1646   652   6    85    343
1647   648   2    62    56
1648   1335   3    10    96
1649   89   5    34    80
1650   76   3    116    9
1651   1561   3    19    99
1652   394   7    56    457
1653   19   5    135    59
1654   297   5    8    384
1655   1407   7    123    461
1656   1483   7    68    89
1657   349   5    92    198
1658   1101   3    112    173
1659   715   4    86    257
1660   1455   4    130    322
1661   1544   2    101    348
1662   1225   3    55    383
1663   1513   4    94    310
1664   1258   6    133    365
1665   1471   6    103    78
1666   1182   6    17    337
1667   542   4    124    474
1668   322   5    106    177
1669   738   2    175    223
1670   485   2    73    260
1671   93   3    96    439
1672   1122   7    74    143
1673   883   5    116    90
1674   71   4    5    246
1675   229   4    162    40
1676   1136   5    138    185
1677   1202   3    187    95
1678   16   3    140    481
1679   638   3    196    33
1680   315   2    161    317
1681   887   3    91    168
1682   146   7    13    352
1683   642   2    114    345
1684   907   5    14    64
1685   1598   5    189    236
1686   605   4    163    467
1687   893   5    33    273
1688   740   2    11    120
1689   1447   4    24    486
1690   1180   4    93    123
1691   888   2    154    205
1692   1443   4    54    353
1693   1689   6    191    163
1694   765   7    107    372
1695   878   7    182    418
1696   1103   7    129    150
1697   1507   6    6    499
1698   1369   4    168    82
1699   1261   2    114    429
1700   1048   3    3    242
1701   855   5    78    415
1702   1524   3    66    456
1703   1404   6    114    466
1704   1323   3    181    116
1705   558   7    189    263
1706   271   2    23    94
1707   1444   3    124    132
1708   378   4    194    383
1709   1465   3    173    465
1710   311   5    15    251
1711   1546   3    180    405
1712   755   4    5    389
1713   132   2    188    30
1714   377   4    171    249
1715   968   2    120    28
1716   660   6    63    292
1717   693   6    71    396
1718   1153   7    13    477
1719   1390   3    79    348
1720   177   6    187    58
1721   1472   7    130    18
1722   709   2    176    228
1723   1572   6    127    24
1724   1031   2    197    207
1725   882   4    76    278
1726   1185   6    74    392
1727   520   3    186    364
1728   601   3    155    187
1729   981   7    81    467
1730   1490   5    82    290
1731   738   3    36    239
1732   577   4    44    99
1733   490   5    160    175
1734   1553   5    11    187
1735   403   6    95    364
1736   302   4    123    89
1737   1184   3    138    471
1738   97   4    114    65
1739   497   7    62    479
1740   1172   6    112    403
1741   486   3    59    314
1742   54   7    69    133
1743   1693   3    127    174
1744   410   7    87    335
1745   1499   2    34    470
1746   1447   5    143    430
1747   1742   2    10    343
1748   240   2    85    47
1749   880   5    115    304
1750   1602   5    29    81
1751   1735   4    47    214
1752   78   7    96    223
1753   1305   6    164    286
1754   160   4    161    286
1755   797   3    22    94
1756   928   5    82    384
1757   1273   3    21    106
1758   1568   2    27    274
1759   348   5    144    255
1760   248   5    83    174
1761   494   3    182    259
1762   66   5    55    185
1763   422   6    166    465
1764   1675   4    172    19
1765   542   2    110    1
1766   1414   7    55    215
1767   1090   3    93    367
1768   1364   5    172    136
1769   1523   5    65    459
1770   1387   3    142    472
1771   168   2    121    212
1772   1239   2    24    477
1773   1739   7    130    262
1774   1356   2    56    132
1775   19   5    133    202
1776   1055   2    172    454
1777   1761   7    90    433
1778   1705   6    74    280
1779   530   3    166    260
1780   733   5    5    287
1781   1663   4    29    181
1782   91   4    132    92
1783   1287   2    70    87
1784   551   4    162    109
1785   493   5    49    198
1786   627   3    47    155
1787   1758   5    181    254
1788   1486   4    84    154
1789   327   7    177    497
1790   200   3    133    32
1791   830   7    93    305
1792   980   6    191    262
1793   1453   4    41    232
1794   1498   3    27    248
1795   1552   7    99    428
1796   7   7    86    315
1797   45   6    188    191
1798   1624   6    181    73
1799   163   6    109    183
1800   1316   3    173    494
1801   1244   6    191    424
1802   970   2    198    78
1803   1674   3    161    139
1804   612   6    190    69
1805   957   4    80    174
1806   716   4    70    339
1807   1053   2    50    258
1808   1294   5    66    434
1809   440   7    6    319
1810   244   4    197    499
1811   177   3    178    473
1812   33   3    169    103
1813   454   2    38    192
1814   1398   4    83    319
1815   1640   6    78    56
1816   856   2    43    497
1817   1761   4    187    62
1818   1275   6    59    191
1819   1014   7    147    437
1820   370   6    103    94
1821   94   7    191    284
1822   659   6    89    425
1823   140   3    110    274
1824   1209   3    12    425
1825   1077   6    45    28
1826   409   3    195    470
1827   905   6    67    205
1828   1068   6    67    370
1829   825   4    65    211
1830   1264   7    150    431
1831   954   2    136    56
1832   1014   3    152    182
1833   1443   5    102    363
1834   153   3    3    429
1835   1230   7    154    173
1836   1163   4    109    339
1837   1502   4    187    410
1838   1016   5    186    56
1839   451   2    67    389
1840   1792   6    82    251
1841   1234   4    47    296
1842   1560   3    124    290
1843   792   7    29    152
1844   95   7    161    356
1845   950   4    26    318
1846   1827   2    54    307
1847   1199   7    105    63
1848   234   4    119    134
1849   667   4    85    304
1850   1813   3    160    171
1851   116   3    76    355
1852   1413   3    1    148
1853   927   7    92    357
1854   1702   7    121    179
1855   1275   4    73    341
1856   520   2    197    225
1857   639   7    3    242
1858   346   7    47    69
1859   75   7    25    403
1860   1034   6    177    123
1861   1617   2    138    468
1862   308   6    180    121
1863   962   3    124    128
1864   869   7    95    33
1865   287   5    117    119
1866   1741   2    179    403
1867   761   5    172    411
1868   1606   6    89    130
1869   299   3    113    226
1870   743   5    153    103
1871   828   2    172    348
1872   1143   6    181    26
1873   1001   3    25    243
1874   200   4    140    205
1875   1814   5    112    183
1876   91   6    84    456
1877   587   6    176    207
1878   1427   6    187    5
1879   605   4    60    21
1880   1595   4    112    413
1881   1448   2    73    171
1882   1655   5    113    459
1883   1348   3    172    4
1884   232   3    198    412
1885   196   2    2    182
1886   1693   2    12    447
1887   1280   6    153    194
1888   1678   3    132    101
1889   56   3    41    277
1890   370   6    30    149
1891   280   6    82    164
1892   311   3    24    85
1893   1579   5    65    144
1894   666   4    38    141
1895   1071   2    33    426
1896   1888   4    102    106
1897   4   5    139    322
1898   1480   6    59    22
1899   1395   3    69    496
1900   1271   7    153    487
1901   1413   7    178    20
1902   1363   5    36    456
1903   1246   7    71    127
1904   1724   5    108    469
1905   862   7    72    147
1906   1532   2    124    231
1907   548   3    54    172
1908   1269   6    110    232
1909   1283   6    170    122
1910   450   4    108    234
1911   826   4    57    224
1912   292   7    190    350
1913   1736   3    140    495
1914   1349   6    54    459
1915   1369   6    120    347
1916   1699   2    28    305
1917   243   6    5    34
1918   676   2    42    85
1919   307   3    65    329
1920   398   5    193    480
1921   817   6    119    283
1922   832   2    161    351
1923   1479   2    100    249
1924   679   5    124    461
1925   454   4    161    343
1926   977   6    86    165
1927   1827   6    58    383
1928   33   6    55    498
1929   370   2    22    349
1930   1275   4    138    306
1931   1826   7    79    277
1932   564   7    90    56
1933   911   2    123    67
1934   1106   4    187    157
1935   1139   5    134    352
1936   862   6    76    131
1937   540   6    118    226
1938   231   7    39    46
1939   1654   3    157    250
1940   462   4    34    2
1941   1540   2    130    62
1942   1881   7    97    367
1943   1830   7    102    364
1944   1245   2    127    123
1945   638   4    195    406
1946   1350   7    89    231
1947   1629   2    140    327
1948   1517   3    30    123
1949   1454   7    110    240
1950   257   2    35    441
1951   1371   5    20    207
1952   1593   2    145    148
1953   1773   3    134    373
1954   1443   2    127    137
1955   1458   4    81    330
1956   127   5    120    26
1957   505   5    106    329
1958   756   6    85    306
1959   1809   7    14    146
1960   1770   7    193    262
1961   496   4    104    245
1962   300   7    83    72
1963   382   4    41    82
1964   895   5    149    216
1965   1728   3    189    413
1966   1874   2    136    218
1967   683   6    79    321
1968   589   4    16    369
1969   1438   4    10    77
1970   469   6    75    169
1971   902   6    3    368
1972   293   2    196    2
1973   1563   7    126    471
1974   1174   2    91    441
1975   1170   7    57    213
1976   952   2    79    213
1977   1339   2    96    409
1978   169   6    5    476
1979   910   3    90    223
1980   615   7    84    133
1981   481   5    158    217
1982   1637   3    28    300
1983   609   6    178    330
1984   833   5    6    440
1985   572   3    127    480
1986   807   6    85    366
1987   79   7    177    159
1988   571   6    74    59
1989   1978   6    143    55
1990   212   3    180    306
1991   518   2    41    229
1992   743   3    43    28
1993   1431   5    8    223
1994   254   6    15    199
1995   995   3    171    490
1996   1457   6    116    329
1997   1860   6    152    281
1998   863   6    139    51
1999   1129   5    179    65
2000   1610   6    165    410
2001   1611   3    185    190
2002   12   6    169    269
2003   1838   2    94    110
2004   212   2    184    433
2005   697   5    55    383
2006   400   2    197    385
2007   1700   2    187    423
2008   840   4    186    405
2009   922   5    97    422
2010   1893   2    134    85
2011   1404   7    176    12
2012   1916   3    65    108
2013   1382   4    173    11
2014   1533   6    48    426
2015   1680   7    120    20
2016   1718   7    127    301
2017   1623   7    116    280
2018   71   6    4    67
2019   1662   2    123    11
2020   515   3    167    197
2021   625   5    194    306
2022   379   7    9    112
2023   493   5    19    384
2024   480   4    191    134
2025   1451   6    177    189
2026   796   2    191    75
2027   310   7    120    358
2028   1249   5    195    202
2029   1210   2    154    230
2030   556   2    35    29
2031   139   3    187    360
2032   1447   6    55    268
2033   1828   4    64    490
2034   304   2    118    77
2035   1075   5    199    340
2036   1635   4    8    49
2037   1979   3    150    278
2038   572   5    115    440
2039   570   2    157    286
2040   1168   6    40    206
2041   1652   5    74    109
2042   1732   2    133    482
2043   67   4    35    425
2044   1817   6    119    26
2045   92   7    118    477
2046   1802   2    158    76
2047   1148   4    162    197
2048   1194   5    23    379
