1   0   5    23    24
2   1   6    33    293
3   1   2    116    91
4   2   7    110    405
5   3   6    40    154
6   3   6    144    409
7   5   5    140    458
8   1   4    78    47
9   3   2    12    478
10   3   4    123    4
11   9   4    26    400
12   7   7    10    309
13   9   7    135    421
14   7   4    149    51
15   5   2    180    92
16   12   4    62    86
17   14   4    2    308
18   6   3    81    466
19   7   3    16    112
20   8   2    195    74
21   10   5    151    176
22   15   4    181    29
23   12   5    190    298
24   19   2    118    177
25   11   3    60    457
26   1   2    38    37
27   18   3    26    83
28   26   6    36    73
29   6   6    71    23
30   10   7    16    77
31   12   2    166    329
32   3   4    72    422
33   15   6    35    427
34   21   4    45    482
35   30   3    177    166
36   21   4    171    457
37   14   6    20    10
38   34   3    131    110
39   8   5    107    17
40   22   3    91    366
41   15   6    46    160
42   22   7    24    271
43   34   3    166    99
44   38   6    156    70
45   12   4    67    338
46   28   5    171    433
47   27   4    184    66
48   20   5    52    427
49   8   2    70    107
50   21   3    115    348
51   46   4    61    411
52   49   5    157    90
53   15   4    84    49
54   41   2    138    294
55   4   6    184    310
56   50   4    124    82
57   6   2    166    442
58   2   2    129    204
59   8   5    171    311
60   52   6    14    1
61   12   7    109    268
62   11   5    82    184
63   49   2    89    335
64   38   6    133    395
65   35   6    17    492
66   45   3    157    270
67   7   3    182    105
68   51   6    23    171
69   16   5    148    177
70   59   6    122    254
71   46   3    80    78
72   65   3    117    248
73   34   4    7    56
74   35   4    119    80
75   63   3    191    95
76   69   6    145    361
77   68   3    180    122
78   5   4    58    346
79   9   4    77    222
80   16   7    52    134
81   36   5    41    419
82   32   6    35    388
83   7   6    120    82
84   29   5    47    465
85   40   7    118    431
86   1   4    113    70
87   70   7    42    174
88   59   3    189    77
89   69   7    87    55
90   77   5    168    259
91   81   3    84    202
92   71   7    76    455
93   74   7    158    82
94   46   5    144    86
95   80   3    186    457
96   59   4    102    2
97   80   4    84    123
98   20   7    144    476
99   24   6    174    426
100   62   2    191    431
101   95   5    192    200
102   72   2    182    239
103   41   6    118    137
104   37   7    134    224
105   3   4    87    279
106   38   5    62    444
107   91   6    159    394
108   78   5    169    260
109   92   2    52    396
110   46   3    16    490
111   30   2    125    231
112   2   2    84    39
113   77   7    73    423
114   97   5    36    252
115   63   5    160    444
116   44   4    93    233
117   71   5    132    251
118   114   6    45    31
119   116   2    139    99
120   83   6    164    254
121   69   6    62    321
122   22   6    161    248
123   60   3    33    495
124   86   5    2    440
125   7   2    96    22
126   72   5    21    381
127   62   3    34    264
128   120   5    31    266
129   122   5    54    36
130   60   7    135    411
131   4   3    82    453
132   90   6    93    426
133   88   6    28    498
134   127   3    143    369
135   28   6    34    284
136   10   4    4    429
137   98   2    157    418
138   70   4    60    337
139   45   2    183    33
140   117   5    131    469
141   80   4    175    171
142   2   4    112    384
143   57   5    42    65
144   129   7    24    278
145   5   2    190    369
146   117   3    173    145
147   120   4    100    462
148   51   2    48    391
149   95   4    126    337
150   138   3    22    115
151   66   4    99    261
152   103   6    17    234
153   136   4    129    387
154   23   2    100    131
155   82   4    9    373
156   21   3    155    277
157   32   3    4    113
158   33   6    94    364
159   24   5    131    159
160   103   3    173    96
161   18   2    185    325
162   79   4    180    442
163   99   7    145    14
164   20   2    147    496
165   9   6    178    273
166   20   2    40    347
167   156   7    73    209
168   82   5    189    269
169   41   5    5    31
170   124   4    54    302
171   97   2    121    3
172   90   5    175    491
173   114   7    20    354
174   93   4    140    294
175   26   7    62    312
176   107   5    12    109
177   115   6    21    449
178   108   5    91    429
179   18   6    27    431
180   90   3    69    454
181   162   3    198    255
182   1   4    86    252
183   48   5    9    209
184   42   6    52    227
185   75   3    147    372
186   81   3    2    300
187   74   4    183    329
188   55   5    134    142
189   95   4    179    152
190   169   5    191    483
191   173   4    19    74
192   142   2    97    259
193   134   7    60    366
194   72   2    145    7
195   103   5    189    271
196   36   5    117    114
197   76   2    133    478
198   25   7    135    413
199   87   2    94    297
200   160   2    144    237
201   34   4    139    332
202   91   7    175    5
203   162   3    86    160
204   132   5    169    171
205   203   7    82    134
206   64   3    118    338
207   32   6    40    35
208   20   4    46    249
209   98   5    80    492
210   69   2    20    472
211   160   2    38    331
212   183   2    41    339
213   90   4    56    316
214   30   7    78    411
215   149   6    141    260
216   132   2    83    75
217   110   3    177    341
218   12   3    39    103
219   78   3    110    233
220   158   6    180    459
221   19   7    163    65
222   216   7    88    281
223   52   6    21    139
224   23   7    160    60
225   87   3    169    425
226   77   7    133    396
227   76   2    33    229
228   24   2    193    254
229   118   4    44    29
230   56   5    139    497
231   222   3    4    183
232   204   6    129    370
233   69   2    50    415
234   71   7    106    289
235   189   4    192    176
236   45   5    52    108
237   68   6    15    173
238   166   6    108    85
239   72   4    176    247
240   153   6    121    7
241   53   3    95    4
242   127   5    113    238
243   218   3    188    426
244   25   2    46    297
245   170   3    11    238
246   161   7    10    461
247   223   4    72    377
248   92   6    187    192
249   236   7    196    192
250   173   5    131    266
251   164   4    197    480
252   88   2    25    494
253   168   3    117    61
254   60   3    164    385
255   159   5    170    186
256   124   3    68    69
257   23   4    166    318
258   247   6    182    356
259   181   7    2    272
260   157   7    85    171
261   67   6    9    245
262   239   2    56    142
263   242   3    190    93
264   224   7    88    427
265   218   2    138    167
266   92   2    144    474
267   129   3    112    105
268   143   7    83    276
269   54   3    81    451
270   147   2    159    18
271   76   3    170    353
272   219   3    93    10
273   76   3    193    354
274   264   2    199    13
275   176   6    7    417
276   119   5    120    205
277   175   2    116    154
278   206   2    177    183
279   160   6    167    401
280   83   2    84    17
281   256   2    147    249
282   76   2    80    230
283   85   2    33    244
284   33   4    154    386
285   105   2    38    418
286   51   6    156    353
287   119   7    147    262
288   225   7    51    292
289   209   3    82    423
290   93   7    127    6
291   77   7    3    391
292   147   2    17    415
293   260   5    14    154
294   97   3    111    406
295   184   4    12    466
296   68   3    140    121
297   110   3    180    53
298   9   4    19    168
299   42   4    69    134
300   21   7    172    195
301   248   5    192    69
302   73   6    99    106
303   107   3    138    42
304   158   5    59    74
305   41   7    120    338
306   84   6    128    395
307   144   2    96    162
308   189   7    3    441
309   290   3    91    50
310   169   4    71    229
311   265   5    96    162
312   193   5    14    16
313   262   4    106    258
314   295   4    12    313
315   219   5    51    211
316   41   5    43    494
317   234   3    75    146
318   102   5    15    496
319   247   4    180    311
320   78   5    86    433
321   233   7    13    407
322   143   5    135    293
323   111   6    78    285
324   145   6    195    278
325   22   7    44    242
326   165   4    38    110
327   214   3    44    462
328   109   5    108    149
329   126   5    65    18
330   86   3    65    177
331   107   7    42    381
332   277   3    125    65
333   246   5    108    359
334   14   7    125    211
335   89   5    45    2
336   163   7    63    114
337   281   2    180    249
338   269   7    108    63
339   118   4    128    1
340   179   5    28    244
341   106   7    28    452
342   320   6    127    74
343   245   3    123    426
344   27   5    76    223
345   123   5    8    300
346   200   3    118    30
347   67   7    44    131
348   106   7    180    258
349   299   4    74    324
350   147   2    190    395
351   211   5    138    2
352   347   7    110    403
353   63   5    39    472
354   218   4    141    40
355   68   7    185    222
356   4   4    104    37
357   298   3    138    13
358   279   4    53    160
359   46   3    39    36
360   16   5    162    451
361   281   3    106    112
362   236   5    35    21
363   308   2    76    248
364   80   3    159    107
365   131   4    84    137
366   34   2    98    463
367   312   7    41    286
368   105   6    21    194
369   289   3    66    395
370   37   3    112    150
371   112   4    102    85
372   247   2    33    452
373   234   7    94    227
374   205   2    86    142
375   187   3    103    290
376   11   2    180    260
377   340   5    154    462
378   273   7    40    410
379   133   5    140    492
380   57   4    27    183
381   97   2    6    161
382   277   6    90    367
383   237   2    45    247
384   194   4    186    272
385   155   2    2    340
386   358   2    53    126
387   264   7    163    434
388   68   5    7    202
389   377   3    164    344
390   364   6    29    301
391   310   7    174    120
392   164   5    165    381
393   337   2    179    448
394   178   2    5    213
395   84   5    35    369
396   146   4    186    182
397   226   2    33    80
398   356   3    160    157
399   225   6    28    112
400   271   4    62    477
401   71   4    141    150
402   74   7    192    123
403   147   6    29    56
404   8   2    129    226
405   263   4    138    90
406   102   2    12    380
407   54   6    94    320
408   317   7    184    147
409   101   4    123    380
410   358   2    109    244
411   299   3    140    105
412   315   7    170    325
413   194   6    77    295
414   138   6    137    435
415   288   5    48    260
416   13   7    91    123
417   168   4    42    271
418   166   6    120    417
419   350   3    119    53
420   300   4    192    367
421   103   7    95    363
422   221   6    146    468
423   218   6    9    150
424   200   4    92    99
425   349   7    117    311
426   287   2    126    1
427   242   5    47    322
428   325   2    21    198
429   407   4    40    230
430   97   4    164    410
431   217   3    188    237
432   103   4    93    289
433   336   3    193    110
434   76   5    105    117
435   151   4    29    288
436   104   5    112    147
437   290   2    27    442
438   176   3    51    313
439   210   7    3    452
440   280   4    188    349
441   279   4    65    453
442   429   4    179    23
443   62   7    22    211
444   303   2    117    168
445   222   6    84    21
446   360   5    171    199
447   214   7    147    114
448   304   3    59    300
449   26   3    163    121
450   323   5    140    385
451   132   2    53    296
452   82   2    178    310
453   266   6    58    107
454   174   4    182    126
455   42   5    143    203
456   77   7    13    299
457   425   7    35    279
458   103   6    158    17
459   338   7    4    205
460   177   2    90    287
461   379   7    155    101
462   277   2    117    166
463   299   7    17    222
464   303   5    149    457
465   154   2    132    314
466   53   6    75    459
467   366   6    28    92
468   322   6    166    483
469   411   4    28    87
470   178   4    9    345
471   329   3    94    331
472   47   4    181    174
473   121   7    197    473
474   64   3    160    80
475   181   4    175    97
476   431   7    128    353
477   17   2    23    290
478   278   6    83    414
479   2   2    54    304
480   396   6    162    262
481   48   2    67    420
482   298   7    45    187
483   288   5    183    371
484   370   5    125    262
485   326   6    4    277
486   281   2    85    167
487   335   2    184    401
488   417   3    119    188
489   86   2    86    142
490   446   6    180    273
491   413   5    7    163
492   220   6    193    57
493   159   4    76    163
494   177   7    2    275
495   229   3    44    368
496   135   2    29    105
497   3   2    57    301
498   205   2    26    213
499   201   7    142    160
500   41   6    161    393
501   56   4    10    385
502   392   4    24    250
503   116   4    178    152
504   197   5    199    407
505   136   6    176    49
506   131   6    172    482
507   79   5    113    361
508   398   5    148    380
509   439   6    59    474
510   178   3    191    44
511   262   6    57    375
512   301   2    38    292
513   89   7    99    249
514   301   7    45    324
515   259   4    154    340
516   387   3    54    356
517   186   3    109    55
518   446   3    158    334
519   81   3    179    352
520   479   7    5    470
521   61   6    135    84
522   232   2    178    487
523   221   4    31    275
524   520   3    40    116
525   262   3    135    331
526   161   5    123    133
527   109   4    179    133
528   79   6    108    122
529   296   7    186    362
530   75   6    56    96
531   357   7    102    347
532   129   2    109    90
533   354   3    149    478
534   461   2    46    290
535   399   2    168    266
536   390   7    34    280
537   193   7    167    343
538   438   3    51    19
539   438   6    118    445
540   89   7    130    495
541   364   7    132    136
542   97   4    197    440
543   144   5    78    127
544   345   5    141    388
545   366   2    183    276
546   373   4    101    261
547   447   2    48    233
548   499   3    97    168
549   325   5    115    8
550   389   6    15    244
551   16   3    104    116
552   332   3    93    374
553   471   7    108    198
554   463   2    29    271
555   534   7    10    34
556   158   4    29    427
557   53   3    152    273
558   50   2    35    29
559   396   5    44    280
560   481   5    10    102
561   483   7    103    397
562   352   6    31    351
563   101   3    90    101
564   109   5    183    166
565   337   7    129    96
566   400   2    64    157
567   384   2    188    174
568   495   7    82    408
569   34   2    122    198
570   325   3    34    475
571   182   7    46    45
572   221   2    126    382
573   495   3    33    410
574   89   5    193    389
575   103   2    21    172
576   288   6    2    265
577   296   3    126    245
578   223   3    189    169
579   543   6    136    403
580   352   4    192    411
581   484   3    63    339
582   145   6    48    120
583   387   6    92    427
584   537   5    79    319
585   52   5    77    5
586   3   2    90    494
587   518   5    114    148
588   529   2    163    45
589   333   7    175    195
590   538   6    188    323
591   282   3    81    307
592   85   3    134    400
593   78   5    12    425
594   85   4    119    222
595   190   6    90    438
596   9   5    53    107
597   534   5    3    294
598   202   4    50    376
599   223   7    41    363
600   522   2    93    182
601   526   3    150    362
602   127   4    55    376
603   374   3    157    61
604   467   6    16    184
605   508   4    31    137
606   336   2    92    23
607   477   5    112    102
608   395   2    168    391
609   497   7    36    8
610   149   7    13    256
611   271   4    13    112
612   442   4    149    433
613   480   5    15    306
614   88   5    120    380
615   212   7    31    390
616   213   5    140    457
617   420   7    4    12
618   545   4    29    105
619   79   2    173    94
620   219   2    90    289
621   336   6    155    370
622   485   7    91    63
623   344   4    51    55
624   125   3    34    35
625   290   4    106    85
626   569   3    172    199
627   120   6    17    456
628   127   2    191    421
629   553   2    120    477
630   78   3    57    454
631   624   4    39    375
632   130   5    9    439
633   129   4    181    371
634   291   2    144    382
635   193   5    170    35
636   228   5    102    35
637   373   5    41    185
638   49   7    47    446
639   147   2    185    491
640   21   6    73    383
641   424   2    172    452
642   635   3    131    8
643   410   3    63    30
644   430   3    164    401
645   80   2    90    198
646   241   3    47    390
647   139   7    115    425
648   181   7    37    105
649   485   2    21    100
650   16   7    169    458
651   263   2    90    43
652   266   7    55    58
653   210   3    111    472
654   629   2    196    11
655   422   2    142    6
656   289   6    58    210
657   579   6    50    133
658   40   4    61    345
659   260   6    191    154
660   532   5    114    252
661   42   3    131    332
662   475   6    81    396
663   54   2    74    52
664   615   7    161    44
665   352   3    49    458
666   382   2    8    492
667   473   6    140    469
668   111   5    165    378
669   357   4    38    353
670   95   5    73    28
671   505   5    107    290
672   517   6    100    62
673   263   6    58    60
674   579   5    178    339
675   445   7    171    477
676   602   6    30    43
677   189   4    104    447
678   534   7    49    111
679   642   3    127    177
680   97   5    42    190
681   672   2    49    185
682   582   5    163    481
683   39   6    151    273
684   337   7    180    54
685   611   2    87    438
686   261   5    86    314
687   40   3    139    30
688   414   7    32    314
689   539   6    109    232
690   453   7    38    43
691   575   2    27    157
692   224   7    37    83
693   601   5    1    82
694   396   6    91    322
695   645   5    10    310
696   648   2    61    322
697   532   2    121    305
698   436   5    138    384
699   91   3    112    365
700   471   4    64    19
701   691   7    167    34
702   554   5    27    386
703   15   5    118    494
704   29   6    22    37
705   370   6    39    249
706   37   6    50    186
707   583   3    51    307
708   387   2    33    104
709   173   5    129    335
710   444   6    63    298
711   97   2    102    197
712   606   2    32    397
713   248   5    110    448
714   634   6    56    58
715   233   5    87    370
716   111   4    74    35
717   341   3    167    31
718   350   7    183    21
719   81   6    159    296
720   623   7    66    94
721   140   4    82    176
722   84   7    105    64
723   693   2    122    481
724   155   4    55    398
725   591   3    70    283
726   596   4    49    311
727   377   2    196    269
728   226   4    130    104
729   568   3    46    472
730   237   4    62    156
731   25   6    1    392
732   280   4    168    58
733   369   6    80    65
734   307   3    133    294
735   562   4    129    21
736   413   4    98    84
737   663   3    58    349
738   540   7    110    296
739   46   5    173    434
740   640   4    8    108
741   90   6    91    113
742   242   2    27    83
743   325   2    124    475
744   647   6    76    165
745   431   5    28    316
746   607   3    179    41
747   384   5    7    452
748   36   3    197    138
749   714   3    24    217
750   243   6    60    304
751   675   4    112    185
752   31   5    30    252
753   475   2    68    154
754   224   4    119    262
755   76   3    44    89
756   421   2    2    44
757   457   4    147    335
758   51   4    11    148
759   633   6    47    308
760   544   5    135    205
761   477   5    41    92
762   430   7    159    64
763   543   7    180    189
764   205   6    77    121
765   510   5    98    155
766   171   4    152    10
767   280   7    163    45
768   429   3    10    304
769   235   7    101    144
770   188   4    61    214
771   462   6    153    377
772   71   5    117    90
773   709   6    146    176
774   424   2    99    116
775   612   7    109    493
776   238   4    146    271
777   746   7    139    286
778   464   7    106    421
779   118   6    113    214
780   572   4    104    163
781   354   3    111    296
782   675   2    113    270
783   180   6    185    293
784   76   7    43    161
785   405   5    144    302
786   391   7    138    22
787   476   4    74    108
788   626   6    45    10
789   90   3    62    176
790   207   4    38    268
791   594   2    173    486
792   451   6    150    407
793   544   6    78    368
794   496   6    14    56
795   409   4    131    215
796   639   5    42    22
797   759   5    155    284
798   254   4    125    28
799   203   5    94    117
800   44   3    117    340
801   410   4    150    405
802   541   5    170    119
803   761   7    170    435
804   364   7    140    486
805   756   2    73    271
806   585   4    128    422
807   285   6    65    4
808   786   3    158    60
809   350   2    55    184
810   107   2    34    200
811   509   6    122    493
812   165   7    26    387
813   790   6    8    40
814   371   7    117    336
815   255   5    192    74
816   726   3    174    27
817   337   6    143    433
818   543   4    19    402
819   16   4    44    227
820   523   4    8    103
821   200   3    151    470
822   175   6    23    384
823   85   4    100    58
824   476   7    14    281
825   648   6    72    41
826   822   3    174    394
827   173   4    189    416
828   614   4    163    111
829   517   2    108    397
830   468   6    106    259
831   446   3    173    304
832   308   7    75    126
833   239   4    129    216
834   182   3    71    425
835   12   4    140    211
836   40   7    75    356
837   308   5    89    175
838   557   2    160    267
839   62   2    132    489
840   235   7    30    5
841   805   4    22    265
842   800   4    119    389
843   478   5    26    134
844   364   5    112    300
845   535   3    110    333
846   565   3    66    215
847   147   6    68    248
848   574   4    45    1
849   25   7    8    320
850   127   6    110    251
851   390   3    60    208
852   253   3    35    271
853   71   5    150    114
854   72   7    178    324
855   113   3    175    420
856   778   7    36    280
857   680   4    126    321
858   139   6    95    401
859   486   4    185    64
860   679   7    185    224
861   733   4    80    100
862   39   6    185    183
863   535   4    43    377
864   484   7    12    393
865   589   6    97    180
866   605   4    105    177
867   55   5    190    405
868   542   4    184    14
869   535   3    198    45
870   130   6    65    104
871   642   4    195    73
872   870   3    3    4
873   701   3    80    400
874   588   2    79    41
875   768   6    146    311
876   586   4    5    73
877   269   7    33    392
878   493   3    111    170
879   637   3    68    80
880   845   2    157    396
881   675   2    189    130
882   240   4    111    256
883   93   4    50    28
884   881   5    173    174
885   164   6    110    466
886   236   5    164    341
887   846   5    112    486
888   293   3    133    248
889   264   6    122    350
890   141   2    16    243
891   423   6    14    296
892   106   5    92    57
893   846   3    186    253
894   440   4    192    26
895   392   6    49    342
896   165   5    76    117
897   514   2    22    402
898   654   7    173    120
899   371   6    8    197
900   441   3    187    144
901   394   2    119    241
902   323   2    157    136
903   160   5    110    74
904   782   6    35    21
905   343   4    113    491
906   371   3    169    362
907   466   5    29    153
908   309   3    140    387
909   501   6    10    411
910   724   6    8    460
911   20   3    95    118
912   819   5    132    346
913   213   4    6    53
914   62   2    39    166
915   890   6    179    494
916   135   2    88    41
917   801   2    21    208
918   863   2    57    349
919   744   6    32    333
920   799   4    62    305
921   290   2    86    126
922   879   7    29    268
923   558   4    55    251
924   23   7    159    250
925   522   4    2    55
926   807   6    153    204
927   293   4    103    475
928   740   4    168    80
929   626   4    136    470
930   564   7    54    372
931   392   6    33    215
932   113   7    174    462
933   116   5    32    62
934   9   6    187    97
935   679   3    192    313
936   269   2    138    26
937   229   3    148    337
938   784   5    149    31
939   862   3    124    208
940   804   4    112    346
941   561   6    179    122
942   854   3    185    223
943   569   2    55    46
944   196   3    187    15
945   798   2    109    230
946   809   3    130    418
947   642   7    90    84
948   567   3    16    289
949   67   7    122    140
950   42   5    139    38
951   280   3    143    223
952   183   7    187    297
953   938   6    103    238
954   633   5    86    264
955   795   3    22    172
956   40   6    185    334
957   88   6    115    400
958   437   5    50    414
959   17   5    7    336
960   508   5    187    390
961   288   6    183    110
962   944   2    9    126
963   583   2    193    84
964   523   3    108    112
965   919   5    131    179
966   939   5    109    456
967   382   2    83    139
968   919   2    54    117
969   429   5    190    418
970   449   5    84    445
971   709   4    29    42
972   714   7    12    277
973   576   6    126    280
974   727   5    155    79
975   420   5    7    430
976   828   7    5    482
977   841   4    165    61
978   565   4    58    139
979   517   4    134    157
980   38   5    5    256
981   607   2    59    385
982   500   4    144    264
983   958   2    166    32
984   444   3    18    105
985   568   3    18    276
986   19   3    172    140
987   639   2    66    348
988   422   7    182    420
989   326   7    187    327
990   97   6    142    322
991   721   4    32    152
992   586   6    84    428
993   894   4    192    137
994   696   6    171    405
995   11   4    91    26
996   818   6    31    139
997   244   7    88    18
998   652   4    194    467
999   814   6    161    310
1000   737   3    51    62
1001   354   4    77    220
1002   446   2    28    327
1003   108   3    123    15
1004   381   3    45    62
1005   390   4    194    67
1006   923   7    143    238
1007   952   6    109    336
1008   251   7    36    378
1009   924   5    185    341
1010   653   6    31    7
1011   259   5    137    110
1012   314   5    149    143
1013   643   4    167    467
1014   77   4    145    167
1015   802   7    76    255
1016   654   3    50    373
1017   643   5    36    178
1018   610   6    153    50
1019   856   2    23    493
1020   200   7    173    394
1021   299   4    182    136
1022   928   3    32    148
1023   108   3    21    21
1024   696   4    67    35
1025   170   7    174    213
1026   633   2    76    108
1027   796   7    106    424
1028   304   3    171    219
1029   325   3    114    444
1030   514   7    127    229
1031   209   3    113    222
1032   5   4    84    67
1033   911   5    45    123
1034   776   3    76    131
1035   284   3    13    379
1036   405   2    177    204
1037   821   4    119    463
1038   494   7    92    403
1039   764   3    130    259
1040   1005   3    173    441
1041   40   4    1    155
1042   1004   3    51    329
1043   688   7    127    248
1044   789   7    144    209
1045   1041   4    170    255
1046   593   3    112    15
1047   143   3    198    499
1048   862   2    25    454
1049   447   4    45    70
1050   581   4    142    479
1051   728   7    46    168
1052   137   5    157    114
1053   208   2    14    282
1054   476   6    171    108
1055   1025   2    191    416
1056   651   5    57    91
1057   164   5    91    128
1058   316   4    137    325
1059   494   3    126    22
1060   769   6    56    400
1061   83   3    26    274
1062   356   2    91    5
1063   258   6    70    434
1064   827   7    94    86
1065   793   7    186    414
1066   407   6    144    353
1067   330   4    160    276
1068   396   3    74    461
1069   275   3    21    206
1070   220   7    58    324
1071   14   7    49    358
1072   899   4    159    240
1073   312   4    72    379
1074   1006   6    184    297
1075   368   3    22    169
1076   43   4    84    291
1077   874   2    118    383
1078   621   5    32    26
1079   180   5    183    307
1080   193   5    52    162
1081   862   7    14    183
1082   599   7    189    439
1083   640   5    125    381
1084   578   3    186    72
1085   165   4    95    25
1086   169   6    151    485
1087   343   2    177    375
1088   876   3    122    21
1089   969   2    25    76
1090   912   6    156    115
1091   81   2    84    366
1092   618   3    92    406
1093   29   3    101    485
1094   1082   5    29    401
1095   431   6    140    449
1096   217   6    86    251
1097   504   3    96    349
1098   216   4    157    141
1099   740   4    94    214
1100   595   5    196    238
1101   22   7    108    276
1102   572   2    20    442
1103   17   5    12    113
1104   988   7    4    267
1105   593   5    77    272
1106   420   2    92    382
1107   853   6    77    439
1108   837   2    109    86
1109   894   2    134    240
1110   694   6    44    327
1111   802   5    134    423
1112   752   7    33    463
1113   435   2    147    241
1114   71   3    40    197
1115   923   6    88    318
1116   517   7    114    421
1117   162   6    67    84
1118   713   6    123    14
1119   792   6    105    404
1120   641   3    156    194
1121   259   7    9    89
1122   196   7    68    152
1123   241   4    139    487
1124   8   2    102    2
1125   380   4    125    381
1126   873   5    4    105
1127   739   3    87    47
1128   1073   7    142    106
1129   915   3    95    284
1130   273   6    185    9
1131   180   6    154    244
1132   857   4    30    80
1133   203   3    121    381
1134   778   6    75    441
1135   774   6    41    306
1136   138   3    136    457
1137   1020   2    145    356
1138   692   2    155    207
1139   665   3    199    80
1140   12   2    76    453
1141   703   7    175    124
1142   1137   4    128    104
1143   406   6    22    71
1144   262   2    49    180
1145   841   6    51    289
1146   218   3    133    246
1147   800   4    3    295
1148   14   7    82    164
1149   255   2    143    299
1150   1066   5    11    105
1151   989   3    39    236
1152   577   5    40    336
1153   969   4    175    80
1154   916   7    154    217
1155   905   2    80    149
1156   127   4    183    182
1157   1019   4    15    412
1158   1091   6    149    129
1159   561   5    147    325
1160   294   4    16    307
1161   996   5    108    413
1162   718   6    20    135
1163   312   6    24    163
1164   675   5    96    466
1165   352   3    66    85
1166   102   7    88    178
1167   1090   6    30    202
1168   918   4    178    309
1169   710   6    152    74
1170   708   5    178    412
1171   400   5    130    394
1172   255   5    72    442
1173   25   5    193    282
1174   86   2    101    221
1175   849   5    22    339
1176   639   4    118    349
1177   308   6    50    430
1178   604   2    18    436
1179   74   6    81    147
1180   1040   7    126    412
1181   141   5    63    284
1182   135   6    56    115
1183   998   6    115    294
1184   240   5    185    404
1185   874   3    142    192
1186   357   4    47    36
1187   331   5    147    485
1188   20   2    95    20
1189   866   4    96    239
1190   415   4    193    412
1191   296   7    142    258
1192   528   7    188    378
1193   961   6    131    107
1194   855   6    178    43
1195   597   6    161    190
1196   197   2    18    478
1197   536   3    112    35
1198   304   6    182    442
1199   277   6    141    4
1200   109   4    116    413
1201   436   5    75    27
1202   1150   2    161    246
1203   1002   6    153    78
1204   140   4    72    35
1205   549   3    113    142
1206   1049   5    32    382
1207   399   6    151    168
1208   100   2    98    276
1209   463   6    33    142
1210   1071   6    60    25
1211   689   3    40    155
1212   479   6    52    290
1213   438   6    5    159
1214   669   3    6    162
1215   746   2    142    218
1216   615   4    192    240
1217   808   2    68    51
1218   402   6    77    23
1219   175   7    197    225
1220   954   5    155    428
1221   781   2    96    338
1222   1105   7    100    37
1223   883   5    126    20
1224   511   4    57    248
1225   807   7    145    99
1226   284   7    90    166
1227   1206   3    104    102
1228   527   2    148    450
1229   365   2    170    368
1230   472   6    98    292
1231   716   5    167    75
1232   439   5    57    117
1233   576   6    62    62
1234   417   2    30    94
1235   1032   4    187    461
1236   329   3    140    430
1237   246   5    60    303
1238   790   2    163    267
1239   806   6    57    435
1240   1005   7    45    128
1241   24   3    188    52
1242   1013   6    137    454
1243   562   7    177    58
1244   1088   5    123    127
1245   307   6    129    178
1246   826   7    116    16
1247   358   5    104    348
1248   1157   3    165    453
1249   51   7    129    144
1250   768   4    91    5
1251   932   2    190    277
1252   1194   6    31    85
1253   548   3    13    43
1254   896   7    19    231
1255   802   7    112    161
1256   1050   5    176    330
1257   1095   6    27    410
1258   706   6    50    257
1259   579   3    1    418
1260   700   3    176    135
1261   1035   3    102    71
1262   496   2    105    459
1263   496   4    38    28
1264   1135   5    181    316
1265   477   3    98    119
1266   789   2    111    203
1267   391   2    144    418
1268   1046   3    135    2
1269   338   3    93    355
1270   435   3    146    480
1271   57   6    80    127
1272   658   3    50    464
1273   1026   7    44    37
1274   112   2    15    149
1275   679   2    166    319
1276   591   4    37    368
1277   1242   2    141    87
1278   955   2    86    458
1279   806   6    135    252
1280   632   4    130    353
1281   958   6    152    449
1282   355   4    98    230
1283   697   3    147    247
1284   199   6    97    130
1285   34   6    189    469
1286   1210   3    89    183
1287   269   7    186    295
1288   429   3    177    234
1289   946   3    4    37
1290   206   6    6    430
1291   48   3    131    225
1292   881   4    25    445
1293   407   5    174    119
1294   521   5    155    486
1295   1264   2    162    170
1296   282   4    94    167
1297   1150   6    29    76
1298   989   5    71    85
1299   763   5    107    466
1300   1128   2    35    50
1301   242   2    101    138
1302   1231   4    128    21
1303   793   4    88    199
1304   321   5    111    409
1305   12   5    126    43
1306   766   4    76    373
1307   852   5    191    423
1308   80   3    161    383
1309   1154   6    13    464
1310   878   6    100    478
1311   353   3    100    214
1312   183   7    20    169
1313   228   5    136    254
1314   220   5    191    322
1315   9   6    28    92
1316   1039   4    65    14
1317   888   2    187    466
1318   691   6    13    76
1319   1132   6    166    350
1320   89   6    81    381
1321   939   2    12    391
1322   960   2    50    63
1323   112   6    51    387
1324   1263   3    6    88
1325   1166   3    189    428
1326   1195   2    91    420
1327   607   4    188    389
1328   634   7    56    223
1329   1052   3    39    85
1330   231   2    124    59
1331   523   7    192    234
1332   468   2    28    273
1333   68   6    102    283
1334   228   3    190    43
1335   996   7    161    146
1336   530   7    37    333
1337   1245   4    127    436
1338   717   4    174    88
1339   1095   7    18    70
1340   65   4    33    173
1341   682   3    166    386
1342   385   6    72    187
1343   1310   3    109    446
1344   173   6    195    330
1345   1087   4    77    208
1346   334   5    150    402
1347   1039   4    173    96
1348   359   6    79    53
1349   18   5    37    47
1350   563   4    105    12
1351   99   4    129    229
1352   750   5    136    442
1353   1153   4    50    138
1354   912   5    77    339
1355   500   2    7    97
1356   27   6    92    348
1357   975   7    75    28
1358   103   2    55    178
1359   737   5    26    175
1360   4   4    66    53
1361   1282   5    8    481
1362   772   3    85    269
1363   251   7    79    232
1364   1229   5    173    102
1365   1206   4    48    329
1366   589   4    194    455
1367   293   6    83    61
1368   215   6    158    107
1369   1165   4    180    386
1370   616   2    77    159
1371   955   7    162    62
1372   473   6    49    410
1373   447   4    20    207
1374   1210   2    93    399
1375   412   6    111    33
1376   810   4    4    213
1377   888   2    181    69
1378   1321   3    35    463
1379   402   5    103    30
1380   537   4    199    195
1381   1250   3    139    48
1382   896   3    12    80
1383   422   4    114    112
1384   8   2    157    347
1385   425   4    32    1
1386   881   7    75    174
1387   1285   5    183    291
1388   1043   6    99    207
1389   500   5    128    410
1390   171   4    110    27
1391   253   5    116    356
1392   169   6    23    273
1393   545   5    134    285
1394   733   7    30    242
1395   537   6    167    396
1396   659   2    173    237
1397   1067   7    194    77
1398   160   5    158    380
1399   1267   6    190    311
1400   16   2    53    32
1401   1076   6    181    260
1402   1398   5    7    260
1403   568   7    107    131
1404   176   7    5    176
1405   1301   6    2    336
1406   144   3    5    387
1407   399   6    43    18
1408   600   7    154    390
1409   660   2    120    397
1410   354   2    46    22
1411   545   3    25    177
1412   1310   4    190    76
1413   296   6    117    460
1414   914   6    82    52
1415   360   5    4    414
1416   425   7    33    77
1417   508   6    165    343
1418   732   5    69    175
1419   102   4    25    405
1420   1268   4    23    291
1421   344   7    25    266
1422   313   4    181    45
1423   600   5    111    82
1424   1405   3    186    372
1425   1311   4    133    485
1426   1268   2    13    373
1427   1244   6    89    299
1428   270   5    134    246
1429   720   4    186    339
1430   112   2    77    468
1431   648   4    5    272
1432   343   7    34    265
1433   61   4    14    46
1434   1391   3    196    145
1435   7   4    48    82
1436   812   3    120    496
1437   698   3    148    253
1438   239   2    135    216
1439   1140   3    26    109
1440   461   2    181    38
1441   393   5    165    315
1442   453   6    26    454
1443   565   4    189    43
1444   896   5    58    84
1445   536   4    166    482
1446   834   3    199    96
1447   509   3    175    303
1448   961   4    55    248
1449   1214   5    72    288
1450   858   4    91    233
1451   678   7    41    413
1452   284   3    165    9
1453   219   5    134    222
1454   547   7    123    436
1455   690   5    57    410
1456   689   6    142    354
1457   1373   7    36    39
1458   780   5    180    498
1459   1404   5    123    243
1460   1140   2    40    266
1461   1253   5    103    350
1462   590   6    139    247
1463   1015   4    120    203
1464   868   7    67    275
1465   1272   5    38    333
1466   901   6    132    183
1467   1276   7    92    262
1468   1214   5    171    168
1469   199   3    53    16
1470   175   2    112    423
1471   802   7    86    432
1472   821   2    43    270
1473   235   5    66    180
1474   932   7    180    229
1475   1006   7    107    159
1476   206   5    196    328
1477   944   3    130    130
1478   225   2    92    250
1479   192   6    33    479
1480   596   6    23    458
1481   762   4    154    232
1482   1291   2    25    15
1483   388   3    171    29
1484   33   5    105    225
1485   1474   3    8    207
1486   12   3    149    493
1487   664   7    155    385
1488   1210   4    76    158
1489   597   5    75    410
1490   1072   3    127    43
1491   623   3    190    271
1492   701   3    194    378
1493   1113   6    3    41
1494   644   2    148    4
1495   793   6    66    375
1496   402   2    188    298
1497   169   2    89    411
1498   1182   4    118    352
1499   899   7    178    45
1500   923   3    123    466
1501   1089   4    108    221
1502   13   6    109    119
1503   544   2    12    215
1504   830   7    131    220
1505   610   5    38    222
1506   1000   5    187    80
1507   256   7    187    4
1508   1126   6    124    335
1509   1035   4    197    46
1510   690   2    137    169
1511   959   7    9    178
1512   1229   4    101    134
1513   1206   6    76    410
1514   634   6    177    162
1515   442   2    172    269
1516   240   7    66    432
1517   48   4    40    178
1518   1196   7    7    327
1519   1107   3    63    483
1520   1257   7    194    129
1521   907   4    95    481
1522   1125   3    168    77
1523   1211   6    117    20
1524   466   5    63    106
1525   723   2    16    97
1526   987   3    102    92
1527   1443   5    10    373
1528   329   5    70    199
1529   600   2    108    283
1530   1452   6    158    429
1531   221   3    72    129
1532   1479   7    99    89
1533   1389   6    25    121
1534   1431   2    27    174
1535   1061   5    132    307
1536   200   3    130    29
1537   986   3    88    155
1538   20   5    186    474
1539   1532   4    66    300
1540   959   3    12    39
1541   1352   7    179    446
1542   768   6    135    160
1543   1422   2    154    22
1544   234   5    141    303
1545   1193   2    148    55
1546   783   7    50    400
1547   710   6    82    284
1548   1506   4    154    45
1549   683   6    145    284
1550   1447   7    181    171
1551   57   2    33    437
1552   793   3    137    203
1553   1469   5    86    128
1554   291   2    180    89
1555   1299   4    114    384
1556   712   6    129    250
1557   93   7    168    411
1558   1297   7    139    472
1559   1358   3    26    430
1560   620   4    132    114
1561   949   7    131    83
1562   1409   6    45    93
1563   972   5    195    141
1564   1061   3    183    22
1565   1363   4    9    239
1566   1149   5    161    172
1567   243   3    129    247
1568   1006   6    118    336
1569   1240   3    123    301
1570   1363   4    48    420
1571   1558   3    33    202
1572   162   5    195    483
1573   15   3    180    162
1574   172   3    46    124
1575   876   5    18    212
1576   861   7    178    18
1577   847   6    133    423
1578   269   4    71    296
1579   1028   5    182    464
1580   1266   5    127    117
1581   283   2    146    209
1582   15   4    65    267
1583   18   3    134    160
1584   1015   2    149    374
1585   36   6    183    432
1586   1440   5    179    454
1587   986   3    49    63
1588   89   3    1    483
1589   177   7    139    27
1590   1529   4    143    278
1591   574   2    164    214
1592   391   2    142    9
1593   684   6    187    317
1594   929   6    162    286
1595   186   6    50    2
1596   1030   4    51    480
1597   880   7    60    492
1598   239   4    54    261
1599   1312   6    20    89
1600   82   4    151    155
1601   353   3    26    244
1602   887   3    17    261
1603   1093   5    115    101
1604   755   7    158    108
1605   355   6    41    290
1606   157   4    44    399
1607   594   4    49    288
1608   1539   7    186    306
1609   278   6    15    44
1610   984   5    42    258
1611   668   6    63    82
1612   751   6    117    233
1613   1498   3    66    132
1614   952   2    16    344
1615   291   5    23    125
1616   876   5    168    275
1617   1432   5    185    147
1618   988   2    99    457
1619   477   2    112    54
1620   366   2    1    225
1621   232   3    67    336
1622   293   5    193    87
1623   471   2    181    62
1624   593   6    129    431
1625   359   7    170    397
1626   1304   7    20    242
1627   401   4    1    442
1628   1503   2    197    353
1629   399   4    154    378
1630   1352   2    4    37
1631   1314   7    89    346
1632   444   3    160    210
1633   792   5    175    309
1634   870   6    166    131
1635   515   5    30    248
1636   1062   3    180    201
1637   1010   2    44    337
1638   903   5    185    63
1639   710   2    135    307
1640   262   2    42    212
1641   15   3    86    481
1642   1164   2    65    46
1643   1568   5    193    6
1644   1152   4    36    351
1645   443   6    105    64
1646   454   6    91    485
1647   1610   7    181    486
1648   111   6    45    366
1649   556   5    160    123
1650   288   7    26    425
1651   94   4    73    12
1652   468   5    41    36
1653   1001   7    100    135
1654   973   2    130    26
1655   1468   4    198    310
1656   374   3    28    427
1657   847   3    61    439
1658   729   3    87    127
1659   1449   3    161    474
1660   52   2    186    463
1661   501   6    27    490
1662   931   2    149    91
1663   29   6    198    294
1664   43   2    164    111
1665   793   5    25    359
1666   655   7    18    109
1667   761   6    105    253
1668   181   6    52    171
1669   550   3    147    200
1670   1376   4    186    329
1671   992   4    48    107
1672   130   3    80    142
1673   1026   3    157    101
1674   877   3    180    279
1675   689   5    130    451
1676   1531   7    123    251
1677   950   4    48    37
1678   592   5    188    50
1679   305   7    128    251
1680   1048   3    114    222
1681   714   2    70    208
1682   478   6    118    262
1683   1036   7    149    428
1684   1565   3    58    47
1685   623   2    198    463
1686   834   6    26    132
1687   1550   2    152    266
1688   14   3    166    345
1689   578   5    80    44
1690   1274   4    151    437
1691   414   6    124    265
1692   569   4    154    359
1693   1064   2    127    97
1694   80   2    147    497
1695   1115   6    42    208
1696   1064   7    20    216
1697   881   5    54    174
1698   1469   2    166    91
1699   770   5    8    379
1700   784   2    71    414
1701   1399   4    171    398
1702   682   3    48    5
1703   1105   6    5    118
1704   289   6    77    21
1705   59   4    179    348
1706   1592   2    177    181
1707   1139   7    196    465
1708   692   2    76    293
1709   495   2    169    82
1710   276   4    155    194
1711   1253   3    111    428
1712   1605   4    75    43
1713   940   3    166    58
1714   1671   2    174    391
1715   1592   7    175    356
1716   15   5    16    337
1717   635   2    50    28
1718   699   3    165    167
1719   1647   6    18    306
1720   1665   6    94    357
1721   190   7    117    295
1722   1275   5    37    466
1723   1578   5    113    40
1724   1643   3    133    400
1725   588   2    164    401
1726   217   3    84    42
1727   468   2    137    134
1728   673   7    157    332
1729   170   5    118    3
1730   484   2    135    334
1731   1631   7    57    74
1732   1296   3    176    239
1733   1388   2    67    227
1734   1694   2    146    59
1735   243   4    52    18
1736   1370   4    18    245
1737   100   2    163    27
1738   15   3    160    305
1739   1412   7    118    489
1740   1249   4    75    189
1741   347   3    171    130
1742   1532   2    41    441
1743   1273   4    47    386
1744   1370   6    160    256
1745   332   4    72    12
1746   307   3    4    318
1747   531   6    151    355
1748   1151   4    44    405
1749   227   2    169    473
1750   750   6    64    218
1751   259   6    111    217
1752   90   6    180    458
1753   48   7    147    368
1754   1633   7    42    48
1755   234   4    176    134
1756   1105   5    130    95
1757   675   6    85    269
1758   1125   2    10    394
1759   1072   2    6    30
1760   75   7    70    268
1761   603   6    81    9
1762   494   5    46    52
1763   520   6    143    230
1764   1128   6    91    28
1765   929   4    153    32
1766   1083   7    59    445
1767   138   2    33    30
1768   888   3    139    452
1769   1071   6    26    433
1770   479   4    189    11
1771   403   5    138    372
1772   258   2    51    351
1773   1399   6    25    269
1774   1050   5    127    239
1775   638   6    156    127
1776   1562   6    146    286
1777   1075   4    153    250
1778   1016   6    84    79
1779   1649   5    62    429
1780   22   7    48    184
1781   1489   2    197    468
1782   477   5    97    480
1783   1335   6    7    224
1784   1064   5    12    38
1785   849   5    89    54
1786   96   5    137    194
1787   51   7    76    54
1788   1159   6    90    201
1789   810   4    78    481
1790   314   2    160    485
1791   1432   6    79    335
1792   1350   5    185    477
1793   804   4    67    46
1794   1292   3    133    250
1795   601   3    29    345
1796   244   4    134    52
1797   1145   7    139    82
1798   1129   5    150    330
1799   1744   5    160    38
1800   145   4    109    106
1801   1678   5    124    177
1802   1245   7    48    342
1803   943   2    111    235
1804   206   2    94    164
1805   121   6    78    426
1806   1512   5    118    374
1807   1047   6    90    467
1808   710   5    9    429
1809   596   2    142    67
1810   1029   2    172    305
1811   1596   5    175    143
1812   828   3    144    219
1813   335   6    133    234
1814   997   2    139    337
1815   443   7    13    278
1816   1035   6    100    304
1817   731   3    192    155
1818   491   7    143    497
1819   1301   5    42    145
1820   666   4    42    246
1821   1364   2    53    303
1822   941   4    94    176
1823   863   3    36    439
1824   675   5    87    88
1825   1063   2    13    431
1826   1760   3    167    154
1827   745   7    80    247
1828   651   4    79    234
1829   1292   2    97    469
1830   357   7    29    332
1831   1637   6    77    332
1832   1293   6    93    288
1833   775   7    70    352
1834   141   3    168    230
1835   702   5    54    453
1836   190   2    34    25
1837   618   6    117    167
1838   1325   6    63    133
1839   170   5    9    49
1840   298   3    94    24
1841   1690   4    46    75
1842   26   6    168    143
1843   1003   2    55    315
1844   1706   7    157    79
1845   680   5    68    17
1846   422   2    125    38
1847   764   6    170    188
1848   1228   7    178    484
1849   364   4    31    181
1850   288   4    40    372
1851   341   5    120    3
1852   463   7    184    96
1853   861   6    131    438
1854   560   2    130    474
1855   436   6    110    312
1856   681   5    11    237
1857   1808   7    184    147
1858   1823   7    61    469
1859   1465   2    177    82
1860   768   6    161    255
1861   500   4    108    339
1862   1039   2    134    310
1863   144   5    127    486
1864   1725   4    60    471
1865   1302   3    53    377
1866   328   3    196    41
1867   514   6    168    15
1868   1397   3    20    194
1869   667   7    184    25
1870   1187   7    72    355
1871   854   5    195    55
1872   347   7    175    91
1873   1042   6    52    309
1874   1541   6    34    341
1875   219   4    155    1
1876   279   7    143    22
1877   1421   5    111    435
1878   558   4    159    280
1879   1607   7    95    431
1880   114   4    152    67
1881   679   2    155    5
1882   1281   7    22    209
1883   865   6    111    184
1884   897   6    110    131
1885   1748   3    86    91
1886   93   3    52    410
1887   475   7    68    401
1888   980   3    198    12
1889   545   2    123    428
1890   446   6    51    260
1891   1279   6    158    105
1892   1319   2    115    45
1893   1184   5    65    418
1894   383   6    88    193
1895   1524   3    115    493
1896   791   2    184    436
1897   1087   4    153    470
1898   82   2    46    436
1899   71   6    57    317
1900   1400   7    18    387
1901   610   6    65    60
1902   1387   2    124    262
1903   358   3    154    166
1904   1161   7    92    257
1905   1797   7    133    155
1906   12   5    105    314
1907   1874   6    164    451
1908   1496   3    30    312
1909   1842   6    184    264
1910   1222   7    183    189
1911   1880   6    27    268
1912   399   6    2    39
1913   879   6    32    390
1914   267   3    171    338
1915   177   3    143    99
1916   1769   6    21    256
1917   1693   5    148    102
1918   136   7    60    265
1919   1450   6    20    86
1920   1287   4    78    247
1921   1099   7    125    461
1922   1677   7    109    237
1923   198   7    82    166
1924   499   5    187    208
1925   694   6    173    155
1926   79   4    117    310
1927   390   3    116    290
1928   1441   7    83    483
1929   1307   5    101    325
1930   1651   3    152    409
1931   846   5    97    437
1932   1625   3    145    445
1933   1563   2    125    423
1934   116   6    83    296
1935   676   4    55    478
1936   207   5    37    95
1937   71   2    34    86
1938   1307   3    23    95
1939   569   2    109    296
1940   1777   4    85    4
1941   234   3    170    457
1942   228   7    78    384
1943   867   4    48    324
1944   486   2    128    257
1945   1095   2    148    213
1946   704   5    61    417
1947   550   5    9    472
1948   1587   5    129    196
1949   60   5    134    208
1950   200   7    91    71
1951   909   6    12    152
1952   1450   7    113    116
1953   1523   5    98    191
1954   1506   3    100    270
1955   634   3    27    263
1956   360   2    115    123
1957   208   5    97    126
1958   826   2    151    429
1959   645   3    58    39
1960   1090   5    56    53
1961   1028   6    89    378
1962   1685   3    21    91
1963   931   4    182    223
1964   1683   2    194    395
1965   1528   6    7    328
1966   668   5    29    414
1967   1903   2    40    429
1968   1353   5    63    117
1969   856   3    10    427
1970   29   5    15    468
1971   362   6    125    86
1972   522   2    126    216
1973   1770   2    86    308
1974   616   4    2    189
1975   1622   4    116    239
1976   614   6    178    90
1977   1789   4    184    340
1978   1284   2    188    24
1979   1801   4    9    420
1980   1756   6    166    301
1981   472   6    38    419
1982   1358   7    72    338
1983   42   2    57    7
1984   100   3    18    421
1985   111   6    95    49
1986   424   2    170    385
1987   118   7    121    434
1988   717   6    153    251
1989   671   6    18    376
1990   230   6    38    178
1991   45   2    141    157
1992   283   2    90    2
1993   1567   6    7    150
1994   1790   5    15    251
1995   1615   7    152    71
1996   1055   5    130    234
1997   695   2    166    216
1998   1391   5    50    102
1999   1388   5    85    281
2000   965   7    172    414
2001   987   5    149    24
2002   440   2    128    29
2003   1240   6    108    53
2004   729   4    6    144
2005   208   3    198    233
2006   606   4    43    278
2007   797   7    116    352
2008   1136   7    153    45
2009   215   7    147    398
2010   561   2    84    367
2011   1757   7    78    348
2012   296   3    14    133
2013   2001   6    98    320
2014   356   3    163    321
2015   1366   3    75    219
2016   223   7    89    443
2017   396   7    7    142
2018   1492   2    46    363
2019   526   7    22    237
2020   156   2    141    289
2021   655   5    173    490
2022   1873   5    196    5
2023   1307   4    98    80
2024   172   2    122    136
2025   1523   3    157    155
2026   1368   6    16    366
2027   866   2    27    401
2028   1960   7    52    41
2029   1166   2    86    195
2030   1453   4    138    256
2031   1750   6    44    471
2032   236   3    35    223
2033   861   4    19    17
2034   1895   3    74    379
2035   811   4    110    387
2036   1481   6    189    216
2037   1373   7    189    384
2038   1584   5    9    72
2039   1272   4    90    492
2040   279   6    117    441
2041   113   5    105    198
2042   1767   3    43    275
2043   918   4    88    333
2044   808   4    104    483
2045   1042   6    107    294
2046   272   7    122    153
2047   646   3    31    256
2048   1508   5    152    364
