1   0   3    20    1
2   1   5    188    245
3   1   3    7    179
4   2   7    61    317
5   2   2    26    17
6   1   4    102    263
7   5   5    121    125
8   3   5    141    13
9   5   2    165    360
10   6   5    28    12
11   9   7    80    285
12   9   3    140    91
13   3   3    103    300
14   8   2    81    127
15   6   7    172    216
16   14   6    192    365
17   3   7    49    124
18   7   7    170    56
19   13   6    192    72
20   11   4    55    394
21   7   5    168    350
22   16   7    180    410
23   3   4    96    75
24   17   4    193    139
25   1   2    194    116
26   15   3    81    283
27   2   5    91    76
28   25   6    5    399
29   3   2    115    281
30   7   3    116    344
31   24   7    155    201
32   11   6    30    339
33   30   5    162    72
34   9   4    35    111
35   7   2    135    145
36   27   3    110    173
37   13   3    99    238
38   26   3    113    472
39   15   7    139    464
40   30   4    180    212
41   19   5    83    1
42   35   6    68    21
43   41   2    63    290
44   1   5    102    490
45   24   7    49    242
46   13   7    98    410
47   15   6    55    444
48   8   4    67    398
49   12   5    19    265
50   39   2    11    141
51   36   3    15    200
52   18   5    100    325
53   39   6    172    480
54   6   4    38    481
55   42   7    199    229
56   17   3    125    47
57   9   5    166    482
58   52   5    180    339
59   33   3    141    314
60   36   5    171    311
61   6   7    46    38
62   48   5    30    372
63   61   2    23    57
64   16   2    106    100
65   39   4    50    341
66   62   5    30    165
67   7   2    50    39
68   56   3    70    311
69   41   6    139    31
70   12   2    65    434
71   66   7    22    169
72   61   5    107    260
73   62   2    82    182
74   12   4    158    203
75   1   4    52    165
76   74   5    4    488
77   64   2    139    216
78   34   7    1    166
79   26   2    129    154
80   54   4    109    185
81   46   4    165    229
82   47   5    25    236
83   9   4    187    147
84   60   6    146    155
85   67   4    108    386
86   47   7    59    220
87   69   3    140    118
88   63   4    173    384
89   2   2    7    39
90   57   4    166    30
91   40   5    167    418
92   83   3    178    79
93   57   6    4    257
94   63   4    57    402
95   67   4    147    280
96   67   2    79    380
97   54   3    68    206
98   61   2    102    254
99   32   3    145    469
100   81   6    90    457
101   86   7    59    205
102   76   5    71    321
103   54   5    46    397
104   17   3    107    52
105   23   2    82    79
106   17   3    119    473
107   76   3    30    451
108   39   5    31    210
109   69   5    167    475
110   9   3    94    131
111   53   3    92    265
112   47   3    156    197
113   14   4    121    329
114   41   6    57    297
115   77   7    124    354
116   2   3    148    291
117   8   5    130    148
118   12   5    113    94
119   31   5    18    337
120   56   5    66    53
121   26   4    191    143
122   87   5    122    244
123   110   6    130    217
124   28   6    147    122
125   49   7    63    307
126   44   4    42    234
127   88   6    79    182
128   31   5    193    287
129   53   6    115    323
130   81   4    197    226
131   29   4    118    120
132   19   5    189    133
133   60   5    76    445
134   7   5    73    351
135   133   3    50    138
136   113   2    114    41
137   50   4    70    457
138   71   7    16    276
139   126   4    116    142
140   56   4    149    465
141   65   3    106    368
142   52   2    52    481
143   56   2    188    247
144   37   4    91    454
145   5   7    175    174
146   106   5    160    174
147   98   5    147    17
148   74   3    187    14
149   67   2    135    130
150   29   5    21    97
151   62   7    20    147
152   124   2    100    224
153   114   5    184    138
154   55   2    23    324
155   5   5    59    113
156   8   6    106    460
157   96   6    90    416
158   135   5    5    178
159   46   4    45    423
160   62   5    39    43
161   105   6    31    264
162   111   4    43    24
163   126   4    133    499
164   117   4    161    407
165   123   4    110    94
166   55   5    122    123
167   68   4    146    453
168   53   2    6    400
169   31   2    52    72
170   153   2    105    452
171   75   6    61    373
172   20   7    65    35
173   113   2    186    485
174   114   6    198    129
175   115   7    4    456
176   60   3    197    304
177   21   4    76    363
178   98   7    11    338
179   126   3    142    245
180   15   4    194    246
181   27   4    63    31
182   10   4    176    241
183   153   4    53    334
184   115   6    60    290
185   80   2    85    176
186   5   6    19    235
187   9   2    18    243
188   28   6    88    306
189   61   7    52    134
190   124   3    126    267
191   60   6    143    218
192   61   6    171    30
193   130   3    181    232
194   90   2    70    138
195   42   2    84    155
196   101   2    109    311
197   125   5    32    363
198   178   7    144    194
199   39   7    181    178
200   98   7    34    220
201   184   2    36    426
202   175   7    182    16
203   137   5    183    288
204   114   7    43    397
205   155   4    87    442
206   137   6    74    247
207   98   4    29    368
208   144   5    191    42
209   171   6    80    282
210   103   3    171    319
211   95   3    55    287
212   97   7    72    246
213   27   2    177    329
214   145   5    93    456
215   176   3    2    334
216   66   3    35    5
217   173   7    81    130
218   117   2    93    295
219   125   4    15    34
220   181   7    143    453
221   155   2    187    490
222   199   2    4    382
223   120   2    72    375
224   9   7    151    23
225   133   7    185    477
226   223   2    68    461
227   109   6    156    85
228   100   5    101    275
229   92   7    108    475
230   4   4    102    257
231   189   4    15    496
232   74   4    168    268
233   225   5    86    421
234   42   5    30    38
235   157   4    13    267
236   221   3    55    113
237   37   4    130    101
238   56   5    198    110
239   24   2    139    351
240   30   2    172    174
241   52   3    137    396
242   133   2    82    304
243   54   2    20    224
244   140   4    154    360
245   199   7    14    104
246   41   3    136    109
247   217   7    170    28
248   34   4    60    344
249   203   4    66    98
250   233   6    157    68
251   34   6    164    166
252   122   6    69    170
253   157   2    36    417
254   20   5    180    385
255   203   2    180    132
256   168   3    177    60
257   234   7    26    124
258   171   3    171    174
259   173   6    70    223
260   46   7    137    380
261   205   4    115    483
262   118   6    68    395
263   259   6    125    203
264   145   3    21    301
265   215   7    27    162
266   198   2    157    391
267   192   7    16    151
268   111   5    32    162
269   192   6    110    319
270   192   3    167    10
271   108   2    84    186
272   223   7    140    15
273   23   5    64    309
274   84   5    115    345
275   270   7    143    441
276   114   2    9    268
277   117   5    184    276
278   144   5    155    53
279   191   2    139    62
280   266   5    141    360
281   48   2    174    380
282   131   3    190    442
283   1   5    96    4
284   202   7    15    150
285   61   7    98    491
286   170   3    145    201
287   62   3    172    178
288   113   5    30    82
289   22   6    79    124
290   232   5    6    205
291   235   6    118    482
292   269   6    198    165
293   25   3    7    496
294   85   6    194    476
295   266   2    23    206
296   206   3    22    382
297   23   6    87    364
298   65   2    165    117
299   248   5    94    452
300   296   5    42    93
301   27   3    148    56
302   220   5    170    175
303   269   4    50    41
304   99   5    155    219
305   126   2    131    294
306   7   3    78    296
307   51   6    141    405
308   296   2    84    470
309   260   7    6    54
310   308   5    151    171
311   114   6    130    339
312   95   2    194    356
313   251   3    150    115
314   59   7    25    386
315   3   3    136    419
316   88   2    109    324
317   104   7    93    299
318   309   6    13    378
319   248   4    173    153
320   202   7    125    149
321   231   2    74    96
322   222   3    56    121
323   259   6    112    18
324   219   3    50    211
325   124   7    193    480
326   283   3    162    478
327   256   7    90    467
328   313   4    143    154
329   119   2    53    351
330   184   4    64    325
331   214   6    50    9
332   301   3    59    282
333   232   3    166    223
334   20   5    179    139
335   258   2    195    267
336   281   6    106    160
337   3   5    181    97
338   183   2    110    70
339   134   3    93    264
340   320   6    158    347
341   223   3    25    282
342   286   4    80    400
343   135   2    49    242
344   234   6    145    15
345   1   4    123    322
346   174   2    90    218
347   215   4    67    241
348   182   3    70    342
349   289   2    164    38
350   27   5    84    474
351   33   3    93    207
352   133   4    184    113
353   154   5    123    423
354   34   7    186    103
355   334   3    149    392
356   77   5    8    203
357   159   5    172    457
358   126   5    146    140
359   349   7    104    359
360   219   4    197    18
361   174   2    37    482
362   114   5    83    138
363   180   2    45    73
364   200   6    125    165
365   209   5    117    192
366   281   7    11    139
367   231   3    164    466
368   217   2    56    140
369   57   7    194    218
370   122   3    132    207
371   173   7    112    212
372   55   7    67    162
373   161   7    152    428
374   77   6    21    252
375   24   3    139    380
376   79   6    115    241
377   240   4    10    352
378   31   6    114    204
379   62   4    46    293
380   127   5    60    130
381   96   2    120    118
382   320   4    80    129
383   196   6    192    276
384   134   6    67    358
385   64   2    3    186
386   253   4    111    264
387   265   7    96    167
388   297   4    14    164
389   60   3    120    87
390   102   7    102    444
391   237   4    84    190
392   130   6    57    91
393   152   6    79    274
394   63   7    192    133
395   30   4    112    345
396   286   7    17    92
397   312   2    109    428
398   13   5    145    62
399   33   6    135    314
400   354   6    29    479
401   343   3    85    82
402   55   6    134    371
403   11   3    143    104
404   206   3    176    57
405   397   2    1    61
406   266   4    111    105
407   248   3    36    217
408   347   3    19    449
409   195   2    151    180
410   311   4    197    17
411   356   2    110    363
412   356   2    17    389
413   104   3    127    174
414   158   5    172    206
415   384   2    197    60
416   405   6    116    76
417   208   5    127    475
418   226   4    152    39
419   298   7    114    227
420   111   6    80    57
421   97   5    46    482
422   205   4    176    246
423   281   7    158    167
424   150   3    85    18
425   126   7    66    358
426   81   6    81    40
427   149   3    130    464
428   27   6    139    62
429   217   7    87    248
430   374   4    53    406
431   226   6    93    68
432   370   7    167    134
433   98   7    155    56
434   149   3    115    378
435   324   6    152    301
436   54   7    40    131
437   269   5    147    93
438   55   3    97    475
439   404   3    39    396
440   360   6    133    415
441   370   7    118    265
442   205   4    15    149
443   171   7    77    385
444   77   7    193    461
445   329   5    73    75
446   52   6    1    49
447   76   5    81    228
448   400   2    143    478
449   414   5    190    16
450   287   4    171    44
451   130   2    94    220
452   448   3    47    363
453   417   6    138    269
454   282   6    131    185
455   154   4    36    76
456   383   2    123    64
457   332   4    168    9
458   61   5    74    276
459   92   2    153    56
460   147   4    60    426
461   230   3    39    249
462   220   6    94    366
463   138   6    130    286
464   41   2    80    9
465   1   7    6    418
466   246   4    183    78
467   226   7    52    136
468   17   6    150    49
469   444   6    78    360
470   416   7    129    264
471   378   6    68    471
472   65   7    81    454
473   267   3    149    48
474   51   2    152    275
475   58   7    82    393
476   265   6    99    325
477   223   7    84    441
478   164   4    86    42
479   445   6    50    297
480   300   3    74    254
481   248   6    165    493
482   94   4    164    217
483   188   5    69    378
484   27   4    142    98
485   241   7    91    478
486   37   4    177    488
487   319   6    109    204
488   75   6    59    399
489   218   4    172    68
490   59   4    48    31
491   400   7    156    484
492   256   5    21    400
493   289   6    110    185
494   212   6    65    138
495   30   7    155    10
496   77   7    83    320
497   69   7    161    183
498   44   4    31    19
499   280   6    97    178
500   374   7    6    61
501   246   2    140    67
502   151   4    18    395
503   285   5    23    483
504   394   2    133    121
505   172   4    193    19
506   40   3    189    428
507   497   5    29    309
508   470   4    27    326
509   57   3    185    437
510   114   4    125    245
511   324   7    98    481
512   275   5    198    109
513   420   5    181    417
514   188   2    93    442
515   298   6    44    104
516   419   4    106    273
517   234   5    160    381
518   215   4    125    56
519   410   5    20    274
520   3   2    137    438
521   385   7    21    128
522   405   7    195    154
523   210   2    173    286
524   102   5    2    400
525   382   7    77    368
526   500   6    120    311
527   357   5    48    474
528   284   5    2    363
529   244   7    6    151
530   98   5    59    121
531   310   5    197    102
532   147   3    42    199
533   335   3    178    486
534   315   5    168    277
535   520   2    189    272
536   188   4    45    49
537   161   7    63    401
538   443   5    84    290
539   125   4    8    477
540   87   4    178    13
541   155   6    59    247
542   208   2    67    182
543   62   6    170    471
544   238   3    31    94
545   82   4    173    289
546   78   4    18    174
547   339   3    67    169
548   516   7    68    145
549   507   2    11    76
550   72   5    9    373
551   360   4    192    351
552   226   7    31    346
553   33   3    8    137
554   52   2    90    8
555   178   3    96    99
556   155   3    26    129
557   269   7    121    287
558   478   4    168    183
559   412   4    194    305
560   261   2    148    283
561   189   3    1    314
562   104   7    167    179
563   339   7    145    250
564   285   6    137    166
565   72   2    42    422
566   198   4    154    328
567   561   4    117    94
568   34   5    25    33
569   10   6    147    63
570   287   3    21    43
571   322   6    96    17
572   284   2    132    465
573   146   2    72    131
574   557   2    72    249
575   240   5    102    26
576   86   6    8    438
577   138   4    111    146
578   571   4    112    179
579   31   3    40    72
580   302   6    9    236
581   407   4    179    142
582   203   4    53    46
583   527   6    112    8
584   199   2    52    295
585   395   7    4    269
586   326   7    157    167
587   71   6    57    369
588   492   2    135    137
589   29   3    164    57
590   152   4    16    430
591   318   4    159    128
592   32   4    143    221
593   27   3    9    182
594   56   7    91    265
595   383   4    33    482
596   2   7    163    1
597   129   4    21    3
598   119   3    65    186
599   315   5    159    242
600   475   4    97    468
601   472   5    131    255
602   565   3    131    407
603   11   2    104    387
604   325   2    126    98
605   585   5    49    411
606   20   3    2    488
607   257   2    168    318
608   132   7    13    187
609   88   5    12    250
610   595   5    84    184
611   210   5    126    223
612   486   4    40    177
613   15   6    158    61
614   600   5    164    17
615   424   3    145    237
616   143   3    40    334
617   47   2    88    432
618   295   6    36    434
619   407   3    102    392
620   443   7    102    380
621   599   7    10    235
622   226   7    6    209
623   93   7    116    16
624   228   3    152    258
625   457   2    134    56
626   45   4    88    292
627   455   3    45    248
628   254   5    172    354
629   238   2    52    192
630   251   5    28    436
631   579   6    177    405
632   239   2    184    447
633   580   7    141    463
634   61   7    118    40
635   244   7    25    375
636   627   3    194    489
637   632   7    26    373
638   215   7    137    359
639   133   7    65    363
640   283   5    82    17
641   525   3    136    382
642   275   4    181    387
643   283   2    127    254
644   326   2    102    105
645   371   4    79    21
646   82   4    197    152
647   453   7    152    495
648   606   2    173    347
649   401   5    41    438
650   135   5    83    342
651   106   2    189    202
652   525   2    69    164
653   646   2    31    432
654   273   7    57    227
655   240   2    77    51
656   317   3    160    277
657   78   2    88    447
658   566   6    162    409
659   391   7    185    151
660   459   4    93    375
661   33   4    121    160
662   508   2    45    320
663   639   2    122    74
664   227   6    163    118
665   399   4    44    499
666   270   2    39    401
667   614   2    150    408
668   657   4    101    305
669   469   6    56    421
670   517   4    40    411
671   139   6    7    353
672   172   2    114    103
673   4   5    68    8
674   52   4    35    351
675   20   5    135    135
676   589   7    100    76
677   207   5    170    390
678   330   7    165    268
679   447   6    107    4
680   570   7    107    355
681   48   6    194    459
682   135   3    51    139
683   452   5    33    111
684   63   3    70    300
685   367   7    82    370
686   139   3    81    268
687   270   7    199    454
688   363   5    135    140
689   392   4    138    249
690   290   6    163    226
691   278   3    176    37
692   131   4    68    153
693   185   7    172    401
694   405   4    143    295
695   615   6    11    154
696   445   2    69    180
697   377   2    82    57
698   690   6    145    392
699   486   3    6    12
700   681   4    150    396
701   580   7    24    253
702   87   7    46    429
703   443   2    123    1
704   559   6    57    303
705   174   5    52    180
706   298   5    5    64
707   105   3    112    172
708   346   3    23    499
709   236   5    90    491
710   260   5    37    181
711   470   5    27    4
712   502   3    15    310
713   711   5    8    113
714   364   6    149    283
715   294   2    152    49
716   366   2    176    410
717   125   5    130    107
718   7   3    80    302
719   611   3    156    420
720   519   2    137    349
721   465   7    137    245
722   674   6    120    66
723   115   7    25    95
724   279   6    41    280
725   544   4    26    166
726   100   7    99    269
727   194   4    5    299
728   708   5    178    45
729   97   7    177    365
730   22   5    160    298
731   390   3    104    466
732   72   3    54    495
733   496   4    3    469
734   396   6    109    499
735   74   2    32    169
736   476   7    104    374
737   63   5    123    191
738   440   2    6    58
739   107   4    133    418
740   579   4    164    466
741   371   7    189    483
742   345   7    81    489
743   430   5    134    335
744   644   3    172    173
745   245   6    82    355
746   188   7    190    275
747   44   2    91    177
748   279   6    184    382
749   645   7    16    270
750   96   2    64    463
751   316   4    141    245
752   512   4    18    270
753   575   4    152    292
754   120   3    180    364
755   269   5    173    175
756   600   2    117    210
757   725   4    165    125
758   270   3    80    64
759   16   4    182    496
760   257   7    118    122
761   173   3    101    413
762   241   3    9    118
763   182   5    18    46
764   729   3    87    426
765   577   4    22    261
766   502   5    168    13
767   147   3    115    469
768   363   4    192    360
769   717   4    100    33
770   281   3    180    387
771   441   6    196    364
772   737   3    24    115
773   743   3    107    112
774   691   5    113    279
775   504   6    140    187
776   463   4    15    14
777   609   5    137    161
778   440   2    117    289
779   754   7    110    261
780   101   4    38    308
781   227   6    183    206
782   550   5    184    335
783   727   4    10    471
784   665   5    31    470
785   572   3    118    312
786   149   3    108    197
787   155   6    39    268
788   227   6    137    91
789   504   2    24    141
790   209   5    72    103
791   162   6    183    138
792   595   4    129    230
793   525   7    84    368
794   72   5    79    294
795   588   7    61    425
796   71   7    61    267
797   708   4    41    58
798   443   4    87    157
799   384   2    23    444
800   692   2    199    376
801   12   2    190    332
802   699   4    19    364
803   180   3    37    460
804   509   6    180    66
805   202   4    96    260
806   394   7    84    341
807   749   5    84    248
808   378   6    109    85
809   102   4    21    420
810   492   2    160    284
811   232   7    121    441
812   622   2    155    101
813   504   5    183    12
814   528   3    40    92
815   101   3    176    154
816   743   6    172    436
817   186   6    93    284
818   451   3    117    367
819   484   6    131    253
820   45   2    103    496
821   522   7    149    76
822   59   2    185    473
823   378   5    44    259
824   154   6    193    296
825   163   6    193    433
826   530   6    46    67
827   293   7    19    127
828   403   4    158    363
829   292   2    76    38
830   480   2    105    430
831   375   6    184    297
832   270   3    110    185
833   449   6    94    233
834   349   3    32    442
835   238   4    82    167
836   265   6    40    61
837   251   4    111    255
838   563   3    64    124
839   556   2    55    359
840   675   4    183    22
841   525   7    84    5
842   108   7    99    47
843   313   4    172    179
844   670   6    41    471
845   578   6    23    223
846   689   7    66    80
847   44   5    141    371
848   814   2    38    20
849   439   3    67    442
850   44   3    9    365
851   648   2    87    411
852   19   4    121    371
853   200   5    163    6
854   52   2    34    188
855   692   2    180    315
856   627   6    43    422
857   380   2    175    14
858   379   3    171    254
859   648   2    174    492
860   478   4    42    486
861   687   5    13    338
862   778   6    136    376
863   102   5    75    378
864   624   6    32    351
865   97   3    65    97
866   225   2    134    123
867   403   2    101    200
868   795   4    94    329
869   674   2    41    273
870   385   5    199    295
871   671   5    130    256
872   704   6    91    135
873   123   3    132    209
874   104   6    127    434
875   83   5    116    217
876   220   4    104    248
877   618   6    112    361
878   146   7    56    295
879   703   5    9    262
880   342   2    55    440
881   541   7    88    455
882   396   2    38    364
883   659   2    19    241
884   480   3    143    397
885   819   4    161    302
886   122   5    192    78
887   759   5    12    213
888   820   3    102    103
889   287   2    38    462
890   129   4    99    377
891   653   3    49    149
892   604   2    130    429
893   67   6    133    407
894   464   3    2    349
895   739   5    122    226
896   141   6    171    144
897   546   5    179    467
898   714   5    54    193
899   710   6    32    206
900   162   2    28    73
901   547   6    169    349
902   347   2    157    335
903   776   2    52    344
904   274   4    136    215
905   570   6    170    52
906   161   3    130    31
907   141   4    88    442
908   23   7    1    434
909   702   3    198    317
910   383   2    34    465
911   844   6    129    217
912   316   4    112    320
913   556   4    65    137
914   311   4    156    67
915   559   6    67    222
916   245   3    92    174
917   358   2    34    197
918   538   2    43    108
919   810   2    29    123
920   444   7    140    155
921   320   7    160    3
922   702   5    80    403
923   359   4    71    354
924   792   5    145    174
925   57   6    147    32
926   793   5    121    236
927   160   2    45    267
928   380   6    6    359
929   531   4    136    320
930   208   5    179    305
931   222   5    129    217
932   835   3    194    240
933   472   3    109    418
934   501   5    152    293
935   223   2    126    363
936   161   3    101    483
937   385   5    192    139
938   821   2    12    127
939   715   3    6    393
940   80   4    91    324
941   801   6    198    63
942   524   2    23    403
943   473   4    45    53
944   805   5    86    34
945   98   3    17    135
946   69   3    63    351
947   102   4    166    282
948   432   3    39    386
949   256   4    160    36
950   352   6    86    203
951   85   5    6    228
952   845   2    72    38
953   91   3    82    161
954   65   2    152    431
955   535   5    82    152
956   936   4    191    133
957   691   2    108    405
958   638   4    178    344
959   679   7    160    1
960   266   4    48    282
961   244   5    103    426
962   510   6    183    176
963   278   6    94    116
964   908   6    192    496
965   102   5    12    308
966   164   2    98    329
967   919   3    32    357
968   461   6    132    490
969   666   3    107    214
970   318   2    76    296
971   342   3    71    175
972   606   3    30    153
973   391   7    171    317
974   503   5    159    227
975   283   7    113    115
976   697   6    63    414
977   423   2    47    114
978   409   2    71    135
979   526   5    100    257
980   588   2    194    222
981   845   7    132    295
982   40   5    64    317
983   220   4    14    443
984   693   3    117    352
985   692   4    65    346
986   145   6    88    399
987   38   4    80    344
988   336   7    132    206
989   230   3    169    195
990   512   5    118    114
991   400   3    53    178
992   869   2    125    475
993   34   7    149    343
994   548   6    81    12
995   986   3    165    302
996   615   2    111    454
997   912   4    185    259
998   708   4    148    104
999   276   5    145    466
1000   940   3    111    463
1001   600   7    157    120
1002   82   3    45    375
1003   210   5    146    463
1004   116   2    123    433
1005   58   7    155    334
1006   182   2    187    491
1007   749   6    128    3
1008   695   6    188    222
1009   314   3    104    112
1010   575   5    176    96
1011   789   4    9    144
1012   542   4    148    95
1013   107   6    28    487
1014   821   2    158    437
1015   162   5    173    222
1016   971   5    70    327
1017   711   5    32    325
1018   548   4    42    215
1019   671   6    5    268
1020   266   5    110    272
1021   983   4    153    203
1022   224   2    118    183
1023   635   3    133    118
1024   834   2    136    490
1025   142   3    18    55
1026   750   3    37    285
1027   382   5    76    223
1028   293   3    15    43
1029   44   6    57    358
1030   139   5    36    108
1031   266   7    190    2
1032   821   2    69    36
1033   1010   6    82    306
1034   620   7    13    35
1035   389   2    49    157
1036   90   2    170    261
1037   818   5    132    163
1038   1012   3    154    348
1039   316   4    199    8
1040   979   4    92    164
1041   438   2    23    191
1042   278   7    36    307
1043   248   3    196    39
1044   1024   5    54    350
1045   197   2    7    381
1046   149   5    29    346
1047   87   2    81    388
1048   777   2    128    289
1049   915   7    8    16
1050   476   5    106    62
1051   488   6    119    473
1052   633   6    193    169
1053   862   5    23    113
1054   484   5    85    64
1055   617   4    76    496
1056   628   3    38    400
1057   398   5    9    381
1058   96   6    61    208
1059   573   6    101    307
1060   292   6    183    477
1061   817   6    35    124
1062   253   6    2    381
1063   1031   2    125    12
1064   1056   5    15    441
1065   825   7    10    5
1066   940   4    192    476
1067   517   7    123    247
1068   689   7    78    179
1069   694   3    193    31
1070   614   2    165    221
1071   16   3    45    45
1072   624   6    67    320
1073   887   2    37    475
1074   950   5    59    378
1075   420   2    187    100
1076   203   5    25    444
1077   79   4    75    22
1078   871   6    184    197
1079   254   5    139    124
1080   960   7    125    304
1081   568   4    50    105
1082   277   4    38    62
1083   345   6    57    404
1084   532   4    38    338
1085   544   5    91    257
1086   434   3    98    381
1087   337   3    103    409
1088   500   2    20    398
1089   71   7    12    349
1090   405   6    151    466
1091   49   6    59    48
1092   373   3    199    420
1093   4   2    178    470
1094   973   6    58    415
1095   560   6    141    356
1096   731   4    184    71
1097   525   3    39    29
1098   116   2    66    388
1099   398   2    27    79
1100   398   2    130    70
1101   560   6    5    183
1102   423   5    9    464
1103   440   6    179    491
1104   978   5    47    430
1105   615   7    138    349
1106   300   4    89    433
1107   771   7    193    70
1108   912   2    40    332
1109   489   2    176    103
1110   726   3    18    425
1111   191   4    175    434
1112   47   3    129    14
1113   1077   2    135    491
1114   1023   2    92    261
1115   231   7    34    262
1116   363   4    1    74
1117   252   2    71    325
1118   420   6    140    197
1119   142   3    86    479
1120   289   5    199    48
1121   1081   2    110    38
1122   442   7    36    224
1123   347   4    88    341
1124   171   3    127    129
1125   990   2    70    74
1126   918   2    69    72
1127   1019   2    52    456
1128   1082   4    187    435
1129   701   6    39    349
1130   402   7    104    456
1131   57   2    71    380
1132   248   4    179    213
1133   1058   4    117    21
1134   716   5    87    477
1135   1093   3    126    130
1136   362   5    147    357
1137   197   7    110    313
1138   832   6    130    93
1139   186   3    149    362
1140   1119   3    175    22
1141   432   7    109    53
1142   836   3    101    149
1143   323   3    45    235
1144   1071   2    41    428
1145   310   6    165    352
1146   514   7    103    358
1147   20   2    25    295
1148   828   5    123    8
1149   283   3    55    291
1150   1083   2    105    42
1151   392   3    50    446
1152   552   3    3    326
1153   791   3    193    188
1154   1065   2    145    310
1155   62   3    45    324
1156   378   7    101    158
1157   472   3    171    268
1158   962   4    1    249
1159   472   5    122    497
1160   717   7    143    66
1161   134   5    1    419
1162   545   6    82    104
1163   947   6    55    123
1164   653   5    132    255
1165   1017   6    133    401
1166   404   5    45    333
1167   906   7    29    317
1168   692   5    139    40
1169   953   6    126    53
1170   635   4    21    273
1171   432   3    119    275
1172   724   6    133    43
1173   1071   3    93    187
1174   499   3    173    248
1175   372   4    163    71
1176   1040   2    187    486
1177   894   5    144    345
1178   624   6    11    331
1179   1033   2    50    172
1180   742   7    95    258
1181   469   7    106    295
1182   691   3    112    408
1183   420   3    11    147
1184   4   6    126    187
1185   927   4    30    467
1186   792   6    56    419
1187   77   3    183    293
1188   964   4    145    448
1189   544   4    44    433
1190   453   6    185    50
1191   428   4    124    443
1192   969   7    86    343
1193   371   4    130    309
1194   144   6    23    192
1195   144   3    132    215
1196   436   5    152    305
1197   173   6    107    213
1198   676   5    150    251
1199   1121   3    48    307
1200   806   2    25    452
1201   294   5    40    16
1202   20   5    185    242
1203   809   5    199    95
1204   262   4    115    148
1205   358   5    39    163
1206   46   6    139    337
1207   99   2    143    367
1208   420   6    95    360
1209   760   7    31    261
1210   1135   6    82    318
1211   184   6    52    335
1212   531   6    109    160
1213   447   6    115    111
1214   901   7    164    379
1215   453   3    27    220
1216   1213   3    167    78
1217   753   3    48    212
1218   511   7    174    422
1219   850   6    134    487
1220   582   2    62    426
1221   476   3    120    157
1222   269   2    120    272
1223   12   5    49    122
1224   407   7    76    488
1225   465   5    32    452
1226   971   4    35    229
1227   491   5    146    370
1228   135   5    19    6
1229   105   3    100    206
1230   898   6    124    54
1231   76   3    92    100
1232   766   5    190    11
1233   609   7    67    6
1234   308   5    45    133
1235   348   7    120    58
1236   485   3    101    314
1237   1196   5    11    387
1238   57   3    77    398
1239   178   4    31    447
1240   507   3    180    62
1241   688   7    183    113
1242   1174   6    188    167
1243   494   2    163    10
1244   1014   5    142    172
1245   1210   5    163    154
1246   820   2    105    24
1247   523   4    172    265
1248   235   6    115    286
1249   910   2    127    325
1250   509   2    6    388
1251   4   6    105    264
1252   99   5    159    457
1253   125   7    39    177
1254   761   2    140    324
1255   231   6    15    181
1256   77   6    45    444
1257   685   2    4    111
1258   894   2    64    450
1259   57   5    170    422
1260   435   2    142    179
1261   55   6    137    355
1262   50   2    130    198
1263   941   2    50    322
1264   228   5    108    321
1265   507   6    88    215
1266   770   6    29    213
1267   1222   3    145    386
1268   1057   2    139    114
1269   1   2    30    212
1270   626   7    33    421
1271   629   5    33    207
1272   1237   4    112    285
1273   1114   7    137    334
1274   373   6    107    159
1275   161   7    172    237
1276   1216   2    154    199
1277   88   5    37    225
1278   624   7    167    102
1279   1056   2    188    182
1280   391   4    159    269
1281   574   7    176    183
1282   823   5    43    284
1283   552   7    3    470
1284   173   6    70    23
1285   1187   7    117    430
1286   1014   2    48    447
1287   838   6    158    7
1288   1049   5    5    469
1289   1131   5    30    25
1290   376   3    185    80
1291   760   5    38    372
1292   722   7    164    108
1293   488   7    154    138
1294   147   4    66    143
1295   832   6    40    251
1296   972   2    197    260
1297   558   4    91    49
1298   963   2    53    410
1299   124   2    80    284
1300   770   7    173    413
1301   343   4    128    126
1302   292   7    153    20
1303   624   3    152    104
1304   831   4    129    85
1305   384   7    118    338
1306   1153   7    186    325
1307   1245   3    96    275
1308   107   6    106    246
1309   802   7    34    96
1310   634   5    59    167
1311   1254   6    197    64
1312   2   6    94    400
1313   1176   5    137    461
1314   732   6    106    141
1315   71   5    93    444
1316   1167   3    113    269
1317   1001   6    135    325
1318   1205   7    123    423
1319   95   5    13    455
1320   1083   6    4    394
1321   168   5    93    395
1322   144   4    158    95
1323   807   3    153    153
1324   362   2    82    450
1325   1043   3    137    433
1326   595   2    139    290
1327   137   2    61    143
1328   351   4    56    166
1329   858   3    160    494
1330   669   5    74    291
1331   135   3    11    158
1332   182   6    72    144
1333   424   4    62    299
1334   403   7    193    396
1335   129   7    88    307
1336   281   2    116    294
1337   1205   3    73    444
1338   1332   3    25    13
1339   717   4    175    136
1340   395   5    137    412
1341   596   4    37    29
1342   16   7    9    119
1343   257   2    92    234
1344   306   2    182    449
1345   370   4    185    228
1346   250   3    57    196
1347   679   5    10    404
1348   1120   3    89    345
1349   1333   5    141    32
1350   563   2    180    404
1351   1007   4    123    21
1352   774   5    9    125
1353   196   7    57    118
1354   750   2    130    352
1355   1335   2    102    186
1356   433   3    86    498
1357   1052   6    60    148
1358   1266   5    18    239
1359   872   2    122    447
1360   1252   5    170    280
1361   1223   7    160    359
1362   345   7    59    460
1363   1188   7    15    388
1364   722   3    54    359
1365   378   5    25    58
1366   397   5    139    346
1367   653   3    117    48
1368   1113   6    49    375
1369   992   2    105    471
1370   621   2    24    234
1371   872   5    148    226
1372   360   5    182    331
1373   882   2    136    237
1374   495   2    147    343
1375   1233   2    52    25
1376   542   5    37    473
1377   244   5    182    264
1378   37   5    39    264
1379   316   5    119    425
1380   931   6    38    437
1381   218   7    139    484
1382   353   7    112    292
1383   479   7    81    369
1384   575   7    6    485
1385   484   6    106    424
1386   977   2    6    56
1387   925   5    55    325
1388   1079   3    16    308
1389   341   4    191    209
1390   419   6    112    98
1391   838   4    152    104
1392   1260   2    31    325
1393   527   2    190    421
1394   555   5    80    61
1395   671   3    194    34
1396   1098   3    3    348
1397   902   7    43    50
1398   1108   3    102    200
1399   303   5    178    352
1400   188   2    108    237
1401   880   6    199    258
1402   657   7    124    421
1403   101   6    127    58
1404   855   3    193    101
1405   420   2    4    124
1406   155   7    45    339
1407   571   7    76    53
1408   938   3    163    247
1409   222   3    42    102
1410   306   2    4    391
1411   710   6    135    213
1412   93   5    165    420
1413   980   7    63    225
1414   1160   5    174    337
1415   931   4    194    287
1416   548   4    153    85
1417   1085   5    128    373
1418   378   3    12    224
1419   447   7    25    120
1420   590   4    10    48
1421   520   2    32    141
1422   368   2    80    164
1423   605   2    87    380
1424   203   2    41    115
1425   1419   6    131    52
1426   1405   6    158    483
1427   1011   7    141    250
1428   36   5    41    174
1429   1220   5    1    396
1430   360   4    151    162
1431   396   5    58    477
1432   528   2    2    238
1433   1203   5    3    232
1434   781   5    140    291
1435   168   4    9    236
1436   238   3    60    405
1437   440   4    97    202
1438   931   3    13    445
1439   1278   3    144    85
1440   198   2    195    229
1441   356   5    15    421
1442   576   4    42    395
1443   450   5    53    394
1444   975   2    161    166
1445   73   7    146    495
1446   1299   2    2    273
1447   1223   7    99    430
1448   1184   2    90    192
1449   1075   6    24    355
1450   352   5    186    449
1451   327   3    177    168
1452   160   2    164    126
1453   1264   2    31    368
1454   418   6    62    173
1455   1120   6    22    469
1456   142   5    70    357
1457   351   5    9    337
1458   333   5    137    452
1459   1166   4    194    208
1460   768   3    103    457
1461   1349   3    95    413
1462   271   7    186    330
1463   316   4    21    31
1464   365   3    85    437
1465   663   2    154    332
1466   388   4    119    348
1467   579   3    124    181
1468   159   5    50    284
1469   209   3    6    26
1470   766   4    78    60
1471   164   4    180    472
1472   773   6    175    349
1473   309   6    16    359
1474   414   3    185    429
1475   567   4    5    499
1476   1161   7    142    215
1477   1057   2    78    83
1478   365   2    155    340
1479   1293   5    178    419
1480   1138   6    93    63
1481   1390   7    46    143
1482   896   3    29    112
1483   149   6    48    40
1484   1292   5    75    360
1485   929   7    199    298
1486   1092   4    5    393
1487   296   6    37    303
1488   179   6    90    293
1489   365   5    47    50
1490   163   6    139    302
1491   1398   3    108    283
1492   1068   2    95    201
1493   546   7    25    455
1494   1481   3    191    207
1495   492   7    23    197
1496   1159   7    91    431
1497   1231   7    18    294
1498   890   7    23    285
1499   345   4    177    240
1500   781   4    90    398
1501   619   5    101    407
1502   1221   4    168    101
1503   1076   6    25    44
1504   656   5    60    378
1505   1397   5    23    307
1506   310   6    72    173
1507   183   2    177    288
1508   1302   2    171    108
1509   748   3    184    141
1510   1107   3    152    322
1511   644   7    196    302
1512   201   4    35    200
1513   27   5    74    56
1514   1435   2    3    373
1515   623   4    27    294
1516   1457   7    61    115
1517   125   3    25    292
1518   238   6    3    125
1519   251   5    2    79
1520   1286   5    30    57
1521   891   6    145    349
1522   137   5    110    254
1523   1081   6    148    304
1524   370   7    144    228
1525   318   6    122    184
1526   1502   3    183    479
1527   69   5    5    375
1528   1033   2    133    240
1529   561   4    122    118
1530   1128   7    196    141
1531   773   2    139    314
1532   4   2    190    232
1533   285   4    51    482
1534   1526   5    153    306
1535   1414   2    105    241
1536   487   6    142    367
1537   683   5    130    484
1538   313   7    129    18
1539   1175   2    75    419
1540   904   6    94    467
1541   1031   5    33    403
1542   1149   6    186    466
1543   1409   2    2    453
1544   281   4    126    324
1545   393   4    21    133
1546   521   7    54    43
1547   1322   7    162    321
1548   505   6    5    63
1549   388   7    196    185
1550   628   3    185    245
1551   487   3    186    285
1552   833   4    83    75
1553   914   5    57    368
1554   1514   3    88    406
1555   413   5    118    468
1556   583   3    189    379
1557   1171   2    118    65
1558   601   3    32    284
1559   367   6    81    169
1560   1118   6    148    235
1561   77   5    111    1
1562   73   3    92    421
1563   432   4    172    86
1564   1460   4    117    119
1565   264   3    155    191
1566   1435   2    194    367
1567   474   5    15    413
1568   584   2    50    428
1569   603   7    83    310
1570   38   3    71    422
1571   912   4    19    390
1572   790   2    113    283
1573   503   7    106    19
1574   1242   2    102    70
1575   1428   7    185    101
1576   646   6    157    92
1577   1155   4    166    252
1578   1265   3    195    479
1579   592   3    176    287
1580   583   7    99    429
1581   293   6    192    138
1582   773   4    83    369
1583   640   5    109    285
1584   138   5    150    87
1585   279   7    111    412
1586   394   6    180    104
1587   1489   4    155    178
1588   399   3    177    37
1589   397   4    48    213
1590   636   3    57    249
1591   47   7    176    221
1592   702   3    61    170
1593   714   2    139    317
1594   56   4    41    403
1595   1118   3    105    424
1596   538   3    4    326
1597   20   6    108    69
1598   1019   6    72    361
1599   959   7    144    441
1600   931   5    178    499
1601   1206   3    23    188
1602   616   7    138    173
1603   1226   5    161    369
1604   847   6    78    42
1605   809   3    23    481
1606   607   6    64    467
1607   639   2    75    88
1608   627   4    13    287
1609   1324   2    175    150
1610   180   3    73    182
1611   745   7    128    260
1612   32   4    167    219
1613   158   3    75    496
1614   120   6    187    165
1615   1539   7    47    220
1616   604   2    32    99
1617   1532   4    2    100
1618   1547   7    166    446
1619   73   7    198    237
1620   925   3    138    218
1621   245   3    155    28
1622   411   2    172    383
1623   847   3    68    160
1624   512   6    45    244
1625   1535   4    180    299
1626   153   6    120    5
1627   1281   7    129    417
1628   551   4    177    315
1629   1141   6    185    492
1630   289   6    115    296
1631   1117   7    191    202
1632   44   7    41    341
1633   88   5    55    237
1634   1152   4    70    253
1635   1168   7    140    455
1636   1231   6    97    142
1637   1378   7    33    177
1638   1073   6    41    10
1639   1573   6    129    241
1640   542   6    87    136
1641   888   4    14    297
1642   57   7    157    438
1643   1517   6    65    108
1644   580   2    174    451
1645   565   5    49    86
1646   155   3    158    325
1647   535   3    182    1
1648   1587   3    198    124
1649   1168   6    196    307
1650   34   5    38    50
1651   712   3    183    486
1652   1257   4    166    244
1653   151   2    29    405
1654   395   2    42    24
1655   306   7    73    410
1656   821   6    190    368
1657   232   7    134    122
1658   151   4    168    332
1659   1470   4    46    251
1660   93   4    39    191
1661   569   5    183    38
1662   630   5    190    144
1663   80   2    93    65
1664   81   2    104    299
1665   656   6    11    354
1666   411   3    166    252
1667   300   5    189    43
1668   663   3    81    354
1669   588   6    147    457
1670   1574   4    135    219
1671   1350   4    45    225
1672   859   4    145    449
1673   805   4    180    292
1674   532   4    69    342
1675   490   5    95    472
1676   1400   2    1    474
1677   214   6    166    488
1678   1258   4    9    207
1679   897   4    12    372
1680   1215   6    36    469
1681   1189   4    196    100
1682   1   3    146    327
1683   1480   4    71    60
1684   866   2    49    499
1685   1436   7    174    236
1686   1081   7    1    183
1687   1670   7    54    332
1688   1444   6    40    448
1689   312   4    185    334
1690   1129   5    154    216
1691   25   2    114    146
1692   696   7    57    150
1693   1074   3    74    492
1694   1436   2    60    285
1695   1440   5    101    308
1696   406   5    195    326
1697   437   5    187    399
1698   1162   4    180    51
1699   302   4    61    362
1700   1694   4    56    137
1701   183   7    72    72
1702   1328   3    176    150
1703   1591   5    183    81
1704   1341   7    16    145
1705   734   3    58    86
1706   726   2    121    440
1707   42   4    52    134
1708   1704   5    14    140
1709   1039   2    126    49
1710   100   6    167    177
1711   113   3    192    150
1712   1156   5    156    162
1713   1042   3    126    113
1714   45   3    75    211
1715   352   4    188    381
1716   811   3    69    435
1717   1099   3    169    211
1718   1237   2    48    336
1719   997   4    65    483
1720   777   3    118    35
1721   497   7    48    337
1722   1239   5    110    485
1723   981   4    143    331
1724   12   7    35    71
1725   988   7    196    193
1726   783   3    196    269
1727   484   7    125    172
1728   1190   2    97    412
1729   1557   2    66    283
1730   1207   4    194    324
1731   1643   3    59    249
1732   56   6    67    415
1733   380   7    75    103
1734   1617   6    191    356
1735   965   7    7    166
1736   770   3    15    252
1737   796   2    122    190
1738   1238   3    45    91
1739   1397   3    165    234
1740   1226   6    172    37
1741   1192   4    34    471
1742   946   7    7    263
1743   1606   6    146    376
1744   1246   3    67    449
1745   392   5    93    457
1746   324   7    43    456
1747   506   4    22    407
1748   56   7    12    417
1749   1211   4    103    485
1750   1127   5    67    449
1751   1611   5    54    379
1752   622   3    87    459
1753   683   3    80    357
1754   1620   6    79    382
1755   824   5    8    288
1756   1272   4    116    159
1757   152   3    175    129
1758   379   2    131    46
1759   798   7    21    137
1760   945   2    10    191
1761   822   3    157    228
1762   1206   5    127    496
1763   1014   2    168    150
1764   1450   2    69    443
1765   982   7    183    280
1766   753   4    12    296
1767   62   6    135    72
1768   1675   6    147    390
1769   113   5    194    186
1770   39   3    45    199
1771   1652   6    32    32
1772   1694   2    105    201
1773   647   3    136    391
1774   939   6    159    190
1775   62   6    34    280
1776   1462   4    179    356
1777   1318   7    155    445
1778   620   4    27    139
1779   728   3    39    85
1780   175   3    15    251
1781   600   3    168    384
1782   631   6    17    402
1783   1329   7    55    317
1784   468   4    195    412
1785   388   6    45    373
1786   244   3    86    69
1787   1464   7    133    81
1788   1125   5    5    292
1789   1289   3    143    51
1790   132   4    108    246
1791   1689   2    66    386
1792   1372   4    15    67
1793   762   6    116    332
1794   520   3    139    34
1795   1002   4    92    456
1796   611   5    126    193
1797   1713   2    124    214
1798   1083   5    149    422
1799   1787   5    115    480
1800   188   4    5    431
1801   144   7    17    302
1802   1404   5    99    292
1803   1781   6    144    430
1804   1746   6    176    29
1805   1790   3    114    479
1806   948   7    19    279
1807   771   6    127    260
1808   206   3    8    17
1809   1697   3    137    175
1810   760   4    170    280
1811   327   3    23    158
1812   1610   3    84    350
1813   420   4    57    203
1814   548   4    192    186
1815   563   3    104    474
1816   758   2    136    60
1817   111   3    27    154
1818   412   6    23    450
1819   266   5    110    177
1820   847   7    116    173
1821   308   2    81    182
1822   1154   6    71    468
1823   1327   4    188    141
1824   1338   2    76    40
1825   592   7    12    368
1826   434   7    126    378
1827   358   4    181    23
1828   453   5    19    272
1829   126   2    1    411
1830   92   7    81    244
1831   734   6    138    358
1832   1600   4    72    162
1833   215   2    158    427
1834   892   7    147    263
1835   213   5    95    47
1836   1452   4    76    212
1837   366   5    118    421
1838   308   2    56    224
1839   1577   7    112    301
1840   414   2    90    315
1841   1697   7    107    7
1842   487   7    133    390
1843   792   5    108    182
1844   1597   2    8    86
1845   1139   4    198    339
1846   1466   3    12    398
1847   130   5    43    19
1848   360   3    147    358
1849   1796   7    65    270
1850   692   7    70    417
1851   738   5    4    223
1852   944   6    180    377
1853   1107   5    41    361
1854   1756   7    42    373
1855   771   3    104    489
1856   1350   4    92    271
1857   712   3    37    365
1858   1001   7    186    476
1859   432   6    29    426
1860   595   6    80    437
1861   1108   7    188    476
1862   1803   5    136    441
1863   1045   6    42    78
1864   844   3    76    485
1865   1465   5    91    220
1866   1672   6    128    442
1867   79   7    184    386
1868   429   2    195    393
1869   42   4    78    154
1870   476   2    71    359
1871   507   2    7    201
1872   34   7    22    399
1873   494   6    61    317
1874   872   4    175    181
1875   784   2    114    335
1876   325   5    147    324
1877   1581   7    107    132
1878   177   5    161    329
1879   997   7    117    286
1880   218   6    107    160
1881   665   3    142    143
1882   483   6    109    105
1883   207   4    6    497
1884   1663   5    74    287
1885   744   5    16    412
1886   1499   6    166    410
1887   63   7    197    99
1888   1385   3    124    129
1889   1689   7    170    77
1890   619   4    78    445
1891   1642   5    173    258
1892   1335   5    99    163
1893   29   5    113    152
1894   764   7    50    38
1895   226   5    93    129
1896   1188   2    137    95
1897   825   2    22    265
1898   446   2    186    323
1899   1158   4    117    371
1900   1597   7    115    140
1901   682   3    83    236
1902   805   3    73    342
1903   1312   6    112    243
1904   131   4    168    321
1905   1032   7    38    319
1906   943   2    26    112
1907   52   5    150    470
1908   1244   4    131    380
1909   670   2    124    434
1910   403   5    83    305
1911   727   4    138    491
1912   1095   6    139    449
1913   194   4    159    199
1914   1073   3    117    26
1915   1295   6    56    147
1916   1753   4    33    375
1917   1184   4    16    147
1918   552   4    176    54
1919   1419   3    121    304
1920   1059   3    151    167
1921   1539   4    162    389
1922   56   6    34    8
1923   675   7    36    497
1924   918   7    140    132
1925   1799   5    128    188
1926   605   5    108    98
1927   1196   6    50    445
1928   527   2    192    339
1929   41   4    177    52
1930   286   2    112    286
1931   1605   7    97    400
1932   929   7    156    325
1933   56   3    30    103
1934   1695   2    158    322
1935   186   3    13    347
1936   1717   2    42    377
1937   1214   4    163    341
1938   221   2    13    441
1939   1207   6    9    199
1940   561   3    43    399
1941   1852   4    197    53
1942   637   5    163    274
1943   860   3    114    280
1944   1516   4    152    156
1945   1451   2    149    388
1946   366   7    15    45
1947   1542   3    170    372
1948   858   5    39    390
1949   40   6    168    94
1950   231   5    106    52
1951   1388   6    35    37
1952   805   3    195    404
1953   1817   2    15    87
1954   75   7    26    120
1955   1753   6    79    57
1956   1953   4    18    220
1957   1303   2    46    283
1958   179   3    185    275
1959   1324   4    55    73
1960   1119   7    90    391
1961   766   2    166    55
1962   870   4    140    126
1963   1353   6    39    175
1964   1861   5    168    405
1965   893   3    49    386
1966   303   2    148    165
1967   1439   6    30    7
1968   980   7    156    441
1969   1003   6    33    481
1970   1461   6    179    18
1971   424   5    130    151
1972   582   2    29    96
1973   1602   6    110    346
1974   736   2    5    120
1975   1048   5    14    34
1976   1865   7    90    52
1977   191   2    146    103
1978   1623   7    48    85
1979   246   2    94    284
1980   118   3    190    188
1981   1286   5    125    22
1982   74   7    90    9
1983   1742   3    38    417
1984   1835   6    59    356
1985   446   4    90    236
1986   39   5    158    65
1987   1018   7    124    229
1988   125   7    39    100
1989   1585   5    99    39
1990   1567   5    4    229
1991   102   3    93    262
1992   941   2    73    35
1993   622   3    93    477
1994   925   2    148    486
1995   1181   2    20    156
1996   1151   2    65    208
1997   429   4    137    298
1998   526   2    113    107
1999   1070   4    46    484
2000   1637   7    52    348
2001   1537   3    166    215
2002   35   2    10    136
2003   497   7    189    153
2004   114   7    160    75
2005   1847   3    57    443
2006   1944   3    121    222
2007   144   7    29    303
2008   755   3    35    299
2009   292   4    185    4
2010   219   7    109    154
2011   1469   6    153    346
2012   1735   3    100    5
2013   1734   4    47    336
2014   775   3    126    207
2015   1418   7    67    153
2016   198   3    2    387
2017   1366   3    72    475
2018   159   5    44    421
2019   37   7    174    42
2020   1428   7    15    41
2021   473   7    180    117
2022   500   4    137    183
2023   1156   3    176    126
2024   1229   4    125    69
2025   311   7    151    40
2026   676   2    187    277
2027   1146   4    32    432
2028   1272   6    188    119
2029   839   3    81    68
2030   234   5    138    476
2031   2009   2    2    323
2032   511   5    41    9
2033   233   2    39    169
2034   1688   4    101    494
2035   309   4    71    374
2036   502   3    79    205
2037   1463   5    152    307
2038   1990   3    76    340
2039   920   3    10    143
2040   259   3    166    15
2041   1236   6    43    376
2042   131   5    21    164
2043   929   5    7    18
2044   74   2    92    165
2045   14   5    138    432
2046   1035   3    102    343
2047   117   3    3    413
2048   533   3    61    203
