1   0   4    23    37
2   1   3    187    362
3   1   5    74    382
4   1   4    42    359
5   2   7    185    257
6   2   5    128    227
7   2   2    62    165
8   3   5    60    421
9   3   5    29    358
10   8   5    47    266
11   1   5    95    105
12   8   5    42    446
13   9   5    90    141
14   4   3    100    380
15   6   7    144    20
16   12   2    50    178
17   7   6    130    97
18   12   4    104    11
19   14   3    81    336
20   17   7    196    404
21   3   2    185    94
22   2   4    166    22
23   6   7    124    251
24   22   4    112    244
25   16   7    161    418
26   23   2    62    332
27   25   6    127    489
28   18   5    191    232
29   1   2    141    349
30   21   6    164    244
31   27   4    93    1
32   22   5    47    220
33   2   2    143    268
34   19   3    171    219
35   7   4    20    397
36   30   2    84    318
37   28   2    112    56
38   9   2    150    461
39   1   5    70    5
40   33   2    70    489
41   12   7    103    297
42   10   2    148    428
43   24   2    59    341
44   10   5    192    31
45   3   4    6    52
46   27   2    41    33
47   4   4    122    115
48   4   5    129    135
49   9   2    162    440
50   3   7    22    396
51   5   3    88    162
52   17   4    59    499
53   39   7    127    363
54   9   3    60    394
55   2   4    145    327
56   20   2    162    149
57   52   3    187    189
58   18   7    153    175
59   14   6    182    294
60   38   4    182    441
61   14   5    175    21
62   9   7    71    112
63   39   3    11    435
64   3   5    179    174
65   62   4    94    74
66   51   6    11    275
67   40   2    102    432
68   6   5    197    414
69   3   2    167    391
70   56   6    152    175
71   59   2    52    195
72   69   6    2    131
73   38   6    106    436
74   30   5    141    114
75   38   5    146    367
76   20   5    186    125
77   47   5    50    194
78   23   2    187    226
79   64   2    49    19
80   49   5    98    204
81   35   6    101    362
82   15   4    48    393
83   37   2    56    493
84   18   5    100    257
85   13   7    194    489
86   77   5    114    494
87   30   6    183    414
88   53   5    44    330
89   7   4    152    370
90   64   3    72    460
91   16   3    29    349
92   67   4    177    266
93   46   6    33    185
94   35   2    69    394
95   91   3    126    193
96   7   2    141    309
97   19   2    15    346
98   77   3    140    15
99   61   5    185    195
100   30   3    6    144
101   71   3    105    67
102   21   7    53    286
103   14   6    101    163
104   65   2    16    429
105   57   3    128    42
106   44   2    104    222
107   55   3    125    281
108   78   5    32    25
109   30   2    65    274
110   92   7    109    70
111   104   5    4    287
112   92   6    94    197
113   30   2    51    165
114   23   4    83    79
115   101   5    51    434
116   13   5    73    438
117   113   2    51    461
118   44   6    19    471
119   61   4    53    14
120   106   4    69    372
121   60   4    41    257
122   115   2    44    285
123   66   5    179    19
124   49   7    96    290
125   98   6    31    379
126   57   3    54    139
127   13   5    136    65
128   36   3    11    266
129   40   6    137    380
130   42   3    12    455
131   102   3    117    361
132   95   6    61    286
133   9   6    111    482
134   11   4    156    449
135   17   5    155    93
136   87   4    178    51
137   6   7    139    151
138   86   4    86    68
139   104   7    144    430
140   72   5    51    106
141   12   6    55    54
142   140   4    128    353
143   102   6    155    57
144   12   5    163    497
145   79   3    93    367
146   70   2    13    3
147   49   7    14    395
148   36   5    186    312
149   88   7    152    314
150   105   2    186    55
151   111   4    119    237
152   44   2    113    265
153   25   5    164    111
154   145   7    89    244
155   149   4    1    93
156   18   5    163    499
157   69   6    135    301
158   19   4    46    187
159   113   6    182    449
160   44   7    5    493
161   98   5    171    174
162   6   7    89    338
163   136   6    184    287
164   47   4    109    422
165   104   3    44    461
166   43   2    30    446
167   117   3    131    281
168   90   3    13    212
169   125   7    108    364
170   144   6    117    133
171   79   3    167    277
172   72   7    149    345
173   39   4    8    437
174   63   2    126    97
175   9   2    49    474
176   155   2    178    342
177   76   3    90    68
178   52   2    104    456
179   158   2    168    3
180   13   7    131    184
181   179   5    190    183
182   111   5    95    185
183   110   2    17    394
184   78   5    183    5
185   3   2    149    292
186   73   2    125    54
187   169   2    6    270
188   163   5    2    96
189   7   5    125    492
190   76   3    111    85
191   25   5    191    245
192   19   7    76    99
193   83   4    137    395
194   79   6    127    258
195   83   4    135    30
196   52   2    144    293
197   166   5    31    133
198   19   6    107    175
199   31   7    103    202
200   83   2    186    235
201   134   7    59    356
202   167   4    97    112
203   84   2    139    266
204   192   4    191    396
205   145   5    98    351
206   162   4    130    104
207   43   6    61    298
208   184   6    131    157
209   118   4    40    11
210   136   5    60    324
211   5   7    141    52
212   40   4    153    418
213   151   5    89    74
214   43   2    188    55
215   101   3    19    130
216   88   7    44    325
217   100   3    162    10
218   31   6    91    354
219   165   6    70    26
220   97   6    172    284
221   81   5    53    441
222   218   5    172    21
223   124   4    52    379
224   94   5    192    167
225   11   5    30    321
226   152   7    177    50
227   158   7    157    391
228   49   2    53    262
229   133   3    154    287
230   183   7    129    135
231   174   5    11    110
232   175   5    125    14
233   14   7    88    86
234   195   5    188    281
235   181   7    184    354
236   61   3    181    230
237   125   5    20    274
238   58   3    160    395
239   119   7    156    285
240   181   4    95    449
241   129   3    146    414
242   72   2    154    285
243   195   2    197    490
244   152   3    60    419
245   73   3    41    144
246   74   6    100    452
247   66   5    176    161
248   19   6    179    332
249   176   4    98    308
250   211   6    117    24
251   104   6    133    126
252   6   5    73    169
253   39   3    174    141
254   232   3    71    83
255   110   4    134    493
256   30   4    75    32
257   254   3    152    198
258   133   4    76    369
259   140   4    103    371
260   213   3    95    103
261   19   2    31    335
262   164   5    170    149
263   260   2    197    308
264   245   3    163    7
265   75   4    170    267
266   125   3    9    273
267   47   2    78    346
268   2   4    9    165
269   200   4    39    289
270   102   3    116    27
271   123   5    36    365
272   257   5    157    193
273   67   3    45    182
274   188   7    101    378
275   197   5    163    59
276   211   7    110    311
277   249   6    167    226
278   121   6    54    493
279   168   2    169    494
280   269   7    25    275
281   221   7    92    25
282   134   5    111    132
283   91   7    21    452
284   87   2    60    220
285   194   2    45    276
286   74   4    95    404
287   219   2    169    153
288   277   7    92    382
289   197   7    83    194
290   145   3    177    412
291   39   4    15    236
292   258   3    31    288
293   204   6    53    112
294   270   3    199    213
295   146   6    73    316
296   46   5    15    9
297   153   6    93    81
298   76   7    40    73
299   157   3    111    139
300   164   5    59    418
301   46   5    75    369
302   228   5    186    227
303   20   7    20    237
304   118   7    90    80
305   302   2    66    205
306   271   4    197    405
307   285   6    19    380
308   90   3    128    175
309   300   2    91    394
310   162   3    86    276
311   101   2    8    475
312   300   2    102    417
313   154   2    85    343
314   42   6    178    208
315   236   4    86    494
316   25   3    116    333
317   114   5    99    250
318   5   5    74    20
319   189   5    19    83
320   276   6    44    442
321   123   3    72    242
322   288   4    135    113
323   57   7    5    253
324   200   7    195    77
325   19   6    159    159
326   228   3    138    392
327   298   5    118    130
328   71   6    12    431
329   314   4    43    3
330   155   3    67    156
331   96   4    138    356
332   122   3    74    96
333   281   2    38    410
334   92   7    194    222
335   237   6    179    325
336   65   5    114    289
337   183   5    125    109
338   240   3    71    263
339   136   7    177    290
340   247   3    59    416
341   48   3    63    417
342   172   7    81    227
343   130   6    176    44
344   222   5    91    354
345   216   7    189    64
346   61   4    172    99
347   206   6    186    342
348   106   2    14    358
349   117   5    184    35
350   95   6    27    450
351   97   2    183    478
352   87   6    157    79
353   218   7    178    419
354   186   3    181    252
355   259   4    121    186
356   19   2    67    89
357   138   7    199    205
358   189   7    38    298
359   37   4    98    483
360   264   2    141    365
361   249   7    50    476
362   67   3    96    31
363   195   2    82    276
364   311   7    199    166
365   103   3    97    419
366   115   4    108    455
367   32   3    10    314
368   268   5    179    446
369   207   7    82    45
370   121   6    119    139
371   362   5    128    199
372   36   3    142    240
373   252   2    38    301
374   345   6    193    45
375   117   5    100    359
376   29   7    108    345
377   135   2    195    262
378   87   3    107    234
379   260   4    163    249
380   233   2    140    78
381   347   5    5    402
382   70   4    190    4
383   146   6    75    25
384   243   6    79    393
385   379   6    102    212
386   380   2    157    252
387   324   6    27    236
388   112   6    58    95
389   157   4    80    268
390   370   7    87    431
391   140   2    162    87
392   343   6    19    357
393   203   7    114    81
394   257   4    19    56
395   89   3    142    178
396   10   7    50    65
397   116   7    191    119
398   376   7    132    402
399   151   5    102    423
400   66   6    136    357
401   192   7    96    236
402   80   5    83    144
403   37   6    191    86
404   116   3    118    424
405   58   6    113    185
406   98   6    164    488
407   24   5    48    316
408   84   6    22    37
409   225   6    137    402
410   383   6    104    421
411   99   4    153    166
412   324   4    190    378
413   375   3    110    168
414   56   3    32    486
415   235   4    35    105
416   367   7    71    131
417   314   3    133    182
418   296   4    187    180
419   341   3    128    238
420   227   2    33    68
421   75   4    196    233
422   236   4    175    389
423   271   4    24    491
424   209   6    193    21
425   61   4    33    135
426   171   2    165    287
427   347   6    25    342
428   110   5    1    381
429   351   6    145    39
430   318   7    161    434
431   309   6    4    458
432   189   5    69    488
433   126   5    99    320
434   26   3    20    395
435   70   3    44    411
436   208   4    147    260
437   343   5    129    490
438   234   3    53    149
439   114   5    20    86
440   280   2    170    41
441   71   6    99    83
442   122   4    28    452
443   339   4    5    316
444   436   5    24    95
445   382   6    8    136
446   263   3    81    352
447   148   7    154    477
448   115   2    5    76
449   77   2    192    120
450   164   5    162    388
451   410   2    131    155
452   153   3    104    42
453   35   5    32    139
454   377   6    175    425
455   320   6    139    105
456   319   4    106    203
457   218   6    119    87
458   68   3    113    489
459   298   2    137    308
460   232   2    118    54
461   423   3    164    17
462   285   2    96    335
463   346   4    180    326
464   153   7    92    283
465   272   3    107    152
466   429   6    13    186
467   462   5    119    476
468   298   6    78    350
469   56   2    152    350
470   318   5    4    289
471   376   7    94    137
472   294   5    122    201
473   66   7    80    130
474   178   7    21    429
475   312   4    62    177
476   69   5    59    292
477   435   6    46    334
478   339   4    156    296
479   416   6    61    418
480   352   6    148    98
481   133   7    68    50
482   470   3    37    238
483   257   2    98    329
484   236   6    133    250
485   13   5    101    202
486   454   2    27    484
487   187   6    25    101
488   59   2    122    476
489   332   7    5    174
490   96   5    184    422
491   310   2    100    425
492   383   2    114    269
493   348   7    24    443
494   373   2    162    461
495   147   3    136    231
496   412   5    150    339
497   477   4    113    203
498   92   4    70    65
499   31   7    54    405
500   437   4    148    379
501   100   6    70    162
502   394   4    68    6
503   420   7    4    205
504   67   3    126    405
505   386   6    75    76
506   109   5    28    338
507   323   3    82    78
508   135   4    123    211
509   114   4    118    115
510   69   6    20    104
511   94   4    36    123
512   27   2    178    194
513   93   6    199    494
514   167   7    69    420
515   344   5    42    49
516   236   3    21    497
517   375   6    66    478
518   326   7    86    305
519   197   3    182    162
520   508   5    135    311
521   91   4    36    124
522   218   2    181    13
523   273   2    84    206
524   291   4    31    2
525   213   2    11    300
526   304   3    120    188
527   41   2    142    187
528   465   5    151    242
529   13   2    168    306
530   172   4    101    208
531   341   7    125    277
532   117   3    166    373
533   378   3    114    32
534   9   3    139    266
535   55   2    134    238
536   332   2    156    48
537   501   3    26    247
538   429   3    30    260
539   308   5    46    472
540   196   3    122    134
541   155   4    103    335
542   125   4    117    48
543   88   6    87    170
544   111   2    179    311
545   499   7    117    364
546   42   6    82    236
547   542   4    56    26
548   424   6    125    493
549   490   6    1    256
550   33   4    149    104
551   378   3    2    264
552   355   7    60    130
553   194   2    81    243
554   208   6    195    408
555   176   4    141    199
556   338   7    146    202
557   27   6    162    346
558   470   4    84    433
559   474   2    85    368
560   523   5    110    434
561   376   7    7    434
562   91   5    105    330
563   303   7    40    306
564   389   6    114    8
565   532   2    52    137
566   263   7    199    296
567   211   2    195    122
568   436   5    1    329
569   456   3    7    480
570   369   4    62    9
571   90   7    155    415
572   31   5    87    246
573   118   6    9    12
574   399   6    55    210
575   245   6    43    143
576   69   5    82    449
577   108   3    71    63
578   422   6    1    385
579   538   5    39    359
580   304   5    131    436
581   373   3    91    407
582   452   2    69    377
583   145   2    126    192
584   466   6    17    285
585   407   5    142    7
586   227   7    136    385
587   414   2    186    120
588   347   3    105    244
589   307   2    114    329
590   365   5    188    264
591   539   4    145    326
592   204   5    41    217
593   309   6    67    250
594   155   4    134    12
595   473   3    134    330
596   566   6    7    118
597   267   2    67    281
598   408   6    169    151
599   367   3    167    423
600   511   2    83    315
601   486   7    184    253
602   72   2    81    226
603   521   7    148    305
604   63   5    6    435
605   207   4    99    11
606   62   3    97    6
607   65   5    137    133
608   259   3    151    101
609   381   5    121    129
610   71   2    193    234
611   187   7    72    313
612   274   3    43    334
613   594   4    114    181
614   518   4    100    150
615   564   6    18    476
616   11   2    197    391
617   581   7    137    342
618   12   3    154    59
619   589   5    137    42
620   526   6    148    403
621   466   3    11    416
622   618   5    113    478
623   83   2    107    178
624   238   4    65    484
625   324   4    45    285
626   575   4    162    243
627   170   7    28    314
628   327   2    17    25
629   595   7    121    439
630   613   5    73    66
631   275   4    123    373
632   301   7    150    86
633   160   7    63    360
634   193   4    30    325
635   195   3    182    425
636   418   5    194    40
637   224   3    174    227
638   158   2    83    413
639   186   4    38    282
640   71   5    184    413
641   513   7    35    136
642   152   7    77    321
643   307   3    60    256
644   133   5    171    1
645   630   2    104    144
646   119   4    25    49
647   4   5    76    13
648   546   2    53    479
649   161   2    136    107
650   408   2    35    283
651   386   6    148    242
652   77   3    116    395
653   141   7    7    164
654   310   3    70    428
655   146   4    20    310
656   30   4    125    394
657   473   2    151    29
658   161   5    149    45
659   530   3    179    412
660   136   2    116    232
661   256   3    25    148
662   17   5    154    486
663   63   2    94    330
664   443   6    18    2
665   7   4    173    414
666   331   3    114    419
667   179   3    101    94
668   137   6    26    433
669   604   2    60    34
670   467   6    176    142
671   118   4    67    110
672   212   3    97    335
673   495   7    68    17
674   161   6    102    392
675   299   4    108    224
676   310   5    179    1
677   279   3    66    248
678   189   4    126    177
679   464   3    62    436
680   22   6    112    475
681   169   7    22    16
682   544   4    23    456
683   335   4    111    489
684   147   5    116    124
685   44   2    189    133
686   309   2    186    389
687   682   5    147    175
688   253   7    154    248
689   367   3    68    64
690   336   2    48    206
691   57   4    180    211
692   656   6    192    219
693   625   5    194    61
694   526   7    141    29
695   189   5    182    189
696   573   4    150    152
697   354   6    22    282
698   71   4    23    156
699   657   2    120    299
700   615   3    161    350
701   532   7    162    314
702   409   4    140    5
703   11   7    104    172
704   559   7    161    111
705   248   5    145    477
706   480   2    14    313
707   335   4    42    372
708   219   2    61    324
709   541   7    74    248
710   226   6    120    73
711   606   4    70    88
712   676   3    154    183
713   352   2    187    486
714   497   4    182    420
715   316   5    121    210
716   94   7    108    482
717   112   5    117    416
718   394   2    62    287
719   708   5    164    4
720   65   6    78    15
721   376   7    76    23
722   535   5    183    150
723   633   3    192    362
724   114   5    154    448
725   22   7    34    327
726   94   7    49    484
727   373   7    52    49
728   435   5    198    391
729   716   4    119    154
730   598   6    52    460
731   282   7    30    392
732   5   3    18    9
733   434   7    141    19
734   724   4    99    84
735   382   3    196    167
736   637   2    144    180
737   635   4    126    285
738   292   7    122    138
739   565   6    143    75
740   385   2    50    470
741   24   4    166    129
742   51   5    143    251
743   578   5    177    144
744   117   7    181    240
745   647   7    86    437
746   285   6    1    90
747   710   4    152    65
748   183   5    97    322
749   103   5    64    477
750   431   5    40    219
751   9   4    50    488
752   478   7    118    230
753   519   6    128    133
754   498   6    11    76
755   203   5    54    372
756   707   5    59    187
757   35   3    14    436
758   101   6    74    311
759   115   7    191    99
760   719   6    165    266
761   398   4    197    243
762   653   3    84    359
763   621   2    37    472
764   689   2    104    499
765   323   3    58    374
766   82   7    34    471
767   255   3    61    254
768   384   6    161    235
769   218   7    184    298
770   480   5    177    323
771   133   4    61    55
772   651   3    81    325
773   756   2    61    210
774   57   2    81    351
775   64   5    171    323
776   568   4    112    154
777   52   6    123    359
778   15   7    32    306
779   662   5    147    196
780   5   3    92    204
781   97   3    2    424
782   196   5    198    191
783   190   2    29    105
784   479   7    194    322
785   185   6    113    433
786   394   6    183    422
787   579   6    121    268
788   606   6    113    193
789   373   5    197    180
790   390   4    11    436
791   772   6    174    51
792   80   7    78    224
793   71   6    183    432
794   540   3    95    476
795   108   5    149    65
796   149   5    169    355
797   435   3    64    193
798   339   2    181    368
799   538   7    13    352
800   246   7    54    138
801   450   5    174    202
802   602   2    3    401
803   152   2    121    117
804   358   3    191    350
805   88   6    129    27
806   520   5    11    311
807   665   7    128    303
808   684   4    15    111
809   580   4    45    375
810   538   5    89    494
811   420   2    119    160
812   609   2    167    57
813   135   6    85    111
814   114   3    199    59
815   34   5    52    278
816   34   5    82    15
817   440   7    118    242
818   4   3    70    212
819   138   7    172    367
820   139   7    181    351
821   487   5    44    375
822   522   3    127    214
823   733   6    168    233
824   255   3    131    238
825   688   3    1    212
826   364   4    88    151
827   282   5    72    103
828   408   7    106    108
829   125   7    115    429
830   633   6    19    263
831   319   6    164    139
832   201   7    174    91
833   624   5    105    399
834   398   4    109    23
835   25   5    123    197
836   87   6    102    232
837   699   2    70    67
838   55   4    122    414
839   412   5    1    227
840   526   5    67    441
841   718   5    162    23
842   45   6    137    366
843   558   4    107    239
844   765   6    29    240
845   178   5    49    26
846   601   5    68    424
847   451   4    93    24
848   399   4    25    150
849   127   7    26    432
850   198   3    196    147
851   77   5    162    133
852   233   7    190    50
853   750   7    127    196
854   777   2    33    218
855   848   5    188    204
856   324   5    182    380
857   289   7    195    423
858   161   7    182    127
859   524   5    119    365
860   655   6    158    240
861   840   4    42    347
862   444   4    84    9
863   30   2    132    120
864   216   7    161    243
865   132   6    181    54
866   73   2    123    57
867   527   2    195    167
868   37   2    80    380
869   98   4    70    273
870   331   3    100    2
871   644   3    118    330
872   580   2    13    370
873   174   3    19    460
874   847   6    149    107
875   364   3    122    333
876   85   7    176    267
877   5   4    72    418
878   478   3    153    493
879   320   5    153    147
880   265   4    51    421
881   298   4    135    50
882   750   2    125    28
883   382   7    95    56
884   802   3    102    183
885   162   3    152    409
886   809   6    181    326
887   145   6    62    327
888   533   3    145    417
889   597   6    118    136
890   505   3    47    86
891   267   3    27    213
892   734   2    171    54
893   667   7    153    117
894   100   5    136    240
895   513   7    187    373
896   889   5    18    272
897   547   4    190    247
898   468   2    123    206
899   438   3    45    356
900   125   7    2    370
901   670   4    167    46
902   752   7    182    266
903   801   4    141    242
904   279   5    8    440
905   401   5    22    8
906   870   5    132    196
907   586   2    14    260
908   874   5    71    29
909   452   6    42    288
910   826   3    10    385
911   387   5    135    428
912   431   6    71    195
913   297   7    67    164
914   380   5    174    66
915   403   6    94    41
916   537   5    22    479
917   476   4    24    336
918   706   5    47    429
919   481   3    167    300
920   477   2    157    438
921   214   3    49    22
922   510   4    181    262
923   78   2    111    20
924   7   4    199    381
925   597   5    24    178
926   751   7    154    98
927   849   5    41    272
928   127   4    4    134
929   114   6    139    304
930   316   7    185    145
931   685   3    111    463
932   58   2    69    416
933   207   3    118    69
934   305   7    114    115
935   406   4    109    349
936   44   6    79    95
937   588   2    138    127
938   608   5    136    475
939   127   7    137    458
940   36   2    82    25
941   498   5    141    172
942   309   4    18    384
943   730   3    9    276
944   47   5    81    68
945   294   7    78    452
946   290   5    191    232
947   83   2    20    219
948   168   4    169    42
949   45   7    106    33
950   38   3    7    140
951   311   7    128    53
952   743   6    151    438
953   925   3    111    288
954   654   6    187    178
955   746   5    137    104
956   312   4    104    83
957   218   6    150    15
958   366   2    168    416
959   161   7    156    487
960   571   2    141    186
961   447   5    181    235
962   783   3    99    89
963   881   3    80    141
964   848   2    128    367
965   627   6    150    217
966   75   3    195    213
967   140   4    163    455
968   210   7    110    145
969   630   7    36    348
970   494   5    2    419
971   471   7    24    271
972   266   4    104    103
973   14   3    3    151
974   958   5    128    375
975   90   4    98    295
976   817   5    86    404
977   305   3    145    359
978   964   7    101    212
979   345   6    194    225
980   784   4    121    235
981   944   4    179    133
982   654   2    57    203
983   975   4    184    498
984   623   7    182    118
985   688   7    127    90
986   349   3    131    380
987   441   7    140    264
988   810   4    143    207
989   661   2    45    227
990   256   3    82    444
991   102   4    15    495
992   900   7    186    286
993   405   3    34    64
994   774   7    67    490
995   297   2    133    253
996   572   4    79    110
997   749   4    64    48
998   84   5    27    332
999   446   5    160    221
1000   506   4    64    167
1001   446   7    149    427
1002   597   7    107    354
1003   230   5    100    256
1004   189   6    49    337
1005   794   6    134    234
1006   108   7    24    156
1007   435   6    181    198
1008   67   2    13    359
1009   979   6    3    103
1010   627   2    12    44
1011   637   7    175    18
1012   139   3    15    493
1013   869   2    134    385
1014   495   3    75    89
1015   931   6    162    238
1016   446   7    117    342
1017   753   7    126    286
1018   660   4    176    345
1019   983   2    77    368
1020   590   2    167    155
1021   898   4    164    346
1022   900   3    74    66
1023   171   3    150    352
1024   462   3    164    388
1025   11   4    98    475
1026   882   7    51    499
1027   856   2    74    365
1028   967   5    170    188
1029   95   4    45    474
1030   37   6    82    247
1031   3   6    189    111
1032   160   3    124    187
1033   556   2    161    135
1034   223   2    6    27
1035   265   4    134    119
1036   651   4    54    46
1037   157   5    147    331
1038   1013   6    184    49
1039   981   4    170    363
1040   313   7    85    66
1041   428   5    55    446
1042   1016   3    123    356
1043   269   7    170    232
1044   610   7    31    22
1045   85   5    119    424
1046   801   3    168    477
1047   720   7    21    75
1048   813   5    143    281
1049   386   5    128    15
1050   753   7    46    399
1051   1005   6    187    112
1052   119   6    155    188
1053   704   4    158    279
1054   337   3    84    76
1055   633   4    75    445
1056   59   6    190    306
1057   343   7    57    472
1058   77   2    199    210
1059   750   2    184    105
1060   817   2    177    56
1061   82   3    38    76
1062   538   3    130    201
1063   290   4    168    170
1064   958   6    105    166
1065   265   2    193    194
1066   1040   7    113    245
1067   303   2    152    308
1068   432   2    196    8
1069   907   5    170    32
1070   382   2    23    418
1071   166   4    123    14
1072   614   2    177    293
1073   66   7    61    123
1074   251   5    72    447
1075   325   2    95    184
1076   379   6    110    345
1077   47   7    161    494
1078   453   2    166    372
1079   850   4    25    455
1080   467   7    162    476
1081   1040   5    44    374
1082   390   4    26    461
1083   1040   3    127    204
1084   200   7    128    401
1085   283   6    99    1
1086   328   4    19    18
1087   393   5    8    426
1088   759   3    85    204
1089   504   3    101    78
1090   988   2    163    311
1091   553   4    92    115
1092   879   4    79    290
1093   453   6    155    297
1094   871   2    43    305
1095   1042   2    149    299
1096   209   2    27    237
1097   514   7    62    41
1098   918   4    181    452
1099   199   5    66    441
1100   11   3    101    138
1101   1028   2    197    157
1102   184   3    41    161
1103   241   3    56    316
1104   988   3    133    399
1105   487   4    7    19
1106   172   5    45    90
1107   469   6    15    472
1108   858   5    15    279
1109   115   3    44    23
1110   596   4    19    323
1111   556   7    39    77
1112   524   2    145    310
1113   874   7    16    112
1114   112   3    180    470
1115   100   3    35    178
1116   232   5    60    53
1117   408   5    54    53
1118   659   4    43    262
1119   625   2    198    336
1120   166   3    32    372
1121   551   5    64    318
1122   482   5    91    165
1123   186   3    140    351
1124   661   6    25    211
1125   842   6    160    196
1126   1029   5    168    414
1127   110   3    9    465
1128   667   3    14    55
1129   58   3    74    474
1130   317   2    109    30
1131   649   3    148    7
1132   47   5    88    297
1133   907   3    80    54
1134   378   7    107    157
1135   1090   4    105    404
1136   1091   2    14    313
1137   199   4    72    117
1138   686   2    114    270
1139   1128   7    149    71
1140   616   3    111    459
1141   182   7    75    256
1142   835   2    59    107
1143   403   3    110    141
1144   857   5    107    381
1145   753   3    29    179
1146   538   6    126    458
1147   1112   3    123    199
1148   70   7    116    354
1149   914   6    53    8
1150   945   4    27    125
1151   628   5    182    211
1152   453   4    45    280
1153   848   3    34    454
1154   387   2    3    176
1155   580   7    53    456
1156   918   5    65    201
1157   711   3    88    354
1158   59   3    87    437
1159   173   4    72    203
1160   541   4    103    196
1161   53   5    19    335
1162   1043   2    17    88
1163   89   3    45    448
1164   69   3    106    67
1165   293   7    167    210
1166   1057   4    41    289
1167   1001   6    59    104
1168   507   6    51    138
1169   973   3    12    207
1170   75   3    161    456
1171   676   6    179    454
1172   288   2    146    239
1173   589   3    78    477
1174   111   6    28    481
1175   392   7    160    422
1176   504   4    110    146
1177   1032   5    45    395
1178   363   2    41    52
1179   813   5    20    173
1180   209   6    125    108
1181   576   4    124    359
1182   1146   6    16    287
1183   486   3    67    336
1184   286   4    158    246
1185   1001   7    70    483
1186   366   4    156    460
1187   623   7    5    276
1188   239   6    128    362
1189   1121   4    191    23
1190   1127   7    84    89
1191   357   3    184    344
1192   581   5    70    476
1193   673   6    88    272
1194   123   4    12    467
1195   279   4    53    98
1196   298   3    60    476
1197   435   5    188    20
1198   499   2    113    169
1199   1030   3    45    447
1200   680   4    166    10
1201   216   6    155    499
1202   196   3    72    75
1203   987   6    65    229
1204   1150   6    196    37
1205   40   5    11    163
1206   318   6    108    450
1207   538   2    22    133
1208   563   4    63    168
1209   386   2    34    242
1210   916   4    197    33
1211   1085   6    88    63
1212   872   2    88    40
1213   416   2    5    347
1214   741   3    22    177
1215   627   7    73    487
1216   91   5    85    213
1217   141   3    129    83
1218   594   4    97    15
1219   721   3    135    210
1220   1050   7    146    230
1221   841   6    78    32
1222   1077   5    108    302
1223   739   3    94    135
1224   1200   5    139    116
1225   1123   5    197    492
1226   784   7    121    165
1227   851   5    167    248
1228   1018   3    75    28
1229   1066   2    65    445
1230   151   5    90    495
1231   256   4    86    196
1232   440   3    151    297
1233   1061   4    172    187
1234   1115   6    13    174
1235   301   6    59    356
1236   793   4    173    34
1237   572   4    120    325
1238   1152   3    121    383
1239   954   7    91    241
1240   841   5    75    318
1241   557   3    155    110
1242   353   6    123    223
1243   1027   6    63    40
1244   364   2    10    223
1245   217   5    150    226
1246   1189   4    176    260
1247   1178   2    194    355
1248   393   7    23    367
1249   589   5    103    486
1250   1010   4    113    278
1251   1169   4    121    235
1252   31   5    66    321
1253   1044   3    146    439
1254   340   5    15    300
1255   633   4    87    144
1256   1109   3    190    323
1257   8   7    87    258
1258   1090   4    113    379
1259   538   7    146    277
1260   44   2    51    460
1261   968   2    85    280
1262   333   6    71    197
1263   1170   2    174    201
1264   1019   4    63    344
1265   457   7    129    309
1266   1105   4    176    156
1267   370   4    42    65
1268   57   6    127    58
1269   300   6    45    27
1270   1053   6    38    430
1271   112   4    87    492
1272   1144   6    36    253
1273   622   7    107    337
1274   505   7    55    397
1275   744   7    161    34
1276   836   7    70    349
1277   420   4    7    321
1278   999   7    111    276
1279   177   6    31    352
1280   1104   5    56    300
1281   1017   2    152    172
1282   416   5    134    133
1283   263   7    6    398
1284   1252   7    159    148
1285   36   7    150    32
1286   461   7    157    433
1287   32   3    155    415
1288   939   4    111    276
1289   940   3    114    195
1290   467   4    108    147
1291   1261   4    78    61
1292   140   2    20    380
1293   337   6    34    406
1294   1112   3    134    498
1295   1020   3    109    303
1296   612   6    133    294
1297   598   4    81    126
1298   1081   7    140    363
1299   1175   5    151    448
1300   424   6    105    461
1301   534   7    127    428
1302   424   3    50    81
1303   7   7    1    291
1304   830   4    88    222
1305   1297   3    52    27
1306   1274   7    100    87
1307   1001   6    186    483
1308   956   4    6    32
1309   377   6    167    390
1310   1214   2    147    17
1311   315   5    182    246
1312   377   4    122    300
1313   284   2    125    21
1314   646   2    92    89
1315   1047   5    125    307
1316   627   7    141    380
1317   685   4    37    289
1318   513   5    191    460
1319   990   7    8    407
1320   10   2    42    358
1321   273   6    115    142
1322   274   2    128    334
1323   223   2    49    405
1324   386   2    132    365
1325   568   3    117    454
1326   1138   6    100    166
1327   148   4    66    409
1328   48   6    44    223
1329   371   3    69    63
1330   802   7    149    311
1331   954   7    160    432
1332   1081   5    137    454
1333   134   4    38    404
1334   350   7    112    371
1335   321   3    5    179
1336   723   7    83    13
1337   907   2    16    377
1338   898   5    11    197
1339   967   2    87    133
1340   510   4    118    290
1341   19   7    21    11
1342   413   6    97    482
1343   844   5    82    104
1344   356   6    165    121
1345   511   6    96    130
1346   716   7    118    57
1347   459   2    117    321
1348   692   7    147    314
1349   36   4    161    310
1350   1202   6    60    417
1351   785   7    85    18
1352   1096   4    10    62
1353   511   7    142    154
1354   59   5    144    237
1355   590   2    89    463
1356   1003   6    84    388
1357   505   2    8    152
1358   1024   4    194    173
1359   519   4    90    178
1360   734   5    192    494
1361   181   6    196    111
1362   370   5    117    28
1363   645   3    103    319
1364   904   4    198    101
1365   278   4    8    452
1366   1127   7    138    5
1367   290   6    52    354
1368   926   6    28    155
1369   945   6    182    405
1370   631   6    181    498
1371   39   5    32    421
1372   395   7    27    281
1373   442   4    72    435
1374   535   7    2    224
1375   394   6    183    89
1376   299   6    155    444
1377   961   7    152    220
1378   518   6    132    24
1379   401   4    146    340
1380   735   5    96    100
1381   1350   4    83    1
1382   875   4    193    381
1383   771   6    15    356
1384   150   4    124    371
1385   1266   4    35    283
1386   1114   7    144    82
1387   326   7    22    348
1388   66   4    100    402
1389   1020   5    126    326
1390   546   5    113    438
1391   44   4    32    376
1392   818   2    165    51
1393   405   7    8    453
1394   123   7    152    47
1395   241   7    36    107
1396   1106   7    37    114
1397   453   2    122    388
1398   1317   2    27    185
1399   613   6    145    375
1400   1353   5    146    14
1401   544   2    170    349
1402   1297   3    187    287
1403   135   2    158    399
1404   738   3    118    341
1405   668   5    96    14
1406   60   4    124    308
1407   1281   6    179    167
1408   624   3    100    490
1409   1099   7    158    431
1410   1126   4    36    271
1411   1290   6    54    98
1412   36   6    189    433
1413   51   7    91    341
1414   1233   6    9    121
1415   833   6    197    468
1416   138   5    146    196
1417   364   5    57    147
1418   904   2    155    55
1419   835   2    131    78
1420   379   6    126    234
1421   1240   5    141    481
1422   477   3    18    223
1423   522   7    195    436
1424   952   3    78    132
1425   994   2    75    312
1426   258   4    102    224
1427   1183   7    47    383
1428   340   2    74    145
1429   100   2    36    310
1430   1219   4    152    464
1431   121   6    142    136
1432   1349   7    48    154
1433   975   6    22    282
1434   410   2    109    133
1435   1175   3    72    235
1436   141   4    108    106
1437   1349   7    152    455
1438   428   6    171    460
1439   1274   6    34    322
1440   412   2    90    477
1441   1018   4    39    92
1442   311   2    8    341
1443   29   5    93    244
1444   279   5    162    359
1445   771   7    101    29
1446   597   2    172    160
1447   426   7    48    19
1448   574   5    23    133
1449   723   2    107    388
1450   952   4    43    145
1451   855   6    179    448
1452   435   4    85    111
1453   971   6    141    213
1454   1193   3    158    354
1455   1381   7    46    160
1456   205   3    134    205
1457   427   7    21    141
1458   169   6    88    96
1459   659   6    72    385
1460   481   4    134    134
1461   746   6    129    327
1462   221   2    147    420
1463   196   5    105    103
1464   1437   6    20    432
1465   1220   5    121    73
1466   39   7    22    399
1467   490   3    2    385
1468   679   4    93    256
1469   1150   2    71    345
1470   284   7    76    319
1471   1289   6    27    349
1472   548   2    186    324
1473   206   2    172    399
1474   888   6    103    463
1475   312   7    197    61
1476   1374   7    161    1
1477   565   2    196    476
1478   356   3    186    365
1479   692   3    56    113
1480   921   6    54    345
1481   997   2    193    281
1482   17   3    2    451
1483   1460   2    99    211
1484   934   4    62    185
1485   1267   4    9    273
1486   464   2    193    283
1487   351   2    182    391
1488   1253   3    72    416
1489   1334   2    96    117
1490   1388   2    67    148
1491   1225   7    196    486
1492   245   7    42    462
1493   510   2    141    176
1494   736   4    134    235
1495   278   4    133    293
1496   1038   3    129    127
1497   526   5    153    419
1498   693   3    164    321
1499   86   7    153    403
1500   675   3    10    228
1501   205   6    39    96
1502   707   3    133    197
1503   100   6    157    68
1504   1145   6    45    436
1505   740   4    142    118
1506   726   6    5    22
1507   327   7    50    450
1508   115   3    54    477
1509   782   4    79    360
1510   1107   3    153    492
1511   952   5    7    122
1512   561   4    127    293
1513   994   5    50    102
1514   1342   7    81    345
1515   690   4    162    484
1516   481   2    177    445
1517   856   4    106    51
1518   561   3    7    242
1519   492   5    199    372
1520   747   2    137    488
1521   1483   4    35    163
1522   980   5    74    127
1523   824   6    79    316
1524   1518   5    23    437
1525   1249   5    60    44
1526   252   6    31    56
1527   359   6    140    431
1528   1242   2    157    397
1529   603   3    160    198
1530   480   6    41    424
1531   37   3    199    87
1532   932   5    186    390
1533   1143   7    128    439
1534   978   3    112    338
1535   442   4    189    98
1536   655   3    109    66
1537   1170   3    178    307
1538   720   3    34    266
1539   313   6    175    361
1540   884   5    194    261
1541   492   4    159    37
1542   1493   5    143    154
1543   1092   3    27    70
1544   280   7    125    362
1545   479   6    97    472
1546   1419   5    90    117
1547   1309   3    144    62
1548   1193   3    15    238
1549   483   7    186    35
1550   1103   6    49    105
1551   468   3    124    233
1552   107   3    15    258
1553   96   2    86    299
1554   958   6    104    252
1555   1548   6    35    410
1556   1057   3    159    309
1557   1276   3    6    425
1558   674   2    165    26
1559   417   3    158    374
1560   1472   5    74    270
1561   1555   5    156    498
1562   410   3    11    499
1563   1307   2    81    272
1564   590   6    64    353
1565   197   5    93    46
1566   751   7    58    89
1567   174   2    89    298
1568   792   7    190    297
1569   1130   7    148    120
1570   1314   5    2    439
1571   825   4    83    28
1572   1517   5    75    117
1573   1428   7    182    57
1574   353   4    135    475
1575   174   7    96    244
1576   295   6    68    47
1577   1505   5    156    486
1578   27   3    28    267
1579   1526   5    42    7
1580   750   4    38    308
1581   678   2    24    21
1582   762   7    119    25
1583   1297   2    43    318
1584   948   6    137    33
1585   638   2    72    82
1586   918   7    197    180
1587   582   2    21    451
1588   1087   4    173    316
1589   1200   6    9    56
1590   128   7    44    250
1591   1166   6    189    212
1592   926   5    124    302
1593   1590   6    189    495
1594   669   6    152    9
1595   378   2    6    80
1596   264   4    80    207
1597   335   6    167    144
1598   225   6    130    220
1599   559   2    169    290
1600   430   2    28    241
1601   472   6    172    89
1602   718   3    147    470
1603   1382   7    70    441
1604   749   5    159    231
1605   1315   5    77    17
1606   1103   6    176    382
1607   687   6    162    231
1608   506   3    120    225
1609   1485   2    18    391
1610   351   6    53    169
1611   123   5    35    77
1612   766   2    195    307
1613   629   6    104    413
1614   1150   4    127    341
1615   607   3    60    291
1616   730   5    99    471
1617   1064   7    87    92
1618   489   5    63    40
1619   807   5    87    264
1620   526   2    185    289
1621   1268   2    103    217
1622   838   2    97    234
1623   748   6    120    473
1624   1119   3    52    90
1625   1234   6    2    219
1626   1035   5    32    162
1627   1094   6    42    100
1628   608   6    121    288
1629   504   4    23    175
1630   1101   5    118    273
1631   30   2    162    308
1632   1405   2    147    231
1633   386   4    48    470
1634   992   4    163    491
1635   34   7    108    486
1636   849   2    94    498
1637   232   2    71    376
1638   401   6    141    32
1639   387   4    29    99
1640   450   6    183    27
1641   678   7    91    275
1642   1444   3    193    398
1643   1004   7    2    240
1644   903   6    76    402
1645   1340   4    22    277
1646   1164   3    17    393
1647   1076   2    175    351
1648   831   4    64    143
1649   475   3    94    472
1650   1400   4    104    411
1651   855   6    195    153
1652   1110   5    10    349
1653   914   5    115    234
1654   582   6    198    23
1655   991   7    52    409
1656   292   4    84    479
1657   917   5    163    127
1658   1540   3    184    192
1659   809   5    33    266
1660   504   7    41    154
1661   1383   4    36    486
1662   1015   3    66    476
1663   1568   4    180    11
1664   1426   7    96    255
1665   1428   4    21    3
1666   655   5    174    336
1667   1168   6    106    461
1668   1213   7    92    497
1669   1535   5    105    351
1670   351   5    21    365
1671   1324   7    190    226
1672   633   6    85    223
1673   831   2    181    11
1674   976   4    31    110
1675   6   6    139    2
1676   1552   6    98    63
1677   160   7    14    367
1678   613   2    148    289
1679   674   4    89    271
1680   151   6    105    222
1681   528   4    127    137
1682   1080   5    139    146
1683   558   7    7    407
1684   929   2    49    299
1685   570   2    25    318
1686   373   5    26    22
1687   1661   6    129    421
1688   2   4    39    28
1689   1248   5    12    358
1690   1643   2    157    418
1691   211   7    80    284
1692   1203   7    89    195
1693   718   3    116    23
1694   1200   3    139    96
1695   1346   6    66    134
1696   1113   4    168    65
1697   570   2    175    428
1698   398   2    71    18
1699   1627   2    180    423
1700   137   7    198    143
1701   1462   5    124    446
1702   190   3    151    434
1703   851   2    116    382
1704   483   2    70    249
1705   515   6    196    67
1706   1348   3    191    146
1707   260   5    143    382
1708   1357   5    111    70
1709   616   4    106    455
1710   1542   4    86    438
1711   974   5    77    384
1712   834   6    152    295
1713   246   6    160    151
1714   582   4    148    414
1715   1368   5    52    267
1716   616   2    175    311
1717   1232   6    85    128
1718   647   2    161    77
1719   20   4    129    410
1720   1067   3    69    230
1721   151   7    7    122
1722   458   2    198    285
1723   1406   5    101    368
1724   694   2    50    326
1725   787   7    141    425
1726   124   4    55    436
1727   902   4    18    498
1728   41   5    140    123
1729   839   5    105    347
1730   646   5    11    157
1731   1278   3    39    151
1732   1597   4    187    312
1733   621   7    32    27
1734   1102   7    40    18
1735   1396   7    159    199
1736   511   2    42    471
1737   1654   3    120    469
1738   779   4    84    400
1739   780   2    158    152
1740   1044   7    186    223
1741   1546   7    173    71
1742   210   6    115    29
1743   1452   2    99    97
1744   911   2    16    33
1745   1639   7    133    127
1746   892   6    131    361
1747   218   2    148    75
1748   485   3    171    282
1749   258   7    28    449
1750   1218   7    174    441
1751   157   4    30    170
1752   10   6    153    479
1753   210   2    29    218
1754   1625   7    189    107
1755   271   4    3    314
1756   682   5    4    298
1757   1590   2    48    169
1758   1180   5    114    100
1759   167   5    149    238
1760   68   4    175    410
1761   1233   6    75    4
1762   1641   6    168    443
1763   598   3    128    252
1764   163   3    66    456
1765   395   7    147    301
1766   195   6    142    59
1767   791   2    128    76
1768   240   3    45    313
1769   1454   6    109    71
1770   397   2    92    339
1771   391   7    73    92
1772   647   2    64    35
1773   935   7    89    176
1774   912   6    55    451
1775   1726   7    152    321
1776   1533   4    134    380
1777   1573   7    119    446
1778   1718   5    143    199
1779   1203   3    171    468
1780   1304   4    133    227
1781   306   6    8    358
1782   972   5    33    476
1783   407   2    129    431
1784   599   6    3    195
1785   1123   3    78    196
1786   989   2    78    348
1787   469   2    179    93
1788   896   6    10    307
1789   262   5    41    395
1790   8   3    2    189
1791   256   7    110    154
1792   1170   6    172    30
1793   186   5    33    362
1794   1475   6    138    215
1795   1623   3    110    100
1796   1329   2    142    167
1797   1537   4    168    93
1798   1074   2    171    349
1799   1632   4    141    305
1800   408   2    122    191
1801   1768   7    156    200
1802   930   3    154    200
1803   1490   2    59    78
1804   1694   4    199    85
1805   1077   7    146    483
1806   447   3    116    391
1807   315   4    59    77
1808   1746   7    184    471
1809   1214   7    133    431
1810   620   3    17    38
1811   435   6    58    99
1812   1444   3    44    296
1813   1584   5    62    125
1814   393   3    80    283
1815   1310   6    64    354
1816   957   6    104    220
1817   320   4    48    472
1818   63   3    39    384
1819   1302   3    24    233
1820   382   3    61    316
1821   771   7    151    449
1822   143   7    37    87
1823   333   5    129    300
1824   529   5    114    386
1825   286   7    128    337
1826   4   5    62    330
1827   682   2    168    419
1828   1189   6    160    447
1829   1705   4    187    262
1830   1506   2    199    244
1831   365   6    17    438
1832   1020   4    25    33
1833   513   4    195    407
1834   649   5    95    262
1835   1265   2    140    219
1836   699   6    164    456
1837   233   2    131    443
1838   1164   7    126    412
1839   475   3    58    183
1840   493   3    196    25
1841   277   2    96    348
1842   259   4    30    82
1843   1449   3    121    78
1844   884   6    49    241
1845   1768   3    94    497
1846   1319   6    19    225
1847   148   3    178    114
1848   241   2    15    178
1849   506   6    64    326
1850   1202   4    194    478
1851   1011   7    162    21
1852   51   4    96    256
1853   1187   5    131    489
1854   472   4    81    192
1855   1687   6    45    189
1856   1484   5    165    393
1857   588   6    181    246
1858   532   7    111    66
1859   792   5    25    60
1860   687   7    187    485
1861   1715   5    34    161
1862   1318   3    103    264
1863   628   6    90    218
1864   1705   3    197    112
1865   848   2    131    351
1866   1625   5    75    65
1867   1343   4    197    228
1868   1769   6    154    194
1869   1707   4    189    182
1870   1332   2    99    127
1871   1009   7    72    463
1872   490   3    129    263
1873   1771   2    145    240
1874   849   6    62    371
1875   1192   3    95    379
1876   1299   3    185    148
1877   1278   5    21    93
1878   1229   3    179    217
1879   1864   7    61    2
1880   1778   5    43    302
1881   266   7    115    418
1882   913   6    25    162
1883   1460   3    8    412
1884   1051   3    176    140
1885   7   6    86    338
1886   1762   7    27    280
1887   320   7    116    29
1888   1007   5    150    115
1889   1681   7    134    275
1890   779   3    72    208
1891   1557   3    85    19
1892   1422   5    41    20
1893   1213   6    136    232
1894   1766   5    138    183
1895   1236   6    137    352
1896   1132   4    88    424
1897   822   7    104    294
1898   1042   4    198    363
1899   874   2    141    92
1900   1670   4    4    425
1901   130   4    139    99
1902   525   7    48    76
1903   54   2    116    460
1904   1328   7    92    111
1905   586   4    99    47
1906   454   5    126    442
1907   189   6    187    437
1908   197   3    115    256
1909   1152   6    96    99
1910   1855   5    47    143
1911   1315   7    19    102
1912   913   5    37    221
1913   1340   7    61    124
1914   1385   4    113    378
1915   134   3    106    183
1916   1150   3    75    241
1917   801   4    140    158
1918   678   5    106    494
1919   1687   7    33    219
1920   1514   3    147    19
1921   220   3    181    441
1922   351   5    21    457
1923   811   2    119    102
1924   516   3    170    230
1925   36   3    45    460
1926   925   2    110    195
1927   1644   5    130    39
1928   1668   6    169    223
1929   462   6    115    161
1930   1919   7    74    155
1931   1295   6    118    96
1932   438   7    46    91
1933   794   7    18    360
1934   476   7    85    324
1935   1632   7    191    355
1936   1583   6    4    157
1937   796   7    4    190
1938   1498   6    187    7
1939   1687   7    114    414
1940   644   5    40    310
1941   1761   6    53    203
1942   964   5    196    281
1943   1555   4    195    292
1944   788   6    190    426
1945   513   2    29    344
1946   1398   7    29    60
1947   175   4    53    147
1948   815   3    73    235
1949   1908   5    10    206
1950   1216   5    2    490
1951   1658   6    74    440
1952   1690   6    14    402
1953   640   6    27    420
1954   229   5    102    446
1955   1945   4    15    144
1956   486   7    19    133
1957   1899   2    119    196
1958   511   5    129    79
1959   1487   4    157    172
1960   1456   6    167    194
1961   1769   7    40    253
1962   1470   5    148    126
1963   567   3    136    255
1964   1708   2    104    131
1965   531   4    1    354
1966   813   4    30    493
1967   180   7    138    175
1968   1305   4    64    369
1969   1534   7    9    136
1970   1499   6    8    231
1971   1895   3    48    289
1972   586   3    118    250
1973   477   2    60    420
1974   561   4    190    455
1975   693   4    121    45
1976   1   5    194    39
1977   66   7    95    442
1978   547   2    39    81
1979   15   4    110    30
1980   446   7    189    291
1981   1607   2    34    455
1982   1211   4    140    128
1983   742   7    40    186
1984   1357   3    110    128
1985   1308   7    79    419
1986   1686   6    112    242
1987   182   3    111    263
1988   1104   5    3    134
1989   372   2    4    17
1990   1189   4    118    38
1991   78   2    140    407
1992   167   6    67    241
1993   105   3    82    179
1994   725   5    175    302
1995   1392   7    35    184
1996   682   3    146    61
1997   1048   6    85    493
1998   1805   3    63    496
1999   1449   3    55    433
2000   299   6    13    268
2001   897   3    152    220
2002   879   4    57    22
2003   1776   7    78    464
2004   1915   5    20    306
2005   1017   7    53    110
2006   297   3    71    354
2007   1325   5    182    6
2008   1988   2    138    151
2009   1117   4    83    456
2010   838   6    166    363
2011   350   3    161    178
2012   1509   3    128    354
2013   175   7    15    439
2014   383   7    46    195
2015   1884   4    22    20
2016   1823   4    11    449
2017   765   3    173    52
2018   899   5    29    184
2019   1643   4    16    436
2020   1868   3    199    377
2021   1239   7    82    239
2022   1521   7    96    175
2023   1618   3    182    342
2024   156   7    173    73
2025   205   6    77    390
2026   1567   4    152    257
2027   1755   2    5    203
2028   1114   6    158    405
2029   1193   2    141    279
2030   1022   6    193    358
2031   614   5    162    261
2032   603   2    194    247
2033   821   7    119    103
2034   1183   3    49    216
2035   644   7    130    422
2036   1954   5    48    435
2037   1460   4    158    394
2038   504   5    58    150
2039   1608   4    48    156
2040   618   2    140    22
2041   602   5    168    195
2042   2019   4    107    391
2043   129   3    157    457
2044   1797   2    168    217
2045   524   6    186    273
2046   339   4    83    140
2047   874   7    183    480
2048   913   3    66    56
