1   0   5    26    31
2   1   6    99    244
3   1   5    123    383
4   2   7    132    111
5   3   3    70    123
6   3   2    172    427
7   5   6    193    125
8   6   7    150    93
9   5   3    115    448
10   3   2    47    93
11   5   5    160    226
12   6   2    27    34
13   7   3    112    464
14   11   2    63    485
15   1   6    137    70
16   11   4    128    320
17   9   7    102    201
18   6   2    85    43
19   16   6    3    431
20   12   3    189    430
21   17   5    198    329
22   18   6    19    290
23   18   4    108    371
24   13   7    3    417
25   19   7    30    388
26   3   7    101    296
27   3   7    187    190
28   4   2    24    494
29   10   6    173    211
30   17   2    76    263
31   18   6    136    320
32   1   2    98    451
33   27   5    44    312
34   20   3    127    495
35   15   3    196    216
36   24   6    124    336
37   22   7    198    390
38   25   4    93    120
39   37   2    191    398
40   20   2    187    60
41   39   3    120    71
42   34   7    155    314
43   35   5    89    115
44   31   5    189    146
45   40   2    127    54
46   16   5    71    62
47   40   5    10    31
48   35   4    38    486
49   24   5    167    397
50   1   5    156    472
51   32   5    163    424
52   49   4    93    141
53   19   6    4    466
54   26   3    156    492
55   5   3    161    157
56   37   2    44    289
57   34   7    121    399
58   51   7    94    359
59   6   5    134    285
60   51   7    185    252
61   53   7    57    252
62   44   3    56    408
63   31   4    101    302
64   35   5    35    117
65   36   7    146    394
66   44   7    25    479
67   15   4    149    64
68   19   5    186    346
69   20   5    179    238
70   37   4    25    453
71   48   6    11    261
72   32   4    76    269
73   57   6    68    464
74   43   5    25    291
75   4   5    172    119
76   19   4    85    371
77   37   5    81    90
78   13   3    103    117
79   70   7    10    50
80   39   5    58    156
81   50   2    29    37
82   11   6    165    350
83   10   2    96    334
84   57   4    6    162
85   47   4    166    226
86   42   7    17    477
87   1   5    8    401
88   3   2    113    231
89   19   3    156    114
90   15   6    88    232
91   43   4    148    69
92   4   3    88    411
93   69   6    52    429
94   90   5    113    365
95   75   2    61    339
96   64   4    17    161
97   54   4    18    14
98   2   3    99    480
99   1   2    96    256
100   80   2    161    220
101   65   5    153    311
102   2   7    58    427
103   14   4    42    44
104   38   2    182    39
105   31   2    108    377
106   81   2    41    52
107   7   5    146    185
108   33   6    152    498
109   59   6    131    61
110   79   2    60    152
111   36   5    167    191
112   36   4    21    481
113   102   5    124    36
114   12   6    193    401
115   107   5    32    305
116   99   6    14    422
117   8   5    6    262
118   106   7    81    24
119   73   3    75    87
120   74   6    171    160
121   24   5    193    295
122   90   2    137    484
123   85   3    41    43
124   105   5    177    260
125   114   5    164    300
126   47   4    31    191
127   31   3    174    381
128   94   5    54    422
129   45   2    41    353
130   80   6    75    359
131   115   7    191    190
132   49   6    154    199
133   24   5    183    4
134   32   5    26    3
135   40   6    141    228
136   34   2    46    248
137   127   4    53    63
138   98   4    116    420
139   52   2    98    281
140   20   3    87    443
141   33   5    38    434
142   139   3    160    492
143   45   4    2    311
144   125   5    159    121
145   37   5    72    184
146   60   3    43    384
147   114   3    78    281
148   74   6    34    302
149   44   4    134    255
150   58   5    179    363
151   4   6    193    10
152   87   6    43    462
153   128   4    19    435
154   98   4    101    65
155   100   7    29    235
156   59   4    15    138
157   2   7    109    48
158   122   7    100    214
159   134   7    145    56
160   79   7    118    153
161   23   3    107    358
162   119   2    64    95
163   12   2    49    183
164   42   3    50    128
165   58   7    168    83
166   95   5    109    349
167   157   2    25    372
168   3   4    34    313
169   105   7    33    438
170   49   2    131    352
171   79   6    184    25
172   26   5    20    142
173   98   4    148    88
174   161   6    120    189
175   23   7    86    354
176   139   5    4    344
177   49   2    52    438
178   9   7    134    341
179   19   5    98    180
180   137   4    98    413
181   24   3    173    142
182   151   4    61    493
183   162   4    51    95
184   144   6    102    173
185   123   5    194    57
186   71   6    199    210
187   149   3    140    347
188   19   7    2    235
189   135   4    162    210
190   104   7    16    32
191   181   5    66    295
192   62   3    198    470
193   171   4    67    264
194   128   3    192    423
195   24   7    48    80
196   49   6    155    495
197   69   5    32    321
198   170   3    11    162
199   54   4    160    301
200   78   5    81    438
201   127   2    59    478
202   126   2    122    77
203   129   5    14    111
204   199   7    198    46
205   141   3    171    171
206   169   5    152    454
207   174   2    63    71
208   84   6    82    488
209   134   3    152    267
210   172   4    119    478
211   133   2    119    461
212   134   2    165    466
213   142   2    51    222
214   35   7    6    396
215   9   5    71    22
216   150   2    19    1
217   161   6    152    124
218   117   5    49    326
219   10   6    185    192
220   118   3    150    332
221   90   6    199    255
222   177   4    173    296
223   20   3    93    60
224   183   5    85    330
225   160   5    9    147
226   64   4    178    213
227   180   5    75    294
228   3   6    107    51
229   36   3    67    64
230   1   6    137    458
231   203   7    166    165
232   41   5    72    85
233   54   5    113    282
234   116   5    191    188
235   113   3    84    347
236   108   2    77    153
237   120   6    134    85
238   208   6    113    398
239   40   4    50    256
240   59   3    75    481
241   154   3    98    225
242   30   4    114    291
243   185   5    186    398
244   151   2    150    398
245   185   4    17    228
246   111   6    69    315
247   15   5    1    441
248   159   3    17    467
249   42   7    171    312
250   201   5    87    157
251   142   4    193    54
252   228   4    81    344
253   51   6    145    210
254   56   6    164    211
255   200   6    57    71
256   52   3    5    45
257   222   7    32    314
258   64   5    164    385
259   142   2    140    140
260   172   5    130    496
261   253   4    192    174
262   247   4    17    80
263   94   6    7    57
264   125   3    52    260
265   37   3    139    83
266   168   4    139    59
267   28   7    26    194
268   107   7    103    288
269   116   7    106    211
270   120   6    131    398
271   64   3    146    438
272   186   5    65    211
273   46   5    175    371
274   167   2    156    379
275   138   6    72    461
276   32   4    31    267
277   11   7    55    285
278   215   3    175    385
279   108   3    185    334
280   275   2    67    425
281   139   6    115    382
282   102   5    46    316
283   61   3    33    158
284   202   3    102    31
285   200   6    163    18
286   89   3    173    152
287   44   6    18    104
288   94   5    188    314
289   87   5    10    238
290   60   5    93    175
291   77   5    31    162
292   183   5    84    318
293   207   7    130    380
294   256   3    152    139
295   290   2    57    428
296   195   4    188    77
297   279   7    79    195
298   7   2    32    404
299   97   7    148    2
300   118   2    134    448
301   192   3    170    214
302   200   6    165    295
303   186   7    180    253
304   89   7    74    234
305   7   3    195    15
306   125   2    81    100
307   153   3    167    236
308   144   7    25    450
309   80   6    62    462
310   234   6    21    80
311   282   3    80    252
312   251   5    96    342
313   201   7    15    205
314   23   3    112    158
315   113   2    151    221
316   308   6    160    229
317   176   4    92    295
318   53   3    45    462
319   298   6    110    90
320   274   7    147    394
321   59   2    72    217
322   225   3    85    263
323   212   5    1    239
324   167   7    179    46
325   285   3    40    10
326   98   5    48    418
327   62   5    130    66
328   300   6    104    389
329   95   5    136    397
330   146   5    133    375
331   232   7    56    312
332   284   2    43    401
333   44   7    94    177
334   135   2    90    329
335   238   4    119    341
336   232   4    5    100
337   245   7    43    203
338   104   2    192    61
339   334   7    54    433
340   72   3    112    124
341   38   7    112    278
342   66   3    2    358
343   69   5    189    205
344   327   3    90    320
345   270   3    134    80
346   122   3    58    369
347   245   5    76    455
348   214   2    12    108
349   298   4    190    171
350   104   4    46    217
351   58   4    169    125
352   130   5    9    365
353   322   2    49    150
354   330   2    19    251
355   209   4    69    277
356   145   2    70    225
357   50   7    28    383
358   197   2    180    254
359   16   5    162    251
360   119   5    159    218
361   259   7    4    249
362   220   6    19    459
363   251   7    191    50
364   48   2    39    153
365   156   7    183    373
366   135   4    58    464
367   24   5    44    127
368   192   5    4    64
369   117   6    125    312
370   145   3    44    466
371   314   2    86    60
372   320   4    9    462
373   26   4    110    493
374   269   3    192    263
375   29   7    96    17
376   131   7    143    173
377   316   5    139    39
378   302   4    47    495
379   133   2    34    281
380   142   7    73    154
381   152   7    147    341
382   120   5    188    226
383   60   3    175    2
384   137   2    76    4
385   225   2    192    416
386   338   6    163    289
387   69   2    70    40
388   377   7    93    411
389   69   5    193    148
390   120   4    72    385
391   305   2    29    187
392   57   7    130    429
393   340   5    26    243
394   360   2    74    121
395   87   7    24    120
396   184   3    27    77
397   292   3    144    300
398   146   5    150    97
399   151   5    175    429
400   36   5    56    460
401   176   4    62    314
402   348   6    6    127
403   349   7    8    301
404   81   4    55    304
405   7   2    97    249
406   138   5    27    357
407   196   2    51    379
408   48   2    76    83
409   46   7    6    85
410   136   5    41    165
411   56   4    195    38
412   216   6    78    343
413   71   7    96    33
414   157   3    155    315
415   253   2    145    111
416   83   2    24    276
417   88   4    87    405
418   236   6    64    11
419   406   3    10    313
420   118   4    74    488
421   228   5    59    344
422   110   2    99    139
423   32   6    60    13
424   49   7    161    460
425   253   7    136    117
426   90   3    198    302
427   20   3    111    293
428   120   2    94    394
429   198   7    187    369
430   214   3    51    71
431   55   5    25    80
432   117   2    124    174
433   147   3    116    18
434   212   5    87    201
435   230   2    32    319
436   190   3    168    389
437   375   3    16    227
438   74   3    91    261
439   87   2    51    165
440   38   3    26    492
441   293   6    26    237
442   372   4    182    248
443   96   2    36    134
444   170   5    85    166
445   149   3    122    19
446   379   6    34    12
447   234   6    64    485
448   100   6    154    117
449   14   5    5    301
450   308   2    104    298
451   49   7    106    89
452   78   5    15    344
453   176   3    93    1
454   44   2    153    293
455   157   2    74    370
456   312   4    177    458
457   276   7    38    332
458   211   2    114    71
459   85   4    119    262
460   124   2    93    246
461   7   2    89    283
462   248   5    87    258
463   305   2    4    261
464   424   3    113    404
465   88   4    153    414
466   396   3    134    98
467   273   3    12    438
468   288   4    57    58
469   350   6    89    152
470   333   5    135    80
471   376   5    175    153
472   216   7    176    489
473   354   3    73    486
474   321   4    143    305
475   196   5    191    251
476   244   6    139    449
477   446   4    139    324
478   144   7    16    54
479   7   4    74    306
480   239   7    74    334
481   3   4    86    157
482   478   5    94    226
483   115   5    118    142
484   121   2    157    322
485   417   3    166    219
486   124   4    38    303
487   16   7    173    367
488   120   3    27    184
489   197   4    198    298
490   5   4    41    493
491   66   2    88    192
492   219   6    118    441
493   365   3    47    118
494   461   3    130    275
495   177   6    169    261
496   151   3    180    476
497   257   7    169    68
498   6   4    96    366
499   280   6    170    305
500   165   3    189    337
501   232   7    96    438
502   84   6    157    135
503   255   6    155    56
504   414   3    79    341
505   359   6    48    483
506   251   6    199    345
507   308   5    139    307
508   291   3    142    432
509   361   4    106    303
510   477   5    83    374
511   77   3    84    414
512   486   7    178    71
513   170   6    84    260
514   460   2    26    19
515   379   6    139    232
516   499   4    155    169
517   320   3    3    39
518   339   6    14    1
519   457   7    62    411
520   311   6    196    460
521   13   5    48    408
522   77   6    41    467
523   304   6    140    169
524   113   6    3    11
525   321   5    47    125
526   442   5    161    457
527   223   7    78    496
528   349   4    149    207
529   30   3    26    98
530   382   2    123    244
531   355   4    27    459
532   349   5    169    355
533   204   2    141    54
534   502   2    82    448
535   363   7    42    18
536   404   5    176    168
537   26   6    117    245
538   462   3    105    395
539   39   6    80    106
540   70   6    123    43
541   359   5    86    262
542   18   4    119    77
543   168   3    139    490
544   480   4    7    356
545   205   3    113    313
546   196   3    135    64
547   99   7    76    475
548   471   4    96    389
549   315   4    38    225
550   242   7    157    425
551   261   7    119    295
552   158   5    126    146
553   488   3    149    245
554   370   7    26    110
555   34   2    109    276
556   77   7    104    8
557   336   3    29    156
558   110   7    47    416
559   110   7    50    362
560   408   4    57    10
561   310   7    74    176
562   383   7    23    302
563   493   5    10    32
564   287   4    123    463
565   514   4    23    14
566   283   2    156    174
567   411   6    169    376
568   126   5    184    113
569   397   6    164    361
570   29   7    169    238
571   366   6    120    469
572   382   3    119    96
573   238   5    65    324
574   27   7    9    280
575   215   3    111    400
576   542   7    124    27
577   298   4    145    158
578   527   2    154    371
579   381   2    14    325
580   521   3    75    217
581   402   7    102    241
582   71   6    93    190
583   473   5    186    87
584   384   7    68    396
585   402   5    26    274
586   12   2    124    391
587   286   5    170    474
588   462   2    142    26
589   203   5    38    179
590   34   4    146    280
591   19   2    99    401
592   248   6    123    182
593   253   2    17    303
594   127   3    137    22
595   537   7    191    285
596   502   5    170    156
597   447   4    47    404
598   164   2    35    268
599   277   2    141    385
600   71   7    65    6
601   346   6    197    224
602   40   4    116    372
603   78   4    151    123
604   367   5    71    64
605   401   3    57    125
606   138   5    198    363
607   208   4    191    229
608   325   7    193    230
609   286   3    125    126
610   554   6    142    120
611   566   5    124    363
612   495   3    66    159
613   101   7    72    58
614   467   6    3    299
615   132   5    151    206
616   422   7    195    209
617   306   6    185    68
618   442   3    14    245
619   583   7    110    102
620   318   5    172    192
621   26   5    58    25
622   24   3    183    453
623   190   5    125    485
624   65   7    105    414
625   138   5    38    456
626   575   3    124    63
627   549   2    43    214
628   498   7    199    46
629   146   2    100    238
630   76   3    63    380
631   583   5    110    78
632   494   3    51    314
633   70   6    187    109
634   407   3    128    240
635   461   7    82    399
636   159   6    146    499
637   462   4    182    112
638   300   2    38    40
639   370   6    185    387
640   205   2    126    167
641   504   2    180    3
642   200   7    49    1
643   335   6    185    259
644   56   6    97    121
645   152   5    171    99
646   38   4    20    145
647   63   4    180    163
648   3   6    130    390
649   432   4    64    148
650   614   5    4    330
651   169   6    174    437
652   302   3    169    28
653   102   7    192    431
654   209   6    161    205
655   58   3    167    271
656   534   4    11    489
657   106   4    32    405
658   433   7    158    293
659   2   7    47    2
660   301   7    28    398
661   322   3    135    421
662   33   7    176    325
663   614   3    47    242
664   455   3    75    43
665   88   4    133    272
666   259   4    133    317
667   359   6    141    283
668   602   5    18    45
669   161   6    23    87
670   631   4    57    39
671   367   6    165    48
672   288   5    115    347
673   592   7    19    473
674   328   7    156    55
675   529   6    180    2
676   102   2    22    347
677   594   4    112    333
678   577   6    194    461
679   347   2    31    333
680   260   3    181    93
681   81   3    163    463
682   138   6    86    402
683   375   6    176    33
684   49   2    176    292
685   92   4    144    59
686   64   7    156    173
687   122   4    45    137
688   627   7    106    149
689   96   7    50    185
690   667   3    52    449
691   208   4    81    468
692   523   4    140    339
693   667   2    61    220
694   138   5    193    300
695   686   3    186    457
696   107   2    30    119
697   250   4    106    444
698   365   2    170    217
699   466   4    74    38
700   40   2    186    76
701   543   3    49    207
702   617   5    160    21
703   481   7    124    498
704   352   5    74    236
705   71   6    11    142
706   149   4    57    411
707   559   7    17    402
708   674   5    184    317
709   621   3    104    397
710   185   5    56    319
711   243   3    139    138
712   634   5    110    273
713   499   5    53    330
714   403   6    88    125
715   387   3    131    305
716   626   2    15    222
717   181   2    145    455
718   72   4    18    482
719   185   7    80    126
720   437   2    118    213
721   306   5    149    446
722   665   4    72    346
723   621   6    118    98
724   253   5    151    320
725   538   4    173    370
726   513   2    86    124
727   620   5    51    1
728   265   6    183    455
729   604   3    30    488
730   684   4    153    122
731   280   7    198    336
732   571   5    17    340
733   270   4    170    392
734   371   5    125    289
735   561   7    174    168
736   551   7    151    315
737   457   3    163    460
738   717   4    8    177
739   225   3    135    266
740   503   5    105    203
741   382   5    25    27
742   65   2    179    135
743   70   2    167    230
744   630   3    61    305
745   357   3    27    57
746   568   6    26    272
747   407   2    154    99
748   459   3    184    459
749   403   3    82    114
750   606   7    8    103
751   296   3    39    453
752   87   3    69    255
753   393   2    163    375
754   509   2    49    408
755   216   3    130    204
756   608   2    198    287
757   275   4    74    209
758   740   7    6    75
759   646   6    2    225
760   683   6    84    467
761   599   5    187    347
762   414   5    54    456
763   320   2    84    225
764   527   3    157    217
765   646   7    166    140
766   696   4    180    88
767   6   6    59    401
768   165   3    84    59
769   483   6    104    249
770   403   3    2    372
771   30   4    109    158
772   390   4    146    377
773   389   5    2    242
774   173   5    165    194
775   324   7    139    221
776   551   7    49    70
777   563   4    173    424
778   367   2    9    156
779   96   2    152    18
780   343   4    171    18
781   628   5    102    22
782   332   6    98    335
783   142   7    195    162
784   273   4    53    219
785   191   5    39    473
786   708   3    149    182
787   659   3    99    110
788   36   4    193    281
789   664   2    10    312
790   730   3    153    425
791   120   3    171    318
792   755   4    65    165
793   295   7    41    161
794   718   2    121    449
795   782   2    50    279
796   501   5    5    26
797   593   3    74    267
798   320   7    188    150
799   53   7    199    166
800   375   5    102    185
801   3   2    118    24
802   401   5    44    217
803   348   6    19    27
804   187   6    3    9
805   280   5    9    20
806   690   6    175    56
807   325   2    60    10
808   736   7    11    47
809   77   6    138    29
810   450   5    166    120
811   215   3    119    287
812   469   4    120    437
813   318   7    154    455
814   35   7    38    396
815   296   7    59    403
816   735   2    119    300
817   707   5    85    306
818   607   7    158    131
819   289   2    139    279
820   110   7    170    75
821   275   7    131    156
822   692   7    77    281
823   410   3    24    55
824   177   4    127    414
825   144   3    134    431
826   691   2    143    460
827   123   7    157    206
828   80   2    151    308
829   110   6    146    90
830   525   2    8    123
831   637   2    10    250
832   17   5    134    281
833   55   5    177    81
834   755   2    80    189
835   32   5    86    53
836   177   5    199    471
837   582   3    66    56
838   626   5    52    479
839   530   5    60    337
840   115   7    16    209
841   471   7    128    471
842   803   4    187    240
843   583   6    139    11
844   676   2    192    210
845   233   3    9    262
846   51   7    170    122
847   144   2    102    292
848   458   5    105    84
849   838   4    188    171
850   71   4    196    173
851   590   7    84    50
852   354   2    197    332
853   537   4    22    120
854   197   4    89    97
855   396   6    146    389
856   465   6    189    398
857   465   2    123    463
858   337   2    22    342
859   830   3    149    368
860   828   2    120    76
861   361   6    146    250
862   498   4    22    432
863   308   4    191    183
864   104   5    35    190
865   69   4    84    64
866   757   3    103    417
867   540   7    72    424
868   163   3    74    63
869   207   5    183    184
870   19   7    166    40
871   781   2    75    182
872   249   3    174    496
873   250   3    173    132
874   265   3    90    254
875   114   2    1    206
876   792   3    136    429
877   269   7    121    277
878   155   5    67    76
879   502   2    194    340
880   393   3    22    290
881   355   4    147    354
882   148   3    68    119
883   119   3    8    177
884   141   3    77    111
885   339   5    46    78
886   357   6    14    334
887   277   5    56    26
888   674   7    177    135
889   803   7    121    429
890   801   4    72    232
891   745   6    21    66
892   344   3    96    300
893   717   3    199    124
894   423   3    98    173
895   726   5    166    477
896   646   2    127    156
897   848   2    198    400
898   335   3    75    244
899   15   5    84    408
900   547   5    160    176
901   556   5    103    256
902   677   7    166    386
903   71   3    71    86
904   630   4    193    333
905   287   7    34    439
906   261   3    167    403
907   54   7    41    348
908   80   3    144    189
909   112   7    141    50
910   615   4    161    24
911   909   3    47    84
912   79   5    141    295
913   751   4    173    298
914   757   5    119    363
915   731   6    145    495
916   230   2    165    187
917   188   4    21    192
918   92   6    23    169
919   91   4    73    468
920   426   7    158    237
921   503   4    26    107
922   804   3    173    156
923   888   4    74    331
924   413   2    105    82
925   367   3    163    410
926   586   3    117    396
927   856   7    26    153
928   196   3    71    147
929   24   4    55    426
930   350   4    83    461
931   11   7    105    481
932   862   7    132    30
933   548   4    136    265
934   434   6    46    82
935   717   2    88    180
936   668   6    54    497
937   74   7    13    39
938   609   5    158    422
939   909   2    92    302
940   149   7    4    383
941   339   4    155    15
942   853   3    148    139
943   333   2    98    209
944   68   4    131    275
945   253   4    87    22
946   212   2    180    313
947   462   5    131    367
948   545   5    139    445
949   709   5    29    173
950   680   3    94    209
951   825   5    108    3
952   758   7    178    494
953   522   4    124    329
954   631   6    83    169
955   816   5    172    225
956   834   2    123    253
957   767   5    56    59
958   636   2    130    458
959   945   4    47    413
960   547   5    189    59
961   917   5    75    170
962   427   6    16    182
963   472   6    170    268
964   886   5    131    11
965   516   4    92    336
966   91   4    82    98
967   591   4    43    50
968   872   4    189    316
969   756   7    19    50
970   108   3    85    91
971   180   6    124    23
972   733   4    111    142
973   825   6    27    57
974   599   2    139    124
975   673   5    190    293
976   386   5    139    30
977   398   2    6    192
978   705   2    93    335
979   95   6    194    382
980   624   3    193    395
981   74   7    1    317
982   367   4    139    295
983   35   2    168    184
984   74   6    156    171
985   947   5    54    260
986   670   5    82    48
987   838   2    197    301
988   104   5    104    277
989   732   2    167    389
990   60   6    118    299
991   351   7    186    97
992   75   7    86    86
993   978   7    127    365
994   696   2    37    446
995   770   2    39    455
996   508   6    147    135
997   399   2    35    119
998   297   3    141    284
999   707   7    143    219
1000   83   7    82    82
1001   171   7    144    382
1002   464   4    187    480
1003   877   6    5    217
1004   64   3    158    162
1005   16   4    143    130
1006   609   3    132    280
1007   117   2    33    359
1008   767   5    1    104
1009   311   5    187    41
1010   528   7    101    1
1011   120   5    170    238
1012   791   3    173    393
1013   946   6    67    467
1014   462   4    66    363
1015   329   4    16    113
1016   771   2    88    222
1017   502   2    135    127
1018   587   6    170    458
1019   794   7    32    416
1020   496   7    2    298
1021   833   2    48    318
1022   944   7    125    386
1023   279   3    133    249
1024   610   2    18    169
1025   506   6    169    153
1026   886   4    57    309
1027   588   4    33    176
1028   457   4    131    176
1029   454   2    193    467
1030   995   5    147    395
1031   493   4    183    364
1032   428   4    122    146
1033   1024   2    27    141
1034   765   5    175    69
1035   194   7    30    117
1036   596   5    158    406
1037   437   2    150    370
1038   754   2    14    204
1039   159   7    111    84
1040   649   4    136    317
1041   519   3    196    454
1042   780   6    34    373
1043   923   6    116    453
1044   699   2    179    160
1045   364   5    50    416
1046   449   3    190    309
1047   527   7    97    395
1048   90   2    90    215
1049   996   6    179    307
1050   832   2    94    377
1051   619   6    97    441
1052   577   3    97    185
1053   727   7    147    155
1054   520   4    5    296
1055   531   7    140    416
1056   382   4    21    127
1057   660   3    8    147
1058   484   7    51    228
1059   639   3    24    453
1060   287   6    47    464
1061   384   7    27    269
1062   538   6    112    309
1063   579   7    111    139
1064   852   7    186    173
1065   673   4    164    426
1066   448   4    113    369
1067   291   6    167    239
1068   421   3    25    436
1069   750   2    188    376
1070   12   3    56    232
1071   624   5    25    347
1072   770   7    154    422
1073   1054   2    77    422
1074   216   5    140    377
1075   731   5    114    361
1076   236   6    96    321
1077   434   3    14    377
1078   253   7    31    461
1079   17   3    93    3
1080   617   3    68    447
1081   441   2    75    70
1082   558   6    50    265
1083   994   3    35    174
1084   37   3    139    354
1085   1046   2    131    141
1086   551   3    104    32
1087   274   6    72    376
1088   622   4    60    126
1089   706   5    188    447
1090   673   4    93    455
1091   90   7    151    250
1092   14   7    9    132
1093   626   3    107    56
1094   395   2    110    159
1095   394   6    63    298
1096   341   2    142    83
1097   88   2    84    180
1098   433   5    160    185
1099   220   5    86    286
1100   653   5    115    148
1101   1004   6    75    490
1102   770   5    93    125
1103   885   6    172    93
1104   727   5    131    368
1105   128   5    48    445
1106   555   4    18    248
1107   445   3    116    333
1108   785   6    178    474
1109   880   3    7    205
1110   1053   6    7    487
1111   984   5    85    115
1112   407   5    174    225
1113   556   5    10    126
1114   774   3    129    434
1115   332   5    153    465
1116   699   2    175    498
1117   321   2    119    176
1118   624   6    174    314
1119   1050   2    173    43
1120   189   4    19    177
1121   311   4    116    206
1122   835   3    78    45
1123   152   4    105    161
1124   103   6    24    249
1125   922   3    93    39
1126   469   4    6    394
1127   3   3    55    270
1128   602   6    50    184
1129   700   5    23    45
1130   529   4    132    449
1131   660   5    174    424
1132   629   4    162    234
1133   562   5    50    243
1134   991   3    66    458
1135   962   3    17    92
1136   819   7    159    86
1137   511   3    66    13
1138   757   5    182    186
1139   317   6    73    417
1140   653   7    58    412
1141   1087   6    164    231
1142   1105   4    121    393
1143   101   2    191    309
1144   99   7    55    458
1145   699   7    118    227
1146   252   5    39    388
1147   366   2    183    286
1148   681   3    142    403
1149   601   6    178    38
1150   988   3    118    398
1151   665   7    23    330
1152   895   3    116    41
1153   931   4    65    252
1154   414   5    124    194
1155   471   7    61    56
1156   790   4    127    116
1157   352   2    42    341
1158   70   4    77    209
1159   777   3    52    394
1160   1117   3    4    334
1161   634   3    168    332
1162   571   5    161    409
1163   650   5    32    184
1164   198   2    80    157
1165   43   6    102    262
1166   306   5    55    255
1167   1102   7    185    448
1168   344   7    130    199
1169   622   2    1    437
1170   1168   5    54    374
1171   139   3    126    185
1172   99   5    112    303
1173   254   3    188    286
1174   321   7    42    255
1175   969   3    50    156
1176   564   5    67    496
1177   999   4    94    334
1178   869   3    45    387
1179   956   4    35    43
1180   726   3    20    372
1181   457   3    193    103
1182   580   3    102    265
1183   276   4    15    100
1184   449   3    141    286
1185   277   4    110    209
1186   167   3    177    339
1187   848   3    152    435
1188   647   2    110    439
1189   470   4    83    80
1190   217   6    43    48
1191   174   3    89    170
1192   732   3    111    86
1193   1034   3    50    299
1194   20   4    125    160
1195   346   3    86    244
1196   3   5    107    47
1197   673   5    71    250
1198   970   7    48    26
1199   661   2    169    215
1200   1095   5    181    233
1201   798   4    141    235
1202   918   4    40    369
1203   992   5    110    98
1204   548   7    188    199
1205   459   7    46    86
1206   530   6    16    138
1207   852   7    38    150
1208   1015   7    43    233
1209   7   5    105    227
1210   933   5    20    267
1211   507   5    132    461
1212   240   2    156    465
1213   69   6    33    182
1214   826   6    83    317
1215   395   2    89    254
1216   924   3    171    15
1217   826   5    110    342
1218   1196   7    149    166
1219   771   4    75    46
1220   626   6    124    422
1221   953   2    191    468
1222   829   2    21    301
1223   315   2    64    307
1224   646   2    159    307
1225   976   7    179    367
1226   209   2    84    219
1227   1051   6    120    99
1228   260   4    144    7
1229   322   6    141    172
1230   37   5    148    474
1231   166   6    197    58
1232   136   5    171    121
1233   503   7    19    62
1234   576   4    10    335
1235   353   7    75    237
1236   676   5    85    491
1237   950   6    192    181
1238   410   2    4    490
1239   723   6    75    232
1240   1151   6    39    202
1241   107   6    111    254
1242   722   3    116    428
1243   1124   3    106    243
1244   541   2    11    442
1245   1159   5    116    382
1246   215   5    120    361
1247   909   7    129    29
1248   579   3    72    313
1249   491   5    171    89
1250   735   6    65    237
1251   589   7    36    152
1252   384   5    39    271
1253   539   2    168    474
1254   1038   2    121    259
1255   583   4    61    109
1256   14   5    103    379
1257   395   5    110    214
1258   63   2    32    374
1259   776   5    92    310
1260   691   5    48    362
1261   1152   4    165    324
1262   848   4    187    90
1263   778   5    53    416
1264   1103   4    101    341
1265   1110   7    151    249
1266   1129   6    22    134
1267   817   4    1    298
1268   591   5    116    43
1269   588   2    146    181
1270   699   4    121    265
1271   53   6    139    372
1272   608   2    25    470
1273   328   3    166    153
1274   1042   3    153    37
1275   1081   7    187    197
1276   1004   6    111    452
1277   321   2    22    211
1278   981   4    93    262
1279   1147   3    123    288
1280   943   7    195    262
1281   967   4    145    216
1282   876   7    130    81
1283   538   2    186    455
1284   822   7    129    124
1285   405   2    196    63
1286   937   7    151    198
1287   1206   4    43    488
1288   941   5    127    416
1289   1047   2    67    91
1290   1109   5    167    399
1291   670   6    87    50
1292   318   6    1    250
1293   690   7    8    351
1294   129   2    78    227
1295   1140   6    105    340
1296   216   2    40    497
1297   1031   3    99    376
1298   221   4    63    408
1299   817   6    33    337
1300   838   4    65    245
1301   79   3    47    453
1302   765   6    75    125
1303   967   6    157    125
1304   951   5    177    371
1305   743   5    111    321
1306   711   2    126    398
1307   504   5    174    316
1308   433   6    78    453
1309   631   5    44    30
1310   736   2    67    147
1311   571   3    160    447
1312   513   5    125    441
1313   643   6    34    347
1314   959   2    83    236
1315   1022   4    36    438
1316   261   3    168    20
1317   1283   2    56    13
1318   507   7    43    419
1319   1025   7    62    209
1320   422   3    172    200
1321   790   4    145    59
1322   690   2    156    26
1323   423   7    181    239
1324   906   3    96    169
1325   1140   4    90    258
1326   456   2    66    159
1327   90   3    22    312
1328   1222   4    112    421
1329   627   2    134    56
1330   819   5    81    231
1331   1283   5    190    241
1332   208   5    165    215
1333   483   6    56    428
1334   888   6    142    366
1335   811   4    59    85
1336   767   7    40    178
1337   887   4    1    483
1338   662   3    54    40
1339   800   2    191    418
1340   1156   2    142    54
1341   1153   7    114    154
1342   1182   6    159    112
1343   749   3    71    491
1344   3   6    13    297
1345   1076   5    99    329
1346   543   7    177    235
1347   246   2    30    141
1348   599   6    199    116
1349   635   3    194    312
1350   154   2    22    486
1351   639   3    175    314
1352   882   5    14    114
1353   249   7    97    150
1354   246   4    167    336
1355   1133   4    117    295
1356   942   7    162    160
1357   1239   4    62    88
1358   352   4    176    121
1359   520   5    77    498
1360   1222   2    102    133
1361   1280   2    47    40
1362   908   3    13    489
1363   48   3    142    471
1364   1217   6    151    423
1365   787   3    89    231
1366   158   6    65    231
1367   972   2    15    221
1368   961   3    133    431
1369   630   2    139    424
1370   897   2    163    448
1371   309   4    124    54
1372   506   6    42    208
1373   28   6    56    368
1374   253   7    195    149
1375   586   7    54    70
1376   343   3    117    282
1377   1043   4    68    325
1378   275   3    60    401
1379   897   5    99    206
1380   269   5    56    336
1381   524   6    94    485
1382   277   4    163    156
1383   1313   7    152    296
1384   1247   2    83    471
1385   323   5    96    398
1386   1189   3    80    441
1387   618   5    101    169
1388   735   6    177    376
1389   1253   4    116    492
1390   619   6    182    196
1391   1010   5    76    169
1392   128   4    104    124
1393   977   4    120    200
1394   439   3    67    432
1395   751   6    171    478
1396   1079   2    146    199
1397   541   2    82    436
1398   918   2    6    432
1399   1128   4    42    307
1400   1209   7    15    211
1401   1083   5    97    402
1402   863   2    30    68
1403   31   4    68    128
1404   171   7    15    186
1405   1091   4    137    273
1406   487   3    115    455
1407   1053   3    45    457
1408   172   4    48    498
1409   7   2    160    140
1410   431   2    73    80
1411   1247   4    39    428
1412   1092   5    121    436
1413   1247   5    85    240
1414   746   6    127    199
1415   218   4    78    97
1416   1079   4    117    462
1417   1194   2    138    88
1418   206   2    185    283
1419   487   7    55    104
1420   62   4    195    69
1421   882   7    194    162
1422   748   4    26    213
1423   1009   2    130    224
1424   544   3    111    75
1425   1169   2    68    290
1426   305   2    152    268
1427   996   2    175    498
1428   530   5    87    115
1429   931   3    41    98
1430   759   6    181    451
1431   1302   5    6    379
1432   597   7    109    416
1433   391   6    178    410
1434   729   7    48    92
1435   53   2    14    170
1436   549   6    174    63
1437   271   2    168    76
1438   539   3    89    13
1439   1010   3    83    162
1440   1007   4    161    209
1441   745   4    164    405
1442   1094   6    56    121
1443   543   4    189    194
1444   562   7    42    271
1445   1398   3    144    218
1446   1289   5    122    247
1447   513   7    52    413
1448   239   3    123    427
1449   189   5    67    49
1450   82   7    114    49
1451   685   3    152    210
1452   423   5    98    57
1453   388   2    70    239
1454   1253   7    102    495
1455   979   7    172    92
1456   997   2    170    144
1457   1141   2    25    252
1458   278   7    52    149
1459   68   3    123    22
1460   568   2    117    63
1461   10   7    60    29
1462   832   5    174    258
1463   1079   4    133    279
1464   150   6    62    177
1465   626   7    188    230
1466   344   4    86    20
1467   387   4    115    200
1468   116   4    162    402
1469   114   6    196    103
1470   150   5    137    197
1471   664   5    196    15
1472   1420   3    66    181
1473   1384   5    50    267
1474   781   3    152    120
1475   242   3    121    40
1476   846   4    187    137
1477   1281   6    81    218
1478   564   3    155    378
1479   1423   2    90    492
1480   183   6    189    356
1481   1444   4    63    328
1482   244   5    6    114
1483   75   6    169    68
1484   1076   5    110    47
1485   279   7    168    14
1486   173   2    180    126
1487   964   3    126    356
1488   1131   5    50    291
1489   997   5    104    464
1490   884   2    148    143
1491   1215   6    72    10
1492   117   7    147    12
1493   751   2    100    118
1494   1111   5    45    233
1495   80   2    82    234
1496   1154   5    26    245
1497   106   6    117    99
1498   333   2    133    314
1499   823   4    85    285
1500   1099   6    38    218
1501   98   6    129    309
1502   682   5    7    382
1503   1426   5    30    89
1504   316   5    111    63
1505   299   6    141    210
1506   269   2    20    12
1507   309   2    75    492
1508   38   3    36    315
1509   827   3    199    95
1510   849   6    145    7
1511   651   6    23    443
1512   547   4    14    455
1513   618   5    184    244
1514   209   6    95    417
1515   1030   4    162    150
1516   529   2    81    499
1517   1293   7    108    177
1518   1046   4    69    44
1519   454   3    153    112
1520   438   2    64    122
1521   1437   7    28    224
1522   999   3    49    65
1523   1172   7    111    313
1524   1092   5    189    222
1525   133   5    63    239
1526   697   5    67    412
1527   112   6    50    234
1528   571   5    22    418
1529   62   4    72    73
1530   693   3    8    66
1531   689   3    73    167
1532   1170   7    76    238
1533   305   7    92    70
1534   1286   7    125    119
1535   565   4    131    10
1536   241   6    61    249
1537   1295   5    73    321
1538   227   2    49    348
1539   1118   4    157    226
1540   960   2    196    270
1541   684   2    136    227
1542   17   4    173    446
1543   943   3    130    30
1544   994   4    8    107
1545   131   2    69    191
1546   1172   2    18    254
1547   685   2    103    252
1548   964   2    69    92
1549   440   6    59    301
1550   160   6    199    394
1551   308   4    107    261
1552   304   6    112    481
1553   83   4    11    79
1554   1469   7    125    184
1555   963   6    38    220
1556   691   5    180    356
1557   624   4    160    388
1558   1468   7    184    372
1559   235   2    12    193
1560   1310   6    23    205
1561   332   6    167    399
1562   1443   5    171    373
1563   1193   6    89    177
1564   72   6    69    237
1565   711   2    111    46
1566   1309   7    195    144
1567   1035   7    103    293
1568   1439   3    30    63
1569   1031   5    71    188
1570   588   7    122    319
1571   697   3    163    311
1572   52   4    55    311
1573   1003   3    199    197
1574   437   5    164    242
1575   330   3    100    38
1576   215   7    27    263
1577   702   2    187    206
1578   784   7    106    439
1579   824   6    150    220
1580   407   6    199    372
1581   769   4    23    323
1582   936   4    184    94
1583   139   6    143    217
1584   1058   4    122    163
1585   1062   3    167    169
1586   954   6    166    104
1587   1396   7    128    123
1588   941   2    191    70
1589   1241   7    29    232
1590   1384   5    60    226
1591   1420   5    3    406
1592   77   2    19    250
1593   1483   6    61    291
1594   387   5    179    461
1595   940   7    184    428
1596   729   5    192    196
1597   1136   3    199    283
1598   1289   4    168    400
1599   632   7    56    389
1600   1526   6    157    223
1601   53   3    15    363
1602   1103   7    37    354
1603   67   6    19    136
1604   788   2    37    296
1605   1137   3    144    13
1606   739   5    55    161
1607   1165   5    53    187
1608   1439   7    187    72
1609   1019   3    103    270
1610   253   4    179    395
1611   350   5    42    374
1612   140   7    154    350
1613   847   4    186    74
1614   160   6    159    150
1615   206   5    2    195
1616   14   6    143    160
1617   1400   2    63    383
1618   821   4    163    123
1619   6   7    136    141
1620   458   7    101    65
1621   1171   3    154    472
1622   242   6    25    282
1623   182   2    4    291
1624   11   2    184    480
1625   870   3    98    122
1626   727   6    181    389
1627   206   6    188    450
1628   348   6    70    488
1629   751   3    125    217
1630   1374   6    196    343
1631   574   5    22    410
1632   1389   5    102    105
1633   1157   6    198    118
1634   1059   3    127    399
1635   153   4    22    5
1636   823   6    28    148
1637   1111   5    97    205
1638   1242   6    128    352
1639   1399   2    174    446
1640   164   3    59    229
1641   707   3    31    355
1642   1387   3    54    399
1643   449   2    140    444
1644   61   2    45    147
1645   931   3    147    213
1646   1507   4    8    326
1647   835   2    1    345
1648   1264   2    47    215
1649   272   2    37    345
1650   1154   7    142    163
1651   662   4    171    56
1652   805   2    27    386
1653   789   4    101    419
1654   488   3    108    252
1655   634   7    88    22
1656   1016   7    24    438
1657   914   6    46    362
1658   1596   2    10    440
1659   1484   5    62    102
1660   851   2    150    484
1661   769   2    135    89
1662   1298   3    20    461
1663   1100   4    138    4
1664   273   5    58    417
1665   31   4    4    260
1666   297   7    171    35
1667   957   6    116    41
1668   298   4    180    475
1669   1170   2    131    405
1670   291   5    137    240
1671   743   3    109    168
1672   1569   2    35    255
1673   26   2    134    50
1674   229   6    133    322
1675   1430   6    116    413
1676   442   2    80    498
1677   426   7    167    389
1678   900   3    115    196
1679   1270   7    153    130
1680   709   2    1    409
1681   269   7    11    420
1682   14   4    178    468
1683   929   2    74    272
1684   1005   7    199    306
1685   943   7    162    134
1686   1672   5    180    452
1687   1168   7    170    28
1688   655   4    119    171
1689   805   6    35    479
1690   43   3    159    310
1691   501   3    35    207
1692   1394   7    92    152
1693   689   7    68    302
1694   1345   4    182    280
1695   427   2    138    222
1696   530   6    39    167
1697   460   7    163    409
1698   1406   4    141    310
1699   250   4    84    294
1700   948   6    15    232
1701   1191   3    96    44
1702   668   5    100    427
1703   1546   7    3    146
1704   480   4    149    346
1705   539   7    111    342
1706   1534   5    8    191
1707   1698   5    51    258
1708   113   5    16    431
1709   665   6    162    449
1710   756   7    199    377
1711   916   5    164    466
1712   300   2    198    260
1713   1046   5    15    285
1714   586   5    190    425
1715   577   7    19    338
1716   433   4    112    217
1717   965   7    165    449
1718   1008   2    167    465
1719   147   5    150    302
1720   1016   3    69    196
1721   1653   7    71    238
1722   1457   5    25    279
1723   1069   3    166    247
1724   983   5    99    157
1725   586   3    168    168
1726   1467   5    65    406
1727   383   5    108    183
1728   1243   6    147    282
1729   842   6    104    291
1730   423   5    197    225
1731   1446   7    6    267
1732   362   5    82    88
1733   781   4    69    125
1734   885   7    30    237
1735   1558   5    2    424
1736   1579   2    196    106
1737   1019   2    23    21
1738   148   2    21    158
1739   1649   3    84    331
1740   86   7    77    105
1741   1093   5    66    112
1742   956   4    162    454
1743   221   2    2    170
1744   995   4    5    49
1745   280   2    163    439
1746   895   2    184    174
1747   452   2    160    181
1748   10   2    184    245
1749   967   5    135    377
1750   1658   5    196    214
1751   425   5    185    311
1752   507   6    158    269
1753   354   5    101    408
1754   464   2    199    49
1755   1578   2    46    418
1756   1138   5    74    327
1757   644   6    192    24
1758   607   2    38    140
1759   415   2    90    148
1760   741   5    157    273
1761   981   4    175    479
1762   191   3    181    479
1763   618   4    122    80
1764   4   2    61    21
1765   1359   4    194    194
1766   653   2    26    498
1767   374   2    24    66
1768   1088   4    110    332
1769   1301   4    154    394
1770   1153   2    141    349
1771   32   6    29    362
1772   1165   6    12    78
1773   207   6    76    308
1774   1220   5    135    270
1775   1118   6    175    480
1776   1157   4    15    477
1777   1084   3    23    468
1778   1137   7    82    275
1779   1297   2    166    290
1780   329   2    183    299
1781   635   2    50    315
1782   1519   7    199    404
1783   690   3    105    154
1784   1242   2    99    58
1785   250   7    73    445
1786   643   6    140    483
1787   908   3    165    445
1788   380   5    153    263
1789   1003   3    149    239
1790   940   6    161    125
1791   942   3    51    170
1792   339   6    2    432
1793   445   5    100    157
1794   36   4    36    405
1795   1673   7    150    106
1796   448   3    87    495
1797   1276   5    185    483
1798   100   2    16    464
1799   1345   7    102    17
1800   274   6    38    482
1801   263   5    55    152
1802   1516   6    137    208
1803   1318   4    96    134
1804   940   3    78    222
1805   1612   2    158    288
1806   176   5    146    32
1807   614   2    165    49
1808   1136   3    130    25
1809   497   7    196    76
1810   1322   2    8    84
1811   1274   2    86    363
1812   343   3    119    179
1813   668   3    144    390
1814   886   6    52    25
1815   1362   3    158    237
1816   724   3    58    342
1817   1789   2    137    439
1818   1635   5    171    477
1819   784   3    76    126
1820   1311   4    30    290
1821   1378   2    145    207
1822   527   2    96    203
1823   145   5    132    314
1824   1242   6    98    396
1825   557   7    1    475
1826   1211   4    120    400
1827   1380   4    152    457
1828   579   5    3    44
1829   471   4    90    256
1830   34   2    62    322
1831   967   5    72    463
1832   1249   5    12    181
1833   557   2    117    469
1834   411   2    3    204
1835   1139   5    167    230
1836   1031   4    166    271
1837   1394   4    127    85
1838   593   4    54    61
1839   1653   6    100    425
1840   1135   4    5    476
1841   207   2    99    129
1842   1703   7    178    215
1843   1394   5    48    103
1844   582   4    52    233
1845   609   2    106    463
1846   1513   4    52    380
1847   93   5    105    101
1848   272   7    119    450
1849   1664   2    85    316
1850   215   5    191    158
1851   759   4    110    302
1852   1748   7    169    153
1853   997   4    69    254
1854   432   6    3    285
1855   1096   7    162    282
1856   1330   7    114    73
1857   42   2    49    430
1858   860   2    6    70
1859   881   4    30    85
1860   361   2    64    405
1861   147   6    70    219
1862   1755   4    67    344
1863   371   7    75    78
1864   828   7    78    277
1865   1420   5    65    2
1866   1072   4    154    127
1867   1537   7    10    123
1868   566   2    45    489
1869   988   7    178    180
1870   874   3    43    100
1871   520   5    65    228
1872   897   4    161    230
1873   734   6    153    153
1874   1794   6    136    146
1875   700   5    108    31
1876   942   6    142    347
1877   1270   4    141    20
1878   1040   5    169    373
1879   1143   5    168    261
1880   1180   6    89    319
1881   1787   2    90    264
1882   686   4    98    483
1883   1877   5    148    288
1884   1639   7    72    290
1885   1303   6    30    309
1886   1691   3    8    245
1887   237   6    50    400
1888   819   5    18    369
1889   1136   2    101    457
1890   287   2    181    16
1891   1740   2    150    82
1892   938   4    115    354
1893   1684   7    46    200
1894   381   7    74    161
1895   318   4    171    181
1896   475   7    159    435
1897   92   3    161    245
1898   1653   6    166    389
1899   1523   7    129    101
1900   943   7    162    43
1901   988   3    194    235
1902   695   5    163    257
1903   296   5    165    132
1904   953   3    86    95
1905   1856   7    58    340
1906   133   6    164    350
1907   1493   7    193    215
1908   1394   6    110    113
1909   923   7    113    375
1910   1569   3    80    94
1911   72   2    10    323
1912   1694   2    162    447
1913   1044   5    58    204
1914   333   2    33    348
1915   235   4    189    473
1916   1649   6    13    321
1917   367   3    157    1
1918   1913   2    110    485
1919   3   2    180    172
1920   372   2    66    247
1921   1276   4    173    446
1922   123   5    140    79
1923   116   6    125    306
1924   1217   3    169    217
1925   1663   3    133    412
1926   121   3    158    264
1927   1236   3    180    184
1928   726   3    193    245
1929   170   2    1    49
1930   868   5    188    283
1931   714   4    53    242
1932   54   6    56    386
1933   638   6    61    183
1934   30   7    65    339
1935   1601   6    183    109
1936   1317   4    11    10
1937   1099   6    141    387
1938   603   4    110    317
1939   1471   3    44    235
1940   788   5    44    229
1941   763   4    130    126
1942   157   5    102    12
1943   13   4    47    11
1944   1851   7    110    220
1945   1154   7    90    269
1946   1251   4    186    124
1947   310   3    84    228
1948   1077   2    142    23
1949   1337   3    148    230
1950   1860   3    162    354
1951   645   4    180    484
1952   721   5    19    72
1953   482   7    98    219
1954   18   3    113    67
1955   207   5    56    122
1956   1120   4    73    19
1957   1027   5    16    288
1958   1009   4    12    224
1959   139   2    43    349
1960   1111   3    131    124
1961   1740   2    136    476
1962   984   3    185    367
1963   875   2    59    231
1964   563   6    186    150
1965   960   3    14    326
1966   1027   4    68    224
1967   1767   6    186    194
1968   297   2    110    58
1969   517   5    33    272
1970   452   3    98    118
1971   1720   2    125    444
1972   900   6    172    459
1973   840   5    55    191
1974   255   2    71    140
1975   1248   7    135    205
1976   1217   2    159    65
1977   1949   2    39    42
1978   331   3    95    7
1979   1694   5    177    306
1980   1620   5    36    309
1981   510   2    148    130
1982   410   2    6    198
1983   581   5    62    488
1984   78   4    29    6
1985   926   3    32    276
1986   1635   5    149    355
1987   507   3    138    428
1988   753   4    134    351
1989   93   7    168    360
1990   1204   7    134    215
1991   1314   5    39    325
1992   1983   3    100    473
1993   139   5    132    450
1994   757   6    95    239
1995   1189   6    93    484
1996   160   3    38    422
1997   1023   3    161    13
1998   504   6    23    138
1999   959   7    92    91
2000   576   3    192    104
2001   234   6    15    248
2002   466   2    172    219
2003   894   4    16    269
2004   543   4    187    474
2005   1813   7    92    85
2006   1407   3    52    334
2007   1459   6    75    104
2008   1393   4    157    142
2009   63   6    181    477
2010   280   4    176    219
2011   835   3    116    140
2012   1681   3    190    458
2013   1500   2    130    460
2014   1851   3    65    400
2015   42   2    65    145
2016   918   7    39    63
2017   777   6    33    90
2018   340   6    64    410
2019   764   4    135    240
2020   766   4    8    343
2021   19   3    114    467
2022   954   3    142    174
2023   1912   3    26    355
2024   1966   6    185    276
2025   297   3    131    160
2026   1620   5    61    493
2027   1999   5    2    107
2028   1649   2    124    437
2029   199   2    55    118
2030   1495   4    33    330
2031   1283   5    168    445
2032   1210   5    157    266
2033   484   3    78    416
2034   891   7    156    171
2035   1569   4    68    64
2036   1904   4    85    131
2037   803   3    125    325
2038   1203   4    112    39
2039   334   6    122    81
2040   1342   3    181    388
2041   1592   7    89    49
2042   1063   3    58    323
2043   1893   4    132    39
2044   1342   2    27    198
2045   59   3    77    187
2046   1709   7    183    104
2047   791   7    98    71
2048   1744   4    122    202
