1   0   7    9    27
2   1   4    129    436
3   1   3    112    293
4   1   2    18    285
5   1   7    47    240
6   2   2    164    473
7   3   7    69    323
8   1   6    175    79
9   2   7    111    239
10   2   5    13    485
11   2   3    106    116
12   6   4    93    74
13   8   7    15    115
14   10   7    40    77
15   7   4    166    361
16   3   6    94    36
17   14   7    67    498
18   14   6    130    299
19   13   7    45    27
20   11   7    3    139
21   16   5    43    121
22   9   6    147    103
23   11   5    189    401
24   1   2    71    90
25   2   5    122    373
26   12   7    65    320
27   13   7    142    5
28   24   3    6    386
29   3   6    59    120
30   26   2    116    172
31   1   4    59    487
32   22   4    83    481
33   10   5    24    48
34   1   5    116    400
35   18   4    25    289
36   2   6    4    291
37   35   3    181    455
38   32   7    146    403
39   29   2    149    455
40   9   3    82    427
41   33   6    119    144
42   6   4    73    205
43   1   6    96    211
44   36   7    141    159
45   2   3    7    399
46   40   5    95    24
47   21   2    28    145
48   40   7    128    180
49   27   4    88    23
50   3   3    83    442
51   33   7    175    475
52   18   5    182    127
53   15   7    147    441
54   14   7    95    146
55   30   4    50    13
56   43   3    4    287
57   49   7    137    20
58   27   2    188    364
59   17   4    109    311
60   55   5    127    391
61   30   3    188    427
62   20   6    2    475
63   56   6    95    44
64   27   2    97    77
65   61   6    174    23
66   31   7    142    375
67   7   6    97    496
68   56   4    158    416
69   6   7    101    428
70   42   3    79    423
71   16   3    17    223
72   18   7    180    489
73   25   7    94    333
74   18   5    45    234
75   5   3    84    98
76   6   4    40    488
77   60   7    69    242
78   50   4    196    325
79   60   6    101    227
80   2   2    67    363
81   61   4    133    137
82   22   3    32    302
83   23   3    79    424
84   63   6    90    443
85   60   4    152    317
86   43   3    45    26
87   55   3    56    129
88   12   2    19    276
89   78   3    4    374
90   40   7    128    443
91   75   5    74    267
92   85   6    86    199
93   9   6    31    143
94   77   4    93    389
95   3   5    71    381
96   27   6    51    84
97   88   5    43    340
98   69   3    7    453
99   1   5    3    83
100   89   5    30    477
101   79   5    55    234
102   56   3    97    244
103   101   6    168    319
104   40   5    199    176
105   96   6    105    420
106   39   5    11    366
107   4   2    36    96
108   45   3    38    69
109   13   5    22    203
110   60   2    29    189
111   42   3    183    324
112   38   5    101    200
113   64   5    14    206
114   42   3    65    202
115   61   3    157    329
116   4   2    69    55
117   89   7    162    42
118   12   7    123    466
119   89   5    97    457
120   87   5    55    85
121   55   4    60    280
122   96   2    20    20
123   41   3    192    465
124   66   6    92    430
125   36   5    23    236
126   68   4    44    363
127   94   2    47    477
128   117   5    116    250
129   74   3    78    410
130   107   6    117    427
131   112   5    81    379
132   45   7    140    80
133   44   4    47    224
134   92   3    141    34
135   46   2    92    455
136   58   5    127    27
137   83   3    4    189
138   106   3    150    255
139   106   7    58    56
140   124   4    87    332
141   50   2    93    95
142   73   2    173    364
143   129   7    41    377
144   72   4    30    406
145   35   2    104    225
146   134   4    110    236
147   88   7    149    363
148   135   7    130    169
149   79   7    185    285
150   100   5    64    218
151   41   3    25    456
152   72   4    95    194
153   9   5    155    208
154   71   4    188    111
155   15   6    59    234
156   75   2    135    33
157   23   6    127    142
158   20   7    29    249
159   116   7    119    147
160   126   5    25    234
161   33   4    21    83
162   135   6    36    386
163   130   5    86    275
164   110   5    52    28
165   83   2    47    131
166   130   4    90    299
167   48   6    23    380
168   115   6    39    11
169   103   3    135    251
170   67   7    114    56
171   106   6    169    6
172   70   6    82    132
173   7   7    195    403
174   31   3    2    159
175   25   2    178    487
176   122   2    187    29
177   108   4    91    424
178   30   5    42    270
179   49   4    97    172
180   133   7    1    260
181   20   7    165    463
182   58   3    55    319
183   60   5    103    499
184   49   7    104    20
185   124   4    130    213
186   52   2    29    393
187   31   3    43    177
188   61   5    10    354
189   34   5    135    303
190   64   5    81    88
191   40   7    160    76
192   48   2    13    16
193   68   5    3    143
194   88   4    122    412
195   7   2    99    312
196   184   5    109    121
197   2   7    175    476
198   24   4    145    129
199   38   7    121    96
200   138   7    58    407
201   29   6    171    294
202   178   4    122    17
203   123   7    145    430
204   117   2    123    331
205   165   3    48    63
206   31   4    5    436
207   11   4    145    227
208   129   4    135    250
209   7   6    136    472
210   60   3    15    231
211   159   4    158    419
212   208   5    54    65
213   144   2    61    479
214   58   7    165    388
215   130   5    28    294
216   192   2    172    234
217   103   6    119    367
218   176   4    160    327
219   30   7    65    431
220   131   2    189    429
221   55   2    171    420
222   166   6    72    263
223   20   4    144    25
224   37   4    101    437
225   76   7    34    413
226   141   2    74    57
227   158   7    77    128
228   50   5    195    474
229   175   5    2    433
230   148   2    125    3
231   115   5    73    408
232   110   4    1    204
233   193   3    62    295
234   139   2    116    210
235   217   3    181    44
236   222   2    43    92
237   1   2    18    148
238   177   7    182    184
239   84   3    183    44
240   115   3    45    321
241   207   6    137    359
242   69   6    140    8
243   53   5    37    14
244   227   6    161    437
245   223   6    145    316
246   99   5    37    374
247   75   6    144    150
248   85   6    72    281
249   169   6    23    138
250   33   6    173    465
251   228   3    139    194
252   225   6    130    188
253   96   6    182    337
254   207   2    170    82
255   30   7    36    288
256   75   6    195    208
257   179   6    56    447
258   145   2    187    311
259   34   3    199    113
260   139   6    21    130
261   108   6    164    243
262   28   4    184    122
263   161   2    164    208
264   48   3    116    208
265   12   3    77    327
266   257   7    128    375
267   122   2    1    100
268   226   5    180    70
269   109   3    37    174
270   224   6    142    290
271   97   2    114    392
272   230   6    44    314
273   228   2    38    141
274   180   3    183    4
275   211   7    28    417
276   62   7    133    104
277   117   2    110    344
278   186   2    40    128
279   51   2    32    181
280   251   5    104    489
281   269   5    86    198
282   152   7    120    332
283   187   6    26    383
284   26   6    99    438
285   179   6    21    248
286   174   4    138    113
287   39   2    103    420
288   252   2    83    168
289   29   6    162    111
290   133   7    151    499
291   220   7    186    58
292   151   5    129    460
293   24   4    171    469
294   152   7    80    73
295   134   3    168    494
296   11   7    153    302
297   279   3    133    293
298   46   3    34    459
299   222   2    28    193
300   159   3    96    397
301   43   3    82    317
302   268   3    132    146
303   44   5    39    147
304   21   5    81    116
305   214   6    113    140
306   116   3    125    259
307   170   5    193    414
308   10   7    151    249
309   192   4    169    353
310   201   7    72    57
311   9   3    84    66
312   173   7    160    487
313   108   6    85    227
314   214   4    52    381
315   6   6    68    243
316   160   4    123    226
317   249   5    84    21
318   295   3    21    125
319   226   5    184    155
320   296   7    170    167
321   310   5    92    411
322   95   5    12    276
323   128   3    89    299
324   82   2    95    368
325   249   5    77    133
326   183   2    152    395
327   242   2    29    400
328   5   2    60    386
329   121   5    194    119
330   263   2    136    44
331   191   5    111    261
332   195   5    35    266
333   214   3    75    147
334   259   5    199    174
335   32   4    198    307
336   88   4    47    184
337   64   3    15    328
338   190   7    72    422
339   127   2    17    308
340   291   7    189    267
341   43   7    124    425
342   336   5    123    171
343   291   4    1    49
344   179   7    98    132
345   69   4    177    236
346   174   7    145    116
347   93   5    87    341
348   276   6    156    96
349   244   6    135    313
350   293   7    141    22
351   221   4    149    154
352   260   4    53    287
353   100   5    46    65
354   207   5    143    61
355   115   5    117    397
356   314   2    199    64
357   143   5    110    285
358   272   4    126    251
359   191   3    58    116
360   67   4    93    456
361   249   2    188    121
362   134   5    185    403
363   157   3    129    176
364   116   4    125    179
365   197   6    144    212
366   241   2    132    183
367   226   3    119    489
368   290   7    12    326
369   208   4    186    283
370   139   4    44    466
371   93   2    126    358
372   201   5    59    306
373   325   4    77    137
374   4   4    132    82
375   40   5    124    294
376   265   5    21    440
377   96   4    152    370
378   45   5    101    238
379   163   7    160    340
380   78   7    43    244
381   118   3    193    11
382   192   6    126    157
383   92   6    37    301
384   258   5    89    382
385   144   6    128    220
386   359   7    152    432
387   212   5    61    259
388   171   4    176    147
389   59   2    84    111
390   128   5    43    290
391   352   5    147    34
392   375   4    85    314
393   258   4    124    111
394   327   6    105    377
395   105   5    179    336
396   272   2    109    420
397   228   7    9    495
398   291   4    128    188
399   12   2    28    415
400   286   7    20    225
401   214   6    134    115
402   392   6    13    182
403   119   4    140    254
404   331   6    153    400
405   169   3    105    139
406   292   7    72    74
407   236   7    185    485
408   7   6    86    320
409   407   4    6    450
410   138   4    187    499
411   354   4    147    208
412   356   3    64    176
413   56   5    97    411
414   310   6    167    406
415   368   6    10    203
416   189   7    74    167
417   118   3    84    11
418   204   7    49    378
419   38   4    99    211
420   299   6    75    97
421   186   5    158    324
422   95   4    80    414
423   142   6    125    375
424   333   6    175    311
425   53   7    42    476
426   158   4    96    469
427   244   3    184    59
428   15   2    44    52
429   318   6    36    327
430   415   4    63    8
431   106   3    99    170
432   123   4    57    93
433   134   2    54    155
434   219   3    25    2
435   368   6    115    437
436   189   4    2    191
437   309   7    174    473
438   208   2    127    416
439   152   2    158    335
440   3   3    110    312
441   99   6    60    330
442   317   4    11    443
443   267   7    192    373
444   203   3    10    256
445   134   6    118    145
446   180   7    174    120
447   418   3    90    25
448   158   7    121    187
449   41   2    172    236
450   442   2    122    339
451   257   3    70    396
452   328   4    199    51
453   448   4    134    303
454   222   2    140    274
455   43   4    192    166
456   15   6    14    300
457   72   5    13    50
458   107   5    23    232
459   136   3    9    370
460   134   6    84    117
461   216   5    86    85
462   317   3    179    270
463   428   3    75    366
464   437   2    23    449
465   266   5    196    97
466   202   6    36    191
467   22   6    140    80
468   355   3    131    8
469   466   7    168    465
470   247   3    56    287
471   111   7    151    121
472   292   7    18    284
473   208   7    54    436
474   158   4    162    216
475   375   4    133    12
476   167   2    44    486
477   103   6    104    396
478   217   4    166    389
479   412   7    140    484
480   17   6    169    119
481   406   3    43    377
482   1   3    102    133
483   460   4    45    204
484   279   2    39    95
485   236   6    24    276
486   334   3    196    131
487   168   2    94    109
488   282   7    85    397
489   123   4    178    497
490   368   4    60    273
491   230   6    176    297
492   293   4    90    151
493   284   5    188    136
494   423   7    21    288
495   343   5    66    461
496   442   4    166    181
497   174   4    99    141
498   262   5    152    28
499   36   2    74    458
500   335   2    8    140
501   275   5    127    100
502   29   7    74    281
503   18   4    24    350
504   265   5    184    86
505   63   5    13    284
506   82   5    44    40
507   384   6    43    28
508   134   3    103    173
509   239   7    198    381
510   129   5    9    348
511   497   4    183    70
512   339   4    36    235
513   463   2    108    120
514   217   5    79    435
515   21   2    130    95
516   50   4    168    17
517   432   2    77    498
518   272   7    10    83
519   247   7    96    409
520   464   3    134    378
521   47   4    161    93
522   50   6    155    290
523   240   7    97    187
524   500   7    115    412
525   480   4    153    330
526   21   3    64    286
527   74   5    171    20
528   248   3    185    277
529   391   6    167    102
530   217   6    89    254
531   468   3    26    4
532   418   6    40    282
533   295   4    141    65
534   205   2    40    50
535   518   6    87    458
536   300   4    162    216
537   99   3    66    303
538   102   7    98    440
539   334   7    71    77
540   505   6    129    268
541   90   6    87    375
542   90   2    7    251
543   496   7    85    110
544   429   5    24    489
545   417   3    132    326
546   212   7    148    278
547   361   3    100    372
548   10   5    140    359
549   389   5    105    11
550   61   3    27    49
551   519   6    74    58
552   373   7    73    184
553   106   4    67    197
554   315   7    93    198
555   306   3    85    215
556   528   7    11    56
557   67   6    154    280
558   396   5    26    397
559   45   6    121    376
560   541   5    110    316
561   383   3    48    191
562   264   3    33    271
563   354   2    28    189
564   372   2    135    123
565   50   2    57    168
566   373   6    153    98
567   386   3    68    407
568   442   6    150    466
569   258   2    112    336
570   491   5    11    205
571   234   5    86    443
572   420   4    55    353
573   27   3    152    469
574   497   7    174    358
575   495   6    166    453
576   271   4    127    12
577   398   3    180    392
578   99   4    183    343
579   447   5    84    310
580   430   2    79    461
581   386   6    13    183
582   58   6    31    479
583   543   7    199    224
584   543   7    80    409
585   193   5    139    269
586   167   2    7    417
587   353   2    154    127
588   33   6    137    233
589   133   7    133    226
590   526   6    175    219
591   182   6    23    391
592   330   7    183    413
593   217   5    180    353
594   420   2    64    498
595   238   2    173    325
596   436   6    171    122
597   412   2    152    410
598   247   4    147    303
599   232   6    7    118
600   67   3    189    10
601   110   5    18    38
602   309   4    72    304
603   490   7    104    455
604   498   4    56    490
605   383   4    174    477
606   275   4    133    50
607   143   6    162    16
608   562   7    166    61
609   443   7    33    25
610   257   2    77    90
611   533   3    127    333
612   285   4    85    248
613   362   2    70    407
614   574   5    179    240
615   261   2    2    443
616   243   7    102    342
617   377   4    105    352
618   76   5    63    252
619   129   7    82    19
620   225   2    195    264
621   92   4    197    48
622   97   4    44    193
623   144   4    24    462
624   439   6    87    377
625   189   7    63    197
626   473   5    98    18
627   265   4    122    98
628   355   6    158    237
629   471   6    166    230
630   489   2    26    245
631   521   7    101    102
632   292   5    70    158
633   491   6    191    268
634   264   3    103    145
635   150   2    120    442
636   51   6    175    359
637   18   4    11    351
638   608   6    9    314
639   205   4    113    431
640   536   2    1    214
641   479   3    41    145
642   440   7    6    246
643   281   5    131    378
644   163   4    139    104
645   88   2    170    31
646   607   2    68    73
647   332   4    60    162
648   516   5    26    198
649   110   4    134    444
650   600   5    25    157
651   468   4    16    186
652   571   3    96    241
653   105   2    17    435
654   623   5    67    143
655   281   2    37    250
656   4   7    190    81
657   607   7    113    160
658   519   2    44    28
659   627   6    57    4
660   420   6    171    498
661   156   5    114    261
662   657   3    162    5
663   505   2    3    499
664   554   4    52    476
665   104   5    31    135
666   589   6    17    355
667   142   3    188    425
668   29   5    194    67
669   655   7    167    469
670   96   2    144    418
671   404   5    187    377
672   61   2    37    199
673   176   3    144    418
674   538   3    48    465
675   12   3    173    188
676   504   2    35    241
677   419   3    149    357
678   407   6    107    246
679   664   2    63    117
680   221   3    118    289
681   35   7    166    129
682   404   2    110    231
683   200   2    48    236
684   136   7    46    132
685   392   4    131    229
686   274   7    43    499
687   505   5    120    366
688   580   6    171    262
689   166   2    159    164
690   426   4    88    398
691   307   4    130    483
692   71   6    40    403
693   223   6    62    328
694   355   5    153    267
695   193   6    196    224
696   658   5    20    65
697   485   6    41    435
698   143   5    95    47
699   239   2    159    363
700   474   4    152    36
701   73   3    173    59
702   600   6    131    155
703   130   2    131    398
704   611   7    26    284
705   363   7    94    319
706   246   7    155    247
707   13   6    179    203
708   620   5    175    228
709   646   2    49    3
710   128   4    156    370
711   368   6    87    426
712   374   4    87    135
713   193   2    121    233
714   467   3    95    331
715   420   5    10    469
716   506   3    128    462
717   608   4    179    386
718   399   2    161    275
719   272   2    197    273
720   446   6    180    117
721   220   3    152    432
722   468   3    29    387
723   157   4    168    273
724   342   5    21    440
725   301   2    22    297
726   484   7    2    196
727   678   4    125    301
728   540   2    147    190
729   640   3    41    410
730   130   4    94    124
731   226   7    113    471
732   304   7    123    464
733   84   4    145    371
734   96   2    18    422
735   710   3    165    10
736   622   6    83    364
737   315   5    27    390
738   384   3    166    54
739   652   6    90    373
740   271   4    33    370
741   602   7    179    48
742   241   4    57    34
743   128   7    158    417
744   305   7    77    460
745   581   3    69    435
746   152   6    137    15
747   85   5    162    90
748   201   4    83    399
749   702   5    140    195
750   735   6    177    238
751   75   7    45    438
752   541   6    44    76
753   551   4    177    282
754   656   4    25    437
755   309   3    199    403
756   94   2    36    395
757   572   6    60    138
758   66   3    83    436
759   426   6    89    379
760   681   3    193    400
761   197   6    91    407
762   268   4    20    141
763   232   2    196    236
764   135   3    70    44
765   443   6    106    143
766   491   2    162    459
767   734   7    18    441
768   690   4    30    466
769   764   6    187    166
770   213   7    37    109
771   732   5    100    446
772   561   2    7    229
773   652   3    90    343
774   17   5    88    479
775   147   4    128    127
776   580   6    105    467
777   280   3    107    233
778   201   3    153    495
779   195   2    87    201
780   141   6    174    410
781   620   3    22    50
782   168   2    48    483
783   353   5    119    181
784   349   5    170    441
785   507   3    50    297
786   367   2    197    447
787   648   7    76    83
788   602   6    33    265
789   67   4    59    13
790   586   3    41    438
791   84   3    121    392
792   4   4    174    474
793   508   2    196    428
794   597   3    1    443
795   399   2    193    183
796   92   3    6    83
797   569   2    62    453
798   720   2    105    8
799   140   4    169    2
800   515   6    52    485
801   775   3    66    259
802   350   2    63    327
803   24   3    96    239
804   243   6    145    178
805   533   2    89    490
806   659   3    23    422
807   13   7    125    28
808   567   5    12    88
809   403   6    39    398
810   126   3    107    23
811   568   2    36    23
812   308   4    61    356
813   601   3    18    449
814   249   3    154    384
815   375   6    112    32
816   788   7    13    282
817   661   5    69    9
818   625   2    133    289
819   727   5    9    53
820   17   5    142    318
821   631   4    96    196
822   742   3    185    1
823   739   7    142    347
824   275   4    187    433
825   42   5    44    128
826   397   4    150    349
827   421   6    39    361
828   709   7    139    80
829   343   5    46    326
830   180   5    139    460
831   721   7    143    428
832   542   4    26    346
833   343   7    61    286
834   722   7    129    315
835   442   7    192    407
836   116   4    34    77
837   147   3    196    275
838   527   6    101    351
839   213   3    45    41
840   581   3    87    329
841   85   3    150    269
842   746   4    38    471
843   276   2    69    21
844   16   7    51    306
845   305   6    60    133
846   101   4    14    258
847   567   4    23    166
848   179   6    3    340
849   38   7    23    121
850   722   6    87    309
851   787   3    18    236
852   186   5    35    130
853   723   4    38    149
854   216   3    44    72
855   76   7    146    350
856   427   2    27    207
857   182   6    15    418
858   437   4    155    335
859   765   3    14    171
860   105   5    81    235
861   347   2    198    115
862   233   3    140    479
863   359   3    59    105
864   174   4    83    215
865   682   5    35    200
866   813   6    161    115
867   359   7    96    5
868   82   5    148    116
869   613   6    199    120
870   718   5    177    350
871   384   3    171    214
872   586   4    31    487
873   329   3    42    129
874   699   3    109    446
875   820   6    79    208
876   785   2    133    149
877   114   7    199    390
878   385   6    50    308
879   329   4    40    240
880   693   5    3    307
881   170   3    14    211
882   312   6    137    127
883   503   5    192    208
884   635   3    45    497
885   540   4    143    236
886   200   7    134    228
887   342   7    5    3
888   640   6    129    416
889   744   7    122    409
890   657   7    114    18
891   313   7    160    299
892   338   3    51    295
893   707   4    126    138
894   222   6    163    76
895   177   7    103    487
896   519   6    30    80
897   58   7    93    164
898   188   2    68    92
899   685   4    143    423
900   340   5    92    133
901   263   6    32    68
902   188   7    36    127
903   475   5    138    494
904   818   4    154    347
905   797   6    196    303
906   157   3    180    149
907   61   6    121    248
908   863   5    193    227
909   738   5    141    357
910   109   5    101    29
911   165   7    132    206
912   883   3    65    106
913   711   2    198    411
914   264   6    163    19
915   175   3    84    221
916   331   5    116    456
917   575   6    74    357
918   335   6    139    56
919   892   2    113    122
920   891   5    90    381
921   543   4    112    355
922   664   4    124    299
923   114   4    110    348
924   347   5    24    359
925   458   6    166    383
926   870   5    190    143
927   913   3    75    230
928   726   2    62    167
929   595   6    51    449
930   578   5    11    129
931   535   4    105    319
932   890   3    158    215
933   692   5    94    201
934   77   7    176    166
935   188   4    179    246
936   419   3    155    109
937   520   6    156    278
938   645   6    112    84
939   308   5    135    80
940   33   3    166    6
941   142   3    60    133
942   3   3    116    327
943   619   5    121    360
944   11   3    7    278
945   287   7    78    191
946   505   4    106    122
947   571   6    85    8
948   706   3    111    175
949   538   5    83    424
950   574   6    107    475
951   708   4    32    222
952   719   3    45    448
953   706   4    105    378
954   389   4    134    414
955   604   7    80    290
956   833   3    65    413
957   281   3    178    417
958   781   4    53    397
959   183   5    134    273
960   310   3    38    133
961   407   7    63    298
962   258   7    164    27
963   328   4    93    13
964   258   5    30    161
965   107   2    111    93
966   413   7    109    314
967   10   4    36    223
968   236   4    104    232
969   283   4    15    105
970   480   7    7    26
971   575   5    97    382
972   178   5    45    441
973   621   3    8    128
974   941   5    47    449
975   887   2    80    137
976   537   3    6    447
977   869   4    151    263
978   180   6    148    178
979   383   4    136    351
980   366   2    69    289
981   281   3    169    419
982   616   2    97    38
983   868   3    12    1
984   534   7    37    454
985   222   2    105    246
986   699   6    90    362
987   174   2    107    338
988   851   4    188    139
989   402   6    74    181
990   161   2    8    120
991   428   7    136    30
992   212   7    102    96
993   471   4    96    300
994   166   6    74    422
995   205   7    43    165
996   101   7    106    100
997   961   3    44    108
998   430   7    45    472
999   294   6    91    323
1000   196   5    146    32
1001   931   6    185    1
1002   162   4    11    160
1003   826   6    94    79
1004   386   6    19    222
1005   446   3    47    495
1006   652   6    91    401
1007   324   5    80    366
1008   962   4    153    472
1009   150   2    4    368
1010   681   6    17    197
1011   185   5    115    370
1012   156   7    167    188
1013   335   4    37    478
1014   841   2    103    152
1015   645   4    88    405
1016   286   3    3    366
1017   199   6    53    29
1018   41   2    142    322
1019   917   5    160    313
1020   976   6    150    196
1021   101   4    127    398
1022   3   4    132    284
1023   46   3    26    120
1024   811   3    156    68
1025   448   4    124    381
1026   30   7    87    314
1027   878   4    117    48
1028   367   4    132    267
1029   621   6    47    252
1030   213   7    155    345
1031   612   7    183    205
1032   745   6    185    149
1033   385   3    135    424
1034   597   7    30    227
1035   593   7    1    192
1036   1009   2    196    411
1037   332   3    93    348
1038   531   2    91    7
1039   417   6    163    155
1040   659   4    163    51
1041   889   5    109    258
1042   705   7    121    137
1043   70   6    25    181
1044   858   2    71    99
1045   78   4    57    414
1046   478   3    33    41
1047   809   4    136    124
1048   51   3    140    462
1049   887   4    72    397
1050   603   6    77    107
1051   579   4    77    403
1052   373   2    120    227
1053   502   6    196    253
1054   157   4    198    48
1055   559   3    192    305
1056   208   4    33    316
1057   345   4    140    76
1058   233   2    102    151
1059   971   5    17    424
1060   327   2    105    148
1061   475   4    174    198
1062   926   4    40    265
1063   795   5    163    442
1064   1030   3    31    472
1065   65   4    106    68
1066   247   3    199    214
1067   442   2    134    435
1068   621   3    143    438
1069   993   3    183    152
1070   336   4    19    409
1071   389   6    19    220
1072   800   3    108    200
1073   792   2    66    186
1074   216   2    56    2
1075   238   4    112    472
1076   224   5    182    347
1077   826   6    32    231
1078   918   5    164    332
1079   1059   3    5    2
1080   543   4    78    346
1081   959   2    3    64
1082   134   4    191    378
1083   424   5    7    236
1084   309   7    129    21
1085   48   5    99    68
1086   693   2    152    121
1087   391   6    89    150
1088   437   7    97    66
1089   709   3    25    134
1090   660   5    68    147
1091   51   5    36    437
1092   1014   5    67    485
1093   42   6    173    211
1094   774   4    59    150
1095   809   7    143    40
1096   766   7    30    178
1097   13   7    26    277
1098   715   2    34    290
1099   70   5    55    138
1100   308   5    16    484
1101   61   2    174    492
1102   329   3    181    27
1103   857   5    33    89
1104   185   2    25    54
1105   901   5    40    1
1106   390   7    164    469
1107   406   5    63    328
1108   837   6    192    370
1109   210   7    134    361
1110   650   3    17    346
1111   103   3    157    176
1112   49   2    54    474
1113   624   5    28    119
1114   208   3    28    202
1115   94   5    145    258
1116   176   4    146    436
1117   1051   2    32    493
1118   362   2    120    435
1119   176   5    161    485
1120   228   7    6    473
1121   125   7    52    318
1122   517   5    44    476
1123   1097   2    130    406
1124   119   3    187    130
1125   605   5    146    68
1126   6   3    156    352
1127   1105   6    117    431
1128   501   3    102    126
1129   650   4    172    147
1130   872   6    182    102
1131   1126   7    132    72
1132   724   7    172    237
1133   782   4    113    148
1134   415   4    134    241
1135   509   3    95    315
1136   873   4    191    305
1137   469   5    145    466
1138   494   4    178    250
1139   644   6    150    258
1140   861   3    35    302
1141   350   6    160    129
1142   59   7    121    134
1143   982   2    154    306
1144   467   2    85    74
1145   208   5    139    10
1146   731   5    110    175
1147   538   2    86    328
1148   1126   3    14    225
1149   631   7    40    384
1150   402   6    120    424
1151   167   6    146    265
1152   169   4    166    239
1153   572   4    55    203
1154   1058   2    54    388
1155   633   7    99    189
1156   595   3    65    294
1157   933   2    91    340
1158   955   4    181    192
1159   623   2    89    183
1160   793   6    45    235
1161   335   3    77    322
1162   1070   5    50    483
1163   1041   5    129    25
1164   773   2    136    415
1165   206   3    184    335
1166   507   4    85    352
1167   332   7    60    401
1168   553   2    132    336
1169   1062   4    11    22
1170   927   7    167    287
1171   949   7    41    339
1172   1009   7    100    108
1173   1058   6    56    315
1174   56   4    43    42
1175   203   5    31    446
1176   626   2    123    227
1177   520   6    92    371
1178   531   6    22    99
1179   1032   4    129    407
1180   684   7    162    166
1181   1105   5    185    175
1182   286   7    119    372
1183   1126   3    30    397
1184   107   4    138    442
1185   223   2    75    346
1186   300   3    115    272
1187   246   5    172    147
1188   290   5    166    221
1189   1112   3    116    295
1190   465   2    67    403
1191   241   3    190    5
1192   312   3    16    126
1193   869   5    72    142
1194   796   7    82    280
1195   644   2    24    150
1196   164   5    10    158
1197   87   2    156    140
1198   1007   6    173    367
1199   124   7    30    136
1200   132   7    161    7
1201   744   2    67    252
1202   377   7    101    223
1203   1097   6    27    383
1204   267   7    166    5
1205   799   3    164    328
1206   134   6    101    384
1207   942   3    67    240
1208   1087   5    60    183
1209   825   5    22    380
1210   578   2    3    496
1211   671   7    12    450
1212   93   5    51    171
1213   940   7    30    192
1214   425   4    145    36
1215   251   4    64    32
1216   728   6    138    328
1217   666   4    54    203
1218   1205   3    123    368
1219   449   6    148    5
1220   1193   2    103    133
1221   265   5    118    100
1222   806   5    13    459
1223   100   5    151    33
1224   453   3    89    179
1225   131   4    118    299
1226   436   3    117    167
1227   1001   4    158    211
1228   823   4    137    70
1229   1215   6    58    219
1230   786   7    192    4
1231   650   7    4    310
1232   339   4    185    58
1233   678   4    68    344
1234   439   2    42    160
1235   981   4    196    205
1236   721   2    50    434
1237   777   4    122    445
1238   845   2    86    403
1239   246   7    107    423
1240   530   4    5    399
1241   995   6    174    17
1242   423   6    49    30
1243   1166   4    79    183
1244   607   5    143    194
1245   471   2    152    365
1246   353   2    174    94
1247   157   6    93    282
1248   76   5    52    417
1249   378   5    169    357
1250   712   3    124    388
1251   1146   5    170    467
1252   652   3    133    248
1253   498   5    16    496
1254   342   6    140    12
1255   409   6    110    209
1256   980   4    74    326
1257   120   6    119    129
1258   72   6    168    153
1259   1194   6    67    264
1260   1123   2    178    171
1261   813   7    156    465
1262   32   2    185    33
1263   961   2    134    355
1264   670   2    21    362
1265   382   6    154    147
1266   943   3    91    122
1267   335   5    110    308
1268   461   2    156    2
1269   98   5    106    194
1270   1094   4    131    151
1271   275   5    104    67
1272   343   7    75    259
1273   223   5    114    258
1274   800   6    25    404
1275   214   4    137    489
1276   755   4    148    351
1277   1002   7    159    400
1278   522   4    60    169
1279   702   7    94    71
1280   836   4    79    344
1281   86   4    123    394
1282   523   4    126    171
1283   351   6    68    75
1284   556   5    174    477
1285   136   5    62    119
1286   171   5    92    252
1287   519   2    158    2
1288   1093   6    4    157
1289   1285   6    66    432
1290   659   4    176    63
1291   1285   6    50    281
1292   712   4    60    463
1293   56   3    136    322
1294   543   3    112    323
1295   917   5    89    467
1296   411   2    86    42
1297   1174   5    108    157
1298   1028   4    63    106
1299   976   3    119    472
1300   1218   2    154    222
1301   287   2    3    398
1302   264   6    14    168
1303   429   4    90    449
1304   901   7    149    444
1305   942   4    120    181
1306   897   4    2    45
1307   249   3    139    310
1308   106   7    159    153
1309   1212   3    107    22
1310   512   3    95    95
1311   675   4    73    420
1312   251   5    65    18
1313   627   3    44    203
1314   307   2    170    177
1315   113   4    58    250
1316   611   2    28    349
1317   270   2    173    173
1318   1259   4    58    206
1319   106   6    150    189
1320   1040   4    115    284
1321   672   4    85    458
1322   959   2    18    42
1323   1272   4    198    99
1324   349   6    190    119
1325   942   2    159    312
1326   753   6    148    205
1327   115   2    64    154
1328   1188   2    142    31
1329   723   3    140    387
1330   1009   2    124    264
1331   1305   6    179    326
1332   489   2    100    279
1333   940   5    181    170
1334   521   3    15    104
1335   1141   7    7    51
1336   1002   7    139    367
1337   416   6    172    439
1338   404   5    92    435
1339   1110   7    78    91
1340   758   4    134    223
1341   749   4    105    456
1342   887   2    20    432
1343   827   3    52    399
1344   204   5    86    349
1345   1051   6    20    324
1346   734   2    167    436
1347   108   2    199    207
1348   582   4    164    1
1349   917   3    183    38
1350   141   7    179    342
1351   464   3    55    66
1352   66   2    164    147
1353   582   4    187    62
1354   266   4    185    248
1355   828   6    45    88
1356   1152   4    68    168
1357   990   2    73    235
1358   1281   4    113    339
1359   1295   4    98    417
1360   768   4    9    128
1361   833   7    119    435
1362   758   4    162    348
1363   708   6    158    300
1364   720   2    162    333
1365   208   4    41    294
1366   786   4    28    26
1367   621   6    112    8
1368   897   6    172    153
1369   604   3    117    139
1370   1359   7    26    167
1371   954   4    101    480
1372   200   5    52    453
1373   824   2    9    5
1374   724   2    16    430
1375   240   6    163    104
1376   1295   2    101    353
1377   130   2    86    128
1378   284   4    162    351
1379   931   3    119    339
1380   204   6    4    298
1381   712   6    92    493
1382   653   2    19    391
1383   1089   4    98    61
1384   393   4    173    48
1385   1352   3    45    317
1386   737   6    109    55
1387   858   3    52    91
1388   1319   4    103    389
1389   1271   4    135    200
1390   1203   6    156    493
1391   445   4    103    39
1392   827   4    100    372
1393   452   7    20    251
1394   241   2    55    350
1395   508   5    100    497
1396   726   5    5    165
1397   1065   4    198    153
1398   680   6    51    457
1399   810   7    187    97
1400   1318   3    166    36
1401   1205   2    108    295
1402   954   2    66    368
1403   1173   4    38    228
1404   788   5    45    378
1405   228   2    10    366
1406   730   7    165    252
1407   786   5    56    39
1408   139   6    46    297
1409   213   5    94    432
1410   828   6    29    15
1411   887   3    180    15
1412   1191   3    4    433
1413   873   6    158    49
1414   918   4    37    247
1415   240   2    190    118
1416   729   4    4    106
1417   1327   3    59    165
1418   765   2    103    341
1419   242   6    66    364
1420   1376   6    98    337
1421   1175   4    77    42
1422   1023   2    102    105
1423   1409   2    33    465
1424   865   2    58    147
1425   474   3    37    326
1426   797   2    10    118
1427   906   6    164    134
1428   1259   7    36    159
1429   822   5    65    484
1430   860   7    13    319
1431   435   5    168    437
1432   1043   6    96    29
1433   1077   2    42    299
1434   211   5    93    295
1435   1194   2    3    202
1436   475   7    112    163
1437   1201   6    148    18
1438   607   7    47    445
1439   617   4    180    487
1440   203   4    114    49
1441   462   4    119    301
1442   436   7    107    270
1443   223   4    150    170
1444   131   2    16    396
1445   1030   2    111    277
1446   195   2    196    257
1447   799   2    29    178
1448   1309   3    33    210
1449   1394   4    26    189
1450   728   3    9    107
1451   1439   4    11    492
1452   81   3    122    323
1453   348   7    99    244
1454   127   3    78    32
1455   576   4    37    328
1456   262   2    198    356
1457   1213   7    68    177
1458   49   5    30    224
1459   272   4    198    418
1460   276   4    173    198
1461   14   4    26    402
1462   892   3    167    418
1463   496   2    153    467
1464   954   3    43    141
1465   1213   2    116    427
1466   107   4    142    303
1467   25   6    67    493
1468   470   7    187    156
1469   155   2    171    18
1470   944   5    110    39
1471   625   7    19    265
1472   679   7    148    239
1473   1051   5    179    341
1474   246   4    102    371
1475   364   4    59    431
1476   717   3    104    129
1477   492   3    17    208
1478   1056   7    111    100
1479   827   6    187    169
1480   1331   5    52    327
1481   1297   5    21    259
1482   1403   3    148    348
1483   70   4    104    5
1484   712   2    35    128
1485   726   6    52    309
1486   298   7    68    286
1487   958   3    183    464
1488   914   2    167    257
1489   1108   6    98    100
1490   916   4    25    225
1491   870   6    135    300
1492   875   7    162    377
1493   1227   6    198    165
1494   831   3    155    453
1495   910   7    165    355
1496   131   4    24    201
1497   406   7    74    215
1498   439   7    87    353
1499   930   4    96    173
1500   869   3    65    334
1501   801   6    26    188
1502   91   2    25    363
1503   665   6    106    287
1504   1058   7    194    379
1505   1134   2    151    3
1506   1328   7    10    336
1507   1033   5    169    393
1508   201   4    57    155
1509   498   5    192    66
1510   883   5    67    360
1511   1057   3    135    199
1512   982   3    27    262
1513   1037   2    187    229
1514   1198   5    126    345
1515   555   5    118    160
1516   375   7    162    366
1517   276   7    89    142
1518   769   2    183    73
1519   583   7    93    312
1520   950   6    67    476
1521   1107   2    3    221
1522   719   7    23    471
1523   1398   6    79    416
1524   904   4    15    16
1525   60   6    150    464
1526   151   2    62    133
1527   500   4    122    361
1528   201   7    136    174
1529   1335   2    162    144
1530   403   3    84    373
1531   1155   6    55    144
1532   744   3    4    292
1533   491   3    60    410
1534   681   7    123    330
1535   1247   2    5    255
1536   302   7    199    470
1537   688   7    115    100
1538   691   7    25    212
1539   774   2    82    109
1540   384   3    83    114
1541   11   2    59    355
1542   1236   3    31    491
1543   694   7    78    446
1544   848   6    57    470
1545   1285   4    189    278
1546   1162   2    96    122
1547   947   7    86    77
1548   1410   2    48    243
1549   1355   5    88    122
1550   1198   4    35    497
1551   760   5    140    117
1552   1451   7    194    306
1553   196   6    97    315
1554   1411   4    151    166
1555   287   7    124    54
1556   131   3    44    415
1557   1250   5    164    89
1558   568   7    93    167
1559   522   7    144    41
1560   1554   5    187    222
1561   1050   3    41    112
1562   971   4    154    143
1563   124   6    189    325
1564   817   5    71    37
1565   1116   4    128    116
1566   504   7    32    433
1567   1371   3    57    293
1568   170   4    163    72
1569   839   2    77    475
1570   1241   5    137    110
1571   510   6    50    426
1572   1402   4    144    466
1573   571   5    1    376
1574   675   6    146    146
1575   416   3    67    32
1576   1452   5    125    353
1577   1530   2    64    253
1578   711   6    116    279
1579   571   5    159    62
1580   1496   7    94    199
1581   688   3    90    438
1582   1386   5    30    181
1583   422   5    92    47
1584   562   7    168    426
1585   568   7    53    345
1586   285   3    5    95
1587   69   7    81    308
1588   1216   2    122    193
1589   561   5    171    99
1590   311   4    165    407
1591   1379   6    58    435
1592   1400   6    23    292
1593   46   3    131    360
1594   396   6    38    139
1595   633   2    59    249
1596   726   2    89    141
1597   1378   5    125    496
1598   203   7    167    79
1599   786   4    20    144
1600   518   4    125    176
1601   1413   5    187    437
1602   801   7    129    32
1603   514   4    113    449
1604   374   2    97    450
1605   882   2    19    411
1606   312   2    140    462
1607   860   7    164    415
1608   910   5    182    13
1609   910   7    24    280
1610   1200   3    62    218
1611   214   3    70    464
1612   458   7    86    159
1613   228   6    43    371
1614   759   3    90    473
1615   84   5    196    383
1616   1470   4    7    205
1617   742   5    84    168
1618   417   6    22    416
1619   127   7    70    196
1620   1587   7    16    113
1621   888   4    99    421
1622   496   7    131    435
1623   408   7    73    180
1624   551   5    157    34
1625   1197   6    9    484
1626   708   3    97    270
1627   652   6    62    169
1628   827   4    154    7
1629   1182   7    60    118
1630   1069   3    129    282
1631   713   4    154    31
1632   518   5    185    198
1633   1554   2    186    321
1634   1552   3    37    213
1635   93   6    30    213
1636   1099   2    106    343
1637   1421   7    79    399
1638   182   3    24    292
1639   95   6    54    245
1640   732   6    184    89
1641   823   6    150    1
1642   536   2    86    66
1643   664   7    29    209
1644   741   3    32    19
1645   1137   3    51    388
1646   904   4    87    132
1647   672   7    74    113
1648   939   7    199    312
1649   1435   7    131    366
1650   1550   3    70    219
1651   985   7    165    487
1652   202   7    156    404
1653   187   5    76    185
1654   443   4    9    201
1655   119   2    137    190
1656   909   4    109    448
1657   505   7    89    231
1658   850   3    127    347
1659   370   4    185    160
1660   300   5    62    15
1661   1554   6    56    1
1662   166   7    179    76
1663   1039   3    98    213
1664   70   6    70    317
1665   995   7    195    363
1666   316   2    127    395
1667   712   5    79    174
1668   997   4    112    365
1669   356   7    26    301
1670   1587   2    39    49
1671   1498   6    33    219
1672   571   4    76    432
1673   1623   5    175    281
1674   304   5    143    177
1675   227   5    148    155
1676   268   7    65    269
1677   416   2    123    156
1678   560   4    6    420
1679   1620   5    153    439
1680   1376   4    114    445
1681   1291   6    124    339
1682   531   7    162    220
1683   1460   2    68    426
1684   1290   5    195    158
1685   1596   3    50    174
1686   1431   3    143    20
1687   1050   7    79    308
1688   1505   6    133    444
1689   1288   6    26    443
1690   139   6    94    457
1691   293   3    99    10
1692   836   4    37    376
1693   1328   6    46    327
1694   128   3    84    253
1695   773   6    164    62
1696   847   6    165    406
1697   609   3    169    118
1698   464   7    104    27
1699   1076   3    69    369
1700   1635   7    27    429
1701   1450   3    17    232
1702   334   2    87    92
1703   1257   7    86    317
1704   1644   4    137    96
1705   374   6    192    88
1706   191   6    43    23
1707   470   3    104    278
1708   1346   7    166    255
1709   1601   4    86    145
1710   1699   7    116    193
1711   184   3    48    41
1712   951   7    61    48
1713   417   4    82    330
1714   912   4    20    49
1715   1602   7    149    359
1716   1182   2    29    309
1717   1105   3    2    5
1718   643   2    11    475
1719   1126   6    23    179
1720   1198   5    102    239
1721   617   2    157    305
1722   541   4    16    116
1723   1109   7    34    43
1724   455   2    46    375
1725   616   5    17    425
1726   1008   5    116    125
1727   1681   2    136    440
1728   1217   5    178    289
1729   696   3    104    439
1730   818   4    111    54
1731   690   4    4    61
1732   1707   5    174    81
1733   590   2    59    464
1734   472   7    47    395
1735   763   2    172    331
1736   370   4    130    30
1737   1311   3    10    151
1738   1090   7    27    285
1739   1106   4    11    443
1740   646   7    91    106
1741   23   7    116    265
1742   721   2    110    143
1743   667   5    32    468
1744   1606   7    67    49
1745   1503   4    134    188
1746   201   4    174    36
1747   1570   2    191    3
1748   1678   3    105    250
1749   1701   3    1    131
1750   1095   3    53    160
1751   1670   4    152    13
1752   1106   2    138    367
1753   112   6    181    297
1754   401   7    187    419
1755   113   3    199    443
1756   865   5    140    10
1757   781   2    131    93
1758   965   7    96    108
1759   387   4    40    221
1760   691   5    146    313
1761   1663   5    42    435
1762   151   2    33    181
1763   1414   7    18    452
1764   1038   4    199    285
1765   868   7    51    128
1766   1442   2    162    340
1767   1287   7    109    176
1768   1316   2    166    33
1769   972   3    168    128
1770   119   3    126    401
1771   795   3    106    124
1772   1509   6    157    436
1773   700   2    116    319
1774   1409   5    122    310
1775   418   7    131    247
1776   880   7    54    382
1777   38   5    125    498
1778   843   2    157    332
1779   638   5    152    382
1780   697   5    61    151
1781   868   3    121    174
1782   1681   2    120    171
1783   1776   5    162    492
1784   1579   7    196    457
1785   345   6    188    399
1786   800   3    22    58
1787   1181   5    28    343
1788   333   5    148    88
1789   629   4    19    212
1790   1551   5    69    214
1791   641   2    134    377
1792   1317   2    159    381
1793   1621   4    158    274
1794   1017   3    4    199
1795   1117   6    23    193
1796   1746   5    51    59
1797   1220   5    141    86
1798   827   4    148    276
1799   839   4    78    167
1800   487   7    139    436
1801   1460   6    171    146
1802   949   5    147    38
1803   566   4    124    8
1804   1223   4    169    194
1805   1280   4    166    391
1806   795   4    145    436
1807   767   6    39    389
1808   604   7    156    363
1809   1429   2    136    319
1810   303   7    38    331
1811   393   5    47    433
1812   175   5    57    423
1813   37   6    130    225
1814   594   3    44    120
1815   125   5    156    165
1816   1255   6    38    394
1817   1737   4    96    221
1818   584   2    15    122
1819   456   2    10    194
1820   1238   7    181    32
1821   817   7    109    400
1822   1576   2    103    215
1823   905   7    123    96
1824   502   7    146    284
1825   886   2    117    326
1826   1455   7    182    313
1827   197   5    139    16
1828   1502   5    155    100
1829   1116   6    69    136
1830   717   5    8    399
1831   1330   2    40    187
1832   884   6    25    351
1833   1155   2    75    68
1834   888   7    131    253
1835   132   4    40    140
1836   201   5    17    178
1837   129   3    123    56
1838   805   5    44    84
1839   8   3    125    79
1840   538   5    191    9
1841   48   3    156    244
1842   1368   6    87    408
1843   1186   7    134    243
1844   1188   7    54    82
1845   1604   6    44    61
1846   297   2    63    286
1847   1028   7    90    197
1848   445   2    170    89
1849   1673   2    158    404
1850   919   2    146    245
1851   2   6    179    59
1852   602   5    87    448
1853   156   4    67    480
1854   1799   6    102    407
1855   969   5    65    437
1856   1191   5    5    321
1857   297   2    174    47
1858   1402   4    159    499
1859   440   3    63    44
1860   375   2    30    216
1861   1605   3    184    62
1862   67   3    169    213
1863   124   2    119    15
1864   1836   5    32    191
1865   1319   2    194    495
1866   40   6    84    440
1867   1277   2    88    103
1868   1270   2    154    387
1869   1586   2    178    67
1870   309   7    148    289
1871   767   3    111    313
1872   265   5    69    357
1873   1427   4    3    407
1874   403   2    129    461
1875   1412   2    58    313
1876   1863   3    163    387
1877   1438   4    22    260
1878   1718   7    134    220
1879   933   3    107    429
1880   383   6    182    297
1881   79   4    137    485
1882   1449   2    179    327
1883   1871   6    70    19
1884   1561   6    70    120
1885   105   2    55    443
1886   458   7    143    195
1887   1790   2    29    210
1888   1284   5    39    227
1889   987   7    111    255
1890   191   6    10    200
1891   1666   2    25    169
1892   1165   2    34    163
1893   364   6    184    18
1894   1650   7    28    426
1895   1330   3    166    415
1896   377   7    60    16
1897   311   2    15    171
1898   65   6    159    121
1899   122   2    198    193
1900   797   6    162    415
1901   33   5    147    447
1902   1552   5    71    192
1903   859   7    48    167
1904   1174   6    22    58
1905   26   4    33    388
1906   1350   5    7    434
1907   1787   5    41    395
1908   1651   6    154    448
1909   387   6    94    172
1910   929   5    68    306
1911   1806   7    194    481
1912   1432   6    54    98
1913   1298   4    143    466
1914   1278   4    113    48
1915   1644   3    191    441
1916   1485   4    88    451
1917   1283   6    97    44
1918   1307   2    172    162
1919   104   5    180    176
1920   606   4    110    195
1921   691   4    183    310
1922   1684   5    137    44
1923   202   7    90    94
1924   901   7    77    211
1925   1865   2    139    321
1926   173   2    67    387
1927   1366   6    30    347
1928   1104   6    133    251
1929   370   6    40    346
1930   1666   6    74    291
1931   1859   5    55    489
1932   1649   4    42    292
1933   1386   7    22    27
1934   1300   4    148    259
1935   1679   6    24    22
1936   234   2    11    180
1937   880   4    29    275
1938   1020   6    180    187
1939   721   4    123    199
1940   60   2    147    475
1941   1205   7    178    439
1942   1804   5    178    358
1943   1541   6    199    419
1944   1530   4    76    20
1945   56   7    174    176
1946   1383   6    78    324
1947   252   6    118    412
1948   1402   5    44    241
1949   627   5    142    421
1950   208   6    94    356
1951   1592   5    17    352
1952   891   4    147    458
1953   1401   2    88    92
1954   247   2    135    57
1955   978   3    13    447
1956   1424   5    59    176
1957   1157   6    30    432
1958   1192   4    22    91
1959   1593   7    135    287
1960   629   4    99    489
1961   1248   3    188    169
1962   1658   2    157    188
1963   622   4    65    327
1964   1807   7    35    457
1965   476   4    75    155
1966   1215   5    101    452
1967   91   7    162    453
1968   1754   7    26    145
1969   1445   4    36    459
1970   1780   6    84    7
1971   1179   7    46    445
1972   197   6    60    347
1973   1841   6    125    76
1974   5   5    19    207
1975   831   7    17    157
1976   334   2    160    1
1977   1250   7    8    255
1978   1753   3    167    325
1979   1332   7    84    101
1980   1131   2    17    32
1981   565   3    51    429
1982   448   7    39    353
1983   1975   6    69    261
1984   1144   2    123    357
1985   595   6    27    296
1986   1792   6    109    267
1987   1181   6    104    341
1988   75   5    194    247
1989   1796   7    89    404
1990   1868   7    71    126
1991   1511   2    70    284
1992   520   2    112    222
1993   20   6    151    246
1994   214   6    136    259
1995   458   2    50    37
1996   1810   5    17    402
1997   1237   3    17    400
1998   802   7    53    322
1999   427   7    175    403
2000   341   5    178    478
2001   1076   2    114    15
2002   1551   6    109    476
2003   41   7    70    256
2004   407   6    13    185
2005   106   6    158    189
2006   120   7    100    406
2007   1728   7    197    134
2008   1670   6    172    253
2009   763   3    113    466
2010   1887   2    199    135
2011   1373   3    17    477
2012   40   4    137    167
2013   731   4    185    366
2014   455   5    23    155
2015   1393   6    103    237
2016   313   2    31    146
2017   1641   3    33    254
2018   1302   4    87    428
2019   512   6    167    421
2020   362   6    192    113
2021   1831   4    92    391
2022   1902   2    135    459
2023   190   5    42    403
2024   175   7    89    468
2025   1158   5    181    181
2026   215   4    163    163
2027   1594   3    122    215
2028   250   5    174    116
2029   1960   7    130    146
2030   1632   4    96    446
2031   1161   7    126    117
2032   1775   2    171    371
2033   375   6    65    491
2034   566   6    179    85
2035   1401   5    153    310
2036   471   4    18    78
2037   616   4    5    324
2038   1485   5    195    312
2039   102   3    37    334
2040   1010   6    176    20
2041   1486   2    43    236
2042   1193   7    32    423
2043   116   3    35    421
2044   956   4    13    13
2045   1017   4    188    463
2046   418   6    187    119
2047   978   2    151    411
2048   406   4    19    201
