1   0   5    28    27
2   1   4    26    276
3   1   4    105    389
4   2   4    82    147
5   1   6    124    153
6   1   4    173    23
7   5   5    91    111
8   5   2    180    72
9   2   3    196    126
10   8   6    92    424
11   3   7    21    277
12   1   3    163    151
13   5   4    2    321
14   1   6    27    25
15   1   6    193    444
16   5   4    189    249
17   7   7    137    227
18   4   5    19    58
19   8   4    139    157
20   9   2    90    206
21   19   4    20    250
22   12   3    155    324
23   9   6    91    14
24   16   6    123    189
25   10   3    160    39
26   7   4    179    69
27   7   2    69    314
28   12   7    191    83
29   19   4    25    45
30   4   7    47    219
31   20   5    119    289
32   15   2    144    245
33   29   5    42    428
34   30   7    117    431
35   28   6    28    48
36   34   4    156    8
37   8   6    33    1
38   19   2    187    80
39   33   7    125    253
40   38   2    108    460
41   16   7    186    197
42   35   3    126    465
43   38   2    56    249
44   39   3    194    443
45   14   7    121    117
46   33   5    53    335
47   17   6    124    222
48   9   2    158    372
49   38   3    24    246
50   15   3    119    225
51   13   5    160    370
52   50   2    64    84
53   41   7    146    315
54   26   2    1    197
55   31   7    85    40
56   8   4    14    188
57   15   3    171    288
58   36   5    185    135
59   10   7    153    126
60   9   5    45    471
61   2   2    181    381
62   37   2    110    433
63   54   6    50    218
64   8   6    58    153
65   42   5    27    207
66   12   3    14    352
67   8   3    71    319
68   39   5    173    403
69   14   5    35    400
70   50   2    142    349
71   55   4    163    119
72   43   4    144    496
73   69   6    81    72
74   24   4    34    322
75   46   5    33    496
76   37   5    162    181
77   13   4    55    181
78   23   2    199    344
79   39   3    199    130
80   35   7    168    101
81   53   4    61    160
82   30   4    51    429
83   65   7    181    470
84   42   3    109    222
85   3   2    183    495
86   75   6    128    308
87   81   4    114    263
88   31   5    196    309
89   33   7    98    376
90   78   6    12    457
91   65   7    88    10
92   2   7    183    8
93   70   5    169    68
94   44   7    189    38
95   60   7    105    231
96   28   7    141    101
97   33   3    77    437
98   94   7    4    359
99   39   2    130    14
100   34   3    150    46
101   11   2    157    73
102   20   7    8    62
103   74   3    18    65
104   25   6    121    436
105   1   2    48    406
106   96   2    171    326
107   34   6    42    325
108   77   4    137    295
109   93   6    184    303
110   86   3    2    437
111   51   2    48    401
112   32   2    101    272
113   8   2    83    343
114   27   3    78    234
115   23   2    55    141
116   92   2    147    30
117   47   6    136    273
118   109   6    140    106
119   80   6    4    340
120   88   2    10    296
121   106   7    10    30
122   23   6    32    141
123   79   3    199    406
124   60   4    149    276
125   60   4    38    238
126   109   6    135    258
127   71   2    58    235
128   46   5    55    22
129   89   4    185    62
130   63   4    134    182
131   45   6    108    498
132   111   2    139    490
133   68   3    68    361
134   84   6    155    492
135   7   2    53    334
136   110   3    163    477
137   132   4    4    238
138   36   6    90    465
139   134   6    43    195
140   84   4    194    372
141   40   6    194    137
142   43   7    91    69
143   125   4    121    49
144   96   7    73    152
145   27   6    131    492
146   15   4    35    467
147   47   7    120    177
148   100   6    57    270
149   102   2    13    351
150   29   3    156    258
151   2   6    175    169
152   131   4    108    129
153   13   3    134    32
154   125   7    106    498
155   16   7    140    212
156   73   7    7    375
157   141   7    195    415
158   54   2    29    255
159   65   5    58    263
160   61   6    102    261
161   75   5    151    190
162   4   3    4    144
163   109   3    194    68
164   83   3    129    311
165   150   7    122    312
166   66   6    102    275
167   26   6    14    244
168   85   5    150    184
169   111   6    78    363
170   58   6    174    481
171   39   7    77    229
172   92   7    37    366
173   84   3    120    469
174   64   7    100    375
175   44   2    191    245
176   159   6    117    206
177   131   4    124    5
178   86   6    149    62
179   111   4    78    356
180   99   6    15    404
181   139   2    26    93
182   3   4    190    156
183   158   2    54    386
184   13   2    103    126
185   164   5    74    267
186   120   5    108    116
187   88   7    196    118
188   138   6    76    375
189   37   3    146    457
190   171   4    26    187
191   111   7    188    171
192   27   5    44    134
193   43   6    48    6
194   169   6    29    78
195   83   5    35    181
196   149   5    73    43
197   173   7    71    399
198   169   5    136    420
199   24   2    127    296
200   51   5    57    316
201   43   6    16    18
202   69   3    162    70
203   7   3    100    484
204   102   3    98    171
205   8   7    38    231
206   113   5    55    317
207   117   5    126    304
208   56   7    154    437
209   86   4    39    374
210   112   6    7    303
211   168   7    152    455
212   82   6    176    494
213   157   7    53    310
214   38   4    181    385
215   167   5    130    298
216   178   3    52    43
217   30   7    183    18
218   153   2    113    411
219   160   6    125    216
220   193   5    83    369
221   97   2    74    36
222   150   3    74    257
223   23   3    165    435
224   216   5    113    386
225   196   3    19    273
226   18   2    195    25
227   109   2    196    192
228   130   2    80    226
229   103   7    103    25
230   153   7    27    474
231   19   2    130    263
232   18   5    45    104
233   185   2    197    308
234   53   6    94    103
235   121   6    117    369
236   134   4    112    459
237   136   4    79    134
238   151   3    59    105
239   168   2    76    448
240   62   4    57    17
241   190   3    129    64
242   50   4    183    260
243   108   6    65    304
244   179   2    127    236
245   240   3    111    337
246   191   4    143    58
247   228   3    102    452
248   105   3    48    59
249   193   6    159    80
250   198   5    165    453
251   7   6    30    114
252   41   6    45    268
253   66   7    146    444
254   216   5    48    411
255   248   7    67    70
256   214   6    98    433
257   22   7    125    72
258   180   7    190    7
259   67   3    15    63
260   159   7    114    232
261   89   7    3    494
262   40   6    39    172
263   213   5    35    190
264   46   7    196    168
265   222   4    166    322
266   179   6    64    82
267   48   4    70    231
268   16   7    81    438
269   129   6    151    448
270   76   2    157    277
271   129   2    55    150
272   253   3    38    292
273   212   6    89    433
274   251   5    174    249
275   100   4    78    140
276   228   2    3    99
277   38   7    101    397
278   188   4    168    177
279   68   7    166    256
280   113   2    53    400
281   104   2    160    405
282   5   7    70    104
283   272   2    106    28
284   281   4    113    157
285   282   3    184    180
286   103   4    57    420
287   152   2    64    322
288   63   4    26    412
289   106   2    191    376
290   13   5    23    131
291   212   3    139    179
292   17   2    79    151
293   19   7    71    347
294   185   5    53    486
295   39   5    98    26
296   214   3    69    161
297   255   7    13    265
298   122   7    161    50
299   259   3    82    279
300   206   3    42    289
301   30   4    170    347
302   77   3    64    146
303   118   7    47    121
304   92   2    78    32
305   194   7    35    31
306   176   2    84    292
307   85   5    8    79
308   274   6    101    322
309   294   4    1    93
310   278   5    26    138
311   176   5    20    257
312   255   2    117    324
313   164   6    69    135
314   185   6    118    294
315   310   6    148    331
316   191   4    185    475
317   189   7    172    368
318   274   3    16    356
319   49   5    176    453
320   184   6    30    328
321   178   4    172    34
322   90   2    116    247
323   27   3    183    379
324   206   6    185    400
325   237   5    39    489
326   287   2    49    219
327   140   7    94    229
328   40   5    106    63
329   311   3    192    32
330   74   4    13    14
331   220   5    59    445
332   27   4    155    83
333   264   4    93    174
334   278   2    150    89
335   103   2    149    176
336   239   4    16    203
337   76   4    9    244
338   322   7    171    263
339   157   4    10    228
340   161   5    138    288
341   29   2    177    495
342   43   4    159    339
343   90   5    165    95
344   102   2    120    110
345   34   3    85    229
346   141   4    158    460
347   194   3    30    101
348   332   4    179    141
349   67   6    114    346
350   142   2    74    393
351   150   5    55    281
352   182   4    150    427
353   308   5    55    131
354   189   5    100    335
355   9   6    81    101
356   316   2    197    103
357   278   4    55    426
358   113   3    40    48
359   74   6    18    174
360   157   6    184    126
361   282   5    59    94
362   343   3    38    473
363   278   6    93    348
364   48   3    95    133
365   202   7    87    342
366   329   7    33    87
367   16   7    92    495
368   64   2    120    454
369   231   4    129    464
370   20   6    124    71
371   320   2    73    244
372   252   2    179    126
373   295   5    150    355
374   282   3    101    438
375   186   2    10    288
376   217   4    156    344
377   10   5    122    151
378   170   6    155    322
379   325   6    98    469
380   211   7    111    55
381   46   5    145    351
382   214   4    35    491
383   312   4    36    1
384   28   3    131    425
385   341   4    186    16
386   82   4    33    44
387   172   6    141    168
388   217   2    113    383
389   374   5    148    87
390   300   4    118    199
391   328   5    134    19
392   344   3    48    130
393   164   7    188    484
394   46   5    190    419
395   346   4    168    116
396   63   2    193    315
397   6   4    114    366
398   83   2    44    278
399   317   4    93    156
400   197   3    60    446
401   223   3    169    240
402   29   5    155    129
403   279   2    109    199
404   272   6    10    438
405   302   7    20    452
406   100   7    106    171
407   359   6    22    214
408   145   6    61    411
409   407   7    101    7
410   361   2    148    377
411   228   3    194    276
412   107   6    7    482
413   368   5    29    115
414   311   6    149    71
415   36   6    76    65
416   354   2    198    371
417   190   4    62    358
418   113   4    77    214
419   40   2    67    119
420   209   2    90    66
421   90   6    142    161
422   162   5    2    499
423   39   2    71    462
424   74   5    153    159
425   410   2    176    158
426   301   2    30    275
427   142   7    180    69
428   160   6    144    115
429   249   4    137    395
430   54   6    65    75
431   405   5    34    145
432   244   3    50    217
433   209   5    22    20
434   235   5    4    462
435   224   7    98    221
436   156   6    42    210
437   206   2    192    475
438   314   3    47    79
439   406   2    2    228
440   20   4    28    308
441   117   5    179    26
442   99   5    77    444
443   258   6    45    265
444   204   4    171    324
445   309   4    152    167
446   400   5    153    252
447   421   7    2    387
448   254   4    51    449
449   299   6    4    29
450   338   4    132    394
451   80   2    38    327
452   347   3    49    411
453   42   3    124    230
454   289   4    199    123
455   371   5    14    393
456   220   3    109    296
457   202   3    194    481
458   74   6    54    200
459   256   4    82    238
460   311   7    108    42
461   115   4    126    260
462   52   2    174    448
463   192   7    143    265
464   30   6    171    434
465   126   6    197    498
466   261   6    167    60
467   87   7    45    376
468   415   2    196    85
469   408   4    29    109
470   405   4    176    374
471   284   6    59    381
472   78   5    156    26
473   131   2    104    431
474   116   3    34    454
475   366   3    24    181
476   58   6    22    349
477   219   5    75    428
478   469   3    116    453
479   170   7    98    384
480   196   4    161    168
481   270   5    61    233
482   4   4    171    433
483   342   2    170    110
484   219   5    183    253
485   386   3    99    101
486   44   2    172    456
487   157   6    151    63
488   5   5    168    28
489   99   2    178    171
490   181   4    161    349
491   323   5    194    172
492   341   7    45    139
493   177   3    72    155
494   130   2    154    13
495   381   5    92    107
496   238   6    29    494
497   106   5    99    382
498   317   5    181    195
499   138   4    142    414
500   392   4    47    441
501   373   5    18    430
502   364   5    115    486
503   405   6    198    299
504   101   6    103    285
505   416   3    41    407
506   150   4    127    45
507   271   7    67    251
508   163   6    1    155
509   237   7    107    441
510   383   7    133    146
511   334   5    21    417
512   118   2    170    146
513   327   7    195    199
514   385   2    139    133
515   17   3    65    435
516   381   6    66    70
517   213   7    162    74
518   358   2    23    240
519   515   4    85    482
520   152   3    191    42
521   422   2    24    439
522   510   5    14    234
523   27   2    29    174
524   89   5    32    334
525   311   7    6    74
526   48   7    98    148
527   79   4    115    137
528   161   2    143    223
529   323   3    65    272
530   58   7    163    137
531   90   5    177    383
532   288   5    31    474
533   435   5    53    219
534   47   7    197    317
535   291   5    33    105
536   417   6    114    190
537   282   6    107    278
538   248   6    136    75
539   144   2    18    186
540   199   4    94    305
541   93   5    7    101
542   244   6    163    123
543   149   7    17    414
544   413   5    40    103
545   54   5    198    206
546   346   4    86    120
547   541   2    21    18
548   380   6    85    427
549   195   3    39    243
550   257   2    2    395
551   57   7    160    484
552   446   2    165    131
553   157   5    84    12
554   57   4    105    224
555   415   7    129    150
556   333   6    92    131
557   86   3    140    362
558   218   6    23    201
559   80   7    30    364
560   499   6    3    179
561   338   6    2    222
562   469   4    16    185
563   546   7    164    437
564   399   7    99    45
565   459   7    96    176
566   99   7    134    396
567   451   5    85    428
568   51   4    99    348
569   314   6    139    27
570   347   7    147    320
571   98   4    12    285
572   149   4    199    135
573   21   4    111    385
574   527   7    84    71
575   340   2    62    357
576   319   6    72    430
577   336   3    3    408
578   51   2    161    382
579   210   7    3    108
580   286   7    196    349
581   132   4    129    20
582   7   2    88    209
583   9   5    160    401
584   281   7    189    204
585   509   7    71    57
586   72   7    154    107
587   555   2    22    411
588   552   5    87    167
589   331   6    28    415
590   510   2    71    62
591   584   7    194    442
592   517   3    4    3
593   538   4    173    255
594   145   5    110    201
595   355   3    12    259
596   299   4    181    486
597   493   6    163    42
598   449   5    167    137
599   19   7    199    171
600   219   3    48    384
601   541   3    180    80
602   552   5    152    441
603   333   5    6    108
604   30   6    58    19
605   412   7    177    290
606   601   3    74    10
607   40   5    39    253
608   299   3    91    155
609   387   4    17    34
610   48   3    43    128
611   444   6    188    57
612   50   2    51    36
613   422   4    90    397
614   182   2    54    188
615   190   6    50    207
616   294   7    145    24
617   426   3    71    181
618   391   7    168    401
619   342   7    115    4
620   608   4    166    250
621   453   6    26    403
622   592   6    188    425
623   182   2    27    302
624   400   5    94    13
625   428   6    131    307
626   65   6    114    62
627   558   3    24    470
628   533   7    186    28
629   356   2    98    192
630   1   4    136    7
631   211   6    1    435
632   508   6    15    440
633   111   6    50    371
634   356   3    35    462
635   331   5    17    207
636   595   6    142    177
637   81   7    150    108
638   251   7    157    181
639   133   2    96    309
640   419   6    193    291
641   267   2    153    68
642   162   4    80    240
643   594   7    25    21
644   566   3    154    300
645   127   4    8    143
646   577   5    18    118
647   561   5    13    219
648   597   3    167    97
649   203   6    36    347
650   200   2    140    407
651   325   5    190    211
652   528   5    14    449
653   223   3    152    73
654   508   2    117    105
655   20   4    95    245
656   339   3    21    465
657   209   4    148    488
658   583   3    163    349
659   402   3    108    367
660   132   6    181    468
661   589   6    72    428
662   276   6    3    341
663   455   4    107    363
664   42   2    144    357
665   141   7    126    127
666   438   7    177    245
667   597   5    33    119
668   492   4    149    370
669   211   4    44    323
670   30   2    30    96
671   152   2    62    316
672   632   4    184    106
673   168   2    42    461
674   147   4    82    207
675   310   2    21    289
676   75   5    182    415
677   299   7    141    341
678   129   5    160    194
679   665   2    106    47
680   143   3    33    105
681   15   4    198    345
682   303   3    57    495
683   238   5    9    446
684   493   6    12    102
685   186   2    70    409
686   190   2    93    370
687   461   3    60    177
688   155   3    46    382
689   129   4    104    427
690   550   6    180    152
691   244   7    54    439
692   288   3    156    273
693   408   6    98    333
694   587   5    53    304
695   40   2    74    135
696   581   3    6    79
697   464   4    198    448
698   468   6    41    119
699   162   3    53    283
700   397   5    158    45
701   424   5    2    332
702   76   4    84    140
703   154   7    175    159
704   407   7    130    485
705   294   3    161    443
706   62   3    151    80
707   468   2    38    440
708   412   4    70    462
709   206   7    46    121
710   38   2    195    415
711   697   7    118    478
712   477   6    16    245
713   136   5    85    498
714   685   3    152    215
715   584   5    95    470
716   149   2    182    178
717   167   3    19    165
718   269   3    154    258
719   370   3    197    80
720   144   7    62    239
721   630   4    128    81
722   436   3    160    15
723   608   4    87    331
724   667   6    174    314
725   224   7    97    79
726   22   6    112    398
727   681   7    13    399
728   585   3    110    419
729   212   5    22    237
730   505   5    167    163
731   688   3    101    57
732   244   4    147    129
733   545   7    113    118
734   236   7    129    395
735   499   6    100    159
736   7   5    113    50
737   410   2    5    438
738   539   3    165    61
739   530   5    23    35
740   294   5    55    296
741   677   4    101    294
742   247   7    10    300
743   478   3    174    438
744   221   2    59    220
745   498   3    122    429
746   93   4    127    194
747   177   2    118    119
748   746   6    121    424
749   323   2    100    168
750   71   5    120    180
751   105   2    68    304
752   75   7    95    75
753   117   6    24    191
754   228   6    145    18
755   132   5    169    356
756   510   5    163    480
757   173   2    170    134
758   141   7    66    239
759   538   5    189    277
760   59   2    51    83
761   359   6    86    189
762   111   2    11    57
763   505   7    108    489
764   542   3    122    212
765   160   7    178    205
766   314   2    5    490
767   92   5    167    291
768   454   4    75    244
769   24   5    62    154
770   663   2    7    345
771   689   5    184    37
772   407   4    113    337
773   319   7    107    38
774   161   3    157    338
775   465   2    139    409
776   181   7    39    498
777   700   3    163    281
778   503   6    196    425
779   564   4    180    188
780   346   3    23    348
781   79   6    99    106
782   283   5    46    406
783   583   3    73    12
784   534   3    17    277
785   195   6    84    278
786   16   7    67    451
787   601   7    114    351
788   738   3    89    229
789   182   7    58    497
790   181   3    65    152
791   255   7    76    425
792   449   2    51    464
793   565   7    81    355
794   556   5    67    33
795   311   4    81    260
796   481   5    96    389
797   435   2    147    387
798   653   6    1    449
799   584   6    90    87
800   776   5    50    483
801   246   6    119    224
802   693   7    24    346
803   672   5    69    307
804   107   2    145    110
805   227   4    160    69
806   690   6    24    493
807   589   7    43    109
808   191   2    102    26
809   650   6    99    325
810   359   7    13    495
811   43   4    158    307
812   114   3    166    60
813   699   7    67    342
814   285   7    143    130
815   408   4    140    6
816   568   5    114    77
817   379   7    195    332
818   14   6    190    313
819   365   3    5    159
820   214   7    28    429
821   205   2    91    66
822   768   3    122    252
823   536   4    198    453
824   132   5    168    188
825   523   6    186    14
826   694   3    142    460
827   287   4    101    103
828   501   4    145    101
829   322   5    15    175
830   646   2    148    371
831   14   6    3    167
832   211   3    176    479
833   57   6    10    452
834   331   4    179    141
835   798   7    10    471
836   240   2    21    328
837   809   6    142    427
838   276   7    34    57
839   257   4    64    305
840   15   7    113    259
841   264   2    59    336
842   688   7    21    139
843   448   2    22    22
844   520   6    15    236
845   20   5    120    291
846   727   2    186    115
847   265   4    60    59
848   716   3    171    41
849   244   2    48    407
850   549   5    196    473
851   124   2    147    285
852   209   2    74    363
853   523   7    1    472
854   558   3    107    449
855   127   6    189    495
856   393   3    55    20
857   308   5    59    173
858   584   4    57    109
859   396   2    76    19
860   783   3    109    451
861   626   3    37    17
862   851   7    39    162
863   807   2    140    223
864   28   4    47    372
865   183   5    26    196
866   387   3    37    212
867   535   4    4    364
868   675   6    75    38
869   456   3    85    456
870   616   3    153    431
871   655   6    154    10
872   351   3    129    398
873   801   5    174    147
874   145   2    112    498
875   378   5    160    259
876   537   3    180    118
877   595   7    71    278
878   574   7    131    303
879   288   3    114    262
880   394   7    178    97
881   601   3    47    288
882   384   2    189    412
883   711   6    64    161
884   426   7    10    76
885   666   4    167    352
886   709   5    29    341
887   522   7    60    236
888   142   6    51    331
889   282   3    52    280
890   400   5    34    85
891   745   4    68    488
892   508   6    165    93
893   419   4    70    252
894   704   7    163    180
895   636   2    120    278
896   341   6    175    143
897   387   5    44    443
898   71   3    91    350
899   779   5    92    307
900   326   2    85    5
901   630   3    184    295
902   229   6    117    7
903   315   4    108    227
904   771   2    166    459
905   210   5    37    197
906   250   7    94    104
907   163   6    140    331
908   239   2    47    47
909   68   4    181    38
910   632   2    161    430
911   908   4    64    119
912   329   2    8    230
913   589   3    121    167
914   873   2    151    167
915   426   6    86    30
916   338   4    30    307
917   352   6    165    253
918   377   3    151    158
919   89   5    198    492
920   569   5    92    404
921   112   5    153    299
922   526   7    137    143
923   452   5    180    398
924   72   6    1    106
925   121   3    120    283
926   361   7    33    487
927   556   6    95    25
928   168   2    137    460
929   764   2    120    191
930   674   5    73    471
931   271   4    73    200
932   68   4    13    24
933   828   2    96    229
934   15   2    79    142
935   867   5    167    366
936   667   7    51    243
937   153   5    181    44
938   757   7    173    47
939   137   7    131    131
940   192   3    135    81
941   434   3    126    198
942   129   5    162    278
943   302   4    106    113
944   183   4    115    81
945   681   7    35    469
946   543   3    27    156
947   345   2    108    200
948   26   3    119    28
949   860   4    117    436
950   576   3    189    109
951   644   4    159    58
952   491   3    111    212
953   151   4    122    304
954   447   3    36    309
955   159   6    97    437
956   765   6    111    359
957   814   4    178    212
958   823   2    107    267
959   204   3    22    471
960   886   5    129    199
961   358   7    44    13
962   887   5    178    352
963   855   7    84    387
964   751   6    178    382
965   646   3    54    416
966   905   5    109    416
967   792   6    182    344
968   484   2    66    137
969   730   6    5    328
970   68   6    192    431
971   142   7    105    25
972   894   2    138    440
973   754   5    63    431
974   319   2    30    363
975   177   2    180    234
976   488   7    8    128
977   411   2    126    241
978   3   7    39    6
979   692   4    14    104
980   760   4    174    435
981   678   6    63    124
982   716   6    133    202
983   842   6    179    197
984   956   7    170    179
985   369   7    165    143
986   385   3    11    19
987   622   2    111    79
988   36   6    73    104
989   497   4    72    221
990   912   2    77    263
991   532   2    41    294
992   778   2    76    320
993   814   6    177    477
994   748   3    121    232
995   930   2    1    457
996   274   4    141    122
997   583   4    160    18
998   309   5    51    77
999   383   3    50    65
1000   162   7    98    309
1001   48   7    75    164
1002   129   5    194    24
1003   917   6    145    234
1004   199   3    151    453
1005   323   3    151    222
1006   69   6    65    29
1007   585   7    51    182
1008   780   3    149    25
1009   961   5    164    281
1010   635   7    68    231
1011   290   7    136    316
1012   483   6    91    323
1013   575   4    126    365
1014   860   2    61    148
1015   346   7    146    355
1016   339   5    76    9
1017   357   4    54    149
1018   84   2    155    216
1019   441   5    143    148
1020   178   2    20    66
1021   296   3    66    474
1022   292   5    140    368
1023   193   5    134    217
1024   566   5    66    361
1025   34   4    56    374
1026   552   6    122    205
1027   422   4    151    337
1028   987   4    47    184
1029   251   5    179    85
1030   77   5    133    355
1031   852   5    60    440
1032   623   5    171    444
1033   190   7    141    137
1034   89   2    26    152
1035   768   3    9    395
1036   628   6    19    410
1037   246   3    46    212
1038   435   5    121    410
1039   376   7    167    120
1040   115   2    85    410
1041   790   2    46    327
1042   885   2    132    260
1043   945   5    36    153
1044   765   3    186    412
1045   823   5    6    151
1046   51   7    79    126
1047   67   5    40    150
1048   21   6    20    357
1049   88   5    121    198
1050   515   6    45    186
1051   753   4    84    97
1052   473   4    11    259
1053   985   5    143    463
1054   1046   3    183    482
1055   706   2    97    54
1056   861   5    170    274
1057   947   7    123    180
1058   357   5    9    50
1059   255   3    184    384
1060   937   5    182    285
1061   307   6    166    441
1062   840   7    170    69
1063   637   2    82    255
1064   771   5    4    211
1065   798   3    145    377
1066   108   4    106    244
1067   333   7    163    230
1068   178   4    85    399
1069   756   6    149    288
1070   885   6    48    266
1071   160   2    102    232
1072   891   7    129    186
1073   116   4    140    250
1074   598   2    105    437
1075   145   6    119    284
1076   827   2    195    325
1077   468   3    48    370
1078   733   6    84    50
1079   656   7    167    229
1080   219   4    60    249
1081   74   2    60    36
1082   307   5    155    80
1083   148   5    128    338
1084   1055   3    53    314
1085   727   6    67    355
1086   1035   4    150    186
1087   606   4    110    400
1088   95   3    160    410
1089   698   3    89    46
1090   387   4    168    364
1091   230   2    9    427
1092   41   7    140    325
1093   295   2    31    381
1094   1013   2    15    440
1095   901   5    155    400
1096   531   3    157    168
1097   775   2    119    165
1098   324   5    151    58
1099   1040   5    193    303
1100   850   3    146    180
1101   1091   6    175    169
1102   1097   3    4    384
1103   748   2    160    195
1104   971   3    135    460
1105   919   2    140    128
1106   556   6    50    181
1107   1105   4    183    91
1108   244   2    90    95
1109   454   5    179    312
1110   411   2    89    11
1111   92   3    86    144
1112   1089   5    188    196
1113   961   5    172    274
1114   719   3    196    99
1115   709   7    155    67
1116   609   5    100    248
1117   725   3    25    414
1118   320   7    64    3
1119   929   7    7    473
1120   650   4    50    335
1121   562   2    142    193
1122   1098   7    4    341
1123   504   7    93    497
1124   151   6    187    450
1125   912   6    182    454
1126   890   6    174    405
1127   407   2    54    167
1128   52   3    95    218
1129   222   7    78    204
1130   478   2    43    67
1131   1115   4    67    175
1132   809   7    13    456
1133   778   4    148    60
1134   546   6    136    471
1135   823   6    42    41
1136   971   6    13    370
1137   433   4    197    314
1138   1029   2    13    381
1139   402   7    87    254
1140   112   4    92    84
1141   634   4    24    167
1142   412   7    119    397
1143   767   5    132    57
1144   476   6    95    277
1145   1136   6    13    9
1146   566   6    75    74
1147   705   7    44    386
1148   977   7    25    458
1149   378   3    61    31
1150   157   7    192    219
1151   916   3    58    64
1152   317   6    122    368
1153   886   7    170    261
1154   706   2    163    259
1155   1026   5    69    54
1156   1130   4    16    465
1157   171   5    70    51
1158   437   6    188    324
1159   425   3    92    72
1160   6   6    43    222
1161   346   5    101    281
1162   1111   5    164    288
1163   554   3    101    285
1164   495   2    147    132
1165   690   5    77    52
1166   17   7    148    456
1167   807   6    28    17
1168   1060   3    14    148
1169   809   6    102    84
1170   414   3    126    70
1171   1044   5    34    6
1172   449   3    130    216
1173   49   3    112    17
1174   1117   5    49    487
1175   89   7    155    117
1176   893   2    124    191
1177   101   3    114    333
1178   404   3    35    314
1179   382   6    51    140
1180   543   4    75    430
1181   887   2    7    213
1182   994   4    127    391
1183   798   3    46    328
1184   667   5    97    351
1185   197   3    140    126
1186   980   3    112    292
1187   488   7    57    477
1188   722   7    175    159
1189   687   5    73    395
1190   240   5    103    413
1191   895   2    83    495
1192   1054   5    79    307
1193   157   4    189    487
1194   217   6    65    12
1195   1161   4    96    291
1196   251   6    173    350
1197   703   6    41    468
1198   25   4    72    165
1199   903   5    165    167
1200   311   5    90    155
1201   248   7    51    152
1202   1055   7    38    130
1203   975   4    40    294
1204   767   7    11    463
1205   907   5    137    248
1206   506   2    139    467
1207   1111   3    39    260
1208   1177   2    62    59
1209   1080   4    10    10
1210   273   2    196    273
1211   540   3    59    458
1212   930   2    56    287
1213   299   4    27    243
1214   151   3    98    44
1215   863   7    33    318
1216   249   6    192    404
1217   1011   7    26    414
1218   644   4    112    148
1219   298   2    74    264
1220   1086   3    133    65
1221   683   3    150    43
1222   622   2    35    104
1223   142   5    23    31
1224   823   2    134    320
1225   691   7    170    65
1226   450   6    3    456
1227   94   4    18    138
1228   810   4    153    276
1229   902   2    42    217
1230   417   7    111    164
1231   342   2    45    395
1232   584   3    41    202
1233   485   6    139    265
1234   880   6    55    264
1235   688   3    33    192
1236   940   6    10    394
1237   302   3    73    417
1238   1158   7    60    481
1239   717   3    143    212
1240   42   5    69    268
1241   890   7    86    352
1242   1240   7    73    450
1243   693   4    48    455
1244   1172   7    51    177
1245   1193   3    81    86
1246   937   2    51    230
1247   451   5    81    19
1248   616   7    165    19
1249   517   2    98    410
1250   305   3    37    485
1251   923   5    101    287
1252   1172   6    183    61
1253   515   4    53    253
1254   1055   6    21    347
1255   554   7    18    134
1256   1086   2    61    307
1257   147   7    32    154
1258   1125   2    138    7
1259   1168   5    54    243
1260   1148   5    111    454
1261   943   3    108    434
1262   860   2    149    38
1263   774   3    30    164
1264   168   3    77    102
1265   803   5    161    127
1266   523   7    87    285
1267   837   4    14    454
1268   198   4    53    108
1269   419   5    132    107
1270   210   7    110    412
1271   882   3    81    378
1272   954   6    153    481
1273   708   2    115    330
1274   865   3    9    489
1275   216   6    93    237
1276   457   2    99    363
1277   375   7    26    266
1278   624   3    41    345
1279   270   3    106    10
1280   852   2    197    142
1281   1106   5    68    175
1282   1018   6    153    225
1283   906   3    76    90
1284   342   5    138    200
1285   774   6    18    124
1286   444   5    5    404
1287   920   4    72    361
1288   839   7    60    162
1289   177   6    121    115
1290   396   2    73    232
1291   330   6    182    66
1292   620   4    111    23
1293   807   2    174    447
1294   302   4    102    215
1295   263   6    36    86
1296   1022   2    121    445
1297   593   4    64    111
1298   818   6    94    414
1299   1226   3    27    474
1300   78   2    20    127
1301   117   7    7    73
1302   477   5    31    5
1303   496   5    16    302
1304   984   6    139    269
1305   223   4    152    173
1306   650   3    10    72
1307   615   6    45    94
1308   790   2    11    10
1309   57   5    149    439
1310   835   6    12    297
1311   232   7    191    450
1312   711   6    132    404
1313   1073   4    117    23
1314   983   5    39    478
1315   168   3    53    262
1316   859   3    103    365
1317   703   7    26    414
1318   247   2    72    232
1319   144   5    73    487
1320   871   3    53    195
1321   620   7    139    94
1322   693   4    198    302
1323   91   2    147    353
1324   898   6    73    131
1325   428   4    188    189
1326   580   2    93    386
1327   826   2    87    55
1328   912   6    183    56
1329   1203   4    27    304
1330   1053   4    193    390
1331   401   5    52    187
1332   968   5    149    248
1333   850   2    176    365
1334   1070   4    192    17
1335   1210   7    49    293
1336   1308   2    189    118
1337   485   3    37    446
1338   776   6    77    24
1339   1203   4    95    477
1340   1319   2    3    357
1341   204   7    45    116
1342   1166   5    160    31
1343   241   4    143    261
1344   213   7    165    192
1345   992   4    89    105
1346   111   7    72    242
1347   1044   3    67    205
1348   878   5    35    196
1349   328   5    57    179
1350   907   6    141    128
1351   630   2    48    329
1352   246   6    55    91
1353   738   5    73    278
1354   1067   3    153    352
1355   310   2    10    25
1356   955   2    174    344
1357   1187   4    149    377
1358   826   5    86    59
1359   406   4    109    187
1360   743   7    97    334
1361   902   2    136    418
1362   887   2    103    179
1363   105   4    28    108
1364   237   4    54    12
1365   163   3    89    147
1366   1292   7    76    188
1367   960   6    93    112
1368   623   6    146    8
1369   1337   4    155    85
1370   1106   5    25    334
1371   450   7    24    76
1372   378   4    176    285
1373   1348   7    89    235
1374   944   3    124    153
1375   889   6    88    171
1376   587   6    35    457
1377   470   3    166    231
1378   258   7    159    208
1379   672   5    159    48
1380   676   6    174    207
1381   739   5    173    488
1382   1124   4    52    127
1383   221   3    178    270
1384   440   3    168    157
1385   872   2    144    99
1386   379   2    104    456
1387   1254   7    123    132
1388   828   3    123    357
1389   734   7    102    221
1390   1006   6    47    21
1391   957   5    111    5
1392   566   5    100    476
1393   1190   5    102    250
1394   1068   6    11    456
1395   643   7    17    205
1396   323   5    128    34
1397   721   6    14    68
1398   559   6    196    6
1399   90   4    87    145
1400   622   2    152    350
1401   1326   5    44    386
1402   908   3    118    268
1403   1198   6    57    116
1404   1179   5    197    6
1405   204   7    152    278
1406   1113   5    18    252
1407   789   5    69    102
1408   446   5    146    295
1409   334   3    51    11
1410   332   3    148    427
1411   430   7    62    253
1412   1041   5    30    170
1413   1003   6    144    100
1414   1407   2    88    196
1415   181   4    85    99
1416   23   6    29    474
1417   774   5    50    489
1418   453   4    176    214
1419   930   4    70    20
1420   1265   2    137    245
1421   803   4    122    211
1422   1130   2    185    333
1423   1096   4    193    259
1424   1157   2    166    418
1425   1035   2    66    159
1426   1301   5    88    213
1427   609   6    127    432
1428   1133   5    178    60
1429   453   4    94    476
1430   293   2    177    434
1431   481   3    120    331
1432   205   4    7    183
1433   988   6    55    65
1434   379   2    54    485
1435   1046   7    28    390
1436   1197   2    19    316
1437   1202   2    13    328
1438   1061   2    37    330
1439   544   4    136    406
1440   762   4    60    244
1441   655   5    29    215
1442   763   5    157    27
1443   1226   4    39    353
1444   1297   6    110    321
1445   421   6    149    259
1446   745   4    26    350
1447   1246   7    64    243
1448   852   4    13    115
1449   1315   6    62    196
1450   994   3    198    249
1451   316   5    107    352
1452   1405   6    173    258
1453   25   7    147    241
1454   572   7    33    96
1455   36   2    163    178
1456   315   4    148    412
1457   1259   7    190    442
1458   1426   4    187    16
1459   1268   6    108    361
1460   463   5    127    19
1461   1028   5    57    39
1462   1378   6    89    203
1463   474   2    9    56
1464   1140   5    169    304
1465   198   2    93    388
1466   349   2    85    37
1467   1134   2    60    459
1468   172   4    21    64
1469   611   4    116    223
1470   657   3    124    449
1471   1421   6    41    170
1472   1465   3    62    216
1473   200   7    60    391
1474   452   7    80    494
1475   1214   2    62    478
1476   644   3    170    381
1477   1181   4    132    199
1478   1297   7    69    84
1479   1050   3    165    312
1480   1180   4    119    111
1481   770   2    19    155
1482   743   7    122    359
1483   658   5    108    318
1484   57   2    144    424
1485   102   2    119    452
1486   1305   3    113    443
1487   296   3    186    264
1488   653   7    142    15
1489   444   2    198    328
1490   425   5    128    335
1491   225   7    182    176
1492   102   5    10    476
1493   1443   4    44    485
1494   442   6    22    133
1495   1416   4    44    379
1496   195   3    143    156
1497   979   3    65    225
1498   576   3    198    244
1499   918   5    20    150
1500   481   2    108    440
1501   1014   3    188    396
1502   546   5    78    162
1503   1480   6    199    447
1504   1287   4    164    336
1505   1293   7    177    99
1506   241   2    171    227
1507   1394   6    57    65
1508   838   3    71    406
1509   346   7    43    299
1510   610   5    107    432
1511   978   2    53    445
1512   1422   3    168    155
1513   1386   6    45    269
1514   1069   4    28    463
1515   1395   3    16    299
1516   1065   2    196    487
1517   176   5    175    77
1518   383   5    158    365
1519   196   5    115    182
1520   1518   5    89    50
1521   933   3    73    339
1522   765   2    125    480
1523   57   4    175    394
1524   1168   3    8    431
1525   35   6    88    156
1526   185   2    137    158
1527   531   7    9    384
1528   1458   6    66    75
1529   1292   3    81    168
1530   1109   6    150    86
1531   416   6    45    71
1532   922   2    24    231
1533   1521   5    69    436
1534   780   5    95    39
1535   338   3    181    102
1536   684   3    17    150
1537   1519   2    69    8
1538   327   5    190    347
1539   318   2    78    80
1540   84   4    12    11
1541   966   4    141    62
1542   111   2    20    285
1543   1180   4    43    415
1544   370   7    28    264
1545   875   4    178    8
1546   907   7    118    240
1547   538   2    10    141
1548   153   2    110    4
1549   375   7    91    430
1550   878   3    39    166
1551   530   3    24    286
1552   1501   4    138    144
1553   139   2    144    96
1554   41   6    30    62
1555   239   3    101    408
1556   736   6    53    110
1557   1428   2    80    309
1558   529   6    59    269
1559   1402   5    71    349
1560   585   4    26    391
1561   1239   3    27    331
1562   1392   2    67    147
1563   484   4    57    204
1564   1304   2    69    119
1565   527   7    75    246
1566   793   2    195    15
1567   1457   3    18    98
1568   4   6    68    153
1569   1246   2    71    92
1570   1119   4    191    439
1571   1239   2    150    194
1572   799   7    186    88
1573   1543   2    40    466
1574   990   6    113    317
1575   528   3    152    144
1576   1090   5    83    85
1577   350   6    134    341
1578   1056   4    82    125
1579   34   4    95    74
1580   291   6    86    461
1581   1518   5    44    455
1582   406   3    117    202
1583   689   4    144    59
1584   1009   3    105    410
1585   617   6    194    243
1586   618   4    58    325
1587   145   4    37    55
1588   232   3    168    75
1589   77   5    105    228
1590   1349   6    174    211
1591   181   4    104    76
1592   868   2    67    4
1593   107   5    186    405
1594   1308   3    95    445
1595   924   5    41    4
1596   1521   6    174    21
1597   401   5    15    420
1598   845   6    34    395
1599   1124   2    10    366
1600   501   4    189    485
1601   748   4    127    182
1602   753   3    2    472
1603   409   7    15    494
1604   1020   5    39    211
1605   1554   6    75    289
1606   1338   6    196    222
1607   294   3    188    84
1608   930   2    130    467
1609   452   6    21    247
1610   480   4    157    439
1611   283   6    148    431
1612   484   2    156    127
1613   725   7    32    257
1614   655   5    19    306
1615   934   7    121    196
1616   1064   6    38    265
1617   1303   7    99    161
1618   1486   7    126    376
1619   413   4    157    169
1620   1260   5    29    21
1621   53   2    171    146
1622   454   2    36    120
1623   1298   4    95    292
1624   363   5    198    157
1625   798   2    183    485
1626   1150   4    111    221
1627   1223   4    159    483
1628   1075   4    135    230
1629   365   3    23    263
1630   1061   2    118    83
1631   1009   6    1    131
1632   425   4    170    74
1633   1427   4    125    17
1634   1395   7    21    247
1635   1468   2    60    43
1636   1477   6    94    317
1637   717   6    58    53
1638   650   7    20    307
1639   127   6    197    222
1640   771   5    82    323
1641   283   6    154    349
1642   1350   5    1    199
1643   774   5    138    178
1644   640   3    41    76
1645   1358   4    190    299
1646   1393   7    98    361
1647   957   5    77    318
1648   475   5    152    318
1649   1002   7    159    64
1650   899   3    38    477
1651   265   3    190    427
1652   99   3    196    118
1653   570   3    19    425
1654   103   5    169    271
1655   1507   4    86    55
1656   1143   4    93    35
1657   1464   7    61    485
1658   699   2    95    446
1659   1239   2    49    99
1660   1061   3    177    156
1661   1221   4    130    61
1662   283   2    133    219
1663   2   6    32    313
1664   805   3    4    300
1665   925   6    85    42
1666   1128   6    164    167
1667   1191   4    106    75
1668   799   6    107    351
1669   989   5    20    45
1670   991   5    195    297
1671   732   6    92    31
1672   576   2    66    143
1673   1120   5    107    153
1674   606   4    172    226
1675   979   3    34    101
1676   79   4    133    400
1677   466   2    115    457
1678   1664   3    10    265
1679   261   2    118    202
1680   814   5    54    115
1681   378   6    117    380
1682   197   3    95    340
1683   1014   6    161    457
1684   1522   2    185    495
1685   400   3    105    79
1686   1330   5    65    252
1687   434   3    74    283
1688   132   6    183    4
1689   932   6    46    412
1690   1559   3    140    420
1691   398   3    77    330
1692   160   3    106    280
1693   314   6    54    266
1694   979   6    181    279
1695   578   2    166    48
1696   870   7    70    483
1697   191   3    73    93
1698   1422   7    9    319
1699   1363   4    6    366
1700   1627   7    188    104
1701   64   2    12    237
1702   34   6    1    213
1703   259   7    184    295
1704   583   7    162    322
1705   1276   4    64    444
1706   958   5    70    159
1707   4   3    109    162
1708   1601   4    165    360
1709   1663   4    190    271
1710   694   3    172    378
1711   1555   6    41    112
1712   1125   6    100    73
1713   294   3    104    276
1714   1208   2    108    366
1715   1692   6    2    77
1716   1676   5    131    193
1717   764   7    14    1
1718   866   5    100    222
1719   785   3    4    240
1720   461   6    34    457
1721   1199   2    127    440
1722   366   4    105    354
1723   624   5    137    474
1724   844   7    151    327
1725   937   3    144    431
1726   3   3    7    209
1727   792   5    169    257
1728   1668   6    169    140
1729   1200   7    23    30
1730   385   6    110    235
1731   425   6    103    343
1732   1518   5    136    190
1733   707   4    19    28
1734   1291   6    30    347
1735   1132   2    97    453
1736   1661   6    68    89
1737   1059   6    117    373
1738   1483   5    7    52
1739   161   4    147    384
1740   601   3    131    367
1741   1486   7    185    151
1742   500   6    34    392
1743   775   3    143    259
1744   183   7    174    455
1745   2   7    136    163
1746   2   2    112    3
1747   960   5    90    113
1748   932   4    77    397
1749   728   7    185    286
1750   1112   6    12    485
1751   1496   6    191    339
1752   428   5    96    288
1753   1441   2    127    298
1754   1436   6    75    255
1755   1483   6    99    165
1756   575   6    116    188
1757   1691   5    159    111
1758   1567   2    158    78
1759   83   7    5    299
1760   1012   4    146    208
1761   864   2    8    390
1762   13   7    168    251
1763   726   4    44    472
1764   1   3    199    297
1765   823   5    145    18
1766   1192   3    86    69
1767   232   2    179    217
1768   149   3    25    109
1769   384   2    41    247
1770   909   6    158    339
1771   239   4    3    66
1772   960   5    101    250
1773   1271   7    87    53
1774   541   7    24    335
1775   1501   2    102    147
1776   181   5    163    429
1777   1572   6    95    84
1778   1462   3    66    382
1779   214   3    86    27
1780   1709   5    124    81
1781   731   6    1    126
1782   389   3    93    274
1783   180   7    65    124
1784   540   4    161    335
1785   372   4    163    377
1786   176   5    12    262
1787   868   2    89    328
1788   336   5    58    368
1789   802   2    137    177
1790   20   5    22    200
1791   731   6    167    119
1792   1717   4    17    249
1793   758   7    71    226
1794   260   5    165    61
1795   402   3    89    326
1796   731   4    171    56
1797   978   5    68    22
1798   1053   3    79    493
1799   743   6    146    97
1800   1785   2    27    467
1801   1431   5    112    424
1802   575   7    25    336
1803   917   2    14    404
1804   817   7    58    341
1805   32   3    165    349
1806   1611   2    99    148
1807   1709   7    25    490
1808   761   5    60    232
1809   53   7    20    252
1810   416   3    101    229
1811   1186   3    168    460
1812   1195   2    27    148
1813   908   7    150    157
1814   785   7    99    40
1815   492   4    27    33
1816   1204   7    169    312
1817   505   2    39    464
1818   64   3    122    128
1819   381   5    152    63
1820   580   4    50    423
1821   143   7    176    466
1822   1683   3    168    281
1823   493   4    33    239
1824   420   4    59    433
1825   621   5    80    166
1826   1787   7    51    388
1827   687   7    80    278
1828   163   5    67    268
1829   207   7    18    300
1830   631   3    135    43
1831   733   5    53    349
1832   1426   5    11    130
1833   891   5    67    321
1834   946   3    104    407
1835   459   5    30    184
1836   772   6    114    352
1837   1547   5    37    54
1838   922   2    160    251
1839   1312   5    147    314
1840   212   2    153    485
1841   1041   4    123    53
1842   1752   6    182    461
1843   1355   3    196    215
1844   1333   5    182    417
1845   1498   4    91    147
1846   1446   5    48    294
1847   1407   2    78    261
1848   1308   7    86    381
1849   1260   3    151    281
1850   1220   5    81    240
1851   1805   7    55    288
1852   1302   2    64    373
1853   197   6    26    130
1854   1619   5    146    350
1855   90   6    68    233
1856   254   7    186    313
1857   524   7    152    420
1858   745   3    173    198
1859   1452   6    35    317
1860   1079   7    31    39
1861   35   2    90    272
1862   1197   6    9    259
1863   968   3    6    202
1864   1027   4    58    165
1865   888   4    95    313
1866   1792   4    6    58
1867   1048   7    152    438
1868   673   4    50    216
1869   1367   2    177    344
1870   1705   2    1    80
1871   1065   7    164    97
1872   406   3    141    240
1873   1706   4    117    238
1874   894   2    60    173
1875   464   3    199    462
1876   1544   3    44    451
1877   320   4    62    358
1878   1769   4    34    60
1879   617   2    148    79
1880   1777   5    181    85
1881   584   7    135    77
1882   1048   4    92    487
1883   1067   7    13    461
1884   1611   6    49    293
1885   973   7    126    66
1886   53   6    164    261
1887   843   3    117    43
1888   781   4    40    405
1889   1030   7    195    181
1890   521   6    60    293
1891   938   3    121    151
1892   705   2    105    260
1893   1850   6    146    143
1894   471   3    128    266
1895   801   3    137    371
1896   1267   5    166    95
1897   1735   4    125    336
1898   339   3    18    468
1899   313   5    30    29
1900   704   7    72    88
1901   130   2    101    115
1902   1131   7    163    237
1903   849   6    188    167
1904   966   5    79    341
1905   109   2    24    73
1906   956   6    30    319
1907   1019   6    114    403
1908   162   3    136    154
1909   905   2    21    33
1910   834   6    141    399
1911   442   2    99    74
1912   1029   4    63    399
1913   1420   4    110    176
1914   1750   6    53    30
1915   1279   7    76    446
1916   996   6    57    279
1917   1053   4    168    444
1918   1516   2    41    298
1919   774   6    2    436
1920   1391   7    23    208
1921   1881   4    83    273
1922   1603   6    42    45
1923   275   3    167    250
1924   1700   6    91    302
1925   436   7    102    251
1926   1339   6    71    317
1927   879   6    31    64
1928   1622   4    136    134
1929   508   6    199    213
1930   163   4    9    473
1931   1069   7    192    323
1932   946   6    77    350
1933   1659   5    74    397
1934   778   5    42    232
1935   685   2    65    48
1936   622   5    51    225
1937   1117   2    4    364
1938   462   5    88    459
1939   646   3    172    57
1940   937   2    125    70
1941   44   6    8    457
1942   1521   4    14    167
1943   624   6    101    255
1944   227   6    102    327
1945   1588   3    59    497
1946   1423   7    25    327
1947   665   7    106    124
1948   1018   4    154    366
1949   564   6    37    340
1950   544   6    99    264
1951   192   7    102    381
1952   729   4    46    316
1953   957   5    153    298
1954   1468   7    144    15
1955   882   3    171    321
1956   1757   6    62    205
1957   1908   3    51    52
1958   1418   4    175    409
1959   1428   6    177    107
1960   1102   2    162    19
1961   1766   7    29    265
1962   1492   4    114    459
1963   812   7    56    359
1964   429   4    183    182
1965   841   7    186    388
1966   676   7    136    430
1967   1650   2    96    487
1968   4   5    144    145
1969   1368   3    78    476
1970   181   5    125    48
1971   1   4    65    297
1972   57   6    24    47
1973   481   7    23    70
1974   198   4    189    139
1975   1446   5    185    290
1976   1737   2    132    19
1977   184   6    198    51
1978   1681   2    8    359
1979   1422   6    6    492
1980   873   5    130    436
1981   127   3    33    326
1982   960   5    30    410
1983   725   7    98    309
1984   1654   7    183    285
1985   200   7    85    174
1986   1884   7    159    119
1987   1806   5    24    294
1988   720   4    96    112
1989   1256   3    31    46
1990   1201   7    58    223
1991   1164   2    125    101
1992   338   2    58    429
1993   862   6    105    154
1994   1915   3    169    197
1995   711   5    116    90
1996   1764   3    69    426
1997   605   3    57    416
1998   1414   4    164    418
1999   135   3    47    34
2000   1201   5    94    152
2001   979   3    49    55
2002   932   2    113    192
2003   1392   7    174    486
2004   1085   2    174    416
2005   974   2    86    47
2006   1862   3    105    279
2007   238   6    61    445
2008   1072   2    61    457
2009   1762   2    17    486
2010   311   3    14    433
2011   889   3    109    466
2012   1505   5    191    226
2013   841   5    66    413
2014   1772   3    111    159
2015   1615   4    111    275
2016   59   5    136    285
2017   1860   4    2    353
2018   559   5    185    234
2019   33   4    49    290
2020   696   6    67    416
2021   1631   4    188    37
2022   621   5    43    244
2023   1236   2    82    245
2024   1540   3    159    151
2025   528   4    53    224
2026   483   3    79    100
2027   1829   6    141    195
2028   1295   3    192    258
2029   1605   7    16    270
2030   1794   6    172    203
2031   267   7    185    61
2032   690   4    179    222
2033   328   4    60    194
2034   91   3    12    385
2035   1642   6    55    466
2036   1313   5    158    56
2037   1138   2    28    308
2038   621   4    73    292
2039   1522   6    192    264
2040   113   3    136    326
2041   179   5    118    391
2042   1831   4    19    61
2043   694   3    50    303
2044   1415   4    157    338
2045   1264   2    44    274
2046   1412   7    45    225
2047   1345   3    132    384
2048   681   2    168    147
