1   0   7    10    43
2   1   3    45    196
3   1   6    33    10
4   2   2    48    485
5   3   2    27    493
6   2   2    77    145
7   2   6    153    323
8   5   7    150    494
9   1   6    17    233
10   2   3    76    439
11   1   2    149    93
12   3   6    122    349
13   4   7    175    293
14   5   7    148    417
15   6   5    65    340
16   8   6    102    206
17   9   2    100    243
18   3   3    80    317
19   14   3    161    2
20   14   5    74    235
21   15   5    103    428
22   17   6    12    236
23   6   3    115    152
24   16   2    178    291
25   16   7    181    458
26   13   4    192    298
27   8   7    2    216
28   19   6    112    229
29   24   5    110    49
30   23   6    166    111
31   4   6    28    151
32   7   2    21    411
33   11   6    90    306
34   28   6    2    277
35   27   2    66    80
36   12   6    155    489
37   26   4    97    227
38   32   3    5    30
39   6   7    115    47
40   37   3    154    408
41   25   5    49    322
42   6   3    49    437
43   39   5    171    165
44   13   6    10    59
45   41   5    89    217
46   31   4    35    359
47   23   2    52    130
48   9   3    161    241
49   40   4    50    18
50   26   4    169    318
51   42   6    112    431
52   47   4    135    394
53   43   6    180    392
54   33   5    73    492
55   42   7    153    16
56   7   5    125    357
57   49   2    5    230
58   41   6    80    474
59   46   2    13    346
60   7   5    37    335
61   18   7    195    54
62   10   3    124    343
63   22   3    126    18
64   47   2    147    456
65   12   5    92    359
66   53   2    77    317
67   39   2    164    267
68   17   6    63    189
69   25   3    96    260
70   50   6    108    190
71   60   3    76    495
72   32   2    157    154
73   54   3    54    179
74   3   3    132    10
75   50   2    173    319
76   53   7    113    3
77   28   2    65    53
78   27   5    130    113
79   62   3    70    499
80   39   7    62    144
81   37   3    94    279
82   74   6    149    321
83   78   2    118    218
84   12   4    74    153
85   50   2    132    429
86   59   7    126    187
87   32   5    142    166
88   60   6    35    222
89   25   2    13    388
90   82   7    48    206
91   20   4    76    314
92   63   5    59    25
93   49   2    145    468
94   88   7    47    238
95   39   2    65    235
96   88   5    65    453
97   21   2    30    191
98   16   6    102    403
99   28   2    146    172
100   47   7    57    159
101   52   6    58    146
102   79   2    149    481
103   89   6    166    130
104   45   2    6    277
105   48   5    55    77
106   95   6    15    340
107   49   7    36    185
108   57   7    72    63
109   4   3    147    320
110   72   3    85    276
111   50   7    92    394
112   53   4    158    490
113   31   6    44    61
114   110   2    199    12
115   64   7    102    221
116   71   2    20    396
117   66   6    45    72
118   106   5    55    6
119   66   5    123    129
120   37   5    152    42
121   96   7    97    273
122   32   5    153    470
123   12   6    175    156
124   89   3    110    134
125   94   4    111    426
126   55   5    125    96
127   21   4    154    481
128   70   2    154    19
129   112   3    7    467
130   45   5    86    346
131   115   5    131    282
132   129   3    71    216
133   101   2    145    419
134   4   4    76    485
135   10   6    181    146
136   118   2    39    491
137   60   5    20    294
138   37   3    129    59
139   113   6    1    194
140   99   3    137    476
141   52   5    139    482
142   8   2    168    218
143   44   5    42    387
144   72   7    68    419
145   13   2    173    376
146   44   6    153    421
147   67   2    94    24
148   34   6    15    311
149   8   3    150    362
150   70   3    129    71
151   81   4    16    293
152   26   2    37    344
153   65   2    31    46
154   47   7    134    475
155   52   6    49    237
156   33   3    149    86
157   136   7    113    306
158   60   2    62    262
159   76   3    20    334
160   48   3    66    404
161   144   7    172    342
162   49   7    71    419
163   51   7    58    458
164   73   2    186    418
165   74   7    28    256
166   57   2    107    490
167   106   3    70    242
168   33   7    90    44
169   56   2    149    279
170   55   7    110    87
171   115   7    18    131
172   67   7    139    488
173   22   6    175    365
174   64   6    168    200
175   140   6    51    7
176   117   4    50    282
177   5   2    77    391
178   52   5    27    410
179   141   2    183    394
180   159   7    101    239
181   178   4    157    42
182   161   2    188    382
183   102   2    81    235
184   123   5    116    478
185   152   7    44    170
186   110   5    190    183
187   163   3    129    474
188   62   4    108    168
189   102   3    73    132
190   40   4    182    222
191   130   2    178    224
192   21   5    88    107
193   138   2    59    2
194   147   6    31    282
195   25   2    156    179
196   70   4    184    446
197   156   2    73    315
198   71   6    178    405
199   98   2    129    365
200   26   2    49    114
201   157   3    31    197
202   70   7    112    48
203   115   6    37    481
204   117   5    112    149
205   30   5    97    42
206   120   5    73    279
207   31   7    12    490
208   120   6    14    169
209   48   4    86    320
210   190   6    175    54
211   111   4    102    498
212   58   4    147    70
213   44   6    64    36
214   170   2    47    442
215   154   3    158    406
216   190   4    190    488
217   84   5    91    166
218   92   4    187    271
219   124   2    42    235
220   208   7    70    343
221   211   2    1    162
222   173   2    108    485
223   184   7    197    337
224   83   5    183    461
225   182   4    92    197
226   34   2    63    241
227   157   5    121    144
228   31   3    154    137
229   112   5    35    92
230   164   3    185    139
231   173   6    107    170
232   78   3    105    205
233   128   2    183    19
234   100   7    184    173
235   83   6    137    400
236   95   7    49    484
237   124   3    98    62
238   97   6    183    380
239   130   3    18    29
240   62   4    19    383
241   92   2    129    367
242   34   5    33    161
243   227   4    66    135
244   7   6    103    273
245   214   6    95    492
246   173   2    37    308
247   208   2    158    431
248   148   2    25    484
249   169   2    106    31
250   10   3    184    66
251   53   6    93    349
252   175   6    144    190
253   61   5    169    174
254   110   6    135    144
255   250   4    96    359
256   128   5    143    240
257   43   7    134    2
258   229   5    83    297
259   248   3    158    485
260   54   2    177    384
261   126   4    170    110
262   35   7    184    230
263   245   2    85    235
264   68   4    25    76
265   154   7    25    152
266   82   2    151    21
267   189   4    140    194
268   129   2    80    262
269   228   5    148    362
270   82   4    197    50
271   243   4    17    419
272   19   4    116    227
273   241   4    139    225
274   105   3    73    181
275   182   6    126    485
276   106   4    196    161
277   95   3    167    372
278   143   5    121    139
279   263   6    131    63
280   121   4    105    50
281   278   7    97    50
282   159   4    60    34
283   164   2    141    7
284   277   3    195    404
285   234   2    65    237
286   256   4    192    354
287   280   4    128    295
288   208   5    127    444
289   257   4    2    52
290   180   3    169    251
291   160   6    190    270
292   96   2    185    319
293   193   3    59    165
294   198   2    138    169
295   14   2    149    419
296   45   6    45    352
297   93   5    60    61
298   243   2    29    367
299   144   7    20    488
300   226   4    131    474
301   197   5    48    13
302   106   7    7    40
303   118   6    140    481
304   221   5    64    220
305   104   6    90    57
306   245   7    22    215
307   229   5    51    204
308   36   5    92    197
309   246   4    165    377
310   269   2    147    387
311   249   2    149    383
312   86   6    124    382
313   181   7    25    162
314   147   4    14    111
315   120   4    171    106
316   80   6    78    30
317   89   3    182    491
318   298   3    7    386
319   97   4    130    243
320   127   5    6    62
321   55   2    164    295
322   85   5    179    221
323   177   6    117    366
324   189   4    63    212
325   263   4    108    340
326   10   6    65    313
327   85   5    67    433
328   251   4    109    443
329   147   2    155    493
330   208   3    146    64
331   310   4    114    458
332   79   6    30    146
333   152   2    33    42
334   154   5    178    463
335   315   3    139    357
336   325   6    173    418
337   293   2    100    372
338   198   6    146    338
339   34   7    174    345
340   146   2    153    296
341   132   6    141    83
342   240   6    76    99
343   314   5    8    117
344   270   5    21    330
345   130   5    77    271
346   67   5    180    219
347   325   2    56    58
348   222   3    10    470
349   295   7    91    414
350   201   5    178    141
351   102   3    129    8
352   89   4    48    24
353   327   3    183    435
354   119   3    132    475
355   107   6    195    368
356   24   2    19    368
357   76   5    179    439
358   123   3    78    245
359   114   3    41    129
360   236   5    173    11
361   232   4    21    414
362   142   4    147    11
363   238   7    58    134
364   140   3    163    79
365   185   5    74    386
366   297   2    109    440
367   246   2    68    305
368   167   4    104    467
369   324   5    128    458
370   215   2    65    123
371   170   3    57    186
372   90   2    101    391
373   64   5    195    131
374   127   7    67    333
375   295   6    97    15
376   353   2    173    487
377   152   3    90    307
378   210   6    59    116
379   23   7    99    48
380   238   4    157    436
381   358   6    104    415
382   160   2    185    398
383   68   4    9    426
384   305   7    163    413
385   189   5    91    39
386   324   4    183    135
387   295   2    169    463
388   315   4    115    374
389   175   2    179    286
390   19   5    125    329
391   201   7    165    132
392   76   2    73    374
393   286   4    147    265
394   319   5    46    493
395   365   7    34    78
396   155   3    77    246
397   285   6    43    197
398   294   6    55    225
399   189   5    58    411
400   148   7    181    32
401   398   5    51    463
402   311   6    171    282
403   377   3    44    253
404   51   5    109    144
405   163   6    158    107
406   382   5    125    446
407   269   3    50    484
408   85   3    42    138
409   291   4    79    396
410   99   4    52    247
411   159   6    128    367
412   257   4    48    54
413   363   6    105    373
414   344   2    68    112
415   305   6    57    288
416   148   3    180    49
417   250   4    169    70
418   191   7    175    481
419   278   6    104    358
420   64   6    144    110
421   415   2    95    451
422   277   3    144    249
423   187   7    51    151
424   234   4    148    53
425   305   5    108    35
426   212   4    124    413
427   200   5    130    182
428   276   4    78    431
429   320   2    177    463
430   349   5    14    463
431   345   6    71    393
432   162   4    79    257
433   36   2    90    214
434   147   2    154    489
435   425   2    101    484
436   5   5    74    332
437   252   2    151    225
438   396   6    11    438
439   419   3    84    177
440   58   4    164    179
441   429   3    112    191
442   236   3    15    451
443   265   7    2    439
444   226   2    133    156
445   186   5    60    312
446   101   2    81    52
447   325   6    168    42
448   229   2    178    9
449   299   5    59    329
450   197   7    172    317
451   261   7    162    428
452   414   5    197    256
453   127   3    94    413
454   130   2    104    368
455   252   3    34    124
456   222   4    128    475
457   59   4    184    413
458   354   3    136    159
459   160   7    62    283
460   218   4    43    74
461   126   5    117    424
462   210   6    38    188
463   140   7    124    271
464   253   7    81    139
465   354   5    115    439
466   447   7    27    276
467   197   4    186    332
468   155   6    140    477
469   18   6    121    164
470   425   2    14    196
471   175   2    16    93
472   342   2    73    171
473   166   7    24    355
474   146   2    101    255
475   236   5    178    374
476   371   2    57    322
477   342   5    78    110
478   414   7    99    446
479   43   6    39    416
480   65   7    128    108
481   199   3    143    25
482   330   4    142    362
483   466   3    67    97
484   358   5    134    398
485   233   3    61    359
486   41   2    61    142
487   314   7    194    225
488   283   7    35    272
489   223   3    61    36
490   336   5    36    213
491   482   3    173    11
492   469   6    158    328
493   489   4    2    425
494   226   7    125    381
495   479   3    45    10
496   169   2    157    231
497   169   5    102    218
498   200   6    71    111
499   311   5    124    474
500   494   7    4    119
501   135   7    55    148
502   85   3    53    82
503   211   3    12    341
504   431   6    186    83
505   237   7    177    156
506   76   7    165    226
507   340   7    151    193
508   292   3    95    492
509   493   6    17    95
510   505   6    31    463
511   300   4    138    456
512   35   6    90    279
