1   0   5    8    36
2   1   4    155    465
3   1   6    161    271
4   2   7    89    152
5   2   7    89    29
6   3   6    60    169
7   5   6    135    399
8   5   3    78    337
9   6   5    168    125
10   1   6    13    131
11   3   2    167    255
12   10   2    192    381
13   4   3    99    194
14   6   2    49    124
15   13   7    93    261
16   10   7    161    60
17   4   2    39    422
18   5   2    5    222
19   6   4    121    3
20   7   2    40    394
21   10   2    61    388
22   2   4    92    90
23   13   2    127    444
24   22   2    124    39
25   17   5    160    306
26   11   2    144    357
27   20   2    159    243
28   11   3    153    26
29   4   7    111    304
30   14   3    155    267
31   15   6    132    464
32   24   6    76    329
33   18   7    20    223
34   28   7    130    220
35   33   3    1    4
36   12   3    59    51
37   28   7    115    397
38   34   7    181    338
39   13   3    111    129
40   34   6    151    86
41   31   5    172    239
42   38   3    83    269
43   27   2    84    28
44   28   3    143    451
45   26   2    124    249
46   37   7    88    68
47   30   5    130    495
48   27   4    165    465
49   35   2    169    345
50   40   3    81    148
51   18   6    165    499
52   14   3    69    116
53   43   2    140    487
54   3   2    192    120
55   36   3    140    359
56   18   4    172    14
57   48   7    102    312
58   48   2    164    289
59   44   6    190    364
60   35   5    27    157
61   55   6    178    418
62   26   2    12    433
63   36   6    44    451
64   8   3    193    260
65   21   6    103    373
66   55   4    170    146
67   50   6    172    129
68   56   2    117    261
69   35   7    52    316
70   59   6    104    406
71   37   6    99    379
72   62   2    32    5
73   24   7    154    270
74   15   5    199    467
75   55   7    135    297
76   25   4    66    494
77   64   3    64    197
78   36   6    129    433
79   50   7    112    178
80   61   4    68    65
81   16   4    158    116
82   62   4    41    212
83   54   6    148    296
84   34   5    91    360
85   67   5    195    108
86   68   2    98    263
87   27   7    81    185
88   86   6    176    253
89   69   6    143    254
90   43   3    23    31
91   26   7    132    126
92   74   5    195    100
93   84   5    6    354
94   88   7    83    282
95   50   3    80    454
96   16   6    29    223
97   29   5    150    299
98   40   3    185    188
99   77   6    77    251
100   85   6    1    7
101   29   2    40    83
102   24   6    170    288
103   58   4    108    274
104   64   3    50    2
105   59   5    97    73
106   53   4    111    249
107   20   4    55    458
108   95   2    21    356
109   57   4    152    441
110   48   6    149    90
111   7   5    53    386
112   56   2    110    74
113   58   2    39    51
114   58   5    194    100
115   62   5    108    325
116   101   2    197    435
117   20   3    62    493
118   16   3    89    182
119   47   6    111    338
120   99   6    77    161
121   94   2    21    101
122   110   2    79    221
123   114   5    74    431
124   29   7    127    290
125   122   5    6    210
126   86   4    68    162
127   99   5    35    283
128   77   7    181    224
129   21   4    156    342
130   105   3    45    257
131   119   7    120    453
132   21   2    61    16
133   99   4    97    288
134   17   6    108    239
135   38   7    183    33
136   121   5    65    109
137   32   7    158    14
138   37   3    107    403
139   30   3    110    168
140   114   4    174    50
141   84   7    70    72
142   22   2    72    481
143   43   5    198    271
144   125   2    184    491
145   121   7    126    113
146   66   3    120    125
147   106   5    137    266
148   44   5    155    314
149   60   6    86    413
150   11   2    103    453
151   79   7    173    2
152   111   6    142    183
153   98   3    150    91
154   102   7    182    435
155   119   4    127    174
156   103   3    145    424
157   143   5    159    327
158   108   3    154    416
159   17   5    135    327
160   138   2    69    316
161   90   2    158    68
162   156   6    22    262
163   109   2    2    185
164   56   7    81    50
165   92   4    70    129
166   132   6    76    401
167   101   7    122    307
168   82   4    41    355
169   52   4    68    130
170   31   5    117    228
171   131   6    78    158
172   151   4    166    443
173   91   7    189    218
174   100   6    96    452
175   156   2    67    239
176   41   4    183    149
177   132   6    109    468
178   175   5    135    30
179   163   7    39    241
180   161   4    187    179
181   109   7    2    262
182   170   6    119    128
183   120   6    89    157
184   85   5    51    317
185   110   5    99    453
186   145   4    54    414
187   183   6    159    491
188   105   5    127    448
189   111   3    159    20
190   102   3    48    282
191   108   4    76    284
192   156   6    116    462
193   31   4    186    31
194   161   6    60    179
195   54   7    35    269
196   115   3    141    98
197   76   7    10    24
198   69   6    24    471
199   115   4    180    18
200   75   7    59    275
201   129   6    194    474
202   23   4    159    405
203   187   2    19    140
204   120   5    85    209
205   153   4    68    33
206   174   6    145    36
207   164   5    137    454
208   44   6    172    483
209   200   4    9    448
210   106   2    179    33
211   159   5    146    245
212   108   3    5    89
213   207   7    139    305
214   101   4    63    314
215   121   7    47    229
216   140   5    137    164
217   86   3    169    316
218   179   2    117    332
219   112   3    135    231
220   120   4    177    231
221   74   4    65    413
222   30   4    169    151
223   199   4    5    21
224   118   4    167    463
225   107   3    173    30
226   153   5    78    49
227   87   2    72    455
228   185   2    8    176
229   196   2    34    173
230   32   6    191    3
231   212   2    180    64
232   226   2    67    35
233   106   5    10    139
234   174   5    38    55
235   102   6    37    168
236   187   4    10    163
237   96   4    9    378
238   144   5    121    281
239   219   4    13    140
240   60   6    40    355
241   110   3    109    184
242   59   3    194    470
243   119   4    159    214
244   223   2    164    491
245   93   4    141    431
246   65   5    43    152
247   187   6    2    37
248   167   6    96    88
249   207   2    9    330
250   198   5    109    494
251   129   7    37    238
252   207   4    32    98
253   32   7    104    461
254   124   7    183    342
255   198   4    123    80
256   254   2    85    214
257   213   2    144    459
258   127   7    118    116
259   97   6    41    61
260   68   5    189    374
261   39   4    48    489
262   79   3    111    321
263   40   5    129    374
264   12   7    8    61
265   61   3    102    241
266   25   4    20    234
267   38   6    81    320
268   146   3    61    393
269   244   3    19    188
270   60   2    113    220
271   242   2    190    274
272   219   7    78    350
273   53   6    16    109
274   211   3    135    149
275   245   3    165    24
276   217   5    111    38
277   243   4    85    45
278   220   4    184    395
279   188   4    88    363
280   158   7    70    169
281   88   2    148    390
282   87   3    124    75
283   9   2    127    440
284   225   5    30    493
285   142   4    103    163
286   77   2    117    467
287   109   6    61    342
288   112   5    51    100
289   231   6    151    374
290   88   3    75    162
291   184   5    98    236
292   111   3    95    11
293   263   4    83    146
294   67   6    9    83
295   183   4    42    401
296   49   5    33    252
297   219   6    152    244
298   42   2    68    167
299   210   2    144    290
300   142   6    61    348
301   274   4    25    64
302   245   6    6    200
303   190   6    88    270
304   65   5    36    37
305   153   2    77    281
306   15   2    68    273
307   67   7    186    485
308   141   6    14    42
309   274   6    57    128
310   160   4    20    353
311   49   3    166    113
312   177   4    30    465
313   61   5    164    241
314   290   7    172    104
315   295   6    171    145
316   72   6    165    172
317   145   2    66    108
318   203   5    158    115
319   70   7    70    392
320   155   7    94    457
321   226   2    91    286
322   149   4    179    92
323   143   2    103    417
324   235   3    24    219
325   46   2    130    46
326   202   2    185    4
327   144   4    109    43
328   97   3    190    121
329   107   7    113    81
330   279   2    113    219
331   141   6    104    323
332   130   2    177    54
333   183   6    152    337
334   147   6    77    12
335   107   3    106    202
336   222   2    101    216
337   274   4    96    268
338   190   4    118    254
339   84   3    132    68
340   264   4    27    171
341   181   6    136    63
342   160   6    15    165
343   177   2    93    18
344   45   2    161    459
345   171   2    60    373
346   82   7    187    107
347   327   4    56    494
348   200   7    93    282
349   329   7    136    260
350   224   7    27    100
351   115   2    94    209
352   263   3    79    240
353   83   6    140    58
354   149   6    108    398
355   175   5    137    275
356   325   3    50    450
357   355   7    115    93
358   138   7    196    396
359   343   7    70    277
360   329   3    94    361
361   330   4    57    388
362   242   5    137    406
363   199   4    196    98
364   278   6    41    316
365   269   7    14    101
366   300   3    67    462
367   69   3    144    279
368   137   2    24    384
369   239   7    52    371
370   152   7    55    51
371   93   4    14    427
372   75   2    110    286
373   212   6    48    4
374   276   5    176    188
375   105   5    58    73
376   180   6    100    292
377   139   5    112    68
378   325   3    102    373
379   309   4    71    152
380   19   5    161    204
381   334   5    39    470
382   90   6    101    292
383   354   7    113    456
384   287   3    81    429
385   139   6    120    62
386   152   2    135    183
387   197   3    123    378
388   177   2    83    447
389   63   4    184    177
390   68   4    43    400
391   242   4    127    491
392   240   3    63    236
393   191   3    61    274
394   342   2    195    184
395   218   3    74    356
396   232   3    97    461
397   250   4    12    226
398   255   4    48    480
399   260   3    8    219
400   313   2    5    282
401   380   6    51    191
402   200   4    120    138
403   264   2    1    426
404   128   2    74    145
405   173   6    9    298
406   333   7    87    251
407   405   7    45    64
408   327   5    58    350
409   131   7    161    462
410   368   4    27    254
411   262   4    109    202
412   251   5    96    98
413   396   3    1    428
414   332   7    170    144
415   95   7    18    103
416   7   3    50    352
417   294   4    30    115
418   313   4    23    81
419   365   3    22    233
420   411   3    175    82
421   261   4    56    366
422   249   3    109    377
423   240   6    74    468
424   419   3    69    35
425   142   7    134    380
426   230   4    169    349
427   289   3    126    489
428   123   5    27    169
429   92   3    178    105
430   235   6    3    411
431   175   5    75    367
432   353   3    65    173
433   410   4    38    322
434   278   7    137    246
435   428   6    95    227
436   162   3    153    337
437   290   3    195    164
438   235   6    25    98
439   19   3    144    66
440   83   4    57    72
441   371   2    149    363
442   8   4    29    240
443   438   4    78    252
444   409   5    11    81
445   303   6    66    238
446   81   6    187    171
447   226   6    87    346
448   41   5    152    453
449   220   5    142    382
450   91   5    98    166
451   33   4    71    462
452   271   4    64    227
453   92   2    59    94
454   169   6    19    355
455   331   3    45    229
456   98   4    20    140
457   366   2    101    280
458   98   6    145    264
459   90   6    45    288
460   400   6    16    23
461   25   4    29    189
462   94   7    8    5
463   413   4    82    257
464   327   4    73    257
465   446   4    160    215
466   214   7    30    315
467   282   3    6    423
468   389   5    34    170
469   22   4    128    336
470   454   3    145    174
471   365   6    152    442
472   47   6    37    363
473   459   3    147    223
474   139   7    148    251
475   351   7    33    439
476   97   2    4    141
477   368   3    159    263
478   404   2    172    435
479   331   3    162    324
480   421   3    165    264
481   349   4    98    256
482   452   4    95    394
483   95   6    51    274
484   351   7    131    347
485   122   7    185    135
486   144   5    80    69
487   80   5    15    239
488   395   2    142    222
489   125   2    156    99
490   315   3    151    21
491   435   6    199    11
492   293   4    3    106
493   365   6    19    307
494   150   6    141    163
495   206   4    91    425
496   397   6    59    237
497   206   4    115    489
498   494   5    146    169
499   455   3    126    450
500   57   6    31    355
501   184   5    117    347
502   185   5    194    279
503   276   4    78    192
504   322   5    132    33
505   496   6    67    409
506   375   4    91    132
507   499   5    79    311
508   213   5    185    280
509   323   4    108    399
510   241   6    199    435
511   504   3    171    239
512   509   6    15    422
