1   0   3    24    35
2   1   4    170    224
3   1   7    57    465
4   1   6    139    291
5   2   4    49    5
6   3   3    158    462
7   5   4    71    290
8   5   7    56    68
9   4   3    155    456
10   6   6    12    231
11   6   2    17    432
12   6   6    122    169
13   5   5    173    47
14   10   7    29    493
15   11   5    177    313
16   9   5    195    244
17   4   2    167    154
18   11   4    199    453
19   17   3    3    492
20   4   6    9    126
21   14   7    37    71
22   19   2    183    271
23   21   7    152    421
24   9   3    58    99
25   20   6    82    47
26   14   2    122    329
27   7   7    125    196
28   19   7    112    298
29   3   3    106    385
30   20   2    182    316
31   25   4    52    481
32   14   4    28    351
33   15   5    117    19
34   27   4    86    33
35   18   6    25    171
36   31   3    7    303
37   7   7    48    400
38   33   2    184    184
39   25   6    143    256
40   8   6    10    57
41   30   4    115    4
42   20   3    111    8
43   18   7    10    257
44   9   2    83    382
45   31   3    182    247
46   7   7    132    141
47   23   7    132    227
48   18   2    155    151
49   16   7    178    384
50   43   6    144    89
51   28   7    140    192
52   34   7    151    481
53   41   5    124    227
54   17   4    28    141
55   22   4    30    467
56   37   2    134    337
57   19   4    146    244
58   27   4    32    164
59   32   6    49    91
60   15   2    1    210
61   57   4    72    205
62   39   4    160    278
63   2   6    118    354
64   2   2    166    140
65   31   4    84    283
66   10   7    55    249
67   36   5    188    8
68   50   6    114    399
69   45   7    135    456
70   40   7    27    485
71   33   5    84    178
72   28   5    156    423
73   56   6    9    26
74   8   2    163    451
75   71   5    73    428
76   46   4    109    51
77   10   5    156    192
78   13   4    81    160
79   71   2    14    427
80   32   7    88    149
81   41   4    63    425
82   3   7    35    315
83   24   5    52    232
84   59   5    147    57
85   26   5    100    187
86   50   3    151    454
87   70   6    85    222
88   35   7    71    82
89   32   6    119    281
90   12   5    49    28
91   77   7    140    200
92   74   5    84    79
93   35   5    167    14
94   90   4    19    50
95   70   5    12    112
96   24   7    4    293
97   37   4    186    373
98   29   7    101    214
99   42   7    15    80
100   39   6    10    242
101   43   7    153    248
102   11   7    91    252
103   35   6    177    437
104   47   2    75    251
105   23   2    199    261
106   58   4    106    205
107   63   7    66    460
108   24   7    119    145
109   60   4    17    187
110   104   2    89    130
111   61   3    13    274
112   93   7    45    349
113   66   2    199    37
114   108   2    96    37
115   33   7    169    342
116   113   3    153    88
117   85   5    115    417
118   91   7    192    497
119   8   7    195    308
120   91   3    45    484
121   50   5    156    109
122   78   5    182    373
123   75   4    80    191
124   70   7    83    200
125   54   3    49    1
126   52   5    112    441
127   15   7    164    17
128   77   4    112    441
129   77   6    131    413
130   118   2    73    169
131   102   6    18    382
132   57   7    113    14
133   57   3    17    494
134   101   3    113    407
135   26   7    27    58
136   54   7    46    271
137   51   3    147    309
138   82   3    126    383
139   59   3    100    106
140   91   2    121    487
141   81   6    191    158
142   37   2    73    281
143   36   3    197    92
144   138   4    148    136
145   71   4    9    135
146   132   3    125    471
147   113   2    38    423
148   129   5    199    152
149   78   4    92    104
150   101   2    50    483
151   80   2    148    156
152   51   2    72    248
153   151   5    22    384
154   113   6    75    291
155   133   2    120    390
156   141   4    192    212
157   152   5    96    484
158   103   5    26    47
159   88   5    94    103
160   112   3    131    44
161   30   6    51    18
162   56   2    136    367
163   125   2    20    463
164   107   2    92    72
165   29   5    127    92
166   40   2    140    460
167   111   3    77    295
168   160   3    152    495
169   101   3    89    444
170   144   4    175    433
171   112   6    65    286
172   151   6    125    242
173   47   4    199    220
174   125   7    119    331
175   122   5    7    245
176   86   7    130    488
177   28   4    91    180
178   155   5    83    75
179   63   2    31    427
180   36   6    62    76
181   156   2    185    446
182   164   3    149    203
183   177   4    80    92
184   117   3    104    259
185   72   3    36    290
186   139   3    67    424
187   88   7    123    202
188   112   5    114    126
189   23   2    18    169
190   52   5    45    382
191   150   3    66    202
192   96   3    148    473
193   139   3    174    316
194   48   3    67    209
195   110   7    71    404
196   96   7    92    145
197   98   4    20    243
198   41   3    132    135
199   66   6    101    461
200   78   7    70    496
201   43   3    41    346
202   127   7    51    169
203   194   6    80    360
204   44   4    134    419
205   135   4    193    258
206   107   2    170    50
207   66   7    28    242
208   92   5    154    223
209   97   6    3    258
210   99   3    150    410
211   26   2    10    195
212   173   7    29    481
213   63   2    33    124
214   40   6    41    159
215   99   2    173    336
216   173   6    12    290
217   51   7    145    246
218   189   2    41    61
219   196   2    188    391
220   203   6    107    227
221   131   4    94    341
222   206   3    57    80
223   178   4    191    349
224   34   6    88    360
225   199   3    82    308
226   192   6    76    332
227   115   4    48    431
228   180   2    155    150
229   100   2    23    406
230   16   4    78    183
231   126   3    113    403
232   128   2    77    20
233   115   7    119    123
234   93   7    199    266
235   151   7    9    279
236   175   7    58    429
237   141   6    28    296
238   166   6    33    100
239   188   4    155    42
240   195   4    179    422
241   107   6    12    214
242   55   5    127    105
243   67   6    104    80
244   22   3    123    232
245   152   5    138    455
246   17   4    134    373
247   117   5    84    328
248   197   2    86    408
249   140   2    17    349
250   235   3    183    286
251   237   3    160    254
252   231   4    39    284
253   198   6    45    123
254   221   4    109    433
255   169   4    100    5
256   99   7    131    465
257   175   3    162    353
258   83   5    165    335
259   256   2    26    321
260   221   3    51    172
261   255   4    192    45
262   171   7    187    167
263   259   3    110    95
264   237   5    130    214
265   138   7    123    83
266   159   7    52    75
267   176   4    101    99
268   215   2    198    442
269   45   6    125    268
270   47   2    5    455
271   114   5    187    124
272   150   4    104    362
273   175   7    45    79
274   27   3    51    148
275   109   3    54    423
276   162   5    2    396
277   144   6    144    398
278   259   5    28    214
279   251   2    143    86
280   25   5    190    180
281   223   6    144    203
282   237   5    165    238
283   109   2    31    385
284   262   4    64    356
285   273   3    153    77
286   55   5    102    270
287   257   2    105    214
288   104   6    22    67
289   49   5    49    230
290   13   7    194    447
291   155   3    153    279
292   164   3    173    97
293   207   5    27    450
294   134   4    58    92
295   211   2    101    131
296   209   4    41    39
297   208   6    3    280
298   88   7    157    191
299   89   6    142    280
300   294   7    80    465
301   132   6    55    382
302   128   6    192    432
303   109   5    8    103
304   90   2    88    313
305   174   5    123    479
306   64   5    181    28
307   304   7    151    387
308   140   6    8    426
309   279   3    108    259
310   100   4    109    163
311   178   3    188    235
312   192   4    104    84
313   157   5    50    240
314   265   4    132    367
315   209   4    125    169
316   138   6    30    413
317   213   7    83    202
318   284   3    174    116
319   300   3    49    357
320   108   2    197    185
321   153   6    145    369
322   293   7    107    443
323   207   4    180    124
324   209   2    165    123
325   202   2    75    175
326   223   4    155    249
327   142   7    175    303
328   192   7    189    224
329   300   2    43    275
330   110   4    127    401
331   44   2    189    100
332   55   7    7    85
333   306   7    59    40
334   170   3    125    67
335   190   4    125    398
336   141   2    54    271
337   190   7    41    320
338   321   7    31    153
339   62   5    28    145
340   332   6    53    90
341   100   7    20    101
342   92   5    196    59
343   64   7    36    387
344   170   2    184    175
345   279   4    5    299
346   300   4    128    243
347   59   4    123    262
348   207   3    14    424
349   334   4    100    341
350   326   5    26    96
351   201   6    119    133
352   341   6    108    378
353   102   3    144    45
354   232   6    13    219
355   282   6    121    329
356   308   6    151    226
357   297   3    61    109
358   272   6    181    420
359   53   3    70    180
360   110   4    78    161
361   289   3    123    229
362   60   5    28    109
363   308   5    69    415
364   311   6    153    314
365   267   5    57    198
366   297   7    96    1
367   75   5    69    56
368   148   3    138    135
369   327   7    34    50
370   240   4    177    178
371   363   4    180    287
372   84   3    123    226
373   130   3    77    277
374   360   3    188    150
375   181   5    9    291
376   68   6    1    357
377   87   6    120    491
378   321   7    39    224
379   180   3    31    144
380   136   2    156    240
381   372   6    67    136
382   68   4    179    98
383   178   3    8    353
384   356   6    163    426
385   228   7    63    32
386   333   3    139    177
387   131   4    20    308
388   203   4    116    34
389   200   6    142    193
390   359   3    37    342
391   224   2    190    389
392   172   6    147    142
393   161   6    5    411
394   272   2    56    321
395   385   5    87    190
396   202   6    84    291
397   160   5    38    96
398   173   4    5    345
399   333   6    16    382
400   127   3    166    257
401   123   6    32    361
402   122   6    176    244
403   30   5    66    435
404   185   5    39    169
405   21   7    132    307
406   179   6    128    285
407   52   2    155    6
408   392   4    182    396
409   328   6    81    429
410   223   7    193    238
411   122   6    184    192
412   45   7    42    433
413   228   6    88    9
414   128   5    2    178
415   108   7    91    441
416   251   3    28    412
417   227   3    87    236
418   353   5    81    10
419   323   7    102    326
420   378   3    56    119
421   177   3    166    17
422   161   7    121    190
423   276   3    45    97
424   259   4    75    182
425   217   5    51    339
426   265   3    11    454
427   123   2    27    176
428   349   3    163    142
429   215   4    34    484
430   119   3    75    28
431   169   5    16    20
432   176   3    160    314
433   227   5    155    64
434   172   3    112    252
435   125   3    176    35
436   282   7    147    25
437   79   7    123    71
438   227   6    146    376
439   196   7    42    490
440   38   4    7    10
441   181   5    40    249
442   120   4    120    88
443   257   5    98    482
444   387   7    128    44
445   408   7    190    236
446   213   6    106    392
447   203   7    46    299
448   220   5    15    458
449   382   6    106    249
450   401   2    15    303
451   439   3    49    364
452   277   5    197    308
453   133   3    179    253
454   348   3    62    298
455   229   3    132    193
456   303   4    170    478
457   157   5    61    247
458   86   6    162    201
459   374   2    71    201
460   228   3    41    9
461   392   7    4    7
462   95   4    112    253
463   127   6    84    330
464   458   4    34    250
465   374   7    104    49
466   348   3    32    2
467   436   7    15    210
468   341   6    66    147
469   428   6    131    160
470   431   4    62    322
471   87   7    134    68
472   466   3    129    151
473   450   3    53    353
474   290   3    128    59
475   195   6    116    256
476   198   7    197    106
477   379   7    95    383
478   188   7    135    239
479   337   2    171    400
480   435   3    152    289
481   337   7    88    455
482   214   4    179    397
483   120   4    69    189
484   186   7    105    498
485   239   6    141    351
486   333   7    143    93
487   54   7    65    169
488   152   7    18    444
489   354   3    16    10
490   462   7    136    182
491   395   2    21    115
492   73   4    11    374
493   447   3    37    493
494   53   7    131    397
495   360   3    73    6
496   477   7    105    457
497   367   3    139    147
498   362   7    110    162
499   485   6    73    205
500   403   7    174    145
501   428   6    78    317
502   427   7    175    68
503   299   2    25    390
504   330   7    154    283
505   85   4    42    352
506   196   5    49    200
507   362   7    30    363
508   225   7    172    158
509   157   4    48    23
510   399   4    4    248
511   425   3    169    437
512   423   7    3    183
