1   0   7    11    33
2   1   3    166    38
3   1   2    4    483
4   2   3    198    390
5   1   6    74    60
6   3   4    161    262
7   5   2    47    466
8   2   7    170    45
9   6   6    98    499
10   6   2    42    51
11   5   2    51    345
12   4   6    95    498
13   8   2    73    339
14   3   2    77    169
15   11   3    189    99
16   9   7    157    426
17   11   3    46    451
18   12   5    47    376
19   7   5    57    134
20   13   6    101    85
21   8   2    197    28
22   11   2    184    166
23   15   4    198    104
24   22   6    33    398
25   4   3    108    113
26   3   2    159    111
27   22   5    129    329
28   20   5    94    463
29   8   3    9    355
30   16   2    13    345
31   12   7    144    256
32   13   6    90    36
33   12   7    60    238
34   2   4    116    211
35   28   3    27    497
36   19   7    194    111
37   16   5    188    438
38   22   4    36    87
39   20   3    117    336
40   5   5    106    368
41   27   4    133    354
42   33   5    16    304
43   15   2    173    423
44   42   6    181    238
45   13   4    179    146
46   36   7    75    239
47   19   4    26    57
48   46   5    98    66
49   4   7    68    255
50   39   2    55    9
51   31   3    186    482
52   37   7    137    107
53   21   7    68    260
54   17   3    56    108
55   40   7    75    139
56   43   6    25    312
57   17   6    129    348
58   35   7    146    110
59   44   4    46    410
60   20   4    39    155
61   49   7    114    143
62   53   2    65    375
63   19   2    103    82
64   34   6    191    43
65   43   4    151    96
66   26   5    13    17
67   10   6    142    452
68   38   5    56    256
69   59   7    98    163
70   14   7    21    333
71   45   6    24    138
72   70   7    122    266
73   49   4    11    437
74   14   5    25    167
75   34   5    156    290
76   52   4    190    354
77   57   4    35    378
78   21   5    185    479
79   36   3    165    255
80   69   4    156    283
81   77   7    89    485
82   29   2    197    492
83   31   4    126    450
84   71   5    160    117
85   30   3    115    212
86   43   6    129    292
87   15   2    124    428
88   17   3    94    256
89   33   7    122    385
90   62   5    13    358
91   68   2    50    86
92   58   5    73    496
93   64   2    149    122
94   75   5    17    485
95   35   4    111    360
96   57   6    104    434
97   44   7    159    356
98   94   3    157    296
99   65   3    115    159
100   16   4    79    174
101   7   3    168    100
102   50   2    48    197
103   81   2    58    242
104   57   6    44    153
105   79   3    46    392
106   89   4    56    371
107   83   7    15    259
108   53   3    61    364
109   31   4    149    400
110   103   4    53    36
111   42   3    18    166
112   75   6    197    483
113   84   3    79    172
114   93   2    4    286
115   83   6    187    3
116   66   5    116    53
117   38   3    36    411
118   55   2    17    307
119   88   3    82    391
120   115   2    180    409
121   66   4    56    45
122   49   2    93    219
123   68   5    71    169
124   119   2    19    471
125   95   2    180    68
126   91   2    95    341
127   39   5    132    460
128   53   6    192    265
129   89   3    76    18
130   95   3    29    59
131   54   3    84    28
132   81   4    114    81
133   60   2    21    368
134   41   5    88    342
135   112   2    159    449
136   119   7    187    155
137   29   4    84    452
138   116   2    87    147
139   131   3    181    481
140   47   6    93    335
141   103   7    25    194
142   85   4    23    366
143   69   5    20    249
144   109   7    171    166
145   76   2    36    31
146   23   3    10    471
147   67   2    89    225
148   45   5    166    162
149   119   5    120    406
150   136   3    115    399
151   110   4    142    164
152   96   6    78    449
153   6   6    45    464
154   37   7    58    116
155   125   4    105    212
156   71   7    143    206
157   80   3    59    172
158   116   7    120    135
159   125   7    71    254
160   82   6    88    7
161   135   5    104    123
162   111   5    47    348
163   141   5    198    414
164   37   4    150    290
165   72   4    194    153
166   102   3    64    273
167   100   3    135    195
168   84   3    59    363
169   71   6    135    383
170   68   5    113    340
171   86   2    139    185
172   27   6    6    442
173   109   2    125    232
174   74   7    74    400
175   133   4    111    205
176   9   6    55    403
177   98   6    92    438
178   156   5    171    238
179   55   2    172    228
180   117   2    144    267
181   164   3    75    325
182   153   3    102    129
183   42   3    152    499
184   149   4    130    340
185   67   7    195    263
186   181   2    54    285
187   126   6    178    330
188   21   6    13    452
189   75   3    116    146
190   33   7    115    443
191   179   6    195    159
192   131   2    62    472
193   99   2    163    262
194   72   6    124    291
195   32   6    95    392
196   145   2    124    80
197   92   4    162    237
198   58   6    64    478
199   136   5    43    461
200   98   4    56    132
201   130   2    12    305
202   89   4    70    2
203   88   4    160    302
204   125   5    126    43
205   92   3    13    333
206   120   4    198    73
207   106   7    184    381
208   27   5    182    430
209   148   4    59    298
210   101   3    30    376
211   26   2    9    289
212   38   7    103    247
213   100   6    75    372
214   139   5    174    219
215   46   3    147    56
216   197   5    7    101
217   87   3    154    90
218   10   4    89    34
219   100   4    85    132
220   55   3    164    8
221   88   2    110    255
222   160   4    148    448
223   215   5    3    140
224   183   6    156    283
225   217   3    120    472
226   101   4    63    76
227   140   3    93    173
228   107   4    180    6
229   199   5    46    30
230   138   2    125    441
231   207   6    76    306
232   199   3    143    260
233   81   4    10    220
234   36   3    172    461
235   90   6    166    417
236   144   2    171    17
237   163   2    24    191
238   142   2    14    166
239   62   2    180    174
240   106   6    75    112
241   47   6    174    320
242   137   2    163    86
243   58   3    25    424
244   241   3    35    139
245   95   2    66    417
246   209   4    92    178
247   197   4    1    407
248   236   7    25    349
249   117   7    6    470
250   135   6    19    291
251   177   6    85    80
252   172   6    96    377
253   123   7    105    433
254   235   4    66    195
255   175   6    72    428
256   101   6    84    428
257   221   7    23    313
258   14   3    116    482
259   203   2    176    81
260   215   6    9    490
261   50   4    109    188
262   255   3    149    460
263   168   6    17    42
264   83   4    142    424
265   67   7    19    12
266   118   5    7    158
267   157   2    129    264
268   217   5    50    329
269   205   2    93    97
270   153   3    63    184
271   99   2    144    188
272   128   7    123    472
273   197   6    6    420
274   248   7    146    88
275   224   6    28    177
276   237   7    61    256
277   97   2    90    415
278   138   5    67    316
279   170   4    184    405
280   155   6    56    373
281   171   7    19    174
282   162   5    126    432
283   273   3    17    344
284   25   3    52    369
285   215   7    144    386
286   134   6    128    292
287   137   6    163    437
288   233   3    176    139
289   171   7    163    259
290   228   7    91    242
291   162   5    185    358
292   229   7    161    238
293   193   4    99    91
294   240   4    85    183
295   238   7    130    429
296   236   6    12    185
297   41   5    59    474
298   241   4    113    338
299   234   3    12    137
300   124   7    132    48
301   139   5    155    242
302   209   3    196    282
303   26   6    100    142
304   143   7    131    84
305   85   2    32    465
306   51   3    13    60
307   62   4    133    88
308   182   7    11    311
309   211   3    13    459
310   161   2    76    354
311   158   2    44    164
312   213   3    37    470
313   271   4    7    205
314   158   5    45    113
315   199   7    83    35
316   28   6    188    109
317   236   5    59    290
318   98   5    188    146
319   111   2    3    417
320   118   3    121    461
321   275   6    87    485
322   47   6    6    330
323   10   2    81    19
324   159   3    123    140
325   299   2    120    26
326   154   7    27    392
327   235   5    37    206
328   273   3    78    429
329   155   3    161    305
330   44   3    199    107
331   239   4    132    334
332   200   6    24    427
333   201   7    15    479
334   191   2    104    350
335   85   5    88    147
336   203   3    148    433
337   139   6    123    139
338   279   3    90    171
339   176   6    164    370
340   296   6    59    187
341   226   5    195    29
342   234   2    100    165
343   190   6    14    216
344   274   4    21    383
345   282   3    39    408
346   246   3    58    207
347   78   4    73    144
348   166   7    45    75
349   200   4    115    407
350   241   6    149    21
351   123   6    11    383
352   339   4    194    31
353   61   3    35    324
354   131   7    105    474
355   145   5    95    102
356   82   2    142    265
357   51   3    2    300
358   310   2    137    259
359   66   2    195    26
360   307   5    40    475
361   35   6    69    356
362   148   7    62    443
363   265   2    67    307
364   359   7    136    106
365   140   5    179    389
366   146   4    131    150
367   243   4    38    40
368   201   5    66    282
369   280   5    196    238
370   310   5    90    495
371   74   2    4    315
372   161   5    105    245
373   310   3    82    364
374   279   4    96    382
375   265   5    66    306
376   346   6    8    189
377   267   4    102    133
378   265   7    31    232
379   153   3    186    4
380   339   7    27    498
381   363   6    62    178
382   320   7    114    26
383   362   7    86    287
384   142   7    115    320
385   187   2    197    92
386   45   6    144    184
387   173   6    58    145
388   242   4    38    411
389   118   4    192    140
390   105   5    142    262
391   213   7    30    149
392   297   3    81    376
393   240   7    194    441
394   78   5    71    91
395   228   4    191    335
396   373   7    197    379
397   149   7    133    39
398   308   5    122    78
399   182   4    145    49
400   250   6    147    491
401   160   2    183    242
402   207   2    10    303
403   247   5    167    444
404   213   7    82    428
405   234   2    101    338
406   311   6    137    258
407   313   2    170    63
408   120   4    105    494
409   306   6    89    28
410   351   6    76    246
411   320   5    75    144
412   112   7    61    33
413   347   7    3    489
414   216   3    158    239
415   381   3    67    252
416   351   3    56    196
417   79   3    124    6
418   113   5    198    367
419   190   7    109    379
420   333   2    73    243
421   178   4    25    380
422   196   6    4    99
423   76   4    60    64
424   290   6    3    92
425   341   6    73    366
426   317   3    165    45
427   423   5    124    231
428   105   7    172    124
429   350   4    97    440
430   408   3    189    42
431   313   6    109    174
432   284   4    155    491
433   138   2    99    434
434   352   3    108    415
435   328   4    87    385
436   428   6    125    332
437   421   3    159    105
438   331   5    199    213
439   52   3    109    227
440   77   4    109    264
441   169   4    196    444
442   228   5    166    131
443   361   2    182    358
444   140   6    114    91
445   275   5    52    398
446   160   6    21    376
447   232   5    31    2
448   218   5    55    132
449   441   2    134    142
450   312   4    29    140
451   107   5    71    434
452   96   4    173    398
453   394   2    167    112
454   249   5    140    477
455   304   6    72    437
456   351   6    111    247
457   115   2    197    122
458   7   2    86    299
459   316   3    38    74
460   301   4    98    321
461   392   6    176    413
462   133   2    186    168
463   333   2    195    355
464   269   3    6    23
465   320   2    93    11
466   184   2    119    105
467   344   7    181    324
468   376   5    68    282
469   386   6    50    100
470   411   5    171    73
471   288   5    31    200
472   39   5    93    80
473   280   7    128    395
474   442   7    15    271
475   331   6    49    164
476   314   5    185    284
477   358   2    1    287
478   450   3    86    112
479   297   7    174    283
480   202   7    122    142
481   211   7    67    187
482   173   7    103    347
483   254   5    10    405
484   482   3    124    348
485   480   5    48    369
486   454   2    10    137
487   263   3    51    277
488   240   2    38    315
489   322   6    8    444
490   340   4    56    499
491   96   3    179    382
492   170   2    21    486
493   113   5    145    97
494   387   4    65    87
495   431   7    110    186
496   376   4    133    98
497   244   3    49    187
498   365   3    41    415
499   65   6    151    405
500   124   2    191    197
501   221   2    76    109
502   186   5    141    151
503   394   7    164    481
504   466   5    59    404
505   428   6    177    114
506   486   5    161    364
507   304   5    112    294
508   436   5    37    221
509   123   5    42    293
510   268   3    187    490
511   420   5    58    122
512   475   6    176    11
