1   0   7    10    5
2   1   4    28    209
3   1   6    30    307
4   1   6    163    301
5   2   5    42    439
6   3   4    36    42
7   3   6    41    449
8   4   4    10    355
9   4   2    142    164
10   6   4    80    240
11   8   6    3    193
12   5   6    65    300
13   2   7    35    156
14   3   6    8    432
15   8   6    26    317
16   12   6    59    398
17   8   6    163    267
18   11   6    82    391
19   9   7    57    395
20   8   3    152    238
21   17   4    51    485
22   2   2    125    237
23   15   3    57    359
24   22   2    8    442
25   1   5    38    142
26   9   2    167    457
27   9   6    87    422
28   20   3    68    37
29   2   7    18    165
30   7   6    17    139
31   5   2    34    426
32   19   7    21    336
33   12   6    144    437
34   18   3    134    237
35   20   7    35    128
36   17   3    17    307
37   17   7    11    424
38   24   4    53    72
39   23   5    15    283
40   11   2    72    231
41   33   2    152    75
42   28   3    81    424
43   41   3    88    314
44   16   5    54    106
45   19   2    68    466
46   16   7    119    194
47   15   4    97    132
48   31   3    69    92
49   24   3    131    80
50   11   3    139    102
51   31   3    44    255
52   19   2    151    43
53   31   3    40    390
54   19   7    6    484
55   51   6    147    337
56   41   3    88    364
57   34   7    115    360
58   39   2    84    317
59   27   5    51    155
60   30   3    25    199
61   54   6    119    123
62   44   2    119    345
63   13   4    52    18
64   12   5    20    470
65   38   5    22    138
66   24   5    148    143
67   31   3    131    235
68   51   3    95    94
69   62   6    79    360
70   59   4    93    411
71   20   3    171    420
72   3   4    177    225
73   11   3    65    274
74   51   2    101    253
75   57   7    163    187
76   5   6    25    210
77   64   2    95    319
78   7   6    168    418
79   23   2    72    20
80   26   4    93    44
81   58   4    30    291
82   45   5    170    46
83   69   2    96    205
84   47   3    191    114
85   79   5    103    38
86   43   7    134    208
87   28   2    125    364
88   44   6    143    238
89   67   5    193    373
90   42   7    56    27
91   62   7    140    459
92   59   7    197    447
93   13   4    102    274
94   61   5    42    158
95   37   2    108    280
96   86   3    34    467
97   29   4    58    54
98   14   7    44    380
99   14   4    16    405
100   55   5    32    352
101   75   5    178    378
102   69   6    135    338
103   32   4    183    273
104   46   5    2    50
105   57   5    96    337
106   21   4    103    250
107   48   5    99    369
108   54   6    101    235
109   69   2    42    252
110   53   4    73    265
111   73   7    193    372
112   32   2    71    23
113   45   3    84    263
114   66   3    127    227
115   23   6    33    180
116   21   2    33    344
117   94   2    175    285
118   43   2    104    165
119   70   5    64    220
120   118   4    105    443
121   110   2    137    174
122   72   7    155    201
123   13   6    50    446
124   97   2    173    462
125   20   7    119    437
126   66   3    161    226
127   62   3    138    222
128   4   3    50    296
129   4   3    180    58
130   102   7    18    435
131   119   7    133    138
132   114   7    92    48
133   41   4    170    460
134   100   2    113    404
135   16   2    68    353
136   85   7    80    354
137   61   2    2    278
138   43   5    12    171
139   128   4    178    438
140   99   4    48    496
141   104   5    189    352
142   67   7    42    479
143   26   7    55    299
144   79   6    141    246
145   27   6    107    463
146   122   3    15    479
147   94   4    24    263
148   61   6    77    395
149   37   4    10    474
150   58   6    111    193
151   100   7    66    111
152   6   6    6    193
153   69   3    121    37
154   36   7    125    23
155   39   6    164    93
156   102   3    149    298
157   141   2    91    307
158   117   4    63    353
159   97   4    184    336
160   56   7    85    439
161   127   4    126    202
162   38   5    168    174
163   91   3    53    170
164   137   5    117    23
165   90   3    97    154
166   77   3    10    352
167   124   4    31    67
168   89   3    18    334
169   42   2    170    125
170   6   6    14    422
171   29   6    185    483
172   161   2    145    276
173   75   4    144    116
174   51   5    107    489
175   24   7    5    182
176   18   4    92    36
177   33   4    153    13
178   85   4    197    118
179   161   5    100    296
180   162   3    194    219
181   159   6    157    69
182   134   2    51    124
183   120   6    71    93
184   169   2    66    420
185   48   2    61    34
186   75   5    141    434
187   88   5    46    391
188   140   6    89    427
189   102   5    31    208
190   14   2    70    257
191   148   2    187    439
192   39   4    112    288
193   124   6    162    492
194   37   7    80    358
195   93   5    9    300
196   136   4    199    299
197   87   2    153    117
198   174   4    164    314
199   58   3    99    283
200   178   7    194    235
201   21   2    192    403
202   196   2    117    116
203   127   3    131    408
204   94   2    123    195
205   151   3    20    21
206   193   2    39    290
207   67   5    10    384
208   47   4    25    316
209   17   6    121    95
210   34   2    84    246
211   54   5    175    94
212   87   2    117    181
213   40   3    165    249
214   87   2    66    169
215   28   7    169    486
216   37   7    106    219
217   147   5    132    211
218   124   4    52    125
219   67   6    14    411
220   101   7    30    444
221   197   5    160    65
222   210   6    27    312
223   72   4    175    184
224   174   5    55    38
225   102   2    39    14
226   77   5    78    485
227   89   2    108    184
228   16   4    29    337
229   107   4    87    164
230   209   5    176    411
231   94   2    51    432
232   226   2    16    298
233   63   4    153    83
234   200   2    146    238
235   140   6    173    168
236   84   3    164    137
237   157   3    2    322
238   234   7    40    299
239   42   5    30    1
240   106   7    42    165
241   23   2    103    171
242   25   2    69    171
243   134   7    46    307
244   228   7    170    53
245   118   4    83    137
246   200   2    154    297
247   186   7    74    122
248   160   7    101    470
249   107   5    139    450
250   117   5    73    399
251   60   2    79    29
252   135   5    89    189
253   97   3    141    167
254   116   4    46    11
255   129   6    49    339
256   72   4    153    343
257   241   5    138    217
258   71   7    131    204
259   75   7    22    176
260   243   3    58    167
261   194   6    114    301
262   260   3    166    203
263   104   3    8    372
264   141   3    194    342
265   60   6    112    375
266   56   7    84    315
267   105   5    108    384
268   39   2    95    299
269   246   5    44    409
270   127   2    138    306
271   248   4    25    131
272   266   7    172    101
273   166   4    50    200
274   168   5    40    342
275   242   7    125    152
276   164   6    195    329
277   129   5    128    447
278   174   7    56    12
279   127   5    197    490
280   259   4    139    491
281   117   2    132    212
282   189   3    173    107
283   15   2    138    477
284   26   4    91    497
285   156   3    66    1
286   182   3    193    145
287   96   2    165    193
288   236   2    60    154
289   247   3    161    33
290   27   4    29    281
291   191   3    173    424
292   256   6    9    328
293   153   3    45    72
294   114   6    36    351
295   224   2    153    317
296   147   4    100    37
297   173   7    125    308
298   42   5    193    336
299   257   3    36    493
300   292   4    27    16
301   237   7    45    290
302   236   5    77    92
303   244   3    84    268
304   148   5    169    85
305   141   6    117    142
306   70   6    42    233
307   289   5    70    224
308   153   6    15    462
309   301   5    143    481
310   213   2    196    114
311   294   2    57    304
312   184   5    102    257
313   237   3    44    311
314   142   5    113    265
315   85   6    56    46
316   197   7    35    452
317   117   7    88    80
318   282   2    16    375
319   168   6    73    232
320   170   7    31    240
321   174   6    186    218
322   226   2    7    33
323   105   2    191    102
324   188   2    188    23
325   245   6    18    197
326   47   6    15    473
327   261   2    154    394
328   158   6    32    117
329   82   7    101    219
330   65   2    121    101
331   277   3    32    166
332   252   3    113    324
333   277   2    105    78
334   43   3    55    242
335   129   4    108    160
336   189   4    5    468
337   206   2    82    452
338   275   6    63    438
339   324   3    72    403
340   139   2    30    366
341   258   2    102    494
342   123   5    162    294
343   296   7    164    415
344   121   4    90    148
345   278   2    15    341
346   133   7    44    462
347   212   4    32    489
348   13   6    180    206
349   296   6    105    440
350   293   4    99    281
351   35   7    91    244
352   118   4    185    499
353   133   3    176    318
354   229   2    31    423
355   190   3    163    192
356   328   3    177    428
357   267   5    189    227
358   159   4    121    212
359   296   7    61    164
360   217   5    120    254
361   79   2    119    370
362   336   6    58    292
363   352   3    30    25
364   170   6    127    179
365   238   5    173    491
366   105   6    36    475
367   260   4    124    268
368   219   3    164    1
369   171   4    137    400
370   339   6    121    462
371   84   7    54    392
372   15   4    24    214
373   363   6    107    240
374   254   3    42    456
375   275   3    145    304
376   339   7    81    221
377   305   7    85    120
378   146   5    77    144
379   218   7    167    439
380   78   2    167    211
381   303   6    88    416
382   368   6    15    265
383   207   7    59    85
384   63   5    31    222
385   341   5    26    494
386   217   6    152    215
387   291   5    38    414
388   224   3    48    116
389   364   6    74    202
390   375   2    194    181
391   287   2    196    295
392   363   3    85    42
393   285   4    184    289
394   165   4    168    443
395   204   2    140    74
396   373   4    44    392
397   389   7    151    7
398   211   6    81    384
399   298   7    41    370
400   10   3    114    64
401   60   4    61    486
402   87   6    50    312
403   180   5    22    347
404   120   2    13    291
405   322   2    182    242
406   74   5    74    40
407   199   6    167    424
408   279   7    46    232
409   368   6    87    81
410   211   3    112    422
411   263   3    69    84
412   244   4    45    15
413   144   6    178    88
414   61   6    8    467
415   352   4    173    282
416   309   5    2    489
417   325   6    90    386
418   272   2    76    291
419   281   7    78    133
420   399   7    27    21
421   56   2    109    398
422   364   7    91    402
423   162   6    39    80
424   379   3    96    426
425   260   4    186    136
426   96   6    188    322
427   205   6    196    360
428   386   3    162    58
429   155   4    78    429
430   382   6    199    319
431   316   7    70    350
432   18   3    127    250
433   167   4    194    381
434   202   4    119    481
435   123   2    29    76
436   331   3    137    231
437   101   5    191    244
438   74   5    11    110
439   126   4    25    92
440   334   3    150    357
441   216   7    1    459
442   224   6    116    109
443   56   3    195    235
444   343   2    3    114
445   345   3    113    432
446   48   2    100    447
447   83   5    164    483
448   442   6    145    220
449   381   7    176    308
450   428   6    62    452
451   265   4    170    264
452   314   3    86    317
453   167   7    157    439
454   281   7    162    384
455   229   5    152    119
456   385   6    82    475
457   209   2    114    130
458   77   5    158    382
459   72   5    104    196
460   360   6    19    200
461   352   4    167    87
462   254   5    33    112
463   276   4    106    491
464   283   2    178    15
465   152   7    31    393
466   41   6    156    112
467   399   4    162    19
468   451   4    124    330
469   357   2    6    204
470   303   4    126    426
471   89   6    59    436
472   97   3    98    32
473   110   2    72    213
474   142   4    190    372
475   95   2    152    267
476   304   5    174    74
477   449   7    117    455
478   204   4    118    462
479   126   5    126    230
480   404   5    102    275
481   263   2    154    228
482   178   7    16    308
483   195   7    141    184
484   311   7    196    170
485   230   3    100    72
486   315   6    141    39
487   136   5    39    327
488   109   3    162    127
489   279   4    169    158
490   183   2    124    128
491   246   2    65    250
492   450   6    183    257
493   425   2    12    300
494   237   5    184    440
495   266   2    31    177
496   377   2    110    218
497   475   6    85    116
498   161   5    62    450
499   65   4    63    280
500   427   5    163    65
501   494   5    78    288
502   381   7    89    137
503   457   2    146    101
504   192   3    17    151
505   391   5    48    461
506   287   7    118    97
507   86   2    32    407
508   285   7    89    58
509   231   5    52    149
510   91   7    136    285
511   150   5    39    264
512   154   7    185    457
