1   0   5    2    42
2   1   4    190    402
3   1   2    151    20
4   1   7    94    270
5   2   5    80    20
6   2   7    167    69
7   3   7    39    282
8   5   7    109    114
9   5   4    93    332
10   2   5    116    182
11   6   6    156    144
12   4   6    93    188
13   11   4    97    377
14   9   2    170    215
15   8   6    149    467
16   13   4    29    52
17   11   4    165    49
18   14   3    33    193
19   6   5    187    335
20   14   5    46    376
21   7   7    159    254
22   13   5    110    444
23   4   4    2    105
24   19   2    33    167
25   6   7    129    125
26   18   2    95    138
27   20   5    161    192
28   3   7    15    67
29   16   2    89    461
30   27   2    6    79
31   17   6    58    65
32   30   6    13    70
33   22   3    141    224
34   16   5    10    208
35   28   2    123    10
36   32   5    6    418
37   26   6    51    234
38   9   5    46    270
39   31   5    19    282
40   10   2    79    27
