1   0   6    3    38
2   1   5    135    70
3   1   4    191    269
4   2   4    77    118
5   2   4    147    47
6   2   6    40    353
7   3   4    34    54
8   1   7    62    458
9   6   7    20    434
10   8   4    148    164
11   5   6    87    447
12   3   3    140    129
13   8   4    52    122
14   5   5    197    479
15   6   4    120    80
16   10   5    11    418
17   5   4    153    181
18   10   6    31    199
19   6   4    125    262
20   14   2    181    262
21   14   6    51    398
22   10   5    102    306
23   8   5    27    101
24   7   2    30    199
25   11   7    94    315
26   13   2    21    173
27   3   7    22    374
28   15   5    62    282
29   20   7    158    187
30   19   6    19    330
31   26   7    111    142
32   20   6    184    16
33   12   4    99    167
34   19   7    112    43
35   33   2    153    61
36   17   5    31    81
37   23   2    180    102
38   35   2    160    268
39   37   7    142    56
40   4   3    85    224
