1   0   5    12    43
2   1   3    161    214
3   1   5    92    441
4   2   3    89    22
5   3   5    110    331
6   2   4    66    479
7   3   4    44    118
8   4   6    194    485
9   7   6    145    423
10   4   6    35    209
11   9   3    144    29
12   9   6    151    170
13   5   7    1    372
14   10   7    25    239
15   5   3    46    55
16   7   4    25    253
17   8   4    2    460
18   10   7    43    196
19   6   2    43    312
20   17   7    50    112
21   16   2    109    176
22   17   7    153    450
23   8   7    137    221
24   15   6    124    327
25   20   6    46    281
26   13   6    180    314
27   6   7    156    321
28   14   4    28    395
29   22   3    156    121
30   12   3    71    183
31   12   4    86    335
32   25   4    140    61
33   25   7    51    451
34   14   5    186    156
35   20   4    166    40
36   28   5    21    458
37   31   6    14    222
38   32   4    169    281
39   19   6    31    493
40   26   4    1    302
