1   0   5    28    35
2   1   4    170    183
3   1   2    124    395
4   1   4    161    72
5   3   7    132    250
6   4   6    30    33
7   4   2    137    226
8   2   4    197    61
9   2   2    13    440
10   7   2    99    358
11   4   5    104    74
12   8   3    182    81
13   7   3    132    486
14   11   2    105    370
15   5   7    43    339
16   8   5    21    263
17   13   4    145    302
18   5   7    28    129
19   16   7    113    122
20   9   5    111    361
21   10   7    45    365
22   8   7    137    164
23   20   2    2    463
24   9   2    70    171
25   5   3    123    124
26   2   6    40    310
27   15   6    189    163
28   20   4    141    345
29   27   7    180    444
30   6   5    179    10
31   24   3    12    468
32   21   2    75    48
33   17   6    38    397
34   19   3    58    125
35   26   6    191    199
36   28   3    8    383
37   18   5    183    8
38   26   2    199    177
39   19   4    184    209
40   25   5    127    46
