1   0   2    1    16
2   1   4    67    489
3   1   6    17    218
4   2   5    39    280
5   1   7    14    57
6   2   3    70    32
7   4   2    121    342
8   2   5    109    200
9   4   3    94    42
10   6   5    111    327
11   3   6    153    189
12   4   3    70    430
13   10   3    25    311
14   11   7    154    404
15   3   5    141    341
16   5   2    121    391
17   8   6    194    263
18   6   5    135    198
19   11   5    133    107
20   5   3    3    62
21   8   2    56    192
22   6   3    144    87
23   13   5    74    393
24   16   2    60    89
25   7   6    56    27
26   20   6    196    363
27   24   6    171    29
28   22   4    52    193
29   14   3    113    154
30   22   2    183    29
31   3   7    94    386
32   24   3    197    331
33   12   6    36    182
34   25   5    62    327
35   22   3    35    430
36   26   4    162    344
37   31   5    113    252
38   14   7    36    490
39   24   6    98    414
40   18   3    6    91
