1   0   3    27    35
2   1   4    60    284
3   1   3    113    381
4   2   5    153    467
5   2   6    90    187
6   3   2    134    5
7   5   6    24    440
8   1   5    47    50
9   3   4    70    484
10   5   5    63    333
11   5   5    150    20
12   3   3    68    345
13   9   6    122    38
14   9   3    119    320
15   11   2    46    390
16   10   4    181    235
17   12   5    183    270
18   11   2    23    263
19   11   7    4    46
20   7   5    140    436
21   8   2    138    392
22   20   7    141    271
23   21   4    194    265
24   7   7    181    65
25   4   4    125    461
26   23   2    182    301
27   10   2    90    3
28   9   4    85    283
29   22   7    138    91
30   17   4    1    491
31   28   2    18    120
32   28   3    26    96
33   13   6    159    269
34   4   4    195    196
35   24   5    55    115
36   32   4    114    255
37   19   5    89    459
38   18   5    85    95
39   36   2    104    231
40   4   4    152    356
