1   0   6    7    35
2   1   7    85    189
3   1   6    15    174
4   1   2    143    433
5   2   6    48    460
6   3   5    53    98
7   4   5    190    338
8   2   2    59    42
9   4   5    177    105
10   2   7    89    461
11   4   7    76    383
12   10   2    39    176
13   5   2    135    406
14   10   6    36    444
15   3   5    28    109
16   5   3    141    371
17   12   5    129    372
18   16   4    125    179
19   6   4    38    8
20   13   5    19    481
21   14   7    34    39
22   16   5    94    315
23   18   3    99    153
24   21   5    162    146
25   6   3    184    82
26   21   3    124    209
27   5   2    114    314
28   22   4    185    247
29   26   5    1    19
30   3   5    38    199
31   7   6    164    56
32   14   4    67    438
33   14   2    115    370
34   19   6    15    352
35   8   3    190    3
36   30   3    198    3
37   28   7    188    57
38   19   2    2    291
39   30   4    40    49
40   35   5    101    348
