1   0   4    18    35
2   1   7    164    352
3   1   7    7    275
4   1   5    129    216
5   2   2    193    350
6   2   5    82    56
7   4   2    66    27
8   5   4    30    257
9   4   7    43    347
10   6   7    62    87
11   5   7    81    274
12   4   4    171    119
13   10   5    79    482
14   11   5    194    107
15   10   2    59    193
16   10   2    65    191
17   7   7    116    25
18   15   5    90    145
19   5   6    87    184
20   9   3    146    126
21   11   7    125    214
22   16   2    54    290
23   13   2    84    489
24   2   6    74    465
25   11   2    21    425
26   12   7    149    51
27   20   4    121    83
28   24   5    45    94
29   15   4    9    256
30   17   3    14    273
31   12   3    78    249
32   8   4    30    324
33   27   3    141    128
34   17   2    55    114
35   13   2    10    174
36   26   2    71    302
37   35   6    182    339
38   25   2    21    184
39   7   3    146    426
40   26   2    31    46
