1   0   6    19    43
2   1   2    16    495
3   1   4    185    473
4   2   3    177    131
5   3   6    23    252
6   4   4    129    165
7   5   7    160    110
8   2   7    196    209
9   7   4    72    36
10   3   7    126    80
11   4   5    29    114
12   10   3    130    435
13   7   3    34    327
14   11   2    114    433
15   5   4    147    480
16   9   6    185    341
17   8   7    98    284
18   13   4    120    414
19   14   4    34    452
20   14   2    94    393
21   12   6    55    277
22   15   7    33    113
23   18   7    122    309
24   17   7    133    83
25   20   5    120    30
26   8   3    91    237
27   25   6    195    172
28   26   2    181    272
29   10   2    117    403
30   26   3    177    414
31   19   3    141    195
32   27   5    137    32
33   30   4    78    200
34   20   2    73    262
35   31   2    146    420
36   19   7    112    446
37   18   6    36    14
38   36   5    151    153
39   34   7    23    156
40   12   4    67    135
