1   0   2    19    46
2   1   7    131    134
3   1   6    42    140
4   2   6    21    406
5   1   2    175    413
6   2   6    79    280
7   4   5    52    262
8   6   3    151    372
9   2   6    128    223
10   7   3    114    430
11   4   4    178    281
12   3   5    107    90
13   6   7    162    401
14   6   2    145    324
15   13   3    31    52
16   12   5    122    493
17   13   2    33    326
18   16   7    39    237
19   14   6    192    409
20   13   7    78    415
21   15   4    151    163
22   3   2    7    57
23   11   2    65    475
24   11   6    155    378
25   14   4    156    369
26   4   3    23    51
27   7   7    132    276
28   7   7    193    281
29   24   3    68    135
30   20   5    140    302
31   17   5    47    179
32   26   4    89    117
33   9   7    134    22
34   26   4    149    129
35   33   4    174    490
36   9   6    198    164
37   23   2    69    135
38   15   2    25    289
39   35   5    38    273
40   37   4    64    250
