1   0   5    22    31
2   1   4    138    306
3   1   4    64    296
4   1   6    105    235
5   2   6    1    256
6   2   5    155    203
7   4   6    21    481
8   2   2    141    429
9   7   6    69    134
10   3   4    119    435
11   9   7    90    215
12   10   4    11    119
13   3   3    161    268
14   8   5    188    47
15   12   2    172    166
16   5   6    119    467
17   3   2    165    281
18   14   3    130    400
19   15   6    66    41
20   7   6    165    468
21   5   5    199    147
22   15   4    112    29
23   14   3    191    265
24   13   4    182    462
25   13   7    66    194
26   15   5    119    460
27   25   5    175    147
28   4   7    163    455
29   7   6    65    60
30   22   2    16    366
31   25   6    107    263
32   17   5    146    97
33   19   6    90    91
34   30   3    5    375
35   27   6    55    300
36   29   5    43    63
37   30   6    108    405
38   5   5    165    201
39   25   2    35    349
40   23   3    11    418
