1   0   3    15    24
2   1   2    66    128
3   1   7    151    151
4   2   6    117    395
5   3   4    60    94
6   3   5    37    312
7   2   3    140    31
8   5   2    181    395
9   4   4    139    230
10   5   2    44    74
11   4   3    176    396
12   10   4    152    40
13   9   3    165    341
14   10   7    194    372
15   8   2    112    137
16   12   6    42    235
17   8   7    89    148
18   6   2    139    188
19   14   4    63    159
20   16   6    192    40
21   15   4    60    418
22   16   3    149    451
23   9   5    28    337
24   15   5    59    384
25   23   6    98    13
26   17   4    187    455
27   20   4    148    266
28   19   5    17    349
29   27   3    76    382
30   17   2    171    448
31   6   5    127    352
32   11   5    100    244
33   14   7    110    427
34   32   6    102    71
35   28   5    165    39
36   34   6    103    257
37   19   2    178    38
38   23   4    174    123
39   27   7    180    406
40   20   3    90    248
