1   0   7    28    35
2   1   6    38    216
3   1   2    15    220
4   2   3    171    143
5   2   2    132    458
6   3   3    18    40
7   3   2    119    178
8   6   7    106    187
9   7   4    50    185
10   8   2    35    32
11   8   3    96    121
12   6   7    27    44
13   9   2    18    177
14   4   4    126    3
15   9   6    63    293
16   12   7    137    395
17   4   6    152    175
18   12   2    43    481
19   13   7    115    454
20   14   2    49    420
21   13   6    79    160
22   19   3    1    286
23   17   4    30    472
24   14   5    11    221
25   20   6    3    24
26   10   3    168    233
27   15   2    59    47
28   5   5    117    10
29   19   7    135    453
30   20   3    155    86
31   11   2    171    269
32   23   6    189    372
33   24   7    25    254
34   28   6    144    371
35   15   7    126    189
36   17   4    102    92
37   26   4    139    353
38   27   6    158    302
39   23   6    48    331
40   10   4    146    252
