1   0   7    15    32
2   1   7    172    114
3   1   6    113    417
4   2   5    137    232
5   2   7    99    68
6   3   3    40    170
7   3   4    17    469
8   4   2    28    493
9   6   5    94    423
10   8   4    21    209
11   8   6    93    125
12   9   4    39    204
13   7   2    62    13
14   4   6    198    131
15   11   2    194    11
16   14   6    184    235
17   9   2    9    44
18   12   4    95    81
19   10   7    103    72
20   5   5    178    224
21   19   5    86    140
22   16   7    30    458
23   15   7    114    239
24   10   7    72    79
25   23   5    126    236
26   21   6    43    295
27   11   6    180    10
28   15   2    142    266
29   25   4    74    126
30   12   7    144    231
31   14   7    75    455
32   19   2    186    243
33   7   6    181    424
34   21   3    110    433
35   20   4    184    298
36   25   3    186    298
37   24   7    100    185
38   20   7    1    364
39   5   3    31    496
40   37   7    186    387
