1   0   5    18    9
2   1   5    51    167
3   1   2    151    15
4   2   6    153    258
5   2   6    135    75
6   1   2    27    133
7   5   2    117    206
8   6   2    186    489
9   5   7    25    258
10   7   4    14    78
11   2   2    156    286
12   7   5    18    359
13   10   3    10    301
14   7   2    3    9
15   11   6    38    234
16   13   3    191    385
17   8   6    144    311
18   4   3    14    378
19   16   7    18    472
20   9   7    84    480
21   13   5    65    433
22   16   4    64    214
23   6   2    172    284
24   4   7    152    8
25   10   2    191    58
26   23   6    177    260
27   16   6    139    385
28   26   7    49    249
29   14   2    51    97
30   19   5    149    218
31   4   5    175    420
32   24   3    126    423
33   17   3    83    282
34   15   3    37    327
35   5   6    18    233
36   9   3    159    120
37   31   5    118    257
38   36   2    87    157
39   29   2    100    13
40   10   7    116    114
