1   0   4    22    20
2   1   4    133    284
3   1   5    182    230
4   1   4    145    300
5   3   7    122    71
6   4   7    25    33
7   2   4    160    465
8   2   6    176    193
9   4   6    193    416
10   2   5    122    121
11   8   7    13    309
12   4   3    169    113
13   7   5    75    461
14   9   4    127    168
15   12   2    182    319
16   10   5    110    56
17   6   7    110    438
18   10   6    154    265
19   12   3    153    450
20   18   3    80    81
21   9   3    56    266
22   17   2    144    1
23   12   6    102    265
24   6   7    89    129
25   10   4    199    283
26   11   5    138    54
27   11   6    22    476
28   24   4    102    95
29   20   5    181    454
30   21   3    165    116
31   29   2    122    230
32   15   5    85    347
33   16   2    9    239
34   5   4    151    312
35   15   7    94    432
36   33   3    72    275
37   27   4    41    496
38   33   5    77    466
39   24   3    129    8
40   26   4    164    101
