1   0   3    23    15
2   1   5    125    455
3   1   7    91    79
4   2   5    138    447
5   3   3    95    104
6   4   3    77    312
7   3   6    38    126
8   4   2    121    330
9   5   3    20    282
10   6   4    56    361
11   9   4    5    150
12   10   6    126    161
13   7   5    31    153
14   5   5    81    108
15   2   6    50    416
16   14   3    32    2
17   7   3    82    335
18   8   3    37    471
19   15   2    179    388
20   8   5    95    202
21   10   6    30    373
22   12   2    36    124
23   6   7    86    378
24   15   7    69    285
25   20   6    196    407
26   9   2    194    171
27   16   6    44    186
28   26   3    126    236
29   25   2    198    440
30   22   6    14    435
31   27   3    139    360
32   21   2    44    228
33   28   5    182    453
34   28   5    104    344
35   17   3    185    327
36   31   6    160    10
37   26   5    87    22
38   23   7    143    353
39   25   7    101    223
40   32   2    109    490
