1   0   6    3    13
2   1   5    42    484
3   1   6    146    164
4   2   4    15    157
5   2   4    70    5
6   3   4    36    155
7   4   7    140    270
8   3   6    129    15
9   4   6    35    441
10   5   2    2    259
11   7   7    133    209
12   8   2    18    222
13   5   4    43    100
14   12   2    37    402
15   13   7    67    164
16   7   3    61    177
17   11   3    173    400
18   13   7    34    260
19   14   2    155    172
20   6   6    166    35
21   9   3    17    63
22   12   7    136    226
23   16   6    118    149
24   8   5    114    138
25   18   6    144    27
26   11   4    116    209
27   17   7    89    341
28   20   7    56    246
29   26   2    61    312
30   15   2    121    53
31   25   7    122    470
32   10   7    138    262
33   23   2    48    133
34   20   5    86    4
35   27   3    137    439
36   29   7    6    112
37   28   6    160    382
38   31   6    70    201
39   19   2    160    23
40   33   7    121    59
