1   0   5    9    1
2   1   4    110    318
3   1   5    40    483
4   2   5    32    341
5   3   2    43    294
6   4   3    96    399
7   4   3    14    433
8   1   2    133    258
9   5   6    137    86
10   7   3    166    96
11   8   4    3    234
12   10   5    148    33
13   8   7    33    268
14   6   4    196    431
15   13   5    19    416
16   10   7    54    15
17   6   6    54    60
18   8   7    6    237
19   3   7    90    36
20   7   6    33    401
21   5   5    116    85
22   7   6    75    328
23   12   7    119    279
24   19   5    116    88
25   6   3    74    378
26   2   7    58    405
27   3   2    76    116
28   21   4    180    142
29   2   4    28    349
30   17   6    113    493
31   20   6    76    380
32   25   2    94    122
33   21   3    145    188
34   23   6    80    15
35   26   3    89    255
36   10   4    150    319
37   25   6    108    403
38   27   6    49    347
39   15   2    75    270
40   14   4    183    364
