1   0   3    10    5
2   1   4    131    4
3   1   4    105    224
4   1   5    45    235
5   2   3    6    161
6   3   6    92    340
7   3   5    52    65
8   4   2    159    71
9   2   5    50    393
10   6   4    161    101
11   4   4    62    290
12   10   2    151    98
13   5   2    11    118
14   9   5    117    376
15   11   5    85    154
16   6   7    129    425
17   13   6    35    346
18   10   2    145    74
19   10   5    197    259
20   7   7    152    391
21   19   6    7    269
22   15   6    186    468
23   9   6    38    406
24   22   4    183    60
25   18   4    192    441
26   17   2    100    404
27   15   3    185    450
28   12   5    59    399
29   26   7    115    196
30   26   7    123    330
31   8   6    123    64
32   9   5    97    417
33   15   4    58    403
34   16   6    6    322
35   18   7    71    140
36   29   3    177    110
37   19   3    83    326
38   29   6    63    311
39   18   3    126    155
40   29   7    27    301
