1   0   5    22    2
2   1   2    26    493
3   1   3    180    406
4   1   7    186    117
5   2   2    165    358
6   3   4    113    479
7   4   7    73    441
8   2   3    149    35
9   2   4    182    118
10   4   6    38    229
11   5   4    180    148
12   9   3    129    499
13   4   2    165    9
14   11   4    193    345
15   5   5    75    226
16   9   6    106    320
17   15   2    165    260
18   9   5    70    78
19   3   4    169    440
20   13   5    26    289
21   7   6    152    354
22   12   2    30    42
23   15   6    51    417
24   21   4    41    219
25   7   2    199    295
26   13   3    52    308
27   22   4    154    26
28   19   2    108    9
29   13   5    102    58
30   25   3    124    455
31   3   5    144    150
32   12   6    114    41
33   11   7    10    257
34   17   5    109    225
35   6   6    192    57
36   26   2    117    235
37   19   2    141    488
38   18   6    164    301
39   16   2    81    489
40   31   7    117    136
