1   0   4    29    45
2   1   3    65    496
3   1   6    2    495
4   2   6    65    360
5   2   6    123    33
6   4   6    175    372
7   5   2    61    93
8   5   2    191    133
9   3   5    117    363
10   8   6    187    97
11   7   2    76    355
12   6   7    126    72
13   9   4    5    185
14   7   3    109    32
15   9   4    14    26
16   12   3    37    361
17   3   2    192    199
18   10   2    108    315
19   11   2    86    162
20   11   3    89    368
21   6   4    44    465
22   8   4    158    491
23   14   5    194    395
24   10   6    135    101
25   12   7    115    408
26   17   7    81    464
27   22   5    122    74
28   15   3    109    479
29   25   5    29    16
30   4   6    114    402
31   27   3    85    17
32   30   6    76    254
33   14   7    112    373
34   21   3    45    77
35   13   5    6    23
36   17   6    71    316
37   13   6    49    470
38   31   5    20    78
39   26   6    127    96
40   23   6    22    137
