1   0   6    1    19
2   1   2    64    304
3   1   7    46    342
4   2   4    87    492
5   1   4    55    483
6   4   7    78    175
7   5   4    36    190
8   4   3    145    399
9   5   7    9    89
10   7   3    76    369
11   9   4    97    256
12   4   6    33    97
13   7   3    67    355
14   3   5    169    244
15   9   2    134    456
16   8   3    50    298
17   4   5    187    377
18   12   6    144    492
19   7   7    72    222
20   11   7    1    190
21   15   2    86    397
22   2   7    11    485
23   3   5    91    426
24   9   3    181    7
25   12   2    46    13
26   16   7    67    190
27   20   7    122    424
28   11   3    56    29
29   7   5    168    362
30   11   3    151    242
31   6   2    168    194
32   26   2    59    220
33   21   4    150    58
34   12   4    28    71
35   11   2    38    125
36   1   4    88    292
37   17   7    118    218
38   27   4    33    446
39   35   6    189    151
40   35   7    160    465
41   6   5    147    185
42   19   4    73    217
43   15   2    136    312
44   7   7    136    65
45   28   5    59    156
46   30   6    89    324
47   19   2    13    107
48   42   3    39    278
49   28   6    4    177
50   47   5    127    287
51   5   6    115    321
52   18   6    64    20
53   47   4    52    50
54   48   7    100    495
55   2   7    29    321
56   18   7    104    84
57   53   5    167    128
58   54   6    112    300
59   53   2    21    114
60   14   5    156    283
61   45   7    179    24
62   2   6    113    324
63   27   4    172    243
64   7   3    186    4
65   53   4    158    360
66   1   5    23    126
67   60   3    16    325
68   41   7    149    347
69   44   2    96    40
70   37   2    111    195
71   47   3    41    189
72   51   7    148    1
73   25   4    172    310
74   55   5    153    366
75   72   3    83    31
76   52   3    21    278
77   73   4    62    104
78   35   5    156    32
79   22   7    139    53
80   26   4    173    70
81   66   6    131    488
82   5   3    76    9
83   70   7    67    254
84   77   6    125    301
85   53   7    109    242
86   79   7    88    54
87   35   7    44    435
88   21   4    14    29
89   10   4    87    56
90   74   7    27    72
91   15   4    41    257
92   81   5    77    125
93   59   5    173    402
94   17   6    139    378
95   75   4    192    206
96   87   4    165    340
97   85   2    102    7
98   70   3    6    259
99   33   4    108    245
100   38   4    197    241
101   1   6    64    197
102   88   3    173    174
103   24   4    24    151
104   91   6    31    291
105   7   3    69    207
106   87   2    73    72
107   30   7    72    313
108   21   5    106    31
109   70   7    194    238
110   7   2    72    450
111   44   7    27    114
112   15   5    41    266
113   1   6    61    44
114   19   2    121    352
115   45   2    70    360
116   83   4    51    312
117   69   2    185    207
118   21   4    133    108
119   89   3    88    208
120   44   5    173    325
121   54   4    69    125
122   101   7    137    192
123   107   5    195    85
124   17   4    157    328
125   101   5    33    145
126   29   4    87    210
127   13   5    199    20
128   119   6    161    92
129   79   4    175    167
130   21   2    91    166
131   41   6    81    304
132   70   6    171    23
133   61   5    141    495
134   122   3    190    196
135   17   3    27    378
136   4   5    84    297
137   45   3    179    23
138   12   6    75    101
139   132   5    137    195
140   51   5    149    396
141   3   5    61    172
142   106   3    189    83
143   92   2    87    178
144   13   2    184    245
145   50   5    47    327
146   142   2    85    380
147   125   5    116    473
148   90   7    174    459
149   17   3    9    421
150   20   7    55    297
151   5   2    118    276
152   144   5    27    287
153   90   4    6    368
154   4   4    104    408
155   53   3    72    130
156   136   6    17    234
157   123   4    105    87
158   156   7    59    75
159   129   3    66    293
160   33   5    40    249
