1   0   3    7    38
2   1   4    25    45
3   1   2    7    169
4   2   5    99    334
5   2   3    83    174
6   2   7    148    354
7   5   6    196    381
8   5   3    28    195
9   6   6    193    443
10   7   5    55    22
11   2   7    179    320
12   1   5    44    183
13   3   6    87    159
14   2   4    154    23
15   5   2    29    189
16   10   4    52    463
17   11   3    149    335
18   11   4    85    305
19   12   6    150    333
20   7   4    36    46
21   16   5    124    379
22   19   4    29    258
23   4   5    44    136
24   18   6    2    99
25   11   5    194    409
26   16   7    71    146
27   8   7    85    442
28   8   7    28    302
29   21   6    49    200
30   19   6    38    115
31   25   7    69    308
32   4   4    74    283
33   3   6    154    474
34   5   6    136    354
35   2   7    118    361
36   29   7    76    180
37   9   4    149    104
38   7   6    68    478
39   26   6    173    254
40   2   2    194    172
41   25   6    35    159
42   25   6    164    98
43   5   4    161    178
44   16   7    83    289
45   4   3    111    281
46   33   6    181    370
47   43   5    142    397
48   31   6    51    266
49   43   3    38    186
50   11   6    135    343
51   44   5    170    282
52   31   7    97    441
53   27   7    186    21
54   36   4    5    376
55   22   7    150    206
56   14   4    98    227
57   22   5    62    313
58   43   6    5    22
59   46   6    193    466
60   33   5    4    277
61   38   7    56    357
62   27   5    70    23
63   7   4    13    318
64   26   4    95    178
65   37   2    88    371
66   24   7    63    364
67   36   3    39    485
68   59   2    91    185
69   38   3    166    418
70   59   2    78    169
71   50   4    140    401
72   20   3    44    184
73   3   7    88    192
74   47   7    87    147
75   15   2    90    45
76   41   6    162    487
77   75   2    23    142
78   8   4    160    377
79   47   6    132    437
80   26   3    121    313
81   4   7    168    194
82   4   7    102    96
83   58   3    83    68
84   82   7    184    482
85   68   3    1    15
86   77   7    169    154
87   66   2    197    224
88   1   3    68    448
89   72   7    150    285
90   10   2    87    270
91   12   4    34    262
92   50   3    60    82
93   63   5    115    436
94   55   6    90    476
95   3   2    92    456
96   55   6    37    499
97   88   4    78    48
98   63   2    147    204
99   46   3    44    294
100   68   7    148    343
101   52   4    143    323
102   65   2    149    389
103   63   5    185    163
104   40   7    72    405
105   63   5    94    325
106   10   5    75    238
107   103   3    10    136
108   86   4    8    446
109   74   6    76    332
110   49   4    114    175
111   27   4    44    472
112   82   7    121    389
113   12   5    73    56
114   7   5    65    21
115   83   2    86    105
116   2   3    156    106
117   62   5    11    240
118   41   5    191    402
119   101   6    49    40
120   33   2    168    419
121   113   2    57    10
122   44   2    132    340
123   26   3    179    44
124   54   2    47    156
125   99   7    20    426
126   113   5    8    191
127   107   2    136    257
128   18   3    74    363
129   66   4    44    458
130   87   4    4    174
131   17   6    90    296
132   46   2    29    274
133   23   4    170    363
134   19   3    61    161
135   65   6    92    458
136   85   5    40    294
137   66   4    173    324
138   51   7    58    237
139   89   2    104    27
140   34   5    21    196
141   59   6    134    429
142   62   6    133    258
143   46   5    77    168
144   81   4    154    63
145   88   5    143    158
146   23   7    58    329
147   31   2    173    119
148   45   2    169    183
149   30   6    126    462
150   55   3    192    489
151   114   6    20    86
152   141   4    22    93
153   56   5    12    92
154   151   7    78    402
155   68   6    184    144
156   88   5    14    363
157   2   3    196    23
158   110   7    82    125
159   68   5    169    176
160   148   4    41    116
