1   0   2    2    9
2   1   4    42    383
3   1   6    93    238
4   1   5    18    293
5   3   3    77    379
6   4   4    124    72
7   4   6    166    190
8   6   2    75    206
9   5   2    150    383
10   4   6    104    293
11   5   7    185    365
12   9   6    126    86
13   3   6    183    491
14   4   4    151    484
15   3   2    169    148
16   8   7    101    281
17   9   4    177    323
18   7   3    124    377
19   12   3    154    122
20   11   7    121    329
21   15   6    146    56
22   6   2    130    228
23   4   5    169    284
24   5   2    148    165
25   14   3    117    115
26   12   4    57    440
27   21   6    159    330
28   23   7    142    29
29   13   7    34    189
30   9   6    130    32
31   17   7    97    244
32   10   4    194    365
33   30   5    90    208
34   2   7    6    191
35   11   2    182    339
36   16   5    16    190
37   5   6    84    75
38   30   6    163    79
39   6   3    183    213
40   15   3    32    126
41   38   3    174    346
42   6   6    137    233
43   28   5    42    330
44   9   4    185    226
45   23   5    113    133
46   28   2    73    111
47   29   2    139    399
48   10   7    39    332
49   21   4    133    208
50   17   6    151    415
51   34   3    49    118
52   4   7    149    63
53   11   4    132    411
54   10   5    22    205
55   50   4    60    311
56   52   3    161    149
57   46   3    148    214
58   51   3    34    417
59   34   5    177    34
60   41   3    179    358
61   5   7    44    125
62   3   3    167    245
63   18   4    62    50
64   18   6    146    438
65   56   5    4    443
66   54   3    26    431
67   45   4    133    128
68   46   3    114    295
69   48   2    56    269
70   11   4    176    125
71   3   2    193    135
72   31   5    120    286
73   53   7    72    271
74   37   2    195    493
75   41   7    174    481
76   65   6    4    411
77   46   3    109    181
78   4   5    151    294
79   1   4    190    307
80   39   4    173    495
81   20   7    181    9
82   77   3    133    396
83   1   4    129    195
84   26   6    91    141
85   52   7    168    238
86   39   2    64    464
87   78   5    5    398
88   70   7    104    352
89   84   4    76    96
90   72   2    91    317
91   7   6    147    265
92   22   6    13    315
93   26   4    75    328
94   74   4    191    401
95   38   2    174    392
96   75   7    16    109
97   92   4    22    34
98   3   5    5    4
99   40   5    166    199
100   81   2    64    381
101   90   3    36    253
102   47   5    40    136
103   81   3    18    486
104   75   5    183    274
105   23   3    71    396
106   10   3    34    394
107   37   5    124    51
108   2   6    107    20
109   2   5    188    317
110   97   6    41    424
111   99   4    156    301
112   1   7    158    127
113   72   6    32    409
114   52   2    101    111
115   56   2    163    155
116   97   7    192    169
117   99   4    133    94
118   54   3    188    27
119   116   7    154    391
120   15   3    128    123
121   58   2    149    322
122   8   2    168    442
123   54   6    189    174
124   34   5    62    414
125   6   6    56    419
126   66   4    15    184
127   77   2    112    271
128   33   7    9    127
129   108   3    36    483
130   37   3    194    102
131   60   4    5    433
132   63   5    186    340
133   25   7    160    434
134   6   3    18    219
135   102   3    33    42
136   82   4    15    303
137   41   5    54    179
138   38   7    101    246
139   51   5    160    304
140   109   4    55    340
141   48   3    120    150
142   101   5    13    195
143   7   2    79    31
144   52   4    45    491
145   76   4    58    14
146   116   3    21    11
147   39   6    105    454
148   105   4    174    12
149   124   7    8    356
150   126   5    193    316
151   138   5    195    126
152   79   7    2    429
153   2   4    118    21
154   143   5    146    296
155   146   6    24    48
156   94   2    132    107
157   29   4    92    399
158   139   3    127    134
159   62   5    163    432
160   4   6    66    429
