1   0   3    15    10
2   1   5    37    348
3   1   7    28    366
4   2   5    181    278
5   3   7    22    476
6   4   6    136    43
7   4   4    33    457
8   2   7    1    203
9   7   4    181    313
10   7   5    164    85
11   3   6    150    84
12   10   4    87    417
13   10   6    27    103
14   3   7    13    406
15   3   4    68    123
16   14   4    23    44
17   14   7    6    104
18   9   4    157    347
19   7   2    166    382
20   6   7    154    57
21   10   4    147    419
22   5   2    4    458
23   15   3    92    189
24   21   3    176    163
25   17   2    64    203
26   15   7    96    442
27   7   4    150    200
28   25   5    120    334
29   18   7    1    186
30   28   4    192    434
31   20   7    91    119
32   8   7    180    92
33   30   4    96    435
34   3   3    147    89
35   31   7    125    41
36   8   7    106    252
37   16   4    152    230
38   6   4    6    25
39   30   4    167    325
40   24   4    182    196
41   37   7    47    468
42   26   6    59    377
43   3   6    132    365
44   33   4    65    344
45   11   4    137    176
46   44   2    31    163
47   3   5    78    277
48   44   6    73    404
49   1   6    49    446
50   45   3    16    428
51   36   5    160    326
52   36   3    96    390
53   47   4    22    153
54   12   5    54    394
55   1   4    122    486
56   1   5    13    322
57   9   5    43    22
58   11   4    71    75
59   1   5    170    193
60   25   2    180    446
61   8   3    115    18
62   15   4    18    134
63   16   5    182    370
64   6   3    80    469
65   57   3    159    75
66   45   2    77    436
67   53   2    36    164
68   62   5    29    267
69   22   4    16    440
70   35   3    38    8
71   59   6    118    277
72   41   7    83    87
73   37   5    181    190
74   33   7    144    131
75   10   2    87    88
76   68   5    137    325
77   40   4    101    180
78   69   7    21    384
79   74   5    16    401
80   8   6    153    51
81   52   4    190    259
82   58   2    182    424
83   26   7    199    85
84   10   7    68    198
85   48   6    74    334
86   77   3    185    268
87   26   4    102    150
88   57   5    37    313
89   25   3    40    314
90   55   6    160    91
91   5   2    151    7
92   14   6    178    284
93   28   5    189    218
94   14   4    176    162
95   3   3    139    384
96   61   4    78    58
97   86   5    161    143
98   70   4    5    148
99   45   6    142    362
100   47   5    68    365
101   17   5    49    30
102   61   2    66    477
103   58   2    70    421
104   60   6    17    183
105   7   2    90    276
106   49   7    94    484
107   41   2    39    73
108   20   6    153    153
109   12   5    189    354
110   83   2    17    475
111   56   7    48    440
112   74   2    142    244
113   89   5    32    405
114   96   7    178    363
115   53   5    167    11
116   77   7    141    207
117   40   5    75    477
118   9   7    184    144
119   84   2    28    4
120   70   7    64    392
121   103   4    90    50
122   23   6    94    7
123   47   3    195    318
124   6   2    20    388
125   82   7    135    291
126   45   3    64    9
127   48   2    106    57
128   58   3    174    266
129   72   4    51    179
130   82   2    187    466
131   71   4    149    73
132   36   2    127    177
133   17   4    50    95
134   28   7    73    476
135   91   4    38    309
136   50   3    35    287
137   34   5    18    324
138   128   5    18    414
139   103   7    37    7
140   82   3    125    277
141   99   7    83    357
142   137   7    22    416
143   61   2    17    127
144   8   7    60    294
145   58   6    15    249
146   10   5    16    380
147   86   5    9    86
148   69   2    168    86
149   90   5    86    51
150   64   4    77    239
151   40   3    35    264
152   96   4    43    400
153   97   2    82    410
154   100   7    155    64
155   123   4    81    329
156   47   3    21    22
157   130   5    121    173
158   39   6    106    51
159   13   6    52    497
160   2   2    150    434
