1   0   5    4    9
2   1   6    38    202
3   1   3    3    191
4   2   2    101    430
5   2   3    95    491
6   4   6    71    469
7   3   3    120    174
8   2   2    141    310
9   3   3    144    313
10   6   7    4    421
11   7   5    12    55
12   9   3    103    237
13   6   6    108    390
14   5   7    178    97
15   3   4    19    124
16   6   5    82    87
17   6   2    106    2
18   8   2    93    392
19   15   7    73    39
20   3   5    118    117
21   16   6    184    112
22   19   3    42    7
23   1   3    104    119
24   10   2    53    363
25   21   5    171    15
26   12   4    149    213
27   22   5    7    165
28   7   6    113    18
29   9   2    20    311
30   22   5    191    330
31   26   5    106    167
32   16   3    140    305
33   14   5    99    494
34   4   5    108    442
35   29   6    94    24
36   27   7    160    181
37   22   7    181    383
38   25   2    52    266
39   20   3    43    212
40   31   6    53    13
41   21   7    135    255
42   3   3    49    356
43   29   7    82    321
44   26   4    153    89
45   30   2    185    262
46   6   6    189    3
47   5   7    184    324
48   28   2    40    53
49   13   5    85    124
50   26   4    26    170
51   21   7    139    388
52   11   2    93    35
53   10   3    48    231
54   26   5    194    420
55   16   5    119    479
56   2   7    124    19
57   41   6    183    143
58   30   5    164    262
59   8   4    57    425
60   22   6    74    225
61   2   2    40    482
62   36   7    199    414
63   13   4    42    309
64   37   5    24    314
65   24   3    93    273
66   16   7    170    456
67   24   5    81    90
68   40   6    37    439
69   59   6    164    228
70   3   7    167    88
71   28   3    164    418
72   4   6    101    446
73   41   2    100    390
74   5   4    50    306
75   39   2    49    248
76   1   5    141    218
77   17   4    100    431
78   48   3    7    126
79   41   3    170    361
80   17   5    12    439
81   60   3    49    197
82   15   5    187    436
83   48   4    191    24
84   43   3    2    81
85   47   3    12    356
86   29   5    47    451
87   74   6    132    193
88   70   2    140    40
89   82   6    131    142
90   9   5    153    368
91   87   4    133    185
92   72   2    16    278
93   44   6    10    147
94   19   2    111    362
95   10   3    197    215
96   30   3    175    59
97   90   7    92    391
98   16   3    11    309
99   29   6    90    338
100   14   7    193    433
101   31   2    180    9
102   81   2    50    56
103   80   2    129    1
104   14   3    108    368
105   13   5    181    187
106   81   7    3    242
107   7   5    112    283
108   79   4    142    5
109   100   7    168    84
110   70   4    111    2
111   20   7    192    198
112   87   4    41    444
113   76   3    156    299
114   65   2    165    10
115   70   4    153    359
116   86   3    38    205
117   63   5    46    221
118   72   5    124    12
119   10   7    66    265
120   70   4    133    48
121   4   4    48    384
122   117   4    129    77
123   86   4    7    489
124   7   5    175    166
125   26   3    38    376
126   24   6    114    464
127   2   6    24    284
128   42   3    199    411
129   18   6    19    462
130   51   4    52    14
131   41   6    83    292
132   51   4    81    444
133   119   4    130    306
134   97   6    138    452
135   119   3    90    117
136   53   2    162    157
137   64   7    116    29
138   7   4    162    54
139   58   5    44    400
140   12   4    137    413
141   99   5    99    44
142   101   4    143    65
143   140   7    36    144
144   52   4    115    210
145   133   4    25    154
146   34   3    74    148
147   77   2    163    59
148   146   3    155    223
149   122   3    22    262
150   95   7    182    164
151   91   6    62    181
152   54   3    124    355
153   46   2    64    44
154   72   4    43    171
155   127   4    141    345
156   27   7    192    19
157   111   4    122    13
158   149   5    10    197
159   51   3    41    490
160   73   3    118    61
