1   0   7    3    47
2   1   2    19    402
3   1   2    154    100
4   1   4    24    286
5   2   6    159    355
6   4   3    7    76
7   4   7    24    10
8   4   2    87    292
9   1   4    175    176
10   8   4    138    176
11   6   7    34    120
12   3   2    24    470
13   4   5    21    231
14   7   3    145    416
15   13   3    166    358
16   11   6    76    428
17   5   6    90    190
18   4   6    61    459
19   3   2    24    126
20   15   4    36    427
21   6   5    40    171
22   20   7    55    304
23   6   5    99    478
24   20   4    134    436
25   19   5    22    226
26   24   5    149    217
27   11   7    179    458
28   13   5    179    244
29   11   7    123    450
30   4   4    144    317
31   16   3    1    143
32   6   7    168    312
33   29   7    105    124
34   8   5    22    492
35   12   5    167    7
36   25   6    21    310
37   1   2    54    103
38   21   2    74    125
39   24   5    160    374
40   30   4    91    126
41   20   2    168    466
42   22   2    27    206
43   36   6    2    2
44   31   5    108    340
45   26   5    23    14
46   5   7    194    232
47   11   5    70    489
48   11   5    111    22
49   43   5    2    181
50   4   3    92    388
51   30   3    105    94
52   42   6    38    405
53   32   3    108    19
54   5   4    146    310
55   30   2    93    379
56   40   2    198    49
57   14   3    104    228
58   46   5    97    407
59   47   7    26    491
60   49   3    180    141
61   19   3    159    44
62   24   7    41    223
63   23   7    23    76
64   42   7    22    66
65   40   7    80    111
66   17   3    133    123
67   16   2    136    284
68   30   4    43    37
69   2   4    108    418
70   46   3    102    476
71   10   7    188    98
72   1   2    99    21
73   67   7    50    163
74   36   4    60    499
75   36   3    187    115
76   46   2    191    11
77   52   5    20    281
78   25   2    77    193
79   29   2    138    218
80   49   7    171    403
81   57   4    83    327
82   67   7    96    124
83   15   7    119    435
84   66   7    76    105
85   20   2    169    224
86   26   2    152    471
87   38   3    45    325
88   33   5    12    399
89   80   7    83    199
90   87   6    172    116
91   7   6    111    197
92   90   4    180    64
93   61   4    11    364
94   71   7    175    446
95   64   3    130    124
96   9   3    93    136
97   38   4    170    101
98   10   2    131    127
99   14   6    4    439
100   68   2    189    240
101   46   4    94    306
102   83   7    96    402
103   59   3    188    136
104   25   4    125    200
105   36   3    180    486
106   93   7    17    475
107   10   5    49    376
108   91   4    25    38
109   82   3    126    142
110   52   6    53    175
111   13   4    151    27
112   91   3    145    303
113   13   5    181    391
114   60   5    44    322
115   61   5    103    284
116   46   2    17    69
117   8   7    50    23
118   81   2    12    320
119   99   6    132    104
120   73   5    107    441
121   55   5    29    27
122   11   6    135    43
123   106   5    159    121
124   17   4    167    169
125   64   4    123    15
126   92   2    152    470
127   17   5    35    372
128   114   5    180    237
129   9   7    86    159
130   43   7    55    102
131   38   6    1    18
132   58   5    70    373
133   58   5    156    14
134   118   2    71    48
135   97   2    44    97
136   105   3    1    155
137   45   2    75    279
138   54   7    198    89
139   5   2    179    47
140   19   7    9    377
141   2   5    135    99
142   30   4    100    428
143   40   3    101    189
144   58   4    117    454
145   63   6    151    164
146   56   4    26    320
147   47   7    35    6
148   101   6    147    261
149   110   4    146    176
150   55   7    4    298
151   140   7    17    145
152   60   3    15    219
153   48   6    76    376
154   97   5    192    160
155   98   5    38    362
156   78   4    114    274
157   101   4    167    409
158   17   6    146    54
159   72   2    108    444
160   54   3    132    61
