1   0   2    1    27
2   1   3    62    447
3   1   3    177    233
4   2   5    55    476
5   1   7    153    61
6   4   7    197    372
7   4   3    131    347
8   1   7    148    346
9   7   3    107    204
10   6   2    44    346
11   1   5    13    429
12   10   7    12    405
13   8   5    95    111
14   1   3    7    215
15   1   5    90    66
16   4   4    137    58
17   1   7    61    144
18   16   7    90    201
19   15   3    69    324
20   9   4    102    324
21   13   7    29    487
22   8   4    156    435
23   20   4    21    276
24   10   5    132    177
25   14   3    11    327
26   22   4    56    432
27   9   3    170    96
28   5   2    83    157
29   4   4    28    162
30   10   6    169    83
31   18   2    120    143
32   30   6    35    450
33   27   2    151    402
34   31   3    130    217
35   10   7    132    429
36   28   2    21    199
37   15   2    60    22
38   29   5    93    459
39   7   4    166    170
40   31   2    126    50
41   36   3    63    176
42   39   6    127    162
43   8   3    188    173
44   30   4    144    296
45   43   5    151    202
46   35   3    164    349
47   13   4    122    202
48   16   6    67    189
49   1   4    178    236
50   21   4    64    29
51   26   2    94    4
52   35   3    71    460
53   34   4    67    321
54   41   2    78    419
55   27   6    56    437
56   26   5    104    361
57   31   5    46    227
58   39   5    48    35
59   17   6    23    260
60   21   6    24    438
61   9   3    27    267
62   37   7    44    179
63   9   4    57    163
64   51   4    164    197
65   32   3    151    250
66   57   5    15    264
67   18   4    186    324
68   1   5    4    388
69   32   3    143    49
70   51   7    186    285
71   45   5    29    327
72   61   2    109    35
73   30   2    111    149
74   40   3    39    201
75   24   6    112    49
76   35   7    80    355
77   55   3    194    199
78   29   2    2    301
79   71   4    156    2
80   51   2    88    380
81   46   6    6    166
82   18   3    152    224
83   65   5    147    330
84   34   7    55    372
85   19   4    65    118
86   76   4    110    358
87   31   3    72    495
88   50   4    2    239
89   38   7    54    325
90   79   3    114    221
91   60   3    64    227
92   19   6    142    435
93   39   7    105    209
94   17   7    87    373
95   33   5    77    382
96   27   2    173    34
97   2   7    150    438
98   93   2    118    346
99   14   6    97    141
100   8   5    11    213
101   65   4    124    341
102   70   2    79    63
103   10   6    150    233
104   67   6    25    418
105   28   7    92    497
106   92   7    78    422
107   69   5    37    391
108   43   6    172    40
109   16   4    39    90
110   17   5    8    93
111   75   4    94    446
112   4   6    60    363
113   18   3    8    134
114   27   2    132    179
115   67   6    60    96
116   62   2    61    467
117   97   3    106    322
118   72   3    18    231
119   30   6    29    356
120   7   4    154    155
121   5   6    93    436
122   28   4    170    289
123   109   7    107    382
124   12   6    1    222
125   44   5    108    35
126   77   3    182    33
127   26   5    36    413
128   121   6    29    406
129   71   2    157    354
130   29   4    10    323
131   125   2    184    167
132   2   4    46    471
133   58   4    69    411
134   65   4    40    251
135   26   4    20    359
136   38   6    94    232
137   60   4    74    226
138   47   3    113    97
139   92   5    167    302
140   111   4    118    381
141   26   7    144    138
142   75   2    196    483
143   39   7    77    59
144   137   5    152    310
145   65   3    183    115
146   9   3    124    192
147   113   2    122    91
148   2   4    64    97
149   65   4    174    94
150   6   5    179    287
151   139   2    139    399
152   127   6    73    75
153   122   4    190    447
154   150   3    41    166
155   3   5    191    167
156   144   5    64    164
157   133   6    108    432
158   103   3    91    460
159   157   4    187    110
160   112   5    138    487
