1   0   3    2    26
2   1   5    34    79
3   1   3    13    212
4   2   2    186    286
5   2   2    99    429
6   3   7    38    322
7   2   5    67    70
8   2   7    48    165
9   5   2    34    14
10   4   2    135    402
11   4   6    8    168
12   6   2    152    86
13   6   2    96    478
14   2   7    174    293
15   9   5    39    57
16   5   3    179    127
17   7   2    29    265
18   15   2    198    397
19   13   7    56    114
20   17   3    28    452
21   10   6    13    78
22   16   4    105    379
23   7   7    170    372
24   1   3    22    330
25   10   7    141    77
26   14   3    122    15
27   3   2    28    47
28   26   2    69    460
29   15   4    81    454
30   13   5    190    209
31   13   3    140    221
32   14   2    104    492
33   9   6    1    83
34   27   6    54    222
35   21   2    68    410
36   5   6    124    33
37   1   5    164    239
38   20   7    45    398
39   7   5    116    285
40   20   6    159    44
41   18   3    90    273
42   21   3    20    465
43   14   5    84    437
44   12   4    92    386
45   2   3    166    410
46   20   5    112    468
47   19   7    141    372
48   40   4    183    465
49   3   2    25    262
50   10   4    116    427
51   1   5    171    243
52   42   6    188    166
53   43   7    188    394
54   2   5    45    314
55   35   5    139    131
56   10   7    81    244
57   53   4    79    402
58   51   4    198    283
59   29   2    179    349
60   18   7    188    371
61   4   6    116    123
62   59   4    39    229
63   18   4    125    57
64   12   7    169    365
65   10   3    76    77
66   10   7    108    40
67   31   4    51    151
68   29   5    108    4
69   29   7    32    132
70   23   5    65    271
71   1   3    154    132
72   11   3    35    461
73   8   3    157    359
74   45   7    86    262
75   34   7    162    100
76   67   7    173    70
77   71   7    74    26
78   40   5    21    199
79   54   6    83    230
80   19   4    197    72
81   27   5    142    63
82   49   7    53    242
83   77   2    14    416
84   60   2    123    58
85   3   4    136    462
86   75   2    177    25
87   78   3    154    196
88   26   7    5    410
89   15   2    29    190
90   42   3    176    308
91   11   7    72    422
92   13   3    62    108
93   76   2    1    361
94   22   2    180    388
95   77   4    46    431
96   48   5    79    424
97   48   3    196    73
98   36   7    195    138
99   52   5    169    419
100   40   7    51    428
101   26   6    170    488
102   99   5    177    384
103   78   4    142    340
104   53   3    149    135
105   62   6    170    352
106   102   4    83    72
107   48   6    186    282
108   82   5    140    359
109   98   5    155    274
110   60   2    197    483
111   18   4    59    492
112   26   2    26    151
113   89   2    86    275
114   97   5    142    389
115   45   5    128    466
116   89   4    27    354
117   5   6    158    328
118   43   6    151    22
119   21   5    26    220
120   57   7    70    352
121   41   7    55    115
122   113   2    86    464
123   13   6    81    382
124   33   6    154    431
125   31   6    111    487
126   71   2    26    240
127   91   6    191    91
128   46   2    72    24
129   100   5    39    125
130   69   5    141    349
131   102   2    150    88
132   43   2    92    366
133   116   5    153    35
134   111   4    198    438
135   121   7    39    158
136   24   4    138    376
137   59   5    41    303
138   49   4    46    215
139   23   3    49    492
140   81   3    59    126
141   124   2    130    388
142   33   4    159    126
143   26   6    187    173
144   61   2    25    88
145   31   2    165    406
146   28   6    10    80
147   103   7    43    166
148   112   5    83    341
149   50   7    120    217
150   82   2    181    493
151   128   7    18    235
152   4   3    166    483
153   50   7    189    15
154   23   7    40    294
155   18   7    46    178
156   41   7    188    293
157   16   6    59    250
158   90   2    130    488
159   100   2    40    123
160   8   4    135    278
