1   0   5    21    3
2   1   7    85    393
3   1   7    21    145
4   1   6    172    111
5   1   5    164    465
6   3   3    178    185
7   2   2    47    442
8   4   4    67    193
9   6   6    31    37
10   8   3    77    178
11   7   4    110    263
12   9   3    183    57
13   4   4    104    15
14   6   2    55    433
15   6   7    118    395
16   9   3    99    61
17   3   4    148    247
18   1   6    172    341
19   9   2    55    77
20   6   5    157    175
21   4   2    124    358
22   11   7    143    467
23   17   5    83    65
24   2   5    141    42
25   21   7    144    281
26   22   2    52    364
27   20   4    52    156
28   12   2    73    113
29   8   7    89    260
30   6   2    74    166
31   14   6    99    88
32   2   2    31    246
33   16   3    23    320
34   9   7    165    138
35   14   4    115    350
36   31   3    67    311
37   19   7    122    440
38   22   6    6    458
39   22   6    35    93
40   1   6    156    264
41   9   7    2    215
42   14   5    150    162
43   15   2    169    198
44   27   2    140    79
45   14   7    187    492
46   19   5    97    210
47   24   2    139    205
48   23   4    197    425
49   20   7    48    295
50   15   5    41    44
51   7   2    39    128
52   17   2    143    72
53   45   4    55    429
54   11   6    123    418
55   48   5    167    292
56   27   2    125    88
57   12   3    40    294
58   30   7    181    485
59   16   4    141    248
60   46   5    36    378
61   29   4    130    222
62   6   4    41    463
63   2   6    190    193
64   49   3    115    436
65   11   2    192    177
66   64   2    108    252
67   1   2    98    193
68   41   6    48    410
69   30   7    98    430
70   9   6    199    434
71   50   3    28    437
72   22   4    5    223
73   19   2    90    459
74   18   6    69    91
75   50   5    194    149
76   51   2    93    118
77   65   5    1    277
78   16   5    6    325
79   53   5    121    426
80   6   5    147    203
81   13   5    16    463
82   38   2    117    388
83   74   4    49    334
84   63   3    87    419
85   33   5    33    302
86   17   6    42    413
87   20   5    31    433
88   1   5    131    209
89   3   2    163    35
90   73   6    188    308
91   76   3    92    28
92   34   3    150    119
93   39   3    53    194
94   16   2    66    71
95   12   4    149    297
96   87   7    192    359
97   47   3    20    438
98   1   7    22    242
99   50   3    30    109
100   50   4    36    70
101   67   7    192    181
102   24   3    63    189
103   29   7    173    194
104   42   2    174    384
105   89   5    59    403
106   88   5    43    315
107   70   5    148    269
108   32   3    193    482
109   67   4    163    327
110   74   6    37    9
111   108   3    62    61
112   11   5    132    269
113   10   7    111    462
114   26   7    89    123
115   44   3    124    356
116   49   3    57    481
117   90   6    69    246
118   115   2    159    82
119   66   4    74    93
120   79   6    20    354
121   83   3    130    17
122   19   6    62    25
123   7   7    197    477
124   58   4    91    33
125   42   5    144    133
126   52   7    38    358
127   72   5    80    308
128   62   4    148    67
129   77   5    42    306
130   6   5    81    475
131   49   7    171    286
132   72   2    34    368
133   29   4    181    433
134   98   2    30    447
135   16   4    111    451
136   110   4    175    7
137   54   6    11    300
138   35   7    128    405
139   21   6    105    445
140   8   4    140    259
141   109   3    58    341
142   58   6    104    484
143   50   6    110    440
144   97   6    103    411
145   70   4    11    486
146   98   4    159    140
147   110   4    41    19
148   71   2    194    83
149   108   2    150    184
150   83   3    129    395
151   11   3    177    47
152   47   4    122    222
153   25   7    152    328
154   73   3    92    35
155   146   7    144    494
156   97   6    132    440
157   1   3    95    250
158   48   2    56    75
159   95   7    70    9
160   31   2    70    245
