1   0   2    7    16
2   1   7    1    355
3   1   2    183    454
4   2   6    196    86
5   1   5    49    255
6   4   4    60    244
7   3   7    103    224
8   5   6    35    213
9   1   5    167    103
10   8   6    95    22
11   3   7    130    272
12   5   5    66    439
13   4   7    136    284
14   2   7    176    167
15   12   7    40    143
16   9   2    199    480
17   11   2    63    32
18   16   3    102    444
19   2   5    48    305
20   8   5    190    124
21   11   2    183    309
22   13   4    142    62
23   21   7    159    430
24   9   5    40    471
25   21   2    86    180
26   19   5    4    222
27   20   6    175    364
28   9   7    117    369
29   24   3    53    331
30   8   4    120    120
31   3   5    90    442
32   7   3    101    121
33   7   7    187    156
34   13   7    25    273
35   6   7    140    395
36   14   7    122    104
37   4   2    60    14
38   25   7    81    281
39   31   4    190    77
40   20   4    3    42
41   29   4    36    467
42   6   4    59    349
43   22   4    151    96
44   27   5    48    18
45   6   2    196    434
46   3   6    197    382
47   30   7    140    265
48   10   2    114    350
49   46   2    44    461
50   45   7    80    54
51   8   4    61    434
52   5   2    158    402
53   36   7    155    218
54   41   2    171    43
55   21   4    86    340
56   31   6    165    89
57   45   3    90    471
58   53   6    19    497
59   25   6    5    422
60   8   4    20    333
61   47   5    99    6
62   20   6    42    252
63   3   6    54    423
64   36   5    59    86
65   29   2    50    130
66   25   3    12    280
67   26   4    35    383
68   25   5    2    302
69   56   2    12    170
70   10   5    16    73
71   40   3    1    399
72   13   6    198    361
73   31   3    140    377
74   8   2    105    206
75   23   4    84    391
76   53   7    185    343
77   45   3    171    158
78   49   5    144    283
79   58   4    19    21
80   66   2    167    133
81   72   6    199    327
82   76   3    129    216
83   24   2    138    184
84   27   2    30    166
85   65   5    122    95
86   54   7    149    422
87   18   4    117    342
88   5   5    17    155
89   82   2    113    236
90   8   5    88    452
91   69   2    147    228
92   67   5    96    321
93   58   6    189    454
94   73   2    115    158
95   89   7    51    299
96   73   7    175    113
97   18   2    191    55
98   41   2    135    471
99   18   5    151    382
100   8   4    52    285
101   51   5    85    467
102   25   7    8    483
103   75   3    187    295
104   60   7    90    445
105   22   2    3    451
106   16   6    157    25
107   72   3    47    9
108   32   3    150    189
109   84   3    4    82
110   79   7    14    23
111   42   6    96    444
112   50   2    17    309
113   54   2    10    92
114   105   2    18    375
115   47   5    44    181
116   102   4    134    247
117   32   7    76    298
118   100   2    57    483
119   7   4    26    156
120   65   5    59    398
121   47   2    134    155
122   105   4    115    150
123   11   5    72    424
124   48   6    160    239
125   45   3    146    82
126   96   5    146    295
127   83   4    14    245
128   108   4    1    291
129   105   6    14    41
130   127   6    192    86
131   28   2    138    419
132   72   7    76    221
133   118   6    142    344
134   13   7    20    44
135   11   7    154    167
136   26   3    92    140
137   118   5    58    246
138   69   6    113    432
139   7   5    18    111
140   55   7    9    30
141   67   5    134    30
142   85   4    27    136
143   55   6    162    103
144   20   2    128    246
145   126   7    38    207
146   21   2    174    403
147   144   7    144    15
148   63   5    118    199
149   101   3    49    477
150   71   2    77    27
151   102   6    52    345
152   101   5    32    4
153   55   6    129    137
154   49   5    162    399
155   62   7    79    57
156   38   6    64    97
157   28   5    163    22
158   80   2    60    392
159   1   4    4    221
160   7   7    128    447
