1   0   6    29    4
2   1   4    86    140
3   1   6    39    344
4   2   4    103    90
5   1   4    115    178
6   1   7    6    128
7   1   3    178    103
8   5   2    128    384
9   3   7    115    449
10   8   5    16    203
11   7   4    46    235
12   9   4    121    368
13   4   5    78    90
14   12   7    144    449
15   12   2    100    33
16   11   3    121    280
17   6   6    39    5
18   9   5    77    324
19   12   6    144    167
20   7   7    4    98
21   18   6    90    165
22   2   5    41    424
23   12   5    127    455
24   11   2    8    282
25   12   6    185    44
26   5   6    143    27
27   3   2    15    175
28   20   4    144    488
29   26   5    101    13
30   22   6    37    104
31   27   6    107    478
32   16   6    83    53
33   21   6    74    429
34   32   2    129    449
35   24   2    184    416
36   24   7    170    403
37   21   3    136    48
38   17   6    194    33
39   37   2    181    449
40   28   7    104    429
41   26   4    49    21
42   31   3    124    169
43   11   4    194    57
44   14   3    154    450
45   43   3    18    425
46   43   6    26    467
47   31   2    184    308
48   22   7    116    54
49   20   7    11    19
50   15   3    197    90
51   14   7    181    233
52   34   4    114    419
53   50   4    145    39
54   5   5    102    410
55   35   3    21    285
56   1   3    87    245
57   15   7    114    179
58   55   4    120    146
59   31   2    190    151
60   4   7    132    111
61   6   7    120    293
62   5   6    49    207
63   32   2    178    85
64   37   6    112    369
65   52   4    118    365
66   58   2    81    209
67   59   3    158    305
68   12   6    185    135
69   43   5    180    499
70   28   6    147    187
71   15   5    60    148
72   2   7    178    159
73   22   5    89    178
74   3   2    13    109
75   62   7    196    93
76   67   2    18    457
77   56   4    127    448
78   22   5    169    57
79   32   7    86    108
80   49   6    84    363
81   76   4    172    384
82   14   5    114    243
83   58   5    188    288
84   81   7    81    463
85   34   4    115    224
86   76   6    35    222
87   40   2    83    399
88   25   6    126    485
89   62   5    7    205
90   37   7    76    69
91   9   2    91    392
92   79   2    70    63
93   36   2    161    110
94   42   5    4    39
95   32   3    85    252
96   81   7    36    305
97   86   2    85    345
98   90   3    67    402
99   1   2    129    364
100   27   7    29    286
101   24   7    31    336
102   18   4    177    50
103   33   2    39    31
104   19   6    154    127
105   98   7    33    2
106   96   3    131    375
107   41   7    181    139
108   79   2    153    369
109   39   3    17    100
110   9   2    101    376
111   47   6    76    292
112   94   5    191    244
113   20   5    91    220
114   6   5    153    375
115   40   2    24    22
116   106   2    105    98
117   93   7    97    25
118   111   2    57    10
119   8   3    3    171
120   61   7    165    409
121   75   6    4    161
122   5   4    156    428
123   11   4    45    278
124   76   6    170    190
125   59   3    60    109
126   84   3    61    101
127   1   3    62    465
128   75   2    144    23
129   2   7    157    149
130   79   7    87    6
131   111   2    69    146
132   30   5    155    78
133   33   5    45    260
134   43   5    103    82
135   99   5    70    80
136   8   7    20    379
137   91   6    1    371
138   59   7    100    161
139   80   7    46    492
140   13   2    160    384
141   98   2    189    73
142   124   5    115    2
143   125   4    49    448
144   64   3    42    487
145   113   3    65    414
146   85   6    154    307
147   4   7    88    104
148   27   6    113    152
149   16   3    106    237
150   120   4    12    270
151   10   7    20    86
152   122   4    2    190
153   144   6    167    133
154   6   5    196    284
155   152   2    165    465
156   110   5    103    339
157   142   3    140    86
158   28   6    168    406
159   35   4    97    355
160   112   5    194    126
