1   0   4    11    22
2   1   6    188    113
3   1   6    25    38
4   1   5    10    63
5   1   7    108    185
6   3   2    120    319
7   3   2    111    422
8   1   4    87    471
9   5   4    132    395
10   6   5    128    148
11   4   7    103    150
12   6   7    67    373
13   6   2    172    345
14   4   5    35    303
15   8   6    43    74
16   8   3    68    202
17   6   5    93    209
18   15   3    39    191
19   10   4    151    395
20   17   2    137    138
21   19   5    164    320
22   15   6    111    135
23   12   2    26    312
24   9   6    157    18
25   4   7    133    102
26   20   5    124    352
27   3   4    160    481
28   24   7    61    46
29   19   6    108    482
30   27   7    66    348
31   10   4    150    125
32   28   4    129    471
33   28   7    169    330
34   2   7    112    291
35   28   3    63    455
36   4   7    89    227
37   23   7    114    403
38   10   3    149    132
39   33   6    149    59
40   9   4    121    147
41   6   6    31    489
42   7   4    48    461
43   37   7    158    195
44   17   5    90    100
45   4   2    140    80
46   11   3    177    159
47   35   5    30    194
48   32   3    20    185
49   37   2    26    38
50   36   4    121    282
51   15   5    118    392
52   43   5    187    2
53   8   5    159    38
54   45   7    191    78
55   10   6    62    123
56   32   5    75    8
57   3   4    179    177
58   21   3    186    162
59   3   4    165    398
60   38   6    133    193
61   8   3    131    174
62   12   6    164    251
63   29   3    197    51
64   38   4    138    281
65   33   5    171    317
66   7   2    94    210
67   17   2    136    294
68   7   4    135    447
69   35   2    26    35
70   3   2    72    477
71   32   3    105    194
72   23   7    147    222
73   36   2    95    162
74   35   4    56    364
75   56   6    126    181
76   59   3    162    249
77   9   6    25    390
78   41   3    82    460
79   47   2    81    10
80   76   5    79    498
81   8   3    73    406
82   30   5    151    447
83   38   7    56    218
84   66   2    38    486
85   53   6    192    402
86   47   5    167    433
87   3   4    91    228
88   75   5    163    257
89   23   6    60    176
90   82   6    125    371
91   67   6    147    263
92   24   7    104    64
93   64   7    4    456
94   49   2    168    393
95   72   5    113    95
96   78   2    179    448
97   12   6    135    423
98   53   4    45    416
99   30   2    175    56
100   12   2    83    132
101   88   5    67    307
102   79   5    99    363
103   19   2    34    91
104   3   7    23    227
105   76   6    185    381
106   99   2    51    180
107   79   2    112    431
108   71   7    36    66
109   99   5    171    127
110   43   7    54    435
111   97   2    81    165
112   105   4    79    245
113   10   7    66    131
114   24   6    148    201
115   35   3    129    190
116   101   3    119    4
117   99   5    137    471
118   95   4    91    197
119   107   6    120    318
120   116   6    187    441
121   105   4    2    168
122   80   2    89    451
123   56   7    196    158
124   41   5    86    315
125   82   7    63    50
126   71   2    68    470
127   122   6    126    397
128   28   6    124    96
129   80   3    45    370
130   39   6    36    106
131   33   2    56    101
132   23   3    123    377
133   117   7    178    341
134   8   4    58    130
135   128   7    77    136
136   7   6    106    211
137   93   3    140    66
138   21   2    143    31
139   40   2    86    386
140   104   5    167    67
141   17   6    51    254
142   135   4    56    361
143   106   5    58    489
144   18   4    18    51
145   142   6    71    398
146   68   7    175    155
147   109   5    2    75
148   21   7    51    410
149   129   7    34    19
150   58   2    142    305
151   92   4    128    121
152   55   2    3    377
153   38   7    67    122
154   19   7    106    69
155   2   2    67    93
156   90   4    6    55
157   65   2    82    42
158   150   4    167    2
159   71   7    71    429
160   75   4    102    186
