1   0   5    6    23
2   1   3    51    405
3   1   7    175    310
4   1   4    119    429
5   3   2    161    180
6   2   7    36    149
7   2   6    153    73
8   6   4    65    176
9   6   7    66    460
10   7   3    140    166
11   7   6    24    261
12   7   2    136    88
13   6   3    38    355
14   6   7    78    297
15   7   7    120    359
16   6   7    150    460
17   8   2    162    379
18   8   3    59    71
19   15   4    116    332
20   16   7    129    152
21   12   5    171    423
22   17   2    69    334
23   12   4    43    329
24   13   4    1    90
25   6   3    171    91
26   1   4    139    64
27   12   3    152    169
28   20   4    119    114
29   8   5    52    55
30   25   7    171    94
31   18   3    133    377
32   9   7    60    297
33   23   5    40    189
34   31   4    55    478
35   23   4    103    273
36   28   4    81    127
37   8   3    128    18
38   9   2    36    190
39   5   5    186    123
40   13   5    21    162
41   31   7    192    412
42   7   7    105    169
43   23   3    76    96
44   27   5    112    461
45   4   3    184    373
46   32   6    49    454
47   5   3    164    87
48   20   6    123    405
49   45   3    135    432
50   15   2    193    57
51   35   3    147    245
52   8   3    34    10
53   3   7    25    304
54   28   2    35    62
55   33   5    129    14
56   27   5    185    133
57   12   3    147    303
58   49   3    157    462
59   28   6    99    189
60   14   5    117    329
61   51   2    68    261
62   36   7    51    378
63   7   5    103    335
64   7   7    170    471
65   45   4    164    209
66   24   2    13    293
67   43   2    93    308
68   66   2    65    224
69   21   3    21    287
70   25   5    80    385
71   33   2    125    254
72   55   5    142    78
73   48   7    129    138
74   55   7    128    332
75   34   2    32    185
76   41   6    176    297
77   12   4    162    370
78   36   6    80    419
79   48   7    85    282
80   45   6    56    435
81   32   3    173    29
82   54   4    26    496
83   79   5    185    174
84   9   4    169    484
85   35   5    81    456
86   17   3    5    440
87   53   6    175    302
88   30   6    145    288
89   69   6    23    166
90   42   4    31    171
91   72   2    173    115
92   57   6    55    465
93   82   3    197    282
94   4   5    128    148
95   73   6    116    182
96   35   7    48    365
97   79   7    155    251
98   94   2    66    23
99   61   3    73    462
100   1   5    149    392
101   54   4    34    472
102   93   7    78    102
103   42   6    63    255
104   17   7    142    470
105   91   7    114    107
106   30   6    89    97
107   80   5    97    433
108   101   3    141    464
109   16   2    16    311
110   2   7    41    400
111   97   2    146    155
112   13   2    167    372
113   54   7    60    43
114   98   2    34    65
115   36   7    50    426
116   63   7    35    403
117   65   6    190    160
118   20   7    25    283
119   7   6    140    491
120   56   7    132    190
121   15   3    18    287
122   51   2    28    321
123   81   5    64    470
124   38   6    182    491
125   22   4    58    121
126   6   5    134    312
127   16   4    147    357
128   77   5    14    422
129   67   4    161    346
130   59   3    52    215
131   123   2    31    303
132   84   2    137    65
133   97   3    89    188
134   95   3    36    246
135   84   5    29    219
136   132   7    35    87
137   117   5    179    296
138   104   6    28    487
139   37   7    25    114
140   29   3    90    226
141   77   6    83    349
142   139   5    128    44
143   97   2    163    72
144   65   5    130    492
145   99   3    59    275
146   90   7    92    30
147   127   4    170    75
148   58   7    60    384
149   24   6    103    22
150   122   2    127    9
151   76   2    137    91
152   50   3    136    93
153   92   3    123    344
154   58   5    196    213
155   66   7    27    91
156   40   4    124    129
157   132   4    120    149
158   130   5    43    280
159   137   5    110    435
160   137   4    147    74
