1   0   3    24    24
2   1   4    39    29
3   1   4    42    270
4   1   4    81    336
5   2   2    81    164
6   3   3    136    56
7   1   7    45    155
8   3   7    79    435
9   2   6    179    380
10   8   3    96    111
11   5   4    109    266
12   4   5    135    70
13   10   2    186    77
14   1   4    144    60
15   8   5    15    449
16   8   3    15    97
17   6   7    189    1
18   14   3    86    388
19   14   2    76    294
20   14   5    18    96
21   9   7    163    220
22   10   2    96    197
23   15   3    147    442
24   22   7    170    6
25   1   5    186    90
26   18   6    173    294
27   16   7    99    40
28   7   5    87    227
29   27   4    104    474
30   22   2    14    404
31   8   2    86    198
32   1   7    46    259
33   5   6    186    353
34   14   4    120    322
35   28   7    149    9
36   29   2    123    397
37   18   7    93    355
38   7   2    153    177
39   26   7    111    479
40   18   4    10    221
41   13   7    138    276
42   36   4    13    368
43   26   4    49    249
44   20   5    126    476
45   2   3    138    252
46   6   6    175    193
47   43   5    149    186
48   22   2    56    54
49   12   5    28    464
50   16   7    134    486
51   49   2    23    115
52   29   3    26    388
53   42   5    145    456
54   44   4    76    154
55   40   5    129    84
56   38   6    141    227
57   10   4    128    36
58   41   7    196    331
59   32   4    176    49
60   50   7    96    481
61   34   4    17    139
62   20   6    170    348
63   8   4    124    82
64   24   6    94    46
65   4   5    109    478
66   28   7    43    250
67   37   6    74    221
68   34   2    16    193
69   64   2    19    66
70   67   5    46    299
71   38   6    151    77
72   5   3    74    441
73   48   6    101    260
74   12   5    50    387
75   56   3    141    216
76   56   2    4    18
77   49   7    134    119
78   45   3    140    9
79   61   7    109    415
80   52   6    45    3
81   4   2    169    158
82   17   7    174    207
83   26   2    69    285
84   15   3    150    355
85   29   2    184    45
86   37   3    18    53
87   19   2    190    229
88   37   6    15    195
89   16   7    81    380
90   77   5    179    8
91   20   4    167    11
92   54   2    115    464
93   11   5    156    249
94   79   7    93    195
95   18   5    74    261
96   38   7    12    470
97   17   5    26    299
98   27   6    8    308
99   41   6    150    340
100   53   2    71    118
101   10   4    193    251
102   4   4    87    292
103   26   3    168    253
104   22   6    68    59
105   83   7    184    351
106   65   7    80    13
107   101   6    7    178
108   70   5    31    405
109   82   4    107    62
110   21   7    20    212
111   79   5    74    103
112   4   7    89    5
113   33   5    1    105
114   112   3    97    443
115   102   2    191    375
116   92   4    101    89
117   74   3    52    407
118   95   4    98    116
119   33   6    123    97
120   43   7    54    141
121   70   3    25    355
122   29   7    60    186
123   91   5    65    228
124   13   4    196    411
125   68   6    89    200
126   55   3    119    152
127   34   6    40    178
128   76   7    163    364
129   89   7    144    499
130   34   2    119    305
131   128   7    43    489
132   101   2    12    28
133   11   3    133    4
134   50   7    21    65
135   79   5    107    99
136   106   6    73    447
137   8   6    23    98
138   1   7    134    74
139   36   4    190    404
140   84   7    11    207
141   108   5    146    6
142   5   2    49    386
143   127   6    179    354
144   21   2    190    491
145   52   3    16    266
146   109   6    153    197
147   62   3    143    42
148   79   6    59    215
149   83   7    74    168
150   37   3    125    478
151   131   6    88    417
152   51   7    109    330
153   114   6    127    479
154   65   4    90    81
155   76   6    155    91
156   89   7    75    167
157   72   3    143    149
158   139   6    52    85
159   52   7    174    405
160   89   4    190    194
