1   0   6    20    37
2   1   5    71    121
3   1   7    184    364
4   1   4    105    384
5   3   7    48    177
6   1   4    33    252
7   5   3    33    29
8   3   6    77    444
9   7   4    58    345
10   8   3    24    101
11   4   6    190    11
12   9   7    130    458
13   11   5    91    216
14   1   4    73    405
15   11   7    170    204
16   2   7    166    289
17   1   3    127    377
18   8   4    75    3
19   5   7    38    256
20   14   6    195    282
21   8   6    6    128
22   8   6    17    2
23   2   7    66    488
24   3   7    16    343
25   23   5    189    63
26   12   4    103    278
27   2   2    114    128
28   4   5    165    323
29   17   2    120    480
30   7   3    175    314
31   8   6    169    498
32   3   3    59    375
33   4   7    194    274
34   13   7    104    8
35   25   4    167    280
36   19   3    84    430
37   31   5    11    265
38   22   7    22    209
39   31   2    160    7
40   7   7    86    444
41   13   7    111    200
42   39   3    104    286
43   18   6    22    410
44   14   2    165    4
45   20   5    165    37
46   31   6    122    387
47   45   4    100    127
48   38   4    70    110
49   39   6    54    246
50   10   4    74    134
51   19   5    72    133
52   37   6    92    265
53   38   4    168    166
54   11   5    175    140
55   50   7    58    167
56   48   7    145    369
57   21   7    186    181
58   15   7    16    123
59   55   7    124    286
60   21   4    75    265
61   26   7    149    429
62   60   5    68    285
63   19   5    59    483
64   16   3    50    293
65   59   5    147    409
66   46   5    180    135
67   36   2    65    332
68   54   2    20    358
69   49   2    41    384
70   46   5    102    328
71   13   2    38    358
72   58   6    129    212
73   10   7    162    23
74   33   4    154    281
75   50   7    195    281
76   57   7    92    33
77   51   3    117    411
78   76   4    52    137
79   20   4    88    108
80   28   2    193    66
81   79   2    156    184
82   35   7    152    197
83   17   4    195    32
84   18   3    66    464
85   7   3    105    157
86   66   6    61    327
87   55   3    31    320
88   4   4    89    205
89   61   7    74    453
90   39   4    34    480
91   31   2    56    214
92   48   2    187    342
93   54   4    100    399
94   51   2    169    273
95   42   2    38    292
96   47   5    168    54
97   23   2    44    111
98   10   5    141    109
99   24   5    107    139
100   41   3    19    455
101   57   6    187    163
102   25   3    74    407
103   68   7    52    101
104   33   3    146    345
105   94   5    66    202
106   102   3    101    489
107   53   5    35    269
108   45   3    180    127
109   9   2    115    137
110   53   3    30    289
111   5   7    24    369
112   110   6    54    125
113   81   2    196    187
114   43   2    61    84
115   39   5    112    398
116   44   5    87    444
117   107   6    184    147
118   31   7    53    234
119   61   5    90    191
120   59   5    38    460
121   76   3    92    198
122   95   5    26    101
123   13   4    12    204
124   69   4    150    475
125   21   7    111    150
126   121   2    174    384
127   68   2    49    137
128   37   2    105    7
129   74   2    163    308
130   8   6    34    357
131   61   7    27    272
132   89   4    129    263
133   85   5    102    11
134   20   2    91    194
135   70   6    74    26
136   69   6    52    112
137   52   7    190    400
138   16   4    156    114
139   130   4    191    383
140   80   6    21    463
141   61   5    142    37
142   125   3    106    357
143   100   7    98    195
144   55   6    182    321
145   130   4    142    422
146   97   6    180    8
147   50   4    64    46
148   1   7    170    385
149   129   7    115    227
150   4   6    181    241
151   92   3    129    363
152   15   7    199    29
153   58   2    21    19
154   108   2    155    347
155   94   5    21    13
156   77   7    85    104
157   53   6    47    342
158   50   4    132    345
159   88   7    64    206
160   124   6    144    226
